      1e+20  8.8585e+11 4.60964e+11 1.70022e+11     78.3527     57.1157     5.11757     75.2332     86.4298 6.85224e+21 4.75067e+21  6.7283e+21  6.9064e+21
5.87727e+11       1e+20 5.88023e+11 9.26115e+10     95.2373     63.1833     36.6081     51.2162     75.0067 1.86591e+21  8.0051e+21 5.25672e+21 4.98547e+21
7.46399e+10 4.29703e+10       1e+20 3.41462e+11     52.4194     95.4756     95.7447     42.5667     58.3517  5.7872e+21 1.11246e+21 4.07387e+21 4.87305e+21
3.90247e+11 4.88386e+11 2.08059e+11       1e+20     88.4773     96.8544     52.8481     71.1335     53.9739 6.09775e+21  4.7328e+21 1.64871e+21 7.23683e+21
8.87044e+11 8.68718e+11 9.50824e+11 6.92387e+11       1e+10     78.6704     8.97639     94.1246     21.8967     4.28426     31.3403     81.6844     73.4879
5.10207e+11  7.7319e+11 2.87553e+11 2.27312e+11     97.5158       1e+10     74.0974     98.6824     62.4693     90.0988     83.6163     96.3196     11.6737
7.39587e+11 7.81607e+11 7.85786e+11 8.21922e+11     47.2796     6.11559       1e+10     34.3169     89.5819     13.3838     15.7295     78.9346     48.9667
4.92041e+11 4.30435e+10 2.54642e+10 7.25357e+11     62.5804     12.8166     60.3957       1e+10     17.6414      45.851      88.692       96.55     70.6745
 6.4435e+11  2.9498e+11   6.678e+11 7.05698e+11     18.3217     85.3519     62.5747     95.5369       1e+10     61.2323     37.5902     58.4872     51.3965
6.85224e+21 4.75067e+21  6.7283e+21  6.9064e+21  4.2362e+11 7.43543e+11 8.96506e+11 1.29873e+11 9.75583e+11       1e+20 3.66262e+11 8.22189e+11 7.93071e+11
1.86591e+21  8.0051e+21 5.25672e+21 4.98547e+21 9.03357e+11 3.45478e+11 5.79115e+11 2.07794e+10 9.07387e+11 4.45334e+11       1e+20 8.66488e+11 5.42908e+11
 5.7872e+21 1.11246e+21 4.07387e+21 4.87305e+21 9.59003e+11 6.75441e+11 9.85421e+10 1.65247e+10 6.24027e+11 9.45492e+11 2.71721e+11       1e+20  6.6126e+11
6.09775e+21  4.7328e+21 1.64871e+21 7.23683e+21 4.39084e+11   4.689e+11  5.2231e+11 2.48039e+11  5.7954e+11 9.61086e+11 5.32675e+11 2.80699e+11       1e+20
