
1	1	1	1	1	1	1	69.6722	74.8015	69.9531	78.9604	83.1244	48.4093	52.1858	115.097	111.758	131.509	110.5	108.386	122.28	
2	1	1	1	1	1	1	69.673	74.8011	69.9528	78.9603	83.1248	48.4101	52.1854	115.097	111.759	131.509	110.501	108.387	122.279	
3	1	1	1	1	1	1	69.6729	74.8009	69.9528	78.9602	83.1247	48.41	52.1853	115.096	111.759	131.508	110.501	108.387	122.279	
4	1	1	1	1	1	1	69.6728	74.8008	69.9527	78.9601	83.1247	48.4098	52.1852	115.096	111.759	131.508	110.501	108.387	122.279	
5	1	1	1	1	1	1	69.6726	74.8007	69.9526	78.9601	83.1246	48.4097	52.1852	115.096	111.758	131.508	110.5	108.387	122.279	
6	1	1	1	1	1	1	69.6725	74.8006	69.9526	78.96	83.1246	48.4096	52.1851	115.096	111.758	131.507	110.5	108.387	122.279	
7	1	1	1	1	1	1	69.6724	74.8005	69.9525	78.9599	83.1245	48.4094	52.185	115.096	111.758	131.507	110.5	108.386	122.279	
8	1	1	1	1	1	1	69.6723	74.8003	69.9524	78.9599	83.1245	48.4093	52.185	115.096	111.758	131.507	110.5	108.386	122.279	
9	1	1	1	1	1	1	69.6721	74.8002	69.9523	78.9598	83.1244	48.4091	52.1849	115.096	111.758	131.506	110.5	108.386	122.278	
10	1	1	1	1	1	1	69.672	74.8001	69.9523	78.9597	83.1244	48.409	52.1848	115.095	111.758	131.506	110.5	108.386	122.278	
11	1	1	1	1	1	1	69.6719	74.8	69.9522	78.9597	83.1243	48.4088	52.1848	115.095	111.758	131.505	110.5	108.386	122.278	
12	1	1	1	1	1	1	69.6717	74.7998	69.9521	78.9596	83.1243	48.4087	52.1847	115.095	111.758	131.505	110.5	108.386	122.278	
13	1	1	1	1	1	1	69.6716	74.7997	69.9521	78.9595	83.1242	48.4085	52.1846	115.095	111.758	131.505	110.5	108.386	122.278	
14	1	1	1	1	1	1	69.6715	74.7996	69.952	78.9594	83.1242	48.4083	52.1845	115.095	111.758	131.504	110.5	108.386	122.278	
15	1	1	1	1	1	1	69.6713	74.7995	69.9519	78.9594	83.1241	48.4082	52.1845	115.095	111.757	131.504	110.499	108.385	122.278	
16	1	1	1	1	1	1	69.6712	74.7993	69.9518	78.9593	83.1241	48.408	52.1844	115.094	111.757	131.503	110.499	108.385	122.278	
17	1	1	1	1	1	1	69.671	74.7992	69.9518	78.9592	83.124	48.4079	52.1843	115.094	111.757	131.503	110.499	108.385	122.277	
18	1	1	1	1	1	1	69.6709	74.799	69.9517	78.9592	83.124	48.4077	52.1843	115.094	111.757	131.503	110.499	108.385	122.277	
19	1	1	1	1	1	1	69.6708	74.7989	69.9516	78.9591	83.1239	48.4075	52.1842	115.094	111.757	131.502	110.499	108.385	122.277	
20	1	1	1	1	1	1	69.6706	74.7988	69.9515	78.959	83.1238	48.4074	52.1841	115.094	111.757	131.502	110.499	108.385	122.277	
21	1	1	1	1	1	1	69.6705	74.7986	69.9514	78.9589	83.1238	48.4072	52.184	115.094	111.757	131.501	110.499	108.385	122.277	
22	1	1	1	1	1	1	69.6703	74.7985	69.9514	78.9589	83.1237	48.407	52.184	115.094	111.757	131.501	110.499	108.384	122.277	
23	1	1	1	1	1	1	69.6702	74.7984	69.9513	78.9588	83.1237	48.4069	52.1839	115.093	111.756	131.5	110.499	108.384	122.277	
24	1	1	1	1	1	1	69.67	74.7982	69.9512	78.9587	83.1236	48.4067	52.1838	115.093	111.756	131.5	110.498	108.384	122.276	
25	1	1	1	1	1	1	69.6699	74.7981	69.9511	78.9586	83.1235	48.4065	52.1837	115.093	111.756	131.5	110.498	108.384	122.276	
26	1	1	1	1	1	1	69.6697	74.7979	69.951	78.9585	83.1235	48.4063	52.1836	115.093	111.756	131.499	110.498	108.384	122.276	
27	1	1	1	1	1	1	69.6696	74.7978	69.9509	78.9585	83.1234	48.4062	52.1836	115.093	111.756	131.499	110.498	108.384	122.276	
28	1	1	1	1	1	1	69.6694	74.7976	69.9508	78.9584	83.1234	48.406	52.1835	115.092	111.756	131.498	110.498	108.384	122.276	
29	1	1	1	1	1	1	69.6693	74.7975	69.9508	78.9583	83.1233	48.4058	52.1834	115.092	111.756	131.498	110.498	108.383	122.276	
30	1	1	1	1	1	1	69.6691	74.7973	69.9507	78.9582	83.1232	48.4056	52.1833	115.092	111.756	131.497	110.498	108.383	122.276	
31	1	1	1	1	1	1	69.6689	74.7972	69.9506	78.9581	83.1232	48.4054	52.1832	115.092	111.755	131.497	110.498	108.383	122.275	
32	1	1	1	1	1	1	69.6688	74.797	69.9505	78.958	83.1231	48.4052	52.1831	115.092	111.755	131.496	110.497	108.383	122.275	
33	1	1	1	1	1	1	69.6686	74.7968	69.9504	78.9579	83.123	48.405	52.1831	115.092	111.755	131.496	110.497	108.383	122.275	
34	1	1	1	1	1	1	69.6684	74.7967	69.9503	78.9579	83.123	48.4049	52.183	115.091	111.755	131.495	110.497	108.383	122.275	
35	1	1	1	1	1	1	69.6683	74.7965	69.9502	78.9578	83.1229	48.4047	52.1829	115.091	111.755	131.495	110.497	108.382	122.275	
36	1	1	1	1	1	1	69.6681	74.7964	69.9501	78.9577	83.1228	48.4045	52.1828	115.091	111.755	131.494	110.497	108.382	122.275	
37	1	1	1	1	1	1	69.6679	74.7962	69.95	78.9576	83.1228	48.4043	52.1827	115.091	111.755	131.494	110.497	108.382	122.274	
38	1	1	1	1	1	1	69.6678	74.796	69.9499	78.9575	83.1227	48.4041	52.1826	115.091	111.755	131.493	110.497	108.382	122.274	
39	1	1	1	1	1	1	69.6676	74.7959	69.9498	78.9574	83.1226	48.4039	52.1825	115.09	111.754	131.493	110.496	108.382	122.274	
40	1	1	1	1	1	1	69.6674	74.7957	69.9497	78.9573	83.1226	48.4037	52.1824	115.09	111.754	131.492	110.496	108.382	122.274	
41	1	1	1	1	1	1	69.6672	74.7955	69.9496	78.9572	83.1225	48.4035	52.1823	115.09	111.754	131.492	110.496	108.381	122.274	
42	1	1	1	1	1	1	69.667	74.7954	69.9495	78.9571	83.1224	48.4033	52.1822	115.09	111.754	131.491	110.496	108.381	122.274	
43	1	1	1	1	1	1	69.6669	74.7952	69.9494	78.957	83.1223	48.403	52.1822	115.09	111.754	131.491	110.496	108.381	122.273	
44	1	1	1	1	1	1	69.6667	74.795	69.9493	78.9569	83.1223	48.4028	52.1821	115.089	111.754	131.49	110.496	108.381	122.273	
45	1	1	1	1	1	1	69.6665	74.7948	69.9492	78.9568	83.1222	48.4026	52.182	115.089	111.754	131.49	110.496	108.381	122.273	
46	1	1	1	1	1	1	69.6663	74.7946	69.9491	78.9567	83.1221	48.4024	52.1819	115.089	111.753	131.489	110.495	108.381	122.273	
47	1	1	1	1	1	1	69.6661	74.7945	69.949	78.9566	83.122	48.4022	52.1818	115.089	111.753	131.489	110.495	108.38	122.273	
48	1	1	1	1	1	1	69.6659	74.7943	69.9489	78.9565	83.122	48.402	52.1817	115.089	111.753	131.488	110.495	108.38	122.273	
49	1	1	1	1	1	1	69.6657	74.7941	69.9488	78.9564	83.1219	48.4017	52.1816	115.088	111.753	131.488	110.495	108.38	122.272	
50	1	1	1	1	1	1	69.6655	74.7939	69.9487	78.9563	83.1218	48.4015	52.1815	115.088	111.753	131.487	110.495	108.38	122.272	
51	1	1	1	1	1	1	69.6653	74.7937	69.9486	78.9562	83.1217	48.4013	52.1814	115.088	111.753	131.486	110.495	108.38	122.272	
52	1	1	1	1	1	1	69.6651	74.7935	69.9485	78.9561	83.1217	48.4011	52.1813	115.088	111.752	131.486	110.494	108.379	122.272	
53	1	1	1	1	1	1	69.6649	74.7933	69.9484	78.956	83.1216	48.4008	52.1812	115.087	111.752	131.485	110.494	108.379	122.272	
54	1	1	1	1	1	1	69.6647	74.7931	69.9483	78.9559	83.1215	48.4006	52.181	115.087	111.752	131.485	110.494	108.379	122.271	
55	1	1	1	1	1	1	69.6645	74.7929	69.9482	78.9558	83.1214	48.4003	52.1809	115.087	111.752	131.484	110.494	108.379	122.271	
56	1	1	1	1	1	1	69.6643	74.7927	69.948	78.9557	83.1213	48.4001	52.1808	115.087	111.752	131.484	110.494	108.379	122.271	
57	1	1	1	1	1	1	69.6641	74.7925	69.9479	78.9556	83.1212	48.3999	52.1807	115.086	111.752	131.483	110.494	108.378	122.271	
58	1	1	1	1	1	1	69.6639	74.7923	69.9478	78.9555	83.1212	48.3996	52.1806	115.086	111.751	131.482	110.494	108.378	122.271	
59	1	1	1	1	1	1	69.6637	74.7921	69.9477	78.9554	83.1211	48.3994	52.1805	115.086	111.751	131.482	110.493	108.378	122.27	
60	1	1	1	1	1	1	69.6635	74.7919	69.9476	78.9553	83.121	48.3991	52.1804	115.086	111.751	131.481	110.493	108.378	122.27	
61	1	1	1	1	1	1	69.6633	74.7917	69.9474	78.9551	83.1209	48.3989	52.1803	115.086	111.751	131.48	110.493	108.378	122.27	
62	1	1	1	1	1	1	69.663	74.7915	69.9473	78.955	83.1208	48.3986	52.1802	115.085	111.751	131.48	110.493	108.377	122.27	
63	1	1	1	1	1	1	69.6628	74.7913	69.9472	78.9549	83.1207	48.3984	52.18	115.085	111.751	131.479	110.493	108.377	122.27	
64	1	1	1	1	1	1	69.6626	74.7911	69.9471	78.9548	83.1206	48.3981	52.1799	115.085	111.75	131.478	110.492	108.377	122.269	
65	1	1	1	1	1	1	69.6624	74.7909	69.947	78.9547	83.1206	48.3978	52.1798	115.085	111.75	131.478	110.492	108.377	122.269	
66	1	1	1	1	1	1	69.6621	74.7906	69.9468	78.9546	83.1205	48.3976	52.1797	115.084	111.75	131.477	110.492	108.376	122.269	
67	1	1	1	1	1	1	69.6619	74.7904	69.9467	78.9544	83.1204	48.3973	52.1796	115.084	111.75	131.477	110.492	108.376	122.269	
68	1	1	1	1	1	1	69.6617	74.7902	69.9466	78.9543	83.1203	48.397	52.1794	115.084	111.75	131.476	110.492	108.376	122.269	
69	1	1	1	1	1	1	69.6614	74.79	69.9464	78.9542	83.1202	48.3968	52.1793	115.083	111.749	131.475	110.492	108.376	122.268	
70	1	1	1	1	1	1	69.6612	74.7897	69.9463	78.9541	83.1201	48.3965	52.1792	115.083	111.749	131.474	110.491	108.375	122.268	
71	1	1	1	1	1	1	69.6609	74.7895	69.9462	78.9539	83.12	48.3962	52.1791	115.083	111.749	131.474	110.491	108.375	122.268	
72	1	1	1	1	1	1	69.6607	74.7893	69.946	78.9538	83.1199	48.3959	52.1789	115.083	111.749	131.473	110.491	108.375	122.268	
73	1	1	1	1	1	1	69.6605	74.789	69.9459	78.9537	83.1198	48.3956	52.1788	115.082	111.749	131.472	110.491	108.375	122.267	
74	1	1	1	1	1	1	69.6602	74.7888	69.9458	78.9536	83.1197	48.3954	52.1787	115.082	111.748	131.472	110.491	108.375	122.267	
75	1	1	1	1	1	1	69.66	74.7886	69.9456	78.9534	83.1196	48.3951	52.1786	115.082	111.748	131.471	110.49	108.374	122.267	
76	1	1	1	1	1	1	69.6597	74.7883	69.9455	78.9533	83.1195	48.3948	52.1784	115.082	111.748	131.47	110.49	108.374	122.267	
77	1	1	1	1	1	1	69.6594	74.7881	69.9453	78.9532	83.1194	48.3945	52.1783	115.081	111.748	131.469	110.49	108.374	122.266	
78	1	1	1	1	1	1	69.6592	74.7878	69.9452	78.953	83.1193	48.3942	52.1782	115.081	111.748	131.469	110.49	108.374	122.266	
79	1	1	1	1	1	1	69.6589	74.7876	69.9451	78.9529	83.1192	48.3939	52.178	115.081	111.747	131.468	110.49	108.373	122.266	
80	1	1	1	1	1	1	69.6587	74.7873	69.9449	78.9527	83.1191	48.3936	52.1779	115.08	111.747	131.467	110.489	108.373	122.266	
81	1	1	1	1	1	1	69.6584	74.7871	69.9448	78.9526	83.119	48.3933	52.1777	115.08	111.747	131.466	110.489	108.373	122.265	
82	1	1	1	1	1	1	69.6581	74.7868	69.9446	78.9525	83.1189	48.3929	52.1776	115.08	111.747	131.466	110.489	108.372	122.265	
83	1	1	1	1	1	1	69.6579	74.7865	69.9445	78.9523	83.1188	48.3926	52.1775	115.079	111.747	131.465	110.489	108.372	122.265	
84	1	1	1	1	1	1	69.6576	74.7863	69.9443	78.9522	83.1186	48.3923	52.1773	115.079	111.746	131.464	110.488	108.372	122.265	
85	1	1	1	1	1	1	69.6573	74.786	69.9442	78.952	83.1185	48.392	52.1772	115.079	111.746	131.463	110.488	108.372	122.264	
86	1	1	1	1	1	1	69.657	74.7857	69.944	78.9519	83.1184	48.3917	52.177	115.078	111.746	131.462	110.488	108.371	122.264	
87	1	1	1	1	1	1	69.6567	74.7855	69.9439	78.9517	83.1183	48.3913	52.1769	115.078	111.746	131.462	110.488	108.371	122.264	
88	1	1	1	1	1	1	69.6564	74.7852	69.9437	78.9516	83.1182	48.391	52.1767	115.078	111.745	131.461	110.488	108.371	122.264	
89	1	1	1	1	1	1	69.6562	74.7849	69.9435	78.9514	83.1181	48.3907	52.1766	115.077	111.745	131.46	110.487	108.371	122.263	
90	1	1	1	1	1	1	69.6559	74.7846	69.9434	78.9513	83.118	48.3903	52.1764	115.077	111.745	131.459	110.487	108.37	122.263	
91	1	1	1	1	1	1	69.6556	74.7843	69.9432	78.9511	83.1178	48.39	52.1763	115.077	111.745	131.458	110.487	108.37	122.263	
92	1	1	1	1	1	1	69.6553	74.7841	69.943	78.951	83.1177	48.3897	52.1761	115.076	111.744	131.457	110.487	108.37	122.263	
93	1	1	1	1	1	1	69.655	74.7838	69.9429	78.9508	83.1176	48.3893	52.176	115.076	111.744	131.456	110.486	108.369	122.262	
94	1	1	1	1	1	1	69.6547	74.7835	69.9427	78.9507	83.1175	48.389	52.1758	115.076	111.744	131.456	110.486	108.369	122.262	
95	1	1	1	1	1	1	69.6544	74.7832	69.9425	78.9505	83.1174	48.3886	52.1756	115.075	111.744	131.455	110.486	108.369	122.262	
96	1	1	1	1	1	1	69.654	74.7829	69.9424	78.9503	83.1172	48.3882	52.1755	115.075	111.743	131.454	110.486	108.368	122.261	
97	1	1	1	1	1	1	69.6537	74.7826	69.9422	78.9502	83.1171	48.3879	52.1753	115.075	111.743	131.453	110.485	108.368	122.261	
98	1	1	1	1	1	1	69.6534	74.7823	69.942	78.95	83.117	48.3875	52.1752	115.074	111.743	131.452	110.485	108.368	122.261	
99	1	1	1	1	1	1	69.6531	74.782	69.9419	78.9498	83.1169	48.3871	52.175	115.074	111.743	131.451	110.485	108.368	122.26	
100	1	1	1	1	1	1	69.6528	74.7817	69.9417	78.9497	83.1167	48.3868	52.1748	115.074	111.742	131.45	110.485	108.367	122.26	
101	1	1	1	1	1	1	69.6524	74.7814	69.9415	78.9495	83.1166	48.3864	52.1747	115.073	111.742	131.449	110.484	108.367	122.26	
102	1	1	1	1	1	1	69.6521	74.781	69.9413	78.9493	83.1165	48.386	52.1745	115.073	111.742	131.448	110.484	108.367	122.26	
103	1	1	1	1	1	1	69.6518	74.7807	69.9411	78.9491	83.1163	48.3856	52.1743	115.073	111.742	131.447	110.484	108.366	122.259	
104	1	1	1	1	1	1	69.6514	74.7804	69.9409	78.949	83.1162	48.3852	52.1741	115.072	111.741	131.446	110.484	108.366	122.259	
105	1	1	1	1	1	1	69.6511	74.7801	69.9408	78.9488	83.1161	48.3848	52.174	115.072	111.741	131.445	110.483	108.366	122.259	
106	1	1	1	1	1	1	69.6508	74.7797	69.9406	78.9486	83.1159	48.3844	52.1738	115.071	111.741	131.444	110.483	108.365	122.258	
107	1	1	1	1	1	1	69.6504	74.7794	69.9404	78.9484	83.1158	48.384	52.1736	115.071	111.74	131.443	110.483	108.365	122.258	
108	1	1	1	1	1	1	69.6501	74.7791	69.9402	78.9482	83.1156	48.3836	52.1734	115.071	111.74	131.442	110.482	108.365	122.258	
109	1	1	1	1	1	1	69.6497	74.7787	69.94	78.9481	83.1155	48.3832	52.1732	115.07	111.74	131.441	110.482	108.364	122.257	
110	1	1	1	1	1	1	69.6494	74.7784	69.9398	78.9479	83.1154	48.3828	52.173	115.07	111.74	131.44	110.482	108.364	122.257	
111	1	1	1	1	1	1	69.649	74.778	69.9396	78.9477	83.1152	48.3824	52.1729	115.069	111.739	131.439	110.482	108.364	122.257	
112	1	1	1	1	1	1	69.6486	74.7777	69.9394	78.9475	83.1151	48.382	52.1727	115.069	111.739	131.438	110.481	108.363	122.256	
113	1	1	1	1	1	1	69.6483	74.7773	69.9392	78.9473	83.1149	48.3815	52.1725	115.069	111.739	131.437	110.481	108.363	122.256	
114	1	1	1	1	1	1	69.6479	74.777	69.939	78.9471	83.1148	48.3811	52.1723	115.068	111.738	131.436	110.481	108.362	122.256	
115	1	1	1	1	1	1	69.6475	74.7766	69.9388	78.9469	83.1146	48.3807	52.1721	115.068	111.738	131.435	110.48	108.362	122.255	
116	1	1	1	1	1	1	69.6471	74.7762	69.9386	78.9467	83.1145	48.3802	52.1719	115.067	111.738	131.434	110.48	108.362	122.255	
117	1	1	1	1	1	1	69.6467	74.7759	69.9384	78.9465	83.1143	48.3798	52.1717	115.067	111.738	131.433	110.48	108.361	122.254	
118	1	1	1	1	1	1	69.6464	74.7755	69.9381	78.9463	83.1142	48.3793	52.1715	115.066	111.737	131.431	110.48	108.361	122.254	
119	1	1	1	1	1	1	69.646	74.7751	69.9379	78.9461	83.114	48.3789	52.1713	115.066	111.737	131.43	110.479	108.361	122.254	
120	1	1	1	1	1	1	69.6456	74.7747	69.9377	78.9459	83.1139	48.3784	52.1711	115.066	111.737	131.429	110.479	108.36	122.253	
121	1	1	1	1	1	1	69.6452	74.7744	69.9375	78.9457	83.1137	48.378	52.1709	115.065	111.736	131.428	110.479	108.36	122.253	
122	1	1	1	1	1	1	69.6448	74.774	69.9373	78.9455	83.1135	48.3775	52.1707	115.065	111.736	131.427	110.478	108.359	122.253	
123	1	1	1	1	1	1	69.6444	74.7736	69.937	78.9453	83.1134	48.377	52.1704	115.064	111.736	131.426	110.478	108.359	122.252	
124	1	1	1	1	1	1	69.6439	74.7732	69.9368	78.945	83.1132	48.3765	52.1702	115.064	111.735	131.424	110.478	108.359	122.252	
125	1	1	1	1	1	1	69.6435	74.7728	69.9366	78.9448	83.113	48.376	52.17	115.063	111.735	131.423	110.477	108.358	122.251	
126	1	1	1	1	1	1	69.6431	74.7724	69.9364	78.9446	83.1129	48.3756	52.1698	115.063	111.735	131.422	110.477	108.358	122.251	
127	1	1	1	1	1	1	69.6427	74.772	69.9361	78.9444	83.1127	48.3751	52.1696	115.062	111.734	131.421	110.477	108.357	122.251	
128	1	1	1	1	1	1	69.6422	74.7716	69.9359	78.9442	83.1125	48.3746	52.1693	115.062	111.734	131.42	110.476	108.357	122.25	
129	1	1	1	1	1	1	69.6418	74.7711	69.9356	78.9439	83.1124	48.3741	52.1691	115.061	111.734	131.418	110.476	108.356	122.25	
130	1	1	1	1	1	1	69.6414	74.7707	69.9354	78.9437	83.1122	48.3736	52.1689	115.061	111.733	131.417	110.476	108.356	122.249	
131	1	1	1	1	1	1	69.6409	74.7703	69.9352	78.9435	83.112	48.373	52.1687	115.06	111.733	131.416	110.475	108.356	122.249	
132	1	1	1	1	1	1	69.6405	74.7699	69.9349	78.9432	83.1118	48.3725	52.1684	115.06	111.732	131.414	110.475	108.355	122.249	
133	1	1	1	1	1	1	69.64	74.7694	69.9347	78.943	83.1116	48.372	52.1682	115.059	111.732	131.413	110.474	108.355	122.248	
134	1	1	1	1	1	1	69.6396	74.769	69.9344	78.9428	83.1115	48.3715	52.168	115.059	111.732	131.412	110.474	108.354	122.248	
135	1	1	1	1	1	1	69.6391	74.7686	69.9342	78.9425	83.1113	48.3709	52.1677	115.058	111.731	131.41	110.474	108.354	122.247	
136	1	1	1	1	1	1	69.6387	74.7681	69.9339	78.9423	83.1111	48.3704	52.1675	115.058	111.731	131.409	110.473	108.353	122.247	
137	1	1	1	1	1	1	69.6382	74.7677	69.9336	78.942	83.1109	48.3699	52.1672	115.057	111.731	131.408	110.473	108.353	122.246	
138	1	1	1	1	1	1	69.6377	74.7672	69.9334	78.9418	83.1107	48.3693	52.167	115.057	111.73	131.406	110.473	108.352	122.246	
139	1	1	1	1	1	1	69.6372	74.7667	69.9331	78.9415	83.1105	48.3687	52.1667	115.056	111.73	131.405	110.472	108.352	122.246	
140	1	1	1	1	1	1	69.6367	74.7663	69.9329	78.9413	83.1103	48.3682	52.1665	115.056	111.729	131.404	110.472	108.352	122.245	
141	1	1	1	1	1	1	69.6363	74.7658	69.9326	78.941	83.1101	48.3676	52.1662	115.055	111.729	131.402	110.471	108.351	122.245	
142	1	1	1	1	1	1	69.6358	74.7653	69.9323	78.9408	83.1099	48.367	52.166	115.054	111.729	131.401	110.471	108.351	122.244	
143	1	1	1	1	1	1	69.6353	74.7648	69.932	78.9405	83.1097	48.3665	52.1657	115.054	111.728	131.399	110.471	108.35	122.244	
144	1	1	1	1	1	1	69.6348	74.7644	69.9318	78.9402	83.1095	48.3659	52.1654	115.053	111.728	131.398	110.47	108.35	122.243	
145	1	1	1	1	1	1	69.6342	74.7639	69.9315	78.94	83.1093	48.3653	52.1652	115.053	111.727	131.396	110.47	108.349	122.243	
146	1	1	1	1	1	1	69.6337	74.7634	69.9312	78.9397	83.1091	48.3647	52.1649	115.052	111.727	131.395	110.469	108.349	122.242	
147	1	1	1	1	1	1	69.6332	74.7629	69.9309	78.9394	83.1089	48.3641	52.1646	115.052	111.727	131.393	110.469	108.348	122.242	
148	1	1	1	1	1	1	69.6327	74.7624	69.9306	78.9391	83.1087	48.3635	52.1644	115.051	111.726	131.392	110.469	108.348	122.241	
149	1	1	1	1	1	1	69.6321	74.7619	69.9303	78.9389	83.1085	48.3628	52.1641	115.05	111.726	131.39	110.468	108.347	122.241	
150	1	1	1	1	1	1	69.6316	74.7613	69.93	78.9386	83.1083	48.3622	52.1638	115.05	111.725	131.389	110.468	108.346	122.24	
151	1	1	1	1	1	1	69.6311	74.7608	69.9297	78.9383	83.1081	48.3616	52.1635	115.049	111.725	131.387	110.467	108.346	122.24	
152	1	1	1	1	1	1	69.6305	74.7603	69.9294	78.938	83.1078	48.361	52.1632	115.048	111.724	131.386	110.467	108.345	122.239	
153	1	1	1	1	1	1	69.63	74.7598	69.9291	78.9377	83.1076	48.3603	52.163	115.048	111.724	131.384	110.466	108.345	122.239	
154	1	1	1	1	1	1	69.6294	74.7592	69.9288	78.9374	83.1074	48.3597	52.1627	115.047	111.723	131.382	110.466	108.344	122.238	
155	1	1	1	1	1	1	69.6288	74.7587	69.9285	78.9371	83.1072	48.359	52.1624	115.047	111.723	131.381	110.466	108.344	122.238	
156	1	1	1	1	1	1	69.6283	74.7581	69.9282	78.9368	83.107	48.3583	52.1621	115.046	111.723	131.379	110.465	108.343	122.237	
157	1	1	1	1	1	1	69.6277	74.7576	69.9279	78.9365	83.1067	48.3577	52.1618	115.045	111.722	131.377	110.465	108.343	122.237	
158	1	1	1	1	1	1	69.6271	74.757	69.9276	78.9362	83.1065	48.357	52.1615	115.045	111.722	131.376	110.464	108.342	122.236	
159	1	1	1	1	1	1	69.6265	74.7565	69.9273	78.9359	83.1063	48.3563	52.1612	115.044	111.721	131.374	110.464	108.341	122.235	
160	1	1	1	1	1	1	69.6259	74.7559	69.9269	78.9356	83.106	48.3556	52.1609	115.043	111.721	131.372	110.463	108.341	122.235	
161	1	1	1	1	1	1	69.6253	74.7553	69.9266	78.9353	83.1058	48.3549	52.1605	115.043	111.72	131.37	110.463	108.34	122.234	
162	1	1	1	1	1	1	69.6247	74.7547	69.9263	78.935	83.1055	48.3542	52.1602	115.042	111.72	131.369	110.462	108.34	122.234	
163	1	1	1	1	1	1	69.6241	74.7541	69.9259	78.9347	83.1053	48.3535	52.1599	115.041	111.719	131.367	110.462	108.339	122.233	
164	1	1	1	1	1	1	69.6235	74.7535	69.9256	78.9343	83.105	48.3528	52.1596	115.041	111.719	131.365	110.461	108.338	122.233	
165	1	1	1	1	1	1	69.6229	74.7529	69.9252	78.934	83.1048	48.3521	52.1593	115.04	111.718	131.363	110.461	108.338	122.232	
166	1	1	1	1	1	1	69.6222	74.7523	69.9249	78.9337	83.1045	48.3513	52.1589	115.039	111.718	131.361	110.46	108.337	122.231	
167	1	1	1	1	1	1	69.6216	74.7517	69.9246	78.9334	83.1043	48.3506	52.1586	115.038	111.717	131.36	110.46	108.337	122.231	
168	1	1	1	1	1	1	69.621	74.7511	69.9242	78.933	83.104	48.3498	52.1583	115.038	111.717	131.358	110.459	108.336	122.23	
169	1	1	1	1	1	1	69.6203	74.7505	69.9238	78.9327	83.1038	48.3491	52.1579	115.037	111.716	131.356	110.459	108.335	122.23	
170	1	1	1	1	1	1	69.6197	74.7498	69.9235	78.9323	83.1035	48.3483	52.1576	115.036	111.716	131.354	110.458	108.335	122.229	
171	1	1	1	1	1	1	69.619	74.7492	69.9231	78.932	83.1032	48.3475	52.1572	115.035	111.715	131.352	110.458	108.334	122.228	
172	1	1	1	1	1	1	69.6183	74.7485	69.9228	78.9316	83.103	48.3467	52.1569	115.035	111.714	131.35	110.457	108.333	122.228	
173	1	1	1	1	1	1	69.6176	74.7479	69.9224	78.9313	83.1027	48.346	52.1565	115.034	111.714	131.348	110.457	108.333	122.227	
174	1	1	1	1	1	1	69.617	74.7472	69.922	78.9309	83.1024	48.3452	52.1562	115.033	111.713	131.346	110.456	108.332	122.226	
175	1	1	1	1	1	1	69.6163	74.7466	69.9216	78.9306	83.1021	48.3443	52.1558	115.032	111.713	131.344	110.456	108.331	122.226	
176	1	1	1	1	1	1	69.6156	74.7459	69.9212	78.9302	83.1019	48.3435	52.1555	115.032	111.712	131.342	110.455	108.331	122.225	
177	1	1	1	1	1	1	69.6149	74.7452	69.9209	78.9298	83.1016	48.3427	52.1551	115.031	111.712	131.34	110.454	108.33	122.224	
178	1	1	1	1	1	1	69.6141	74.7445	69.9205	78.9295	83.1013	48.3419	52.1547	115.03	111.711	131.338	110.454	108.329	122.224	
179	1	1	1	1	1	1	69.6134	74.7438	69.9201	78.9291	83.101	48.341	52.1544	115.029	111.711	131.336	110.453	108.329	122.223	
180	1	1	1	1	1	1	69.6127	74.7431	69.9197	78.9287	83.1007	48.3402	52.154	115.028	111.71	131.334	110.453	108.328	122.222	
181	1	1	1	1	1	1	69.612	74.7424	69.9193	78.9283	83.1004	48.3393	52.1536	115.027	111.709	131.332	110.452	108.327	122.222	
182	1	1	1	1	1	1	69.6112	74.7417	69.9189	78.9279	83.1001	48.3385	52.1532	115.027	111.709	131.329	110.451	108.326	122.221	
183	1	1	1	1	1	1	69.6105	74.741	69.9185	78.9275	83.0998	48.3376	52.1528	115.026	111.708	131.327	110.451	108.326	122.22	
184	1	1	1	1	1	1	69.6097	74.7403	69.918	78.9271	83.0995	48.3367	52.1524	115.025	111.708	131.325	110.45	108.325	122.22	
185	1	1	1	1	1	1	69.6089	74.7395	69.9176	78.9267	83.0992	48.3358	52.152	115.024	111.707	131.323	110.45	108.324	122.219	
186	1	1	1	1	1	1	69.6082	74.7388	69.9172	78.9263	83.0989	48.3349	52.1516	115.023	111.706	131.321	110.449	108.323	122.218	
187	1	1	1	1	1	1	69.6074	74.738	69.9168	78.9259	83.0986	48.334	52.1512	115.022	111.706	131.318	110.448	108.323	122.217	
188	1	1	1	1	1	1	69.6066	74.7373	69.9163	78.9255	83.0983	48.3331	52.1508	115.021	111.705	131.316	110.448	108.322	122.217	
189	1	1	1	1	1	1	69.6058	74.7365	69.9159	78.9251	83.098	48.3321	52.1504	115.02	111.704	131.314	110.447	108.321	122.216	
190	1	1	1	1	1	1	69.605	74.7357	69.9155	78.9247	83.0976	48.3312	52.15	115.02	111.704	131.311	110.447	108.32	122.215	
191	1	1	1	1	1	1	69.6042	74.7349	69.915	78.9242	83.0973	48.3302	52.1495	115.019	111.703	131.309	110.446	108.32	122.214	
192	1	1	1	1	1	1	69.6034	74.7341	69.9146	78.9238	83.097	48.3293	52.1491	115.018	111.702	131.307	110.445	108.319	122.214	
193	1	1	1	1	1	1	69.6025	74.7333	69.9141	78.9234	83.0967	48.3283	52.1487	115.017	111.702	131.304	110.445	108.318	122.213	
194	1	1	1	1	1	1	69.6017	74.7325	69.9137	78.9229	83.0963	48.3273	52.1482	115.016	111.701	131.302	110.444	108.317	122.212	
195	1	1	1	1	1	1	69.6008	74.7317	69.9132	78.9225	83.096	48.3263	52.1478	115.015	111.7	131.299	110.443	108.316	122.211	
196	1	1	1	1	1	1	69.6	74.7309	69.9127	78.9221	83.0956	48.3253	52.1474	115.014	111.7	131.297	110.443	108.315	122.21	
197	1	1	1	1	1	1	69.5991	74.73	69.9123	78.9216	83.0953	48.3243	52.1469	115.013	111.699	131.294	110.442	108.315	122.21	
198	1	1	1	1	1	1	69.5983	74.7292	69.9118	78.9211	83.0949	48.3233	52.1465	115.012	111.698	131.292	110.441	108.314	122.209	
199	1	1	1	1	1	1	69.5974	74.7284	69.9113	78.9207	83.0946	48.3223	52.146	115.011	111.697	131.289	110.44	108.313	122.208	
200	1	1	1	1	1	1	69.5965	74.7275	69.9108	78.9202	83.0942	48.3212	52.1455	115.01	111.697	131.286	110.44	108.312	122.207	
201	1	1	1	1	1	1	69.5956	74.7266	69.9103	78.9197	83.0939	48.3202	52.1451	115.009	111.696	131.284	110.439	108.311	122.206	
202	1	1	1	1	1	1	69.5947	74.7257	69.9098	78.9193	83.0935	48.3191	52.1446	115.008	111.695	131.281	110.438	108.31	122.205	
203	1	1	1	1	1	1	69.5937	74.7249	69.9093	78.9188	83.0931	48.318	52.1441	115.007	111.695	131.279	110.438	108.309	122.204	
204	1	1	1	1	1	1	69.5928	74.724	69.9088	78.9183	83.0928	48.3169	52.1436	115.006	111.694	131.276	110.437	108.308	122.204	
205	1	1	1	1	1	1	69.5919	74.723	69.9083	78.9178	83.0924	48.3158	52.1431	115.005	111.693	131.273	110.436	108.307	122.203	
206	1	1	1	1	1	1	69.5909	74.7221	69.9078	78.9173	83.092	48.3147	52.1426	115.004	111.692	131.27	110.435	108.306	122.202	
207	1	1	1	1	1	1	69.59	74.7212	69.9073	78.9168	83.0916	48.3136	52.1421	115.002	111.691	131.268	110.435	108.306	122.201	
208	1	1	1	1	1	1	69.589	74.7203	69.9067	78.9163	83.0912	48.3125	52.1416	115.001	111.691	131.265	110.434	108.305	122.2	
209	1	1	1	1	1	1	69.588	74.7193	69.9062	78.9158	83.0908	48.3113	52.1411	115	111.69	131.262	110.433	108.304	122.199	
210	1	1	1	1	1	1	69.587	74.7184	69.9057	78.9153	83.0904	48.3101	52.1406	114.999	111.689	131.259	110.432	108.303	122.198	
211	1	1	1	1	1	1	69.586	74.7174	69.9051	78.9148	83.09	48.309	52.1401	114.998	111.688	131.256	110.431	108.302	122.197	
212	1	1	1	1	1	1	69.585	74.7164	69.9046	78.9142	83.0896	48.3078	52.1396	114.997	111.687	131.253	110.431	108.301	122.196	
213	1	1	1	1	1	1	69.584	74.7155	69.904	78.9137	83.0892	48.3066	52.139	114.996	111.687	131.25	110.43	108.3	122.195	
214	1	1	1	1	1	1	69.583	74.7145	69.9034	78.9132	83.0888	48.3054	52.1385	114.995	111.686	131.247	110.429	108.299	122.194	
215	1	1	1	1	1	1	69.5819	74.7135	69.9029	78.9126	83.0884	48.3042	52.138	114.993	111.685	131.244	110.428	108.298	122.193	
216	1	1	1	1	1	1	69.5809	74.7124	69.9023	78.9121	83.088	48.3029	52.1374	114.992	111.684	131.241	110.427	108.297	122.192	
217	1	1	1	1	1	1	69.5798	74.7114	69.9017	78.9115	83.0876	48.3017	52.1369	114.991	111.683	131.238	110.426	108.296	122.191	
218	1	1	1	1	1	1	69.5788	74.7104	69.9011	78.911	83.0871	48.3004	52.1363	114.99	111.682	131.235	110.426	108.294	122.19	
219	1	1	1	1	1	1	69.5777	74.7093	69.9006	78.9104	83.0867	48.2992	52.1357	114.988	111.681	131.232	110.425	108.293	122.189	
220	1	1	1	1	1	1	69.5766	74.7083	69.9	78.9098	83.0863	48.2979	52.1352	114.987	111.681	131.228	110.424	108.292	122.188	
221	1	1	1	1	1	1	69.5755	74.7072	69.8994	78.9093	83.0858	48.2966	52.1346	114.986	111.68	131.225	110.423	108.291	122.187	
222	1	1	1	1	1	1	69.5744	74.7061	69.8988	78.9087	83.0854	48.2952	52.134	114.985	111.679	131.222	110.422	108.29	122.186	
223	1	1	1	1	1	1	69.5732	74.705	69.8981	78.9081	83.0849	48.2939	52.1334	114.983	111.678	131.219	110.421	108.289	122.185	
224	1	1	1	1	1	1	69.5721	74.7039	69.8975	78.9075	83.0845	48.2926	52.1328	114.982	111.677	131.215	110.42	108.288	122.184	
225	1	1	1	1	1	1	69.5709	74.7028	69.8969	78.9069	83.084	48.2912	52.1322	114.981	111.676	131.212	110.419	108.287	122.183	
226	1	1	1	1	1	1	69.5698	74.7017	69.8963	78.9063	83.0835	48.2899	52.1316	114.979	111.675	131.209	110.418	108.286	122.182	
227	1	1	1	1	1	1	69.5686	74.7005	69.8956	78.9057	83.0831	48.2885	52.131	114.978	111.674	131.205	110.418	108.284	122.181	
228	1	1	1	1	1	1	69.5674	74.6994	69.895	78.905	83.0826	48.2871	52.1304	114.977	111.673	131.202	110.417	108.283	122.179	
229	1	1	1	1	1	1	69.5662	74.6982	69.8943	78.9044	83.0821	48.2857	52.1298	114.975	111.672	131.198	110.416	108.282	122.178	
230	1	1	1	1	1	1	69.565	74.6971	69.8937	78.9038	83.0816	48.2842	52.1291	114.974	111.671	131.195	110.415	108.281	122.177	
231	1	1	1	1	1	1	69.5638	74.6959	69.893	78.9031	83.0811	48.2828	52.1285	114.973	111.67	131.191	110.414	108.28	122.176	
232	1	1	1	1	1	1	69.5625	74.6947	69.8923	78.9025	83.0806	48.2813	52.1279	114.971	111.669	131.188	110.413	108.278	122.175	
233	1	1	1	1	1	1	69.5613	74.6935	69.8916	78.9018	83.0801	48.2798	52.1272	114.97	111.668	131.184	110.412	108.277	122.174	
234	1	1	1	1	1	1	69.56	74.6922	69.891	78.9012	83.0796	48.2784	52.1266	114.968	111.667	131.18	110.411	108.276	122.172	
235	1	1	1	1	1	1	69.5588	74.691	69.8903	78.9005	83.0791	48.2768	52.1259	114.967	111.666	131.176	110.41	108.275	122.171	
236	1	1	1	1	1	1	69.5575	74.6898	69.8896	78.8998	83.0786	48.2753	52.1252	114.965	111.665	131.173	110.409	108.273	122.17	
237	1	1	1	1	1	1	69.5562	74.6885	69.8889	78.8992	83.0781	48.2738	52.1245	114.964	111.664	131.169	110.408	108.272	122.169	
238	1	1	1	1	1	1	69.5549	74.6872	69.8881	78.8985	83.0775	48.2722	52.1239	114.962	111.663	131.165	110.407	108.271	122.168	
239	1	1	1	1	1	1	69.5535	74.6859	69.8874	78.8978	83.077	48.2707	52.1232	114.961	111.662	131.161	110.406	108.27	122.166	
240	1	1	1	1	1	1	69.5522	74.6846	69.8867	78.8971	83.0765	48.2691	52.1225	114.959	111.661	131.157	110.404	108.268	122.165	
241	1	1	1	1	1	1	69.5508	74.6833	69.886	78.8964	83.0759	48.2675	52.1218	114.958	111.66	131.153	110.403	108.267	122.164	
242	1	1	1	1	1	1	69.5495	74.682	69.8852	78.8957	83.0754	48.2658	52.121	114.956	111.659	131.149	110.402	108.266	122.162	
243	1	1	1	1	1	1	69.5481	74.6806	69.8845	78.8949	83.0748	48.2642	52.1203	114.955	111.657	131.145	110.401	108.264	122.161	
244	1	1	1	1	1	1	69.5467	74.6793	69.8837	78.8942	83.0742	48.2625	52.1196	114.953	111.656	131.141	110.4	108.263	122.16	
245	1	1	1	1	1	1	69.5453	74.6779	69.8829	78.8935	83.0737	48.2609	52.1189	114.952	111.655	131.137	110.399	108.261	122.158	
246	1	1	1	1	1	1	69.5438	74.6765	69.8822	78.8927	83.0731	48.2592	52.1181	114.95	111.654	131.133	110.398	108.26	122.157	
247	1	1	1	1	1	1	69.5424	74.6751	69.8814	78.892	83.0725	48.2575	52.1174	114.948	111.653	131.129	110.397	108.259	122.156	
248	1	1	1	1	1	1	69.5409	74.6737	69.8806	78.8912	83.0719	48.2557	52.1166	114.947	111.652	131.124	110.395	108.257	122.154	
249	1	1	1	1	1	1	69.5395	74.6723	69.8798	78.8904	83.0713	48.254	52.1158	114.945	111.65	131.12	110.394	108.256	122.153	
250	1	1	1	1	1	1	69.538	74.6708	69.879	78.8897	83.0707	48.2522	52.1151	114.943	111.649	131.116	110.393	108.254	122.152	
251	1	1	1	1	1	1	69.5365	74.6694	69.8782	78.8889	83.0701	48.2504	52.1143	114.941	111.648	131.111	110.392	108.253	122.15	
252	1	1	1	1	1	1	69.5349	74.6679	69.8774	78.8881	83.0695	48.2486	52.1135	114.94	111.647	131.107	110.391	108.251	122.149	
253	1	1	1	1	1	1	69.5334	74.6664	69.8765	78.8873	83.0689	48.2468	52.1127	114.938	111.645	131.102	110.39	108.25	122.147	
254	1	1	1	1	1	1	69.5319	74.6649	69.8757	78.8865	83.0683	48.245	52.1119	114.936	111.644	131.098	110.388	108.248	122.146	
255	1	1	1	1	1	1	69.5303	74.6634	69.8748	78.8857	83.0677	48.2431	52.1111	114.934	111.643	131.093	110.387	108.247	122.144	
256	1	1	1	1	1	1	69.5287	74.6618	69.874	78.8848	83.067	48.2412	52.1102	114.933	111.642	131.088	110.386	108.245	122.143	
257	1	1	1	1	1	1	69.5271	74.6603	69.8731	78.884	83.0664	48.2393	52.1094	114.931	111.64	131.084	110.384	108.243	122.141	
258	1	1	1	1	1	1	69.5255	74.6587	69.8723	78.8832	83.0657	48.2374	52.1086	114.929	111.639	131.079	110.383	108.242	122.14	
259	1	1	1	1	1	1	69.5239	74.6571	69.8714	78.8823	83.0651	48.2355	52.1077	114.927	111.638	131.074	110.382	108.24	122.138	
260	1	1	1	1	1	1	69.5222	74.6555	69.8705	78.8815	83.0644	48.2335	52.1068	114.925	111.636	131.069	110.381	108.239	122.137	
261	1	1	1	1	1	1	69.5205	74.6539	69.8696	78.8806	83.0637	48.2315	52.106	114.923	111.635	131.065	110.379	108.237	122.135	
262	1	1	1	1	1	1	69.5189	74.6523	69.8687	78.8797	83.063	48.2295	52.1051	114.921	111.634	131.06	110.378	108.235	122.133	
263	1	1	1	1	1	1	69.5172	74.6506	69.8677	78.8788	83.0624	48.2275	52.1042	114.919	111.632	131.055	110.377	108.234	122.132	
264	1	1	1	1	1	1	69.5154	74.6489	69.8668	78.8779	83.0617	48.2254	52.1033	114.917	111.631	131.05	110.375	108.232	122.13	
265	1	1	1	1	1	1	69.5137	74.6472	69.8659	78.877	83.061	48.2234	52.1024	114.915	111.629	131.044	110.374	108.23	122.129	
266	1	1	1	1	1	1	69.5119	74.6455	69.8649	78.8761	83.0603	48.2213	52.1015	114.913	111.628	131.039	110.372	108.228	122.127	
267	1	1	1	1	1	1	69.5102	74.6438	69.864	78.8752	83.0595	48.2191	52.1006	114.911	111.626	131.034	110.371	108.227	122.125	
268	1	1	1	1	1	1	69.5084	74.6421	69.863	78.8742	83.0588	48.217	52.0996	114.909	111.625	131.029	110.37	108.225	122.123	
269	1	1	1	1	1	1	69.5066	74.6403	69.862	78.8733	83.0581	48.2148	52.0987	114.907	111.624	131.024	110.368	108.223	122.122	
270	1	1	1	1	1	1	69.5047	74.6385	69.8611	78.8723	83.0574	48.2127	52.0977	114.905	111.622	131.018	110.367	108.221	122.12	
271	1	1	1	1	1	1	69.5029	74.6367	69.8601	78.8714	83.0566	48.2105	52.0968	114.903	111.621	131.013	110.365	108.22	122.118	
272	1	1	1	1	1	1	69.501	74.6349	69.8591	78.8704	83.0559	48.2082	52.0958	114.901	111.619	131.007	110.364	108.218	122.116	
273	1	1	1	1	1	1	69.4991	74.633	69.858	78.8694	83.0551	48.206	52.0948	114.899	111.617	131.002	110.362	108.216	122.115	
274	1	1	1	1	1	1	69.4972	74.6312	69.857	78.8684	83.0543	48.2037	52.0938	114.897	111.616	130.996	110.361	108.214	122.113	
275	1	1	1	1	1	1	69.4953	74.6293	69.856	78.8674	83.0535	48.2014	52.0928	114.894	111.614	130.99	110.359	108.212	122.111	
276	1	1	1	1	1	1	69.4934	74.6274	69.8549	78.8664	83.0528	48.199	52.0918	114.892	111.613	130.985	110.358	108.21	122.109	
277	1	1	1	1	1	1	69.4914	74.6255	69.8539	78.8654	83.052	48.1967	52.0908	114.89	111.611	130.979	110.356	108.208	122.107	
278	1	1	1	1	1	1	69.4894	74.6235	69.8528	78.8644	83.0512	48.1943	52.0898	114.888	111.61	130.973	110.355	108.206	122.105	
279	1	1	1	1	1	1	69.4874	74.6216	69.8517	78.8633	83.0504	48.1919	52.0887	114.885	111.608	130.967	110.353	108.204	122.104	
280	1	1	1	1	1	1	69.4854	74.6196	69.8506	78.8623	83.0495	48.1895	52.0876	114.883	111.606	130.961	110.351	108.202	122.102	
281	1	1	1	1	1	1	69.4833	74.6176	69.8495	78.8612	83.0487	48.187	52.0866	114.881	111.605	130.955	110.35	108.2	122.1	
282	1	1	1	1	1	1	69.4812	74.6156	69.8484	78.8601	83.0479	48.1845	52.0855	114.878	111.603	130.949	110.348	108.198	122.098	
283	1	1	1	1	1	1	69.4792	74.6135	69.8473	78.859	83.047	48.182	52.0844	114.876	111.601	130.943	110.346	108.196	122.096	
284	1	1	1	1	1	1	69.477	74.6115	69.8462	78.8579	83.0462	48.1795	52.0833	114.874	111.599	130.937	110.345	108.194	122.094	
285	1	1	1	1	1	1	69.4749	74.6094	69.845	78.8568	83.0453	48.1769	52.0822	114.871	111.598	130.93	110.343	108.192	122.092	
286	1	1	1	1	1	1	69.4727	74.6073	69.8439	78.8557	83.0444	48.1743	52.0811	114.869	111.596	130.924	110.341	108.19	122.09	
287	1	1	1	1	1	1	69.4706	74.6051	69.8427	78.8545	83.0435	48.1717	52.0799	114.866	111.594	130.918	110.34	108.187	122.088	
288	1	1	1	1	1	1	69.4684	74.603	69.8415	78.8534	83.0427	48.169	52.0788	114.864	111.592	130.911	110.338	108.185	122.085	
289	1	1	1	1	1	1	69.4661	74.6008	69.8403	78.8522	83.0418	48.1663	52.0776	114.861	111.59	130.905	110.336	108.183	122.083	
290	1	1	1	1	1	1	69.4639	74.5986	69.8391	78.8511	83.0408	48.1636	52.0764	114.858	111.589	130.898	110.334	108.181	122.081	
291	1	1	1	1	1	1	69.4616	74.5964	69.8379	78.8499	83.0399	48.1609	52.0753	114.856	111.587	130.891	110.332	108.179	122.079	
292	1	1	1	1	1	1	69.4593	74.5941	69.8367	78.8487	83.039	48.1581	52.0741	114.853	111.585	130.884	110.331	108.176	122.077	
293	1	1	1	1	1	1	69.457	74.5918	69.8354	78.8475	83.0381	48.1553	52.0728	114.851	111.583	130.878	110.329	108.174	122.075	
294	1	1	1	1	1	1	69.4546	74.5895	69.8342	78.8463	83.0371	48.1524	52.0716	114.848	111.581	130.871	110.327	108.172	122.072	
295	1	1	1	1	1	1	69.4523	74.5872	69.8329	78.845	83.0361	48.1496	52.0704	114.845	111.579	130.864	110.325	108.169	122.07	
296	1	1	1	1	1	1	69.4499	74.5849	69.8316	78.8438	83.0352	48.1467	52.0691	114.842	111.577	130.857	110.323	108.167	122.068	
297	1	1	1	1	1	1	69.4474	74.5825	69.8303	78.8425	83.0342	48.1438	52.0679	114.84	111.575	130.849	110.321	108.164	122.065	
298	1	1	1	1	1	1	69.445	74.5801	69.829	78.8412	83.0332	48.1408	52.0666	114.837	111.573	130.842	110.319	108.162	122.063	
299	1	1	1	1	1	1	69.4425	74.5777	69.8277	78.84	83.0322	48.1378	52.0653	114.834	111.571	130.835	110.317	108.16	122.061	
300	1	1	1	1	1	1	69.44	74.5752	69.8264	78.8387	83.0312	48.1348	52.064	114.831	111.569	130.828	110.315	108.157	122.058	
301	1	1	1	1	1	1	69.4375	74.5727	69.825	78.8373	83.0302	48.1317	52.0627	114.828	111.567	130.82	110.313	108.155	122.056	
302	1	1	1	1	1	1	69.435	74.5702	69.8237	78.836	83.0291	48.1286	52.0614	114.825	111.565	130.813	110.311	108.152	122.054	
303	1	1	1	1	1	1	69.4324	74.5677	69.8223	78.8347	83.0281	48.1255	52.06	114.822	111.563	130.805	110.309	108.15	122.051	
304	1	1	1	1	1	1	69.4298	74.5651	69.8209	78.8333	83.027	48.1223	52.0587	114.819	111.561	130.797	110.307	108.147	122.049	
305	1	1	1	1	1	1	69.4271	74.5626	69.8195	78.8319	83.026	48.1191	52.0573	114.816	111.559	130.789	110.305	108.144	122.046	
306	1	1	1	1	1	1	69.4245	74.5599	69.8181	78.8306	83.0249	48.1159	52.0559	114.813	111.556	130.782	110.303	108.142	122.044	
307	1	1	1	1	1	1	69.4218	74.5573	69.8167	78.8292	83.0238	48.1126	52.0545	114.81	111.554	130.774	110.301	108.139	122.041	
308	1	1	1	1	1	1	69.4191	74.5546	69.8152	78.8278	83.0227	48.1093	52.0531	114.807	111.552	130.766	110.299	108.136	122.038	
309	1	1	1	1	1	1	69.4163	74.5519	69.8138	78.8263	83.0216	48.106	52.0516	114.804	111.55	130.757	110.296	108.134	122.036	
310	1	1	1	1	1	1	69.4135	74.5492	69.8123	78.8249	83.0204	48.1026	52.0502	114.801	111.547	130.749	110.294	108.131	122.033	
311	1	1	1	1	1	1	69.4107	74.5464	69.8108	78.8234	83.0193	48.0992	52.0487	114.797	111.545	130.741	110.292	108.128	122.031	
312	1	1	1	1	1	1	69.4079	74.5436	69.8093	78.822	83.0182	48.0957	52.0473	114.794	111.543	130.733	110.29	108.125	122.028	
313	1	1	1	1	1	1	69.405	74.5408	69.8078	78.8205	83.017	48.0922	52.0458	114.791	111.54	130.724	110.288	108.122	122.025	
314	1	1	1	1	1	1	69.4022	74.538	69.8062	78.819	83.0158	48.0887	52.0443	114.787	111.538	130.716	110.285	108.119	122.022	
315	1	1	1	1	1	1	69.3992	74.5351	69.8047	78.8174	83.0146	48.0851	52.0427	114.784	111.536	130.707	110.283	108.117	122.02	
316	1	1	1	1	1	1	69.3963	74.5322	69.8031	78.8159	83.0134	48.0815	52.0412	114.781	111.533	130.698	110.281	108.114	122.017	
317	1	1	1	1	1	1	69.3933	74.5292	69.8015	78.8144	83.0122	48.0778	52.0396	114.777	111.531	130.689	110.278	108.111	122.014	
318	1	1	1	1	1	1	69.3903	74.5263	69.7999	78.8128	83.011	48.0742	52.0381	114.774	111.528	130.68	110.276	108.108	122.011	
319	1	1	1	1	1	1	69.3872	74.5233	69.7983	78.8112	83.0097	48.0704	52.0365	114.77	111.526	130.671	110.273	108.105	122.008	
320	1	1	1	1	1	1	69.3841	74.5202	69.7967	78.8096	83.0085	48.0666	52.0349	114.767	111.523	130.662	110.271	108.101	122.005	
321	1	1	1	1	1	1	69.381	74.5171	69.7951	78.808	83.0072	48.0628	52.0332	114.763	111.521	130.653	110.268	108.098	122.002	
322	1	1	1	1	1	1	69.3779	74.514	69.7934	78.8063	83.0059	48.0589	52.0316	114.759	111.518	130.643	110.266	108.095	121.999	
323	1	1	1	1	1	1	69.3747	74.5109	69.7917	78.8047	83.0046	48.055	52.0299	114.756	111.515	130.634	110.263	108.092	121.996	
324	1	1	1	1	1	1	69.3715	74.5077	69.79	78.803	83.0033	48.0511	52.0283	114.752	111.513	130.624	110.261	108.089	121.993	
325	1	1	1	1	1	1	69.3682	74.5045	69.7883	78.8013	83.002	48.0471	52.0266	114.748	111.51	130.615	110.258	108.086	121.99	
326	1	1	1	1	1	1	69.3649	74.5012	69.7866	78.7996	83.0007	48.043	52.0248	114.744	111.507	130.605	110.256	108.082	121.987	
327	1	1	1	1	1	1	69.3616	74.498	69.7848	78.7979	82.9993	48.039	52.0231	114.741	111.505	130.595	110.253	108.079	121.984	
328	1	1	1	1	1	1	69.3583	74.4946	69.783	78.7962	82.998	48.0348	52.0214	114.737	111.502	130.585	110.25	108.076	121.98	
329	1	1	1	1	1	1	69.3549	74.4913	69.7813	78.7944	82.9966	48.0306	52.0196	114.733	111.499	130.575	110.248	108.072	121.977	
330	1	1	1	1	1	1	69.3515	74.4879	69.7795	78.7926	82.9952	48.0264	52.0178	114.729	111.496	130.565	110.245	108.069	121.974	
331	1	1	1	1	1	1	69.348	74.4845	69.7776	78.7908	82.9938	48.0221	52.016	114.725	111.493	130.555	110.242	108.065	121.971	
332	1	1	1	1	1	1	69.3445	74.481	69.7758	78.789	82.9923	48.0178	52.0142	114.721	111.491	130.544	110.24	108.062	121.967	
333	1	1	1	1	1	1	69.341	74.4775	69.7739	78.7872	82.9909	48.0134	52.0123	114.717	111.488	130.534	110.237	108.058	121.964	
334	1	1	1	1	1	1	69.3374	74.4739	69.7721	78.7853	82.9894	48.009	52.0105	114.713	111.485	130.523	110.234	108.055	121.96	
335	1	1	1	1	1	1	69.3338	74.4704	69.7702	78.7835	82.988	48.0045	52.0086	114.708	111.482	130.512	110.231	108.051	121.957	
336	1	1	1	1	1	1	69.3301	74.4667	69.7683	78.7816	82.9865	48	52.0067	114.704	111.479	130.501	110.228	108.047	121.953	
337	1	1	1	1	1	1	69.3264	74.4631	69.7663	78.7797	82.985	47.9954	52.0047	114.7	111.476	130.49	110.225	108.044	121.95	
338	1	1	1	1	1	1	69.3227	74.4594	69.7644	78.7777	82.9834	47.9908	52.0028	114.696	111.473	130.479	110.222	108.04	121.946	
339	1	1	1	1	1	1	69.3189	74.4556	69.7624	78.7758	82.9819	47.9861	52.0008	114.691	111.469	130.468	110.219	108.036	121.943	
340	1	1	1	1	1	1	69.3151	74.4518	69.7604	78.7738	82.9803	47.9814	51.9988	114.687	111.466	130.457	110.216	108.032	121.939	
341	1	1	1	1	1	1	69.3113	74.448	69.7584	78.7718	82.9788	47.9766	51.9968	114.682	111.463	130.445	110.213	108.029	121.935	
342	1	1	1	1	1	1	69.3074	74.4441	69.7564	78.7698	82.9772	47.9717	51.9948	114.678	111.46	130.433	110.21	108.025	121.932	
343	1	1	1	1	1	1	69.3035	74.4402	69.7543	78.7677	82.9756	47.9668	51.9927	114.673	111.457	130.422	110.207	108.021	121.928	
344	1	1	1	1	1	1	69.2995	74.4363	69.7522	78.7657	82.9739	47.9619	51.9907	114.669	111.453	130.41	110.204	108.017	121.924	
345	1	1	1	1	1	1	69.2955	74.4323	69.7501	78.7636	82.9723	47.9568	51.9886	114.664	111.45	130.398	110.201	108.013	121.92	
346	1	1	1	1	1	1	69.2914	74.4282	69.748	78.7615	82.9706	47.9518	51.9864	114.659	111.447	130.386	110.198	108.009	121.916	
347	1	1	1	1	1	1	69.2873	74.4241	69.7459	78.7594	82.969	47.9466	51.9843	114.654	111.443	130.373	110.194	108.005	121.912	
348	1	1	1	1	1	1	69.2831	74.42	69.7437	78.7572	82.9673	47.9414	51.9821	114.65	111.44	130.361	110.191	108	121.908	
349	1	1	1	1	1	1	69.2789	74.4158	69.7415	78.755	82.9655	47.9362	51.9799	114.645	111.436	130.348	110.188	107.996	121.904	
350	1	1	1	1	1	1	69.2747	74.4116	69.7393	78.7529	82.9638	47.9309	51.9777	114.64	111.433	130.336	110.184	107.992	121.9	
351	1	1	1	1	1	1	69.2704	74.4073	69.7371	78.7506	82.962	47.9255	51.9755	114.635	111.429	130.323	110.181	107.988	121.896	
352	1	1	1	1	1	1	69.2661	74.403	69.7348	78.7484	82.9603	47.92	51.9732	114.63	111.426	130.31	110.178	107.983	121.892	
353	1	1	1	1	1	1	69.2617	74.3986	69.7326	78.7461	82.9585	47.9145	51.971	114.625	111.422	130.297	110.174	107.979	121.888	
354	1	1	1	1	1	1	69.2573	74.3942	69.7303	78.7438	82.9566	47.909	51.9686	114.619	111.418	130.283	110.171	107.974	121.884	
355	1	1	1	1	1	1	69.2528	74.3897	69.728	78.7415	82.9548	47.9033	51.9663	114.614	111.415	130.27	110.167	107.97	121.879	
356	1	1	1	1	1	1	69.2483	74.3852	69.7256	78.7392	82.953	47.8976	51.9639	114.609	111.411	130.256	110.163	107.965	121.875	
357	1	1	1	1	1	1	69.2437	74.3806	69.7233	78.7368	82.9511	47.8918	51.9616	114.604	111.407	130.243	110.16	107.961	121.87	
358	1	1	1	1	1	1	69.2391	74.376	69.7209	78.7344	82.9492	47.886	51.9591	114.598	111.403	130.229	110.156	107.956	121.866	
359	1	1	1	1	1	1	69.2344	74.3713	69.7185	78.732	82.9473	47.8801	51.9567	114.593	111.399	130.215	110.153	107.951	121.862	
360	1	1	1	1	1	1	69.2297	74.3665	69.716	78.7296	82.9453	47.8741	51.9542	114.587	111.396	130.2	110.149	107.947	121.857	
361	1	1	1	1	1	1	69.2249	74.3618	69.7136	78.7271	82.9434	47.8681	51.9517	114.582	111.392	130.186	110.145	107.942	121.852	
362	1	1	1	1	1	1	69.2201	74.3569	69.7111	78.7246	82.9414	47.8619	51.9492	114.576	111.388	130.172	110.141	107.937	121.848	
363	1	1	1	1	1	1	69.2152	74.352	69.7086	78.7221	82.9394	47.8558	51.9467	114.57	111.383	130.157	110.137	107.932	121.843	
364	1	1	1	1	1	1	69.2103	74.3471	69.706	78.7195	82.9373	47.8495	51.9441	114.565	111.379	130.142	110.134	107.927	121.838	
365	1	1	1	1	1	1	69.2053	74.3421	69.7035	78.717	82.9353	47.8431	51.9415	114.559	111.375	130.127	110.13	107.922	121.834	
366	1	1	1	1	1	1	69.2003	74.337	69.7009	78.7144	82.9332	47.8367	51.9389	114.553	111.371	130.112	110.126	107.917	121.829	
367	1	1	1	1	1	1	69.1952	74.3319	69.6982	78.7117	82.9311	47.8302	51.9362	114.547	111.367	130.096	110.122	107.912	121.824	
368	1	1	1	1	1	1	69.19	74.3267	69.6956	78.7091	82.929	47.8237	51.9335	114.541	111.363	130.081	110.118	107.907	121.819	
369	1	1	1	1	1	1	69.1848	74.3214	69.6929	78.7064	82.9268	47.817	51.9308	114.535	111.358	130.065	110.113	107.901	121.814	
370	1	1	1	1	1	1	69.1796	74.3161	69.6902	78.7037	82.9247	47.8103	51.9281	114.529	111.354	130.049	110.109	107.896	121.809	
371	1	1	1	1	1	1	69.1743	74.3108	69.6875	78.7009	82.9225	47.8035	51.9253	114.522	111.349	130.033	110.105	107.891	121.804	
372	1	1	1	1	1	1	69.1689	74.3054	69.6848	78.6981	82.9203	47.7966	51.9225	114.516	111.345	130.017	110.101	107.885	121.798	
373	1	1	1	1	1	1	69.1634	74.2999	69.682	78.6953	82.918	47.7896	51.9196	114.51	111.34	130	110.097	107.88	121.793	
374	1	1	1	1	1	1	69.158	74.2943	69.6792	78.6925	82.9157	47.7825	51.9168	114.503	111.336	129.984	110.092	107.874	121.788	
375	1	1	1	1	1	1	69.1524	74.2887	69.6764	78.6896	82.9135	47.7754	51.9139	114.497	111.331	129.967	110.088	107.869	121.782	
376	1	1	1	1	1	1	69.1468	74.283	69.6735	78.6867	82.9111	47.7682	51.9109	114.49	111.326	129.95	110.083	107.863	121.777	
377	1	1	1	1	1	1	69.1411	74.2773	69.6706	78.6838	82.9088	47.7608	51.908	114.483	111.322	129.933	110.079	107.857	121.772	
378	1	1	1	1	1	1	69.1354	74.2715	69.6677	78.6809	82.9064	47.7534	51.905	114.477	111.317	129.915	110.075	107.851	121.766	
379	1	1	1	1	1	1	69.1296	74.2656	69.6647	78.6779	82.904	47.7459	51.9019	114.47	111.312	129.897	110.07	107.845	121.76	
380	1	1	1	1	1	1	69.1237	74.2596	69.6618	78.6748	82.9016	47.7383	51.8989	114.463	111.307	129.88	110.065	107.839	121.755	
381	1	1	1	1	1	1	69.1178	74.2536	69.6587	78.6718	82.8991	47.7306	51.8958	114.456	111.302	129.862	110.061	107.833	121.749	
382	1	1	1	1	1	1	69.1118	74.2475	69.6557	78.6687	82.8966	47.7229	51.8926	114.449	111.297	129.843	110.056	107.827	121.743	
383	1	1	1	1	1	1	69.1057	74.2414	69.6526	78.6656	82.8941	47.715	51.8895	114.442	111.292	129.825	110.051	107.821	121.737	
384	1	1	1	1	1	1	69.0996	74.2351	69.6495	78.6624	82.8916	47.707	51.8863	114.434	111.287	129.806	110.046	107.815	121.731	
385	1	1	1	1	1	1	69.0934	74.2288	69.6464	78.6592	82.889	47.6989	51.883	114.427	111.282	129.787	110.042	107.809	121.725	
386	1	1	1	1	1	1	69.0871	74.2225	69.6432	78.656	82.8864	47.6908	51.8797	114.42	111.277	129.768	110.037	107.802	121.719	
387	1	1	1	1	1	1	69.0807	74.216	69.64	78.6527	82.8838	47.6825	51.8764	114.412	111.271	129.749	110.032	107.796	121.713	
388	1	1	1	1	1	1	69.0743	74.2095	69.6368	78.6494	82.8811	47.6741	51.8731	114.405	111.266	129.729	110.027	107.789	121.707	
389	1	1	1	1	1	1	69.0679	74.2029	69.6335	78.6461	82.8784	47.6656	51.8697	114.397	111.26	129.709	110.022	107.783	121.701	
390	1	1	1	1	1	1	69.0613	74.1962	69.6303	78.6427	82.8757	47.657	51.8663	114.389	111.255	129.689	110.016	107.776	121.694	
391	1	1	1	1	1	1	69.0547	74.1894	69.6269	78.6393	82.873	47.6484	51.8628	114.381	111.249	129.669	110.011	107.769	121.688	
392	1	1	1	1	1	1	69.048	74.1826	69.6236	78.6359	82.8702	47.6395	51.8593	114.373	111.244	129.649	110.006	107.762	121.681	
393	1	1	1	1	1	1	69.0412	74.1757	69.6202	78.6324	82.8674	47.6306	51.8558	114.365	111.238	129.628	110.001	107.756	121.675	
394	1	1	1	1	1	1	69.0344	74.1687	69.6167	78.6288	82.8645	47.6216	51.8522	114.357	111.232	129.607	109.995	107.749	121.668	
395	1	1	1	1	1	1	69.0274	74.1616	69.6133	78.6253	82.8616	47.6125	51.8486	114.349	111.226	129.586	109.99	107.742	121.661	
396	1	1	1	1	1	1	69.0204	74.1544	69.6098	78.6217	82.8587	47.6032	51.8449	114.341	111.221	129.564	109.984	107.734	121.655	
397	1	1	1	1	1	1	69.0133	74.1472	69.6063	78.6181	82.8558	47.5938	51.8412	114.332	111.215	129.542	109.979	107.727	121.648	
398	1	1	1	1	1	1	69.0062	74.1398	69.6027	78.6144	82.8528	47.5844	51.8375	114.324	111.209	129.52	109.973	107.72	121.641	
399	1	1	1	1	1	1	68.9989	74.1324	69.5991	78.6107	82.8497	47.5748	51.8337	114.315	111.202	129.498	109.968	107.712	121.634	
400	1	1	1	1	1	1	68.9916	74.1249	69.5954	78.6069	82.8467	47.565	51.8299	114.306	111.196	129.476	109.962	107.705	121.627	
401	1	1	1	1	1	1	68.9842	74.1172	69.5918	78.6031	82.8436	47.5552	51.826	114.298	111.19	129.453	109.956	107.697	121.619	
402	1	1	1	1	1	1	68.9767	74.1095	69.5881	78.5992	82.8405	47.5452	51.8221	114.289	111.184	129.43	109.95	107.69	121.612	
403	1	1	1	1	1	1	68.9691	74.1017	69.5843	78.5954	82.8373	47.5351	51.8181	114.28	111.177	129.406	109.944	107.682	121.605	
404	1	1	1	1	1	1	68.9615	74.0939	69.5805	78.5914	82.8341	47.5248	51.8141	114.271	111.171	129.383	109.938	107.674	121.597	
405	1	1	1	1	1	1	68.9537	74.0859	69.5767	78.5875	82.8309	47.5145	51.8101	114.261	111.164	129.359	109.932	107.666	121.59	
406	1	1	1	1	1	1	68.9459	74.0778	69.5728	78.5834	82.8276	47.504	51.806	114.252	111.158	129.335	109.926	107.658	121.582	
407	1	1	1	1	1	1	68.938	74.0696	69.5689	78.5794	82.8243	47.4933	51.8018	114.243	111.151	129.31	109.92	107.65	121.574	
408	1	1	1	1	1	1	68.93	74.0613	69.565	78.5753	82.8209	47.4825	51.7977	114.233	111.144	129.285	109.914	107.642	121.567	
409	1	1	1	1	1	1	68.9219	74.053	69.561	78.5711	82.8175	47.4716	51.7934	114.223	111.137	129.26	109.907	107.634	121.559	
410	1	1	1	1	1	1	68.9137	74.0445	69.557	78.5669	82.8141	47.4606	51.7891	114.213	111.13	129.235	109.901	107.625	121.551	
411	1	1	1	1	1	1	68.9054	74.0359	69.5529	78.5627	82.8106	47.4494	51.7848	114.204	111.123	129.209	109.895	107.617	121.543	
412	1	1	1	1	1	1	68.897	74.0272	69.5488	78.5584	82.8071	47.438	51.7804	114.193	111.116	129.183	109.888	107.608	121.535	
413	1	1	1	1	1	1	68.8885	74.0184	69.5447	78.554	82.8036	47.4265	51.776	114.183	111.109	129.157	109.881	107.599	121.526	
414	1	1	1	1	1	1	68.8799	74.0095	69.5405	78.5496	82.8	47.4149	51.7715	114.173	111.102	129.13	109.875	107.59	121.518	
415	1	1	1	1	1	1	68.8713	74.0005	69.5363	78.5452	82.7963	47.403	51.767	114.163	111.094	129.103	109.868	107.581	121.509	
416	1	1	1	1	1	1	68.8625	73.9914	69.532	78.5407	82.7926	47.3911	51.7624	114.152	111.087	129.076	109.861	107.572	121.501	
417	1	1	1	1	1	1	68.8536	73.9821	69.5277	78.5362	82.7889	47.379	51.7578	114.141	111.079	129.048	109.854	107.563	121.492	
418	1	1	1	1	1	1	68.8446	73.9728	69.5233	78.5316	82.7851	47.3667	51.7531	114.131	111.072	129.02	109.847	107.554	121.483	
419	1	1	1	1	1	1	68.8355	73.9633	69.5189	78.5269	82.7813	47.3542	51.7484	114.12	111.064	128.992	109.84	107.545	121.474	
420	1	1	1	1	1	1	68.8264	73.9537	69.5145	78.5223	82.7775	47.3416	51.7436	114.109	111.056	128.963	109.833	107.535	121.465	
421	1	1	1	1	1	1	68.8171	73.944	69.51	78.5175	82.7735	47.3289	51.7387	114.097	111.048	128.934	109.826	107.526	121.456	
422	1	1	1	1	1	1	68.8077	73.9342	69.5055	78.5127	82.7696	47.3159	51.7338	114.086	111.04	128.904	109.819	107.516	121.447	
423	1	1	1	1	1	1	68.7982	73.9242	69.5009	78.5078	82.7656	47.3028	51.7288	114.075	111.032	128.874	109.811	107.506	121.438	
424	1	1	1	1	1	1	68.7885	73.9142	69.4963	78.5029	82.7615	47.2895	51.7238	114.063	111.024	128.844	109.804	107.496	121.428	
425	1	1	1	1	1	1	68.7788	73.904	69.4916	78.498	82.7574	47.276	51.7188	114.051	111.016	128.814	109.796	107.486	121.419	
426	1	1	1	1	1	1	68.769	73.8936	69.4869	78.493	82.7533	47.2624	51.7136	114.039	111.007	128.783	109.789	107.476	121.409	
427	1	1	1	1	1	1	68.759	73.8832	69.4822	78.4879	82.7491	47.2485	51.7084	114.027	110.999	128.751	109.781	107.466	121.399	
428	1	1	1	1	1	1	68.7489	73.8726	69.4774	78.4827	82.7448	47.2345	51.7032	114.015	110.99	128.72	109.773	107.455	121.39	
429	1	1	1	1	1	1	68.7387	73.8619	69.4725	78.4776	82.7405	47.2203	51.6979	114.003	110.982	128.688	109.765	107.445	121.38	
430	1	1	1	1	1	1	68.7284	73.851	69.4676	78.4723	82.7362	47.2058	51.6925	113.99	110.973	128.655	109.757	107.434	121.369	
431	1	1	1	1	1	1	68.718	73.84	69.4627	78.467	82.7317	47.1912	51.687	113.977	110.964	128.622	109.749	107.423	121.359	
432	1	1	1	1	1	1	68.7074	73.8289	69.4577	78.4616	82.7273	47.1764	51.6815	113.965	110.955	128.589	109.741	107.412	121.349	
433	1	1	1	1	1	1	68.6968	73.8176	69.4526	78.4562	82.7228	47.1614	51.676	113.952	110.946	128.555	109.733	107.401	121.338	
434	1	1	1	1	1	1	68.686	73.8062	69.4475	78.4507	82.7182	47.1461	51.6703	113.938	110.936	128.521	109.725	107.39	121.328	
435	1	1	1	1	1	1	68.675	73.7946	69.4424	78.4451	82.7136	47.1307	51.6646	113.925	110.927	128.486	109.716	107.378	121.317	
436	1	1	1	1	1	1	68.664	73.7829	69.4372	78.4395	82.7089	47.115	51.6589	113.912	110.917	128.451	109.708	107.367	121.306	
437	1	1	1	1	1	1	68.6528	73.771	69.4319	78.4338	82.7041	47.0992	51.653	113.898	110.908	128.415	109.699	107.355	121.295	
438	1	1	1	1	1	1	68.6415	73.759	69.4266	78.4281	82.6993	47.0831	51.6471	113.884	110.898	128.379	109.691	107.343	121.284	
439	1	1	1	1	1	1	68.63	73.7468	69.4213	78.4222	82.6945	47.0667	51.6412	113.87	110.888	128.343	109.682	107.331	121.273	
440	1	1	1	1	1	1	68.6184	73.7345	69.4159	78.4164	82.6895	47.0502	51.6351	113.856	110.878	128.306	109.673	107.319	121.261	
441	1	1	1	1	1	1	68.6067	73.722	69.4104	78.4104	82.6846	47.0334	51.629	113.842	110.868	128.268	109.664	107.307	121.25	
442	1	1	1	1	1	1	68.5948	73.7093	69.4049	78.4044	82.6795	47.0163	51.6228	113.827	110.858	128.23	109.655	107.295	121.238	
443	1	1	1	1	1	1	68.5828	73.6965	69.3993	78.3983	82.6744	46.9991	51.6166	113.812	110.847	128.192	109.646	107.282	121.226	
444	1	1	1	1	1	1	68.5706	73.6835	69.3937	78.3921	82.6692	46.9816	51.6103	113.797	110.837	128.153	109.636	107.269	121.214	
445	1	1	1	1	1	1	68.5583	73.6704	69.3881	78.3859	82.664	46.9638	51.6039	113.782	110.826	128.114	109.627	107.256	121.202	
446	1	1	1	1	1	1	68.5459	73.657	69.3823	78.3796	82.6587	46.9458	51.5974	113.767	110.816	128.074	109.617	107.243	121.19	
447	1	1	1	1	1	1	68.5333	73.6435	69.3765	78.3732	82.6533	46.9275	51.5908	113.751	110.805	128.033	109.608	107.23	121.177	
448	1	1	1	1	1	1	68.5205	73.6298	69.3707	78.3668	82.6479	46.9089	51.5842	113.736	110.794	127.992	109.598	107.217	121.164	
449	1	1	1	1	1	1	68.5076	73.616	69.3648	78.3602	82.6424	46.8901	51.5775	113.72	110.782	127.95	109.588	107.203	121.152	
450	1	1	1	1	1	1	68.4946	73.6019	69.3589	78.3536	82.6368	46.871	51.5707	113.704	110.771	127.908	109.578	107.189	121.139	
451	1	1	1	1	1	1	68.4813	73.5877	69.3528	78.347	82.6312	46.8517	51.5638	113.687	110.76	127.865	109.568	107.176	121.126	
452	1	1	1	1	1	1	68.468	73.5732	69.3468	78.3402	82.6255	46.832	51.5569	113.671	110.748	127.822	109.558	107.161	121.112	
453	1	1	1	1	1	1	68.4544	73.5586	69.3407	78.3334	82.6197	46.8121	51.5499	113.654	110.736	127.778	109.548	107.147	121.099	
454	1	1	1	1	1	1	68.4407	73.5438	69.3345	78.3264	82.6138	46.7919	51.5427	113.637	110.724	127.734	109.538	107.133	121.085	
455	1	1	1	1	1	1	68.4268	73.5288	69.3282	78.3194	82.6079	46.7713	51.5355	113.62	110.712	127.689	109.527	107.118	121.072	
456	1	1	1	1	1	1	68.4128	73.5135	69.3219	78.3124	82.6019	46.7505	51.5282	113.602	110.7	127.643	109.516	107.103	121.058	
457	1	1	1	1	1	1	68.3986	73.4981	69.3156	78.3052	82.5958	46.7293	51.5209	113.584	110.687	127.597	109.506	107.088	121.044	
458	1	1	1	1	1	1	68.3842	73.4825	69.3091	78.2979	82.5896	46.7079	51.5134	113.566	110.675	127.55	109.495	107.073	121.029	
459	1	1	1	1	1	1	68.3696	73.4666	69.3026	78.2906	82.5834	46.6861	51.5059	113.548	110.662	127.502	109.484	107.058	121.015	
460	1	1	1	1	1	1	68.3549	73.4505	69.2961	78.2832	82.5771	46.664	51.4982	113.53	110.649	127.454	109.473	107.042	121	
461	1	1	1	1	1	1	68.3399	73.4343	69.2895	78.2757	82.5707	46.6415	51.4905	113.511	110.636	127.405	109.462	107.026	120.985	
462	1	1	1	1	1	1	68.3248	73.4178	69.2828	78.2681	82.5642	46.6187	51.4826	113.492	110.623	127.355	109.45	107.01	120.97	
463	1	1	1	1	1	1	68.3095	73.401	69.2761	78.2604	82.5576	46.5956	51.4747	113.473	110.609	127.305	109.439	106.994	120.955	
464	1	1	1	1	1	1	68.294	73.384	69.2693	78.2526	82.551	46.5721	51.4667	113.454	110.596	127.254	109.427	106.977	120.94	
465	1	1	1	1	1	1	68.2783	73.3668	69.2624	78.2447	82.5442	46.5483	51.4586	113.434	110.582	127.202	109.415	106.961	120.924	
466	1	1	1	1	1	1	68.2624	73.3494	69.2555	78.2368	82.5374	46.5241	51.4504	113.414	110.568	127.149	109.404	106.944	120.908	
467	1	1	1	1	1	1	68.2463	73.3317	69.2485	78.2287	82.5305	46.4995	51.4421	113.394	110.554	127.096	109.392	106.927	120.892	
468	1	1	1	1	1	1	68.2301	73.3138	69.2414	78.2206	82.5235	46.4745	51.4337	113.373	110.54	127.042	109.379	106.909	120.876	
469	1	1	1	1	1	1	68.2136	73.2956	69.2343	78.2123	82.5164	46.4492	51.4251	113.352	110.525	126.987	109.367	106.892	120.859	
470	1	1	1	1	1	1	68.1969	73.2772	69.2271	78.2039	82.5092	46.4234	51.4165	113.331	110.51	126.932	109.355	106.874	120.843	
471	1	1	1	1	1	1	68.18	73.2585	69.2199	78.1955	82.502	46.3973	51.4078	113.31	110.495	126.875	109.342	106.856	120.826	
472	1	1	1	1	1	1	68.1628	73.2395	69.2126	78.1869	82.4946	46.3707	51.399	113.288	110.48	126.818	109.33	106.837	120.809	
473	1	1	1	1	1	1	68.1455	73.2203	69.2052	78.1783	82.4871	46.3437	51.39	113.266	110.465	126.76	109.317	106.819	120.791	
474	1	1	1	1	1	1	68.1279	73.2008	69.1977	78.1695	82.4796	46.3163	51.381	113.244	110.449	126.701	109.304	106.8	120.774	
475	1	1	1	1	1	1	68.1101	73.181	69.1902	78.1606	82.4719	46.2885	51.3719	113.221	110.433	126.642	109.291	106.781	120.756	
476	1	1	1	1	1	1	68.0921	73.161	69.1826	78.1517	82.4642	46.2602	51.3626	113.198	110.417	126.581	109.277	106.762	120.738	
477	1	1	1	1	1	1	68.0739	73.1406	69.1749	78.1426	82.4563	46.2314	51.3532	113.175	110.401	126.52	109.264	106.742	120.72	
478	1	1	1	1	1	1	68.0554	73.12	69.1672	78.1334	82.4483	46.2022	51.3437	113.151	110.385	126.457	109.25	106.722	120.701	
479	1	1	1	1	1	1	68.0367	73.099	69.1594	78.1241	82.4403	46.1725	51.3341	113.127	110.368	126.394	109.237	106.702	120.682	
480	1	1	1	1	1	1	68.0177	73.0778	69.1516	78.1147	82.4321	46.1424	51.3244	113.103	110.351	126.33	109.223	106.682	120.663	
481	1	1	1	1	1	1	67.9985	73.0563	69.1436	78.1051	82.4238	46.1117	51.3145	113.078	110.334	126.264	109.209	106.661	120.644	
482	1	1	1	1	1	1	67.979	73.0344	69.1356	78.0955	82.4154	46.0805	51.3046	113.053	110.317	126.198	109.195	106.64	120.624	
483	1	1	1	1	1	1	67.9593	73.0122	69.1275	78.0857	82.4069	46.0489	51.2945	113.028	110.299	126.131	109.18	106.619	120.605	
484	1	1	1	1	1	1	67.9393	72.9897	69.1194	78.0758	82.3983	46.0167	51.2843	113.002	110.281	126.063	109.166	106.597	120.585	
485	1	1	1	1	1	1	67.9191	72.9669	69.1112	78.0658	82.3896	45.9839	51.274	112.976	110.263	125.993	109.151	106.575	120.564	
486	1	1	1	1	1	1	67.8986	72.9437	69.1029	78.0557	82.3807	45.9507	51.2635	112.949	110.244	125.923	109.136	106.553	120.544	
487	1	1	1	1	1	1	67.8778	72.9202	69.0945	78.0454	82.3718	45.9168	51.2529	112.922	110.226	125.852	109.122	106.53	120.523	
488	1	1	1	1	1	1	67.8567	72.8963	69.0861	78.035	82.3627	45.8824	51.2422	112.895	110.207	125.779	109.106	106.508	120.502	
489	1	1	1	1	1	1	67.8354	72.8721	69.0776	78.0245	82.3535	45.8474	51.2313	112.867	110.188	125.705	109.091	106.485	120.48	
490	1	1	1	1	1	1	67.8138	72.8475	69.069	78.0138	82.3442	45.8118	51.2204	112.839	110.168	125.631	109.076	106.461	120.458	
491	1	1	1	1	1	1	67.7919	72.8226	69.0604	78.0031	82.3347	45.7757	51.2093	112.811	110.148	125.555	109.06	106.437	120.436	
492	1	1	1	1	1	1	67.7697	72.7973	69.0516	77.9922	82.3251	45.7388	51.198	112.782	110.128	125.477	109.044	106.413	120.414	
493	1	1	1	1	1	1	68.0775	73.1319	69.3734	78.3065	82.6765	46.0382	51.5543	112.782	110.144	125.394	109.068	106.435	120.4	
494	1	1	1	1	1	1	68.0534	73.1052	69.3636	78.2941	82.6657	46.0006	51.5409	112.749	110.122	125.317	109.049	106.408	120.376	
495	1	1	1	1	1	1	68.0297	73.0784	69.3542	78.2822	82.6552	45.9616	51.5287	112.718	110.1	125.237	109.032	106.383	120.353	
496	1	1	1	1	1	1	68.0057	73.0511	69.3448	78.2703	82.6447	45.9218	51.5163	112.687	110.079	125.155	109.016	106.357	120.329	
497	1	1	1	1	1	1	67.9815	73.0233	69.3353	78.2582	82.634	45.8812	51.5038	112.656	110.057	125.072	108.999	106.331	120.305	
498	1	1	1	1	1	1	67.957	72.9951	69.3257	78.246	82.6231	45.84	51.4911	112.624	110.035	124.987	108.982	106.304	120.28	
499	1	1	1	1	1	1	67.9321	72.9665	69.3161	78.2336	82.6121	45.7979	51.4782	112.592	110.013	124.901	108.965	106.277	120.256	
500	1	1	1	1	1	1	67.9069	72.9374	69.3063	78.2211	82.601	45.7552	51.4652	112.559	109.99	124.813	108.947	106.25	120.231	
501	1	1	1	1	1	1	67.8814	72.9079	69.2965	78.2084	82.5897	45.7116	51.452	112.525	109.967	124.724	108.93	106.223	120.205	
502	1	1	1	1	1	1	67.8554	72.8779	69.2867	78.1956	82.5782	45.6673	51.4387	112.492	109.944	124.634	108.912	106.195	120.18	
503	1	1	1	1	1	1	67.8291	72.8475	69.2767	78.1826	82.5666	45.6222	51.4252	112.457	109.92	124.542	108.894	106.166	120.154	
504	1	1	1	1	1	1	67.8025	72.8166	69.2667	78.1694	82.5549	45.5762	51.4115	112.422	109.896	124.448	108.876	106.137	120.127	
505	1	1	1	1	1	1	67.7755	72.7852	69.2566	78.1561	82.543	45.5294	51.3977	112.386	109.871	124.353	108.858	106.108	120.1	
506	1	1	1	1	1	1	67.7481	72.7533	69.2464	78.1426	82.5309	45.4818	51.3837	112.35	109.846	124.256	108.84	106.078	120.073	
507	1	1	1	1	1	1	67.7203	72.7209	69.2361	78.1289	82.5187	45.4332	51.3695	112.313	109.821	124.158	108.821	106.048	120.046	
508	1	1	1	1	1	1	67.6921	72.688	69.2258	78.1151	82.5063	45.3838	51.3552	112.276	109.795	124.057	108.802	106.017	120.018	
509	1	1	1	1	1	1	67.6635	72.6546	69.2154	78.1011	82.4937	45.3335	51.3406	112.238	109.769	123.955	108.784	105.986	119.989	
510	1	1	1	1	1	1	67.6344	72.6207	69.2049	78.0869	82.481	45.2822	51.326	112.199	109.743	123.852	108.764	105.955	119.96	
511	1	1	1	1	1	1	67.605	72.5862	69.1944	78.0725	82.4681	45.2299	51.3111	112.16	109.716	123.746	108.745	105.923	119.931	
512	1	1	1	1	1	1	67.5751	72.5512	69.1837	78.0579	82.455	45.1766	51.2961	112.12	109.688	123.639	108.726	105.89	119.902	
513	1	1	1	1	1	1	67.5448	72.5156	69.1731	78.0432	82.4418	45.1223	51.2809	112.079	109.661	123.529	108.706	105.857	119.871	
514	1	1	1	1	1	1	67.5141	72.4794	69.1623	78.0282	82.4284	45.067	51.2655	112.038	109.632	123.418	108.686	105.823	119.841	
515	1	1	1	1	1	1	67.4829	72.4426	69.1515	78.0131	82.4148	45.0106	51.2499	111.996	109.604	123.305	108.666	105.789	119.81	
516	1	1	1	1	1	1	67.4512	72.4053	69.1406	77.9978	82.4011	44.9531	51.2341	111.953	109.574	123.189	108.646	105.755	119.779	
517	1	1	1	1	1	1	67.4191	72.3674	69.1297	77.9823	82.3872	44.8945	51.2182	111.91	109.545	123.072	108.626	105.72	119.747	
518	1	1	1	1	1	1	67.3864	72.3288	69.1187	77.9665	82.373	44.8347	51.2021	111.866	109.515	122.952	108.605	105.684	119.715	
519	1	1	1	1	1	1	67.3533	72.2896	69.1076	77.9506	82.3587	44.7737	51.1857	111.821	109.484	122.83	108.584	105.648	119.682	
520	1	1	1	1	1	1	67.3197	72.2498	69.0965	77.9345	82.3443	44.7116	51.1693	111.775	109.453	122.705	108.564	105.611	119.649	
521	1	1	1	1	1	1	67.2856	72.2093	69.0853	77.9181	82.3296	44.6481	51.1526	111.728	109.421	122.579	108.542	105.574	119.615	
522	1	1	1	1	1	1	67.2509	72.1682	69.074	77.9016	82.3148	44.5834	51.1357	111.681	109.389	122.45	108.521	105.536	119.581	
523	1	1	1	1	1	1	67.2157	72.1264	69.0628	77.8848	82.2997	44.5174	51.1187	111.632	109.356	122.318	108.5	105.497	119.546	
524	1	1	1	1	1	1	67.18	72.0839	69.0514	77.8679	82.2845	44.45	51.1014	111.583	109.323	122.184	108.478	105.458	119.511	
525	1	1	1	1	1	1	67.1436	72.0407	69.04	77.8507	82.2691	44.3812	51.084	111.533	109.289	122.047	108.457	105.418	119.475	
526	1	1	1	1	1	1	67.1068	71.9968	69.0286	77.8332	82.2535	44.311	51.0664	111.482	109.255	121.907	108.435	105.378	119.439	
527	1	1	1	1	1	1	67.0693	71.9521	69.0172	77.8156	82.2377	44.2393	51.0486	111.43	109.22	121.764	108.413	105.337	119.402	
528	1	1	1	1	1	1	67.0312	71.9068	69.0057	77.7977	82.2217	44.1661	51.0306	111.377	109.184	121.619	108.391	105.295	119.365	
529	1	1	1	1	1	1	66.9925	71.8607	68.9941	77.7796	82.2056	44.0914	51.0124	111.323	109.148	121.471	108.369	105.253	119.327	
530	1	1	1	1	1	1	66.9532	71.8138	68.9826	77.7613	82.1892	44.0151	50.9941	111.268	109.111	121.319	108.346	105.21	119.288	
531	1	1	1	1	1	1	66.9132	71.7661	68.971	77.7427	82.1727	43.9371	50.9755	111.212	109.073	121.164	108.324	105.166	119.249	
532	1	1	1	1	1	1	66.8726	71.7177	68.9594	77.7239	82.1559	43.8574	50.9568	111.154	109.035	121.007	108.301	105.122	119.21	
533	1	1	1	1	1	1	66.8313	71.6684	68.9478	77.7049	82.139	43.7759	50.9379	111.096	108.996	120.845	108.279	105.076	119.17	
534	1	1	1	1	1	1	66.7892	71.6183	68.9362	77.6856	82.1219	43.6927	50.9189	111.037	108.957	120.68	108.256	105.031	119.129	
535	1	1	1	1	1	1	66.7465	71.5674	68.9246	77.6661	82.1046	43.6076	50.8997	110.976	108.916	120.512	108.233	104.984	119.088	
536	1	1	1	1	1	1	66.703	71.5157	68.913	77.6463	82.0871	43.5206	50.8803	110.914	108.875	120.34	108.21	104.937	119.046	
537	1	1	1	1	1	1	66.6588	71.4631	68.9014	77.6262	82.0695	43.4316	50.8607	110.851	108.833	120.163	108.187	104.889	119.003	
538	1	1	1	1	1	1	66.6138	71.4096	68.8898	77.606	82.0517	43.3406	50.841	110.787	108.791	119.983	108.165	104.84	118.96	
539	1	1	1	1	1	1	66.568	71.3552	68.8782	77.5854	82.0337	43.2475	50.8212	110.721	108.747	119.799	108.142	104.79	118.916	
540	1	1	1	1	1	1	66.5213	71.3	68.8667	77.5646	82.0155	43.1522	50.8012	110.654	108.703	119.61	108.119	104.739	118.872	
541	1	1	1	1	1	1	66.4738	71.2438	68.8552	77.5435	81.9972	43.0547	50.7811	110.585	108.658	119.417	108.096	104.688	118.827	
542	1	1	1	1	1	1	66.4255	71.1867	68.8438	77.5222	81.9787	42.9549	50.7609	110.515	108.612	119.219	108.073	104.636	118.781	
543	1	1	1	1	1	1	66.3762	71.1287	68.8325	77.5006	81.96	42.8526	50.7406	110.443	108.565	119.016	108.05	104.583	118.735	
544	1	1	1	1	1	1	66.326	71.0698	68.8212	77.4787	81.9412	42.7479	50.7201	110.37	108.517	118.809	108.027	104.529	118.688	
545	1	1	1	1	1	1	66.2748	71.0099	68.81	77.4566	81.9223	42.6406	50.6996	110.295	108.469	118.596	108.005	104.475	118.64	
546	1	1	1	1	1	1	65.5806	70.6079	68.2663	77.1321	82.0191	43.9713	50.9155	110.247	107.612	124.839	106.661	103.67	114.586	
547	1	1	1	1	1	1	65.8591	71.074	68.5081	77.1993	81.9028	43.3449	50.8314	110.289	108.142	120.715	107.366	104.033	117.209	
548	1	1	1	1	1	1	65.9871	70.9092	68.6698	77.2882	81.8631	42.8278	50.7	110.163	108.266	119.042	107.666	104.165	118.02	
549	1	1	1	1	1	1	66.0095	70.786	68.7271	77.3199	81.8349	42.4679	50.6284	110.038	108.258	118.212	107.784	104.185	118.269	
550	1	1	1	1	1	1	65.293	70.2934	68.1751	77.0015	81.9531	43.7285	50.8753	109.964	107.377	124.438	106.444	103.372	114.103	
551	1	1	1	1	1	1	65.5988	70.8163	68.4356	77.0794	81.8198	43.021	50.7546	109.992	107.913	120.12	107.182	103.746	116.843	
552	1	1	1	1	1	1	65.7392	70.6472	68.6124	77.1773	81.7783	42.4458	50.6142	109.85	108.045	118.288	107.519	103.894	117.729	
553	1	1	1	1	1	1	65.7664	70.5167	68.6785	77.2148	81.75	42.0372	50.5388	109.708	108.037	117.345	107.661	103.923	118.019	
554	1	1	1	1	1	1	64.982	69.9621	68.0807	76.8667	81.8792	43.4413	50.8116	109.631	107.123	123.838	106.267	103.071	113.642	
555	1	1	1	1	1	1	65.3172	70.5409	68.3658	76.9574	81.7363	42.6262	50.6724	109.657	107.664	119.395	107.01	103.442	116.465	
556	1	1	1	1	1	1	65.4683	70.3671	68.5574	77.0622	81.6925	42.0056	50.5251	109.5	107.803	117.428	107.375	103.602	117.42	
557	1	1	1	1	1	1	65.4996	70.2293	68.6328	77.1048	81.6639	41.5537	50.4468	109.342	107.795	116.372	107.54	103.64	117.751	
558	1	1	1	1	1	1	64.6389	69.6015	67.9847	76.723	81.8031	43.1331	50.7436	109.262	106.848	123.158	106.088	102.747	113.146	
559	1	1	1	1	1	1	65.0067	70.2439	68.2972	76.8282	81.6511	42.1897	50.5873	109.286	107.393	118.587	106.832	103.111	116.053	
560	1	1	1	1	1	1	65.1686	70.0666	68.5051	76.9405	81.605	41.5203	50.433	109.114	107.538	116.474	107.227	103.285	117.082	
561	1	1	1	1	1	1	64.34	69.253	67.9145	76.6029	81.767	42.9136	50.7457	109	106.604	122.943	105.832	102.424	112.531	
562	1	1	1	1	1	1	65.2028	70.5473	67.1542	76.5772	80.9146	40.7704	46.4158	108.354	106.324	117.048	105.496	102.278	114.766	
563	1	1	1	1	1	1	64.827	70.2776	67.761	76.6679	81.0667	41.0129	48.7639	108.641	107.085	115.232	106.689	102.951	116.308	
564	1	1	1	1	1	1	64.0325	69.1017	67.5142	76.3681	81.4708	42.6616	49.9573	108.644	106.279	122.147	105.49	102.124	111.947	
565	1	1	1	1	1	1	64.47	69.8603	68.0291	76.5481	81.4044	41.5565	50.0921	108.699	106.91	117.319	106.407	102.534	115.164	
566	1	1	1	1	1	1	64.6658	69.645	68.3516	76.7054	81.4125	40.7793	50.0911	108.501	107.094	114.936	106.93	102.747	116.407	
567	1	1	1	1	1	1	63.7229	68.6003	67.7371	76.338	81.6271	42.4055	50.5542	108.362	106.114	121.766	105.485	101.825	111.549	
568	1	1	1	1	1	1	64.7101	70.1013	66.9508	76.3156	80.7046	39.9637	45.991	107.699	105.781	115.541	105.079	101.677	113.909	
569	1	1	1	1	1	1	64.2924	69.8403	67.5778	76.4123	80.844	40.1252	48.3925	107.94	106.573	113.448	106.378	102.382	115.584	
570	1	1	1	1	1	1	63.3665	68.4148	67.2936	76.0679	81.2923	42.0971	49.6969	107.925	105.726	120.781	105.124	101.484	110.884	
571	1	1	1	1	1	1	63.8558	69.3342	67.8866	76.2889	81.2323	40.7176	49.848	107.978	106.372	115.71	106.064	101.885	114.276	
572	1	1	1	1	1	1	64.0633	69.1215	68.2634	76.4713	81.2551	39.8418	49.87	107.741	106.574	113.034	106.667	102.13	115.683	
573	1	1	1	1	1	1	63.7021	68.7763	66.4498	75.8548	80.6598	40.2509	46.0026	106.971	104.604	119.168	103.764	100.556	109.649	
574	1	1	1	1	1	1	63.4961	69.5728	67.1615	75.9845	80.6661	39.9437	48.2715	107.406	105.803	114.205	105.467	101.473	113.305	
575	1	1	1	1	1	1	63.7432	69.1962	67.8418	76.2361	80.9069	39.1627	48.9944	107.278	106.188	111.603	106.367	101.826	114.969	
576	1	1	1	1	1	1	62.6016	67.5044	67.3192	75.8168	81.2839	41.4815	49.9382	107.136	105.179	119.255	104.895	100.785	109.68	
577	1	1	1	1	1	1	63.1161	68.6766	67.8899	76.0514	81.1542	39.7282	49.8549	107.122	105.773	113.809	105.773	101.14	113.261	
578	1	1	1	1	1	1	64.1505	69.4565	67.0169	76.03	80.2752	37.1711	45.1865	106.284	105.052	109.322	105.087	100.964	113.908	
579	1	1	1	1	1	1	62.1827	67.4462	66.5234	75.4138	80.6428	40.8995	48.1433	106.381	104.462	117.871	104.22	100.273	108.803	
580	1	1	1	1	1	1	62.6903	68.5926	67.4033	75.7451	80.748	39.0091	48.9514	106.536	105.271	112.359	105.365	100.723	112.462	
581	1	1	1	1	1	1	61.7001	66.305	67.1791	75.511	81.2294	40.8903	49.8816	106.367	104.404	118.912	104.083	99.7916	107.352	
582	1	1	1	1	1	1	62.2495	67.978	67.7692	75.734	81.0194	39.0435	49.6936	106.313	105.073	112.69	105.15	100.223	111.598	
583	1	1	1	1	1	1	63.4372	68.9085	66.87	75.6995	80.0683	36.2697	44.8082	105.471	104.339	107.486	104.572	100.157	112.614	
584	1	1	1	1	1	1	61.3091	66.4708	66.3282	75.0544	80.4401	40.2884	47.8056	105.446	103.714	116.172	103.716	99.4182	107.124	
585	1	1	1	1	1	1	61.8287	67.9764	67.2764	75.4243	80.5573	37.9694	48.6312	105.564	104.541	110.208	104.931	99.8703	111.059	
586	1	1	1	1	1	1	60.674	65.2073	67.0601	75.176	81.0928	40.2602	49.6211	105.323	103.634	117.044	103.606	98.8738	105.457	
587	1	1	1	1	1	1	63.7743	67.7207	68.2064	76.2339	81.5615	39.623	46.7395	106.341	104.79	110.921	105.075	100.395	110.338	
588	1	1	1	1	1	1	62.674	67.5038	68.1869	76.067	81.052	37.6501	48.0097	105.495	104.936	106.495	105.855	100.505	112.153	
589	1	1	1	1	1	1	61.7899	65.8048	65.9178	74.9632	80.1065	38.6343	44.4186	104.431	102.447	113.079	102.498	98.4353	104.55	
590	1	1	1	1	1	1	61.3626	67.8764	66.6419	75.048	80.0299	36.6288	46.9437	104.662	103.591	106.78	104.32	99.1733	108.81	
591	1	1	1	1	1	1	59.9472	64.0346	66.5741	74.7025	80.6695	39.68	48.606	104.313	102.661	114.219	103.069	98.0262	102.673	
592	1	1	1	1	1	1	60.4336	66.7725	67.443	75.0175	80.6084	36.5657	48.7461	104.154	103.342	107.08	104.247	98.3586	107.594	
593	1	1	1	1	1	1	61.7618	63.1643	67.7162	75.5483	81.7889	41.0733	46.9631	104.995	102.783	114.601	103.18	98.4128	101.201	
594	1	1	1	1	1	1	60.9604	66.2265	67.7874	75.3623	80.9848	37.3185	47.8577	104.343	103.279	106.648	104.131	98.4997	106.02	
595	1	1	1	1	1	1	61.951	67.614	66.7079	75.0885	79.7216	33.2891	43.3849	103.195	102.302	99.6089	103.786	98.3337	107.648	
596	1	1	1	1	1	1	59.1064	63.0272	65.9994	74.1285	79.9622	38.8814	46.6523	102.592	101.329	109.109	102.781	97.1072	100.211	
597	1	1	1	1	1	1	59.3881	66.3967	67.1249	74.5363	80.1987	34.401	47.7435	102.431	102.073	101.234	104.054	97.3793	105.066	
598	1	1	1	1	1	1	60.5894	61.4211	67.4846	74.9943	81.4617	40.2859	46.0723	103.244	101.311	109.679	102.965	97.2829	97.23	
599	1	1	1	1	1	1	59.6893	65.5374	67.7896	74.9003	80.8819	35.0905	47.4214	102.508	101.838	100.652	103.97	97.2901	102.375	
600	1	1	1	1	1	1	58.4572	66.7816	65.5839	73.8425	79.3271	36.8769	42.3689	102.915	101.127	109.013	82.0376	96.5291	103.256	
601	1	1	1	1	1	1	58.0467	66.9348	66.3139	73.7495	79.5886	34.1025	46.3795	102.297	101.849	100.436	93.1866	96.4866	105.148	
602	1	1	1	1	1	1	59.4182	61.0673	66.8446	74.2413	80.8359	39.8962	44.9313	102.694	100.589	108.186	96.5064	95.8633	95.869	
603	1	1	1	1	1	1	58.6184	65.4069	67.7663	74.5331	80.7885	34.2773	46.9546	101.562	100.946	98.1191	99.8611	95.6412	100.352	
604	1	1	1	1	1	1	54.5676	64.8719	67.2681	74.3887	80.9064	38.947	46.5631	79.7303	100.935	105.087	102.216	93.9612	102.367	
605	1	1	1	1	1	1	57.2237	66.7742	66.2635	73.3609	79.2753	30.2767	43.2017	87.0137	99.4531	92.0678	102.639	93.5771	102.889	
606	1	1	1	1	1	1	57.6523	59.7948	66.8311	73.6364	80.3991	38.584	43.2711	90.8702	98.1847	101.083	102.245	93.1202	91.7004	
607	1	1	1	1	1	1	54.6474	63.7017	66.8088	73.0883	79.7391	38.8032	43.6437	93.4011	98.9501	105.73	82.0745	92.082	94.8756	
608	1	1	1	1	1	1	53.9466	64.7502	67.0754	74.642	81.3946	30.4238	46.7097	94.7712	99.2195	92.4055	91.2007	92.0623	95.8652	
609	1	1	1	1	1	1	53.3728	64.2412	66.3952	72.6512	79.948	36.6682	45.7447	92.8627	89.8894	99.0306	95.5201	89.4292	94.853	
610	1	1	1	1	1	1	56.4832	65.7614	68.1951	74.1341	81.5096	30.306	44.4546	93.9722	93.0581	86.6967	99.0903	89.995	95.5045	
611	1	1	1	1	1	1	54.0413	66.1685	66.8263	72.2671	78.929	34.8907	37.6373	93.6876	93.2268	94.6503	75.4846	87.3242	92.9602	
612	1	1	1	1	1	1	52.5319	67.2578	67.6722	71.9794	79.3523	27.6183	44.1939	90.1025	94.8786	81.3108	86.8836	85.7995	92.6701	
613	1	1	1	1	1	1	50.1093	66.0749	67.9116	70.8955	79.2601	33.5419	43.4896	86.8646	87.2591	87.7526	89.351	83.6995	89.1168	
614	1	1	1	1	1	1	52.2974	67.0271	68.662	72.621	80.435	38.0738	36.7275	87.7091	92.2665	92.7105	68.7035	83.0882	87.625	
615	1	1	1	1	1	1	50.8211	67.3671	69.3751	72.1613	80.1169	26.1414	43.8099	81.1677	94.3433	75.7321	78.3342	81.9508	86.2875	
616	1	1	1	1	1	1	50.5614	66.9816	68.4357	67.117	75.2739	31.9589	39.0993	77.0245	86.3311	81.8455	73.4769	80.0522	83.276	
617	1	1	1	1	1	1	47.6367	68.0423	69.3385	67.1643	75.8704	33.036	41.168	72.2752	86.5638	81.767	73.0605	79.8692	82.6273	
618	1	1	1	1	1	1	50.6725	65.1026	66.6379	68.0383	74.2492	36.0286	41.7946	72.3762	87.1344	83.0609	71.1448	76.8687	79.0153	
619	1	1	1	1	1	1	51.4262	67.3788	67.5754	67.0036	74.8413	38.2649	40.0852	71.6263	86.6696	84.1356	67.3154	77.3967	80.3531	
620	1	1	1	1	1	1	50.625	61.0385	69.2117	66.6877	74.7776	39.4047	38.8075	69.8182	86.4567	84.2476	64.7452	78.5483	74.2139	
621	1	1	1	1	1	1	46.8905	62.6223	70.5566	65.9147	75.9399	36.6626	41.9532	65.9114	85.8679	81.4084	66.2646	79.7001	75.3679	
622	1	1	1	1	1	1	47.9831	64.2069	69.7751	63.839	71.8149	34.2894	38.256	65.8167	83.4406	78.3208	61.458	78.316	75.8846	
623	1	1	1	1	1	1	44.4356	64.5829	71.5208	63.4344	73.3791	32.4983	40.8206	62.0709	83.0223	76.4455	63.0341	79.8619	75.9498	
624	1	1	1	1	1	1	46.2861	64.1394	72.9408	62.3394	74.4664	33.4434	38.7979	63.2467	82.1406	76.9181	60.3694	80.9193	75.001	
625	1	1	1	1	1	1	45.7395	61.3967	72.7445	62.1118	73.0847	33.1687	38.9086	62.1532	81.3291	76.2361	59.9603	80.5663	72.2486	
626	1	1	1	1	1	1	41.8358	60.6221	76.9751	60.9476	74.8862	28.9867	38.4413	57.9532	80.3349	71.9917	58.8251	84.2894	70.988	
627	1	1	1	1	1	1	43.8565	59.2115	71.1549	66.056	73.5311	27.9068	37.886	59.0147	86.8331	70.6612	57.6434	76.0856	69.3343	
628	1	1	1	1	1	1	41.4401	57.5642	75.4695	59.4334	69.6978	23.8982	31.5199	56.2051	78.5245	66.3295	50.975	82.1876	67.054	
629	1	1	1	1	1	1	40.9861	55.0176	73.2949	62.5111	69.1294	22.7589	30.8183	54.8665	83.2533	64.7926	49.7803	77.6398	64.2852	
630	1	1	1	1	1	1	39.8088	51.5464	79.1371	59.0671	70.559	20.5687	28.319	53.3675	78.0856	62.2452	47.0807	85.0255	60.5033	
631	1	1	1	1	1	1	39.4673	46.9392	78.1496	60.9008	70.0173	18.0895	25.9117	52.2771	81.5507	59.5123	44.1339	82.0688	55.6715	
632	1	1	1	1	1	1	38.9834	41.2033	78.7319	60.6082	69.5454	15.7426	23.2601	51.3161	81.1857	56.9221	41.1302	82.4906	49.7563	
633	1	1	1	1	1	1	38.1165	32.8951	80.7421	58.8829	69.1008	13.6167	19.8699	49.9478	78.9983	54.4552	37.1168	84.3792	40.9169	
634	1	1	1	1	1	1	37.2938	26.1675	78.7126	58.7811	66.2321	12.2175	17.3315	48.5838	79.0763	52.6004	34.3334	82.2602	34.1577	