
1	129.089
2	129.09
3	129.089
4	129.089
5	129.089
6	129.088
7	129.088
8	129.088
9	129.087
10	129.087
11	129.087
12	129.086
13	129.086
14	129.086
15	129.085
16	129.085
17	129.085
18	129.084
19	129.084
20	129.084
21	129.083
22	129.083
23	129.082
24	129.082
25	129.082
26	129.081
27	129.081
28	129.081
29	129.08
30	129.08
31	129.079
32	129.079
33	129.078
34	129.078
35	129.078
36	129.077
37	129.077
38	129.076
39	129.076
40	129.075
41	129.075
42	129.074
43	129.074
44	129.074
45	129.073
46	129.073
47	129.072
48	129.072
49	129.071
50	129.071
51	129.07
52	129.07
53	129.069
54	129.069
55	129.068
56	129.068
57	129.067
58	129.066
59	129.066
60	129.065
61	129.065
62	129.064
63	129.064
64	129.063
65	129.063
66	129.062
67	129.061
68	129.061
69	129.06
70	129.06
71	129.059
72	129.058
73	129.058
74	129.057
75	129.056
76	129.056
77	129.055
78	129.054
79	129.054
80	129.053
81	129.052
82	129.052
83	129.051
84	129.05
85	129.05
86	129.049
87	129.048
88	129.047
89	129.047
90	129.046
91	129.045
92	129.044
93	129.044
94	129.043
95	129.042
96	129.041
97	129.04
98	129.04
99	129.039
100	129.038
101	129.037
102	129.036
103	129.035
104	129.035
105	129.034
106	129.033
107	129.032
108	129.031
109	129.03
110	129.029
111	129.028
112	129.027
113	129.026
114	129.025
115	129.025
116	129.024
117	129.023
118	129.022
119	129.021
120	129.02
121	129.019
122	129.018
123	129.016
124	129.015
125	129.014
126	129.013
127	129.012
128	129.011
129	129.01
130	129.009
131	129.008
132	129.007
133	129.005
134	129.004
135	129.003
136	129.002
137	129.001
138	128.999
139	128.998
140	128.997
141	128.996
142	128.994
143	128.993
144	128.992
145	128.991
146	128.989
147	128.988
148	128.987
149	128.985
150	128.984
151	128.982
152	128.981
153	128.98
154	128.978
155	128.977
156	128.975
157	128.974
158	128.972
159	128.971
160	128.969
161	128.968
162	128.966
163	128.965
164	128.963
165	128.961
166	128.96
167	128.958
168	128.957
169	128.955
170	128.953
171	128.952
172	128.95
173	128.948
174	128.946
175	128.945
176	128.943
177	128.941
178	128.939
179	128.937
180	128.935
181	128.934
182	128.932
183	128.93
184	128.928
185	128.926
186	128.924
187	128.922
188	128.92
189	128.918
190	128.916
191	128.914
192	128.911
193	128.909
194	128.907
195	128.905
196	128.903
197	128.901
198	128.898
199	128.896
200	128.894
201	128.891
202	128.889
203	128.887
204	128.884
205	128.882
206	128.88
207	128.877
208	128.875
209	128.872
210	128.87
211	128.867
212	128.864
213	128.862
214	128.859
215	128.856
216	128.854
217	128.851
218	128.848
219	128.846
220	128.843
221	128.84
222	128.837
223	128.834
224	128.831
225	128.828
226	128.825
227	128.822
228	128.819
229	128.816
230	128.813
231	128.81
232	128.807
233	128.803
234	128.8
235	128.797
236	128.794
237	128.79
238	128.787
239	128.783
240	128.78
241	128.776
242	128.773
243	128.769
244	128.766
245	128.762
246	128.758
247	128.755
248	128.751
249	128.747
250	128.743
251	128.74
252	128.736
253	128.732
254	128.728
255	128.724
256	128.72
257	128.715
258	128.711
259	128.707
260	128.703
261	128.698
262	128.694
263	128.69
264	128.685
265	128.681
266	128.676
267	128.672
268	128.667
269	128.662
270	128.658
271	128.653
272	128.648
273	128.643
274	128.638
275	128.633
276	128.628
277	128.623
278	128.618
279	128.613
280	128.608
281	128.602
282	128.597
283	128.592
284	128.586
285	128.581
286	128.575
287	128.569
288	128.564
289	128.558
290	128.552
291	128.546
292	128.54
293	128.534
294	128.528
295	128.522
296	128.516
297	128.51
298	128.503
299	128.497
300	128.49
301	128.484
302	128.477
303	128.471
304	128.464
305	128.457
306	128.45
307	128.443
308	128.436
309	128.429
310	128.422
311	128.414
312	128.407
313	128.4
314	128.392
315	128.385
316	128.377
317	128.369
318	128.361
319	128.353
320	128.345
321	128.337
322	128.329
323	128.321
324	128.312
325	128.304
326	128.295
327	128.287
328	128.278
329	128.269
330	128.26
331	128.251
332	128.242
333	128.233
334	128.224
335	128.214
336	128.205
337	128.195
338	128.185
339	128.176
340	128.166
341	128.156
342	128.145
343	128.135
344	128.125
345	128.114
346	128.104
347	128.093
348	128.082
349	128.071
350	128.06
351	128.049
352	128.037
353	128.026
354	128.014
355	128.003
356	127.991
357	127.979
358	127.967
359	127.954
360	127.942
361	127.929
362	127.917
363	127.904
364	127.891
365	127.878
366	127.865
367	127.851
368	127.838
369	127.824
370	127.81
371	127.796
372	127.782
373	127.768
374	127.753
375	127.739
376	127.724
377	127.709
378	127.694
379	127.678
380	127.663
381	127.647
382	127.631
383	127.615
384	127.599
385	127.583
386	127.566
387	127.549
388	127.532
389	127.515
390	127.498
391	127.48
392	127.462
393	127.444
394	127.426
395	127.408
396	127.389
397	127.37
398	127.351
399	127.332
400	127.312
401	127.293
402	127.273
403	127.253
404	127.232
405	127.211
406	127.191
407	127.169
408	127.148
409	127.126
410	127.104
411	127.082
412	127.06
413	127.037
414	127.014
415	126.991
416	126.967
417	126.943
418	126.919
419	126.895
420	126.87
421	126.845
422	126.82
423	126.794
424	126.768
425	126.742
426	126.715
427	126.688
428	126.661
429	126.634
430	126.606
431	126.577
432	126.549
433	126.52
434	126.491
435	126.461
436	126.431
437	126.4
438	126.37
439	126.338
440	126.307
441	126.275
442	126.242
443	126.21
444	126.176
445	126.143
446	126.109
447	126.074
448	126.039
449	126.004
450	125.968
451	125.931
452	125.895
453	125.857
454	125.82
455	125.781
456	125.743
457	125.703
458	125.663
459	125.623
460	125.582
461	125.541
462	125.499
463	125.456
464	125.413
465	125.37
466	125.325
467	125.281
468	125.235
469	125.189
470	125.142
471	125.095
472	125.047
473	124.998
474	124.949
475	124.899
476	124.848
477	124.797
478	124.745
479	124.692
480	124.638
481	124.584
482	124.529
483	124.473
484	124.416
485	124.359
486	124.3
487	124.241
488	124.181
489	124.12
490	124.058
491	123.995
492	123.932
493	124.057
494	123.99
495	123.924
496	123.856
497	123.787
498	123.717
499	123.646
500	123.574
501	123.501
502	123.427
503	123.351
504	123.275
505	123.197
506	123.118
507	123.038
508	122.957
509	122.874
510	122.79
511	122.704
512	122.618
513	122.529
514	122.44
515	122.349
516	122.256
517	122.162
518	122.066
519	121.969
520	121.87
521	121.769
522	121.667
523	121.563
524	121.457
525	121.35
526	121.24
527	121.128
528	121.015
529	120.9
530	120.782
531	120.662
532	120.54
533	120.416
534	120.29
535	120.161
536	120.03
537	119.897
538	119.76
539	119.622
540	119.48
541	119.336
542	119.189
543	119.039
544	118.886
545	118.73
546	118.511
547	118.46
548	118.311
549	118.126
550	117.866
551	117.797
552	117.632
553	117.427
554	117.148
555	117.066
556	116.886
557	116.662
558	116.364
559	116.266
560	116.068
561	115.97
562	120.683
563	117.48
564	116.026
565	115.409
566	114.952
567	115.023
568	119.636
569	116.3
570	114.71
571	113.982
572	113.729
573	118.557
574	115.177
575	113.588
576	112.513
577	112.713
578	117.483
579	113.751
580	112.067
581	110.875
582	111.46
583	116.007
584	112.102
585	110.249
586	109.137
587	115.068
588	111.424
589	115.055
590	110.651
591	108.087
592	107.754
593	112.468
594	109.302
595	112.481
596	107.384
597	106.33
598	109.957
599	105.36
600	108.695
601	104.677
602	108.136
603	102.282
604	100.762
605	102.235
606	104.13
607	99.284
608	100.348
609	97.5662
610	98.0625
611	96.1674
612	92.8944
613	92.3043
614	89.155
615	86.5978
616	86.5644
617	83.5123
618	83.7566
619	84.2549
620	85.2423
621	83.5184
622	81.0278
623	81.9226
624	80.7765
625	78.6502
626	76.3804
627	76.5304
628	77.5173
629	72.7207
630	74.4641
631	73.8102
632	75.9494
633	77.6609
634	87.4116