
1	1	1	1	1	1	60.7301	46.6069	41.5692	44.0197	53.7762	84.0715	93.8862	100.485	84.0616	81.4311	
2	1	1	1	1	1	60.7302	46.6093	41.5681	44.0195	53.7749	84.0705	93.8857	100.484	84.0606	81.4309	
3	1	1	1	1	1	60.73	46.6092	41.5679	44.0194	53.7749	84.0702	93.8855	100.483	84.0604	81.4308	
4	1	1	1	1	1	60.7298	46.609	41.5677	44.0193	53.7748	84.0699	93.8852	100.482	84.0602	81.4307	
5	1	1	1	1	1	60.7296	46.6088	41.5676	44.0192	53.7748	84.0696	93.885	100.482	84.06	81.4305	
6	1	1	1	1	1	60.7294	46.6086	41.5674	44.0192	53.7748	84.0693	93.8847	100.481	84.0598	81.4304	
7	1	1	1	1	1	60.7292	46.6084	41.5672	44.0191	53.7747	84.069	93.8845	100.48	84.0596	81.4303	
8	1	1	1	1	1	60.729	46.6082	41.567	44.019	53.7747	84.0687	93.8843	100.479	84.0594	81.4301	
9	1	1	1	1	1	60.7288	46.608	41.5668	44.0189	53.7746	84.0684	93.884	100.479	84.0591	81.43	
10	1	1	1	1	1	60.7285	46.6078	41.5666	44.0188	53.7746	84.068	93.8838	100.478	84.0589	81.4298	
11	1	1	1	1	1	60.7283	46.6076	41.5664	44.0187	53.7746	84.0677	93.8835	100.477	84.0587	81.4297	
12	1	1	1	1	1	60.7281	46.6074	41.5662	44.0187	53.7745	84.0674	93.8832	100.476	84.0585	81.4296	
13	1	1	1	1	1	60.7279	46.6072	41.566	44.0186	53.7745	84.0671	93.883	100.476	84.0582	81.4294	
14	1	1	1	1	1	60.7276	46.607	41.5658	44.0185	53.7744	84.0668	93.8827	100.475	84.058	81.4293	
15	1	1	1	1	1	60.7274	46.6068	41.5656	44.0184	53.7744	84.0664	93.8825	100.474	84.0578	81.4291	
16	1	1	1	1	1	60.7272	46.6065	41.5654	44.0183	53.7744	84.0661	93.8822	100.473	84.0576	81.429	
17	1	1	1	1	1	60.7269	46.6063	41.5652	44.0182	53.7743	84.0658	93.8819	100.473	84.0573	81.4288	
18	1	1	1	1	1	60.7267	46.6061	41.565	44.0181	53.7743	84.0654	93.8816	100.472	84.0571	81.4287	
19	1	1	1	1	1	60.7265	46.6059	41.5648	44.018	53.7742	84.0651	93.8814	100.471	84.0568	81.4285	
20	1	1	1	1	1	60.7262	46.6057	41.5646	44.0179	53.7742	84.0648	93.8811	100.47	84.0566	81.4284	
21	1	1	1	1	1	60.726	46.6054	41.5644	44.0178	53.7742	84.0644	93.8808	100.469	84.0563	81.4282	
22	1	1	1	1	1	60.7257	46.6052	41.5641	44.0177	53.7741	84.0641	93.8805	100.469	84.0561	81.4281	
23	1	1	1	1	1	60.7255	46.605	41.5639	44.0176	53.7741	84.0637	93.8802	100.468	84.0559	81.4279	
24	1	1	1	1	1	60.7252	46.6048	41.5637	44.0175	53.774	84.0633	93.88	100.467	84.0556	81.4278	
25	1	1	1	1	1	60.725	46.6045	41.5635	44.0174	53.774	84.063	93.8797	100.466	84.0553	81.4276	
26	1	1	1	1	1	60.7247	46.6043	41.5632	44.0173	53.7739	84.0626	93.8794	100.465	84.0551	81.4274	
27	1	1	1	1	1	60.7244	46.604	41.563	44.0172	53.7739	84.0622	93.8791	100.464	84.0548	81.4273	
28	1	1	1	1	1	60.7242	46.6038	41.5628	44.0171	53.7738	84.0619	93.8788	100.463	84.0546	81.4271	
29	1	1	1	1	1	60.7239	46.6036	41.5626	44.017	53.7738	84.0615	93.8785	100.462	84.0543	81.4269	
30	1	1	1	1	1	60.7236	46.6033	41.5623	44.0169	53.7737	84.0611	93.8782	100.462	84.054	81.4268	
31	1	1	1	1	1	60.7234	46.6031	41.5621	44.0168	53.7737	84.0607	93.8778	100.461	84.0538	81.4266	
32	1	1	1	1	1	60.7231	46.6028	41.5618	44.0167	53.7736	84.0603	93.8775	100.46	84.0535	81.4264	
33	1	1	1	1	1	60.7228	46.6026	41.5616	44.0166	53.7736	84.0599	93.8772	100.459	84.0532	81.4263	
34	1	1	1	1	1	60.7225	46.6023	41.5613	44.0165	53.7736	84.0595	93.8769	100.458	84.0529	81.4261	
35	1	1	1	1	1	60.7223	46.6021	41.5611	44.0164	53.7735	84.0591	93.8766	100.457	84.0526	81.4259	
36	1	1	1	1	1	60.722	46.6018	41.5608	44.0163	53.7735	84.0587	93.8762	100.456	84.0524	81.4257	
37	1	1	1	1	1	60.7217	46.6015	41.5606	44.0162	53.7734	84.0583	93.8759	100.455	84.0521	81.4255	
38	1	1	1	1	1	60.7214	46.6013	41.5603	44.016	53.7733	84.0579	93.8756	100.454	84.0518	81.4254	
39	1	1	1	1	1	60.7211	46.601	41.5601	44.0159	53.7733	84.0575	93.8752	100.453	84.0515	81.4252	
40	1	1	1	1	1	60.7208	46.6007	41.5598	44.0158	53.7732	84.0571	93.8749	100.452	84.0512	81.425	
41	1	1	1	1	1	60.7205	46.6004	41.5596	44.0157	53.7732	84.0567	93.8746	100.451	84.0509	81.4248	
42	1	1	1	1	1	60.7202	46.6002	41.5593	44.0156	53.7731	84.0562	93.8742	100.45	84.0506	81.4246	
43	1	1	1	1	1	60.7199	46.5999	41.559	44.0155	53.7731	84.0558	93.8739	100.449	84.0503	81.4244	
44	1	1	1	1	1	60.7196	46.5996	41.5587	44.0153	53.773	84.0554	93.8735	100.448	84.05	81.4242	
45	1	1	1	1	1	60.7193	46.5993	41.5585	44.0152	53.773	84.0549	93.8731	100.447	84.0496	81.424	
46	1	1	1	1	1	60.7189	46.599	41.5582	44.0151	53.7729	84.0545	93.8728	100.446	84.0493	81.4238	
47	1	1	1	1	1	60.7186	46.5987	41.5579	44.015	53.7729	84.054	93.8724	100.445	84.049	81.4236	
48	1	1	1	1	1	60.7183	46.5984	41.5576	44.0149	53.7728	84.0536	93.872	100.444	84.0487	81.4234	
49	1	1	1	1	1	60.718	46.5981	41.5573	44.0147	53.7727	84.0531	93.8717	100.443	84.0484	81.4232	
50	1	1	1	1	1	60.7176	46.5978	41.5571	44.0146	53.7727	84.0526	93.8713	100.442	84.048	81.423	
51	1	1	1	1	1	60.7173	46.5975	41.5568	44.0145	53.7726	84.0522	93.8709	100.441	84.0477	81.4228	
52	1	1	1	1	1	60.717	46.5972	41.5565	44.0143	53.7726	84.0517	93.8705	100.439	84.0474	81.4226	
53	1	1	1	1	1	60.7166	46.5969	41.5562	44.0142	53.7725	84.0512	93.8701	100.438	84.047	81.4224	
54	1	1	1	1	1	60.7163	46.5966	41.5559	44.0141	53.7724	84.0507	93.8698	100.437	84.0467	81.4222	
55	1	1	1	1	1	60.7159	46.5963	41.5556	44.0139	53.7724	84.0502	93.8694	100.436	84.0463	81.4219	
56	1	1	1	1	1	60.7156	46.596	41.5553	44.0138	53.7723	84.0497	93.869	100.435	84.046	81.4217	
57	1	1	1	1	1	60.7152	46.5956	41.5549	44.0137	53.7723	84.0492	93.8686	100.434	84.0456	81.4215	
58	1	1	1	1	1	60.7149	46.5953	41.5546	44.0135	53.7722	84.0487	93.8681	100.432	84.0453	81.4213	
59	1	1	1	1	1	60.7145	46.595	41.5543	44.0134	53.7721	84.0482	93.8677	100.431	84.0449	81.4211	
60	1	1	1	1	1	60.7142	46.5947	41.554	44.0132	53.7721	84.0477	93.8673	100.43	84.0446	81.4208	
61	1	1	1	1	1	60.7138	46.5943	41.5537	44.0131	53.772	84.0472	93.8669	100.429	84.0442	81.4206	
62	1	1	1	1	1	60.7134	46.594	41.5533	44.013	53.7719	84.0466	93.8665	100.428	84.0438	81.4204	
63	1	1	1	1	1	60.713	46.5936	41.553	44.0128	53.7719	84.0461	93.866	100.426	84.0434	81.4201	
64	1	1	1	1	1	60.7127	46.5933	41.5527	44.0127	53.7718	84.0456	93.8656	100.425	84.0431	81.4199	
65	1	1	1	1	1	60.7123	46.5929	41.5524	44.0125	53.7717	84.045	93.8652	100.424	84.0427	81.4196	
66	1	1	1	1	1	60.7119	46.5926	41.552	44.0124	53.7717	84.0445	93.8647	100.422	84.0423	81.4194	
67	1	1	1	1	1	60.7115	46.5922	41.5517	44.0122	53.7716	84.0439	93.8643	100.421	84.0419	81.4192	
68	1	1	1	1	1	60.7111	46.5919	41.5513	44.0121	53.7715	84.0434	93.8638	100.42	84.0415	81.4189	
69	1	1	1	1	1	60.7107	46.5915	41.551	44.0119	53.7715	84.0428	93.8634	100.418	84.0411	81.4187	
70	1	1	1	1	1	60.7103	46.5911	41.5506	44.0118	53.7714	84.0422	93.8629	100.417	84.0407	81.4184	
71	1	1	1	1	1	60.7099	46.5908	41.5503	44.0116	53.7713	84.0417	93.8624	100.416	84.0403	81.4181	
72	1	1	1	1	1	60.7095	46.5904	41.5499	44.0114	53.7712	84.0411	93.862	100.414	84.0399	81.4179	
73	1	1	1	1	1	60.7091	46.59	41.5495	44.0113	53.7712	84.0405	93.8615	100.413	84.0395	81.4176	
74	1	1	1	1	1	60.7087	46.5896	41.5492	44.0111	53.7711	84.0399	93.861	100.412	84.0391	81.4174	
75	1	1	1	1	1	60.7082	46.5892	41.5488	44.0109	53.771	84.0393	93.8605	100.41	84.0386	81.4171	
76	1	1	1	1	1	60.7078	46.5888	41.5484	44.0108	53.7709	84.0387	93.86	100.409	84.0382	81.4168	
77	1	1	1	1	1	60.7074	46.5884	41.548	44.0106	53.7709	84.0381	93.8595	100.407	84.0378	81.4166	
78	1	1	1	1	1	60.7069	46.588	41.5477	44.0104	53.7708	84.0375	93.859	100.406	84.0373	81.4163	
79	1	1	1	1	1	60.7065	46.5876	41.5473	44.0103	53.7707	84.0368	93.8585	100.404	84.0369	81.416	
80	1	1	1	1	1	60.706	46.5872	41.5469	44.0101	53.7706	84.0362	93.858	100.403	84.0364	81.4157	
81	1	1	1	1	1	60.7056	46.5868	41.5465	44.0099	53.7706	84.0356	93.8575	100.401	84.036	81.4154	
82	1	1	1	1	1	60.7051	46.5864	41.5461	44.0097	53.7705	84.0349	93.857	100.4	84.0355	81.4152	
83	1	1	1	1	1	60.7047	46.586	41.5457	44.0096	53.7704	84.0343	93.8565	100.398	84.0351	81.4149	
84	1	1	1	1	1	60.7042	46.5856	41.5453	44.0094	53.7703	84.0336	93.8559	100.397	84.0346	81.4146	
85	1	1	1	1	1	60.7037	46.5851	41.5449	44.0092	53.7702	84.0329	93.8554	100.395	84.0341	81.4143	
86	1	1	1	1	1	60.7033	46.5847	41.5444	44.009	53.7701	84.0323	93.8549	100.394	84.0337	81.414	
87	1	1	1	1	1	60.7028	46.5843	41.544	44.0088	53.7701	84.0316	93.8543	100.392	84.0332	81.4137	
88	1	1	1	1	1	60.7023	46.5838	41.5436	44.0086	53.77	84.0309	93.8538	100.39	84.0327	81.4134	
89	1	1	1	1	1	60.7018	46.5834	41.5432	44.0085	53.7699	84.0302	93.8532	100.389	84.0322	81.4131	
90	1	1	1	1	1	60.7013	46.5829	41.5427	44.0083	53.7698	84.0295	93.8526	100.387	84.0317	81.4128	
91	1	1	1	1	1	60.7008	46.5825	41.5423	44.0081	53.7697	84.0288	93.8521	100.386	84.0312	81.4124	
92	1	1	1	1	1	60.7003	46.582	41.5419	44.0079	53.7696	84.0281	93.8515	100.384	84.0307	81.4121	
93	1	1	1	1	1	60.6998	46.5815	41.5414	44.0077	53.7695	84.0274	93.8509	100.382	84.0302	81.4118	
94	1	1	1	1	1	60.6993	46.5811	41.541	44.0075	53.7694	84.0266	93.8503	100.38	84.0297	81.4115	
95	1	1	1	1	1	60.6988	46.5806	41.5405	44.0073	53.7693	84.0259	93.8497	100.379	84.0292	81.4112	
96	1	1	1	1	1	60.6983	46.5801	41.54	44.0071	53.7692	84.0252	93.8491	100.377	84.0287	81.4108	
97	1	1	1	1	1	60.6977	46.5796	41.5396	44.0069	53.7692	84.0244	93.8485	100.375	84.0281	81.4105	
98	1	1	1	1	1	60.6972	46.5791	41.5391	44.0067	53.7691	84.0237	93.8479	100.373	84.0276	81.4102	
99	1	1	1	1	1	60.6966	46.5786	41.5386	44.0065	53.769	84.0229	93.8473	100.372	84.0271	81.4098	
100	1	1	1	1	1	60.6961	46.5781	41.5382	44.0062	53.7689	84.0221	93.8467	100.37	84.0265	81.4095	
101	1	1	1	1	1	60.6956	46.5776	41.5377	44.006	53.7688	84.0213	93.846	100.368	84.026	81.4091	
102	1	1	1	1	1	60.695	46.5771	41.5372	44.0058	53.7687	84.0205	93.8454	100.366	84.0254	81.4088	
103	1	1	1	1	1	60.6944	46.5766	41.5367	44.0056	53.7686	84.0197	93.8447	100.364	84.0248	81.4084	
104	1	1	1	1	1	60.6939	46.5761	41.5362	44.0054	53.7685	84.0189	93.8441	100.362	84.0243	81.4081	
105	1	1	1	1	1	60.6933	46.5756	41.5357	44.0052	53.7684	84.0181	93.8434	100.36	84.0237	81.4077	
106	1	1	1	1	1	60.6927	46.575	41.5352	44.0049	53.7683	84.0173	93.8428	100.358	84.0231	81.4073	
107	1	1	1	1	1	60.6921	46.5745	41.5347	44.0047	53.7682	84.0165	93.8421	100.356	84.0225	81.407	
108	1	1	1	1	1	60.6915	46.5739	41.5341	44.0045	53.768	84.0156	93.8414	100.354	84.0219	81.4066	
109	1	1	1	1	1	60.6909	46.5734	41.5336	44.0042	53.7679	84.0148	93.8407	100.352	84.0213	81.4062	
110	1	1	1	1	1	60.6903	46.5728	41.5331	44.004	53.7678	84.0139	93.84	100.35	84.0207	81.4059	
111	1	1	1	1	1	60.6897	46.5723	41.5326	44.0038	53.7677	84.0131	93.8393	100.348	84.0201	81.4055	
112	1	1	1	1	1	60.6891	46.5717	41.532	44.0035	53.7676	84.0122	93.8386	100.346	84.0195	81.4051	
113	1	1	1	1	1	60.6885	46.5712	41.5315	44.0033	53.7675	84.0113	93.8379	100.344	84.0189	81.4047	
114	1	1	1	1	1	60.6878	46.5706	41.5309	44.003	53.7674	84.0104	93.8372	100.342	84.0183	81.4043	
115	1	1	1	1	1	60.6872	46.57	41.5304	44.0028	53.7673	84.0095	93.8365	100.34	84.0176	81.4039	
116	1	1	1	1	1	60.6866	46.5694	41.5298	44.0025	53.7672	84.0086	93.8357	100.338	84.017	81.4035	
117	1	1	1	1	1	60.6859	46.5688	41.5292	44.0023	53.767	84.0077	93.835	100.336	84.0163	81.4031	
118	1	1	1	1	1	60.6853	46.5682	41.5286	44.002	53.7669	84.0068	93.8343	100.334	84.0157	81.4027	
119	1	1	1	1	1	60.6846	46.5676	41.5281	44.0018	53.7668	84.0058	93.8335	100.331	84.015	81.4023	
120	1	1	1	1	1	60.6839	46.567	41.5275	44.0015	53.7667	84.0049	93.8327	100.329	84.0143	81.4018	
121	1	1	1	1	1	60.6832	46.5664	41.5269	44.0013	53.7666	84.0039	93.832	100.327	84.0137	81.4014	
122	1	1	1	1	1	60.6826	46.5657	41.5263	44.001	53.7664	84.0029	93.8312	100.325	84.013	81.401	
123	1	1	1	1	1	60.6819	46.5651	41.5257	44.0007	53.7663	84.002	93.8304	100.322	84.0123	81.4005	
124	1	1	1	1	1	60.6812	46.5645	41.5251	44.0005	53.7662	84.001	93.8296	100.32	84.0116	81.4001	
125	1	1	1	1	1	60.6805	46.5638	41.5245	44.0002	53.7661	84	93.8288	100.318	84.0109	81.3997	
126	1	1	1	1	1	60.6798	46.5632	41.5238	43.9999	53.7659	83.999	93.828	100.315	84.0102	81.3992	
127	1	1	1	1	1	60.679	46.5625	41.5232	43.9996	53.7658	83.9979	93.8271	100.313	84.0095	81.3988	
128	1	1	1	1	1	60.6783	46.5618	41.5226	43.9994	53.7657	83.9969	93.8263	100.31	84.0087	81.3983	
129	1	1	1	1	1	60.6776	46.5612	41.5219	43.9991	53.7656	83.9959	93.8255	100.308	84.008	81.3979	
130	1	1	1	1	1	60.6768	46.5605	41.5213	43.9988	53.7654	83.9948	93.8246	100.305	84.0073	81.3974	
131	1	1	1	1	1	60.6761	46.5598	41.5206	43.9985	53.7653	83.9938	93.8238	100.303	84.0065	81.3969	
132	1	1	1	1	1	60.6753	46.5591	41.52	43.9982	53.7652	83.9927	93.8229	100.3	84.0057	81.3964	
133	1	1	1	1	1	60.6746	46.5584	41.5193	43.9979	53.765	83.9916	93.822	100.298	84.005	81.396	
134	1	1	1	1	1	60.6738	46.5577	41.5186	43.9976	53.7649	83.9905	93.8211	100.295	84.0042	81.3955	
135	1	1	1	1	1	60.673	46.557	41.5179	43.9973	53.7647	83.9894	93.8203	100.293	84.0034	81.395	
136	1	1	1	1	1	60.6722	46.5563	41.5172	43.997	53.7646	83.9883	93.8194	100.29	84.0026	81.3945	
137	1	1	1	1	1	60.6714	46.5555	41.5165	43.9967	53.7645	83.9872	93.8184	100.287	84.0018	81.394	
138	1	1	1	1	1	60.6706	46.5548	41.5158	43.9964	53.7643	83.986	93.8175	100.285	84.001	81.3935	
139	1	1	1	1	1	60.6698	46.554	41.5151	43.9961	53.7642	83.9849	93.8166	100.282	84.0002	81.393	
140	1	1	1	1	1	60.669	46.5533	41.5144	43.9958	53.764	83.9837	93.8157	100.279	83.9994	81.3925	
141	1	1	1	1	1	60.6681	46.5525	41.5137	43.9954	53.7639	83.9825	93.8147	100.276	83.9986	81.3919	
142	1	1	1	1	1	60.6673	46.5518	41.5129	43.9951	53.7637	83.9814	93.8137	100.274	83.9977	81.3914	
143	1	1	1	1	1	60.6665	46.551	41.5122	43.9948	53.7636	83.9802	93.8128	100.271	83.9969	81.3909	
144	1	1	1	1	1	60.6656	46.5502	41.5114	43.9945	53.7634	83.9789	93.8118	100.268	83.996	81.3903	
145	1	1	1	1	1	60.6647	46.5494	41.5107	43.9941	53.7633	83.9777	93.8108	100.265	83.9952	81.3898	
146	1	1	1	1	1	60.6639	46.5486	41.5099	43.9938	53.7631	83.9765	93.8098	100.262	83.9943	81.3893	
147	1	1	1	1	1	60.663	46.5478	41.5092	43.9934	53.7629	83.9752	93.8088	100.259	83.9934	81.3887	
148	1	1	1	1	1	60.6621	46.547	41.5084	43.9931	53.7628	83.974	93.8078	100.256	83.9925	81.3881	
149	1	1	1	1	1	60.6612	46.5462	41.5076	43.9927	53.7626	83.9727	93.8068	100.253	83.9916	81.3876	
150	1	1	1	1	1	60.6603	46.5453	41.5068	43.9924	53.7624	83.9714	93.8057	100.25	83.9907	81.387	
151	1	1	1	1	1	60.6594	46.5445	41.506	43.992	53.7623	83.9701	93.8047	100.247	83.9898	81.3864	
152	1	1	1	1	1	60.6584	46.5436	41.5052	43.9917	53.7621	83.9688	93.8036	100.244	83.9889	81.3858	
153	1	1	1	1	1	60.6575	46.5428	41.5044	43.9913	53.7619	83.9675	93.8025	100.241	83.9879	81.3853	
154	1	1	1	1	1	60.6566	46.5419	41.5035	43.991	53.7618	83.9661	93.8014	100.238	83.987	81.3847	
155	1	1	1	1	1	60.6556	46.541	41.5027	43.9906	53.7616	83.9648	93.8004	100.235	83.986	81.3841	
156	1	1	1	1	1	60.6546	46.5401	41.5018	43.9902	53.7614	83.9634	93.7992	100.231	83.9851	81.3835	
157	1	1	1	1	1	60.6536	46.5392	41.501	43.9898	53.7613	83.962	93.7981	100.228	83.9841	81.3828	
158	1	1	1	1	1	60.6527	46.5383	41.5001	43.9895	53.7611	83.9606	93.797	100.225	83.9831	81.3822	
159	1	1	1	1	1	60.6517	46.5374	41.4993	43.9891	53.7609	83.9592	93.7959	100.221	83.9821	81.3816	
160	1	1	1	1	1	60.6507	46.5365	41.4984	43.9887	53.7607	83.9578	93.7947	100.218	83.9811	81.381	
161	1	1	1	1	1	60.6496	46.5356	41.4975	43.9883	53.7605	83.9563	93.7935	100.215	83.9801	81.3803	
162	1	1	1	1	1	60.6486	46.5346	41.4966	43.9879	53.7603	83.9549	93.7924	100.211	83.979	81.3797	
163	1	1	1	1	1	60.6476	46.5337	41.4957	43.9875	53.7602	83.9534	93.7912	100.208	83.978	81.379	
164	1	1	1	1	1	60.6465	46.5327	41.4948	43.9871	53.76	83.9519	93.79	100.204	83.977	81.3784	
165	1	1	1	1	1	60.6455	46.5317	41.4938	43.9867	53.7598	83.9504	93.7888	100.201	83.9759	81.3777	
166	1	1	1	1	1	60.6444	46.5307	41.4929	43.9863	53.7596	83.9489	93.7875	100.197	83.9748	81.377	
167	1	1	1	1	1	60.6433	46.5297	41.4919	43.9859	53.7594	83.9474	93.7863	100.194	83.9737	81.3764	
168	1	1	1	1	1	60.6422	46.5287	41.491	43.9854	53.7592	83.9458	93.7851	100.19	83.9727	81.3757	
169	1	1	1	1	1	60.6411	46.5277	41.49	43.985	53.759	83.9443	93.7838	100.186	83.9715	81.375	
170	1	1	1	1	1	60.64	46.5267	41.489	43.9846	53.7588	83.9427	93.7825	100.182	83.9704	81.3743	
171	1	1	1	1	1	60.6389	46.5257	41.4881	43.9841	53.7586	83.9411	93.7812	100.179	83.9693	81.3736	
172	1	1	1	1	1	60.6377	46.5246	41.4871	43.9837	53.7584	83.9395	93.7799	100.175	83.9682	81.3729	
173	1	1	1	1	1	60.6366	46.5235	41.4861	43.9833	53.7582	83.9378	93.7786	100.171	83.967	81.3721	
174	1	1	1	1	1	60.6354	46.5225	41.485	43.9828	53.7579	83.9362	93.7773	100.167	83.9658	81.3714	
175	1	1	1	1	1	60.6342	46.5214	41.484	43.9824	53.7577	83.9345	93.7759	100.163	83.9647	81.3707	
176	1	1	1	1	1	60.633	46.5203	41.483	43.9819	53.7575	83.9328	93.7746	100.159	83.9635	81.3699	
177	1	1	1	1	1	60.6318	46.5192	41.4819	43.9814	53.7573	83.9311	93.7732	100.155	83.9623	81.3692	
178	1	1	1	1	1	60.6306	46.5181	41.4809	43.981	53.7571	83.9294	93.7718	100.151	83.9611	81.3684	
179	1	1	1	1	1	60.6294	46.517	41.4798	43.9805	53.7569	83.9277	93.7704	100.147	83.9598	81.3676	
180	1	1	1	1	1	60.6282	46.5158	41.4787	43.98	53.7566	83.9259	93.769	100.143	83.9586	81.3669	
181	1	1	1	1	1	60.6269	46.5147	41.4776	43.9795	53.7564	83.9242	93.7676	100.139	83.9574	81.3661	
182	1	1	1	1	1	60.6256	46.5135	41.4765	43.9791	53.7562	83.9224	93.7661	100.135	83.9561	81.3653	
183	1	1	1	1	1	60.6244	46.5123	41.4754	43.9786	53.7559	83.9206	93.7647	100.13	83.9548	81.3645	
184	1	1	1	1	1	60.6231	46.5112	41.4743	43.9781	53.7557	83.9187	93.7632	100.126	83.9535	81.3637	
185	1	1	1	1	1	60.6218	46.51	41.4731	43.9776	53.7555	83.9169	93.7617	100.122	83.9522	81.3629	
186	1	1	1	1	1	60.6205	46.5087	41.472	43.9771	53.7552	83.915	93.7602	100.117	83.9509	81.362	
187	1	1	1	1	1	60.6191	46.5075	41.4708	43.9766	53.755	83.9132	93.7587	100.113	83.9496	81.3612	
188	1	1	1	1	1	60.6178	46.5063	41.4697	43.976	53.7547	83.9112	93.7571	100.108	83.9482	81.3604	
189	1	1	1	1	1	60.6164	46.505	41.4685	43.9755	53.7545	83.9093	93.7556	100.104	83.9469	81.3595	
190	1	1	1	1	1	60.615	46.5038	41.4673	43.975	53.7542	83.9074	93.754	100.099	83.9455	81.3586	
191	1	1	1	1	1	60.6137	46.5025	41.4661	43.9745	53.754	83.9054	93.7524	100.095	83.9441	81.3578	
192	1	1	1	1	1	60.6123	46.5012	41.4648	43.9739	53.7537	83.9034	93.7508	100.09	83.9427	81.3569	
193	1	1	1	1	1	60.6108	46.4999	41.4636	43.9734	53.7535	83.9014	93.7492	100.085	83.9413	81.356	
194	1	1	1	1	1	60.6094	46.4986	41.4624	43.9728	53.7532	83.8994	93.7476	100.08	83.9399	81.3551	
195	1	1	1	1	1	60.608	46.4973	41.4611	43.9723	53.7529	83.8974	93.7459	100.076	83.9384	81.3542	
196	1	1	1	1	1	60.6065	46.4959	41.4598	43.9717	53.7527	83.8953	93.7443	100.071	83.937	81.3533	
197	1	1	1	1	1	60.605	46.4946	41.4585	43.9712	53.7524	83.8932	93.7426	100.066	83.9355	81.3524	
198	1	1	1	1	1	60.6035	46.4932	41.4572	43.9706	53.7521	83.8911	93.7409	100.061	83.934	81.3514	
199	1	1	1	1	1	60.602	46.4918	41.4559	43.97	53.7519	83.889	93.7392	100.056	83.9325	81.3505	
200	1	1	1	1	1	60.6005	46.4904	41.4546	43.9694	53.7516	83.8868	93.7374	100.051	83.931	81.3495	
201	1	1	1	1	1	60.599	46.489	41.4533	43.9688	53.7513	83.8846	93.7357	100.046	83.9294	81.3486	
202	1	1	1	1	1	60.5974	46.4875	41.4519	43.9682	53.751	83.8824	93.7339	100.04	83.9279	81.3476	
203	1	1	1	1	1	60.5958	46.4861	41.4505	43.9676	53.7507	83.8802	93.7321	100.035	83.9263	81.3466	
204	1	1	1	1	1	60.5943	46.4846	41.4492	43.967	53.7504	83.878	93.7303	100.03	83.9247	81.3456	
205	1	1	1	1	1	60.5927	46.4832	41.4478	43.9664	53.7501	83.8757	93.7285	100.024	83.9231	81.3446	
206	1	1	1	1	1	60.591	46.4817	41.4463	43.9658	53.7498	83.8734	93.7266	100.019	83.9215	81.3436	
207	1	1	1	1	1	60.5894	46.4802	41.4449	43.9652	53.7495	83.8711	93.7247	100.014	83.9199	81.3426	
208	1	1	1	1	1	60.5877	46.4786	41.4435	43.9645	53.7492	83.8688	93.7229	100.008	83.9182	81.3415	
209	1	1	1	1	1	60.5861	46.4771	41.442	43.9639	53.7489	83.8664	93.721	100.002	83.9166	81.3405	
210	1	1	1	1	1	60.5844	46.4755	41.4406	43.9633	53.7486	83.864	93.719	99.9968	83.9149	81.3394	
211	1	1	1	1	1	60.5827	46.474	41.4391	43.9626	53.7483	83.8616	93.7171	99.9911	83.9132	81.3384	
212	1	1	1	1	1	60.581	46.4724	41.4376	43.9619	53.748	83.8592	93.7151	99.9854	83.9114	81.3373	
213	1	1	1	1	1	60.5792	46.4708	41.436	43.9613	53.7477	83.8567	93.7131	99.9795	83.9097	81.3362	
214	1	1	1	1	1	60.5775	46.4692	41.4345	43.9606	53.7473	83.8542	93.7111	99.9737	83.9079	81.3351	
215	1	1	1	1	1	60.5757	46.4675	41.433	43.9599	53.747	83.8517	93.7091	99.9677	83.9062	81.334	
216	1	1	1	1	1	60.5739	46.4659	41.4314	43.9592	53.7467	83.8491	93.707	99.9617	83.9044	81.3329	
217	1	1	1	1	1	60.5721	46.4642	41.4298	43.9585	53.7463	83.8466	93.705	99.9556	83.9025	81.3317	
218	1	1	1	1	1	60.5702	46.4625	41.4282	43.9578	53.746	83.844	93.7029	99.9495	83.9007	81.3306	
219	1	1	1	1	1	60.5684	46.4608	41.4266	43.9571	53.7457	83.8414	93.7007	99.9433	83.8989	81.3294	
220	1	1	1	1	1	60.5665	46.4591	41.425	43.9564	53.7453	83.8387	93.6986	99.9371	83.897	81.3282	
221	1	1	1	1	1	60.5646	46.4573	41.4233	43.9557	53.745	83.836	93.6964	99.9307	83.8951	81.327	
222	1	1	1	1	1	60.5627	46.4555	41.4217	43.955	53.7446	83.8333	93.6943	99.9243	83.8932	81.3258	
223	1	1	1	1	1	60.5608	46.4538	41.42	43.9542	53.7442	83.8306	93.6921	99.9179	83.8912	81.3246	
224	1	1	1	1	1	60.5588	46.452	41.4183	43.9535	53.7439	83.8278	93.6898	99.9114	83.8893	81.3234	
225	1	1	1	1	1	60.5568	46.4501	41.4166	43.9527	53.7435	83.825	93.6876	99.9048	83.8873	81.3222	
226	1	1	1	1	1	60.5548	46.4483	41.4148	43.952	53.7431	83.8222	93.6853	99.8981	83.8853	81.3209	
227	1	1	1	1	1	60.5528	46.4464	41.4131	43.9512	53.7428	83.8194	93.683	99.8914	83.8833	81.3197	
228	1	1	1	1	1	60.5508	46.4446	41.4113	43.9504	53.7424	83.8165	93.6807	99.8846	83.8813	81.3184	
229	1	1	1	1	1	60.5487	46.4427	41.4095	43.9496	53.742	83.8136	93.6783	99.8777	83.8792	81.3171	
230	1	1	1	1	1	60.5466	46.4407	41.4077	43.9489	53.7416	83.8106	93.676	99.8707	83.8771	81.3158	
231	1	1	1	1	1	60.5445	46.4388	41.4059	43.9481	53.7412	83.8077	93.6736	99.8637	83.875	81.3145	
232	1	1	1	1	1	60.5424	46.4368	41.4041	43.9472	53.7408	83.8047	93.6711	99.8566	83.8729	81.3132	
233	1	1	1	1	1	60.5403	46.4348	41.4022	43.9464	53.7404	83.8016	93.6687	99.8494	83.8708	81.3118	
234	1	1	1	1	1	60.5381	46.4328	41.4003	43.9456	53.74	83.7985	93.6662	99.8422	83.8686	81.3105	
235	1	1	1	1	1	60.5359	46.4308	41.3984	43.9448	53.7396	83.7954	93.6637	99.8349	83.8664	81.3091	
236	1	1	1	1	1	60.5337	46.4288	41.3965	43.9439	53.7392	83.7923	93.6612	99.8275	83.8642	81.3077	
237	1	1	1	1	1	60.5315	46.4267	41.3945	43.9431	53.7388	83.7892	93.6586	99.82	83.862	81.3063	
238	1	1	1	1	1	60.5292	46.4246	41.3926	43.9422	53.7383	83.786	93.656	99.8124	83.8597	81.3049	
239	1	1	1	1	1	60.5269	46.4225	41.3906	43.9414	53.7379	83.7827	93.6534	99.8048	83.8574	81.3034	
240	1	1	1	1	1	60.5246	46.4204	41.3886	43.9405	53.7375	83.7795	93.6508	99.7971	83.8551	81.302	
241	1	1	1	1	1	60.5223	46.4182	41.3866	43.9396	53.737	83.7762	93.6481	99.7893	83.8528	81.3005	
242	1	1	1	1	1	60.5199	46.416	41.3845	43.9387	53.7366	83.7728	93.6455	99.7814	83.8504	81.2991	
243	1	1	1	1	1	60.5175	46.4138	41.3824	43.9378	53.7361	83.7695	93.6427	99.7734	83.848	81.2976	
244	1	1	1	1	1	60.5151	46.4116	41.3804	43.9369	53.7357	83.766	93.64	99.7654	83.8456	81.2961	
245	1	1	1	1	1	60.5127	46.4093	41.3782	43.936	53.7352	83.7626	93.6372	99.7572	83.8432	81.2945	
246	1	1	1	1	1	60.5102	46.407	41.3761	43.935	53.7348	83.7591	93.6344	99.749	83.8407	81.293	
247	1	1	1	1	1	60.5077	46.4047	41.374	43.9341	53.7343	83.7556	93.6316	99.7407	83.8382	81.2915	
248	1	1	1	1	1	60.5052	46.4024	41.3718	43.9331	53.7338	83.7521	93.6287	99.7323	83.8357	81.2899	
249	1	1	1	1	1	60.5027	46.4001	41.3696	43.9322	53.7333	83.7485	93.6258	99.7238	83.8332	81.2883	
250	1	1	1	1	1	60.5001	46.3977	41.3674	43.9312	53.7329	83.7448	93.6229	99.7152	83.8306	81.2867	
251	1	1	1	1	1	60.4975	46.3953	41.3651	43.9302	53.7324	83.7412	93.6199	99.7066	83.828	81.2851	
252	1	1	1	1	1	60.4949	46.3929	41.3628	43.9292	53.7319	83.7375	93.6169	99.6978	83.8254	81.2834	
253	1	1	1	1	1	60.4922	46.3904	41.3605	43.9282	53.7314	83.7337	93.6139	99.6889	83.8228	81.2818	
254	1	1	1	1	1	60.4896	46.3879	41.3582	43.9272	53.7309	83.7299	93.6109	99.68	83.8201	81.2801	
255	1	1	1	1	1	60.4868	46.3854	41.3559	43.9262	53.7303	83.7261	93.6078	99.6709	83.8174	81.2784	
256	1	1	1	1	1	60.4841	46.3829	41.3535	43.9251	53.7298	83.7222	93.6047	99.6618	83.8146	81.2767	
257	1	1	1	1	1	60.4813	46.3803	41.3511	43.9241	53.7293	83.7183	93.6015	99.6526	83.8119	81.275	
258	1	1	1	1	1	60.4786	46.3777	41.3487	43.923	53.7288	83.7144	93.5983	99.6432	83.8091	81.2732	
259	1	1	1	1	1	60.4757	46.3751	41.3463	43.922	53.7282	83.7104	93.5951	99.6338	83.8063	81.2715	
260	1	1	1	1	1	60.4729	46.3725	41.3438	43.9209	53.7277	83.7064	93.5919	99.6242	83.8034	81.2697	
261	1	1	1	1	1	60.47	46.3698	41.3413	43.9198	53.7271	83.7023	93.5886	99.6146	83.8005	81.2679	
262	1	1	1	1	1	60.4671	46.3671	41.3388	43.9187	53.7266	83.6982	93.5853	99.6048	83.7976	81.266	
263	1	1	1	1	1	60.4641	46.3643	41.3362	43.9176	53.726	83.694	93.5819	99.595	83.7947	81.2642	
264	1	1	1	1	1	60.4612	46.3616	41.3337	43.9165	53.7254	83.6898	93.5785	99.585	83.7917	81.2623	
265	1	1	1	1	1	60.4581	46.3588	41.3311	43.9154	53.7249	83.6856	93.5751	99.575	83.7887	81.2605	
266	1	1	1	1	1	60.4551	46.356	41.3284	43.9142	53.7243	83.6813	93.5716	99.5648	83.7856	81.2586	
267	1	1	1	1	1	60.452	46.3531	41.3258	43.913	53.7237	83.6769	93.5681	99.5545	83.7826	81.2566	
268	1	1	1	1	1	60.4489	46.3502	41.3231	43.9119	53.7231	83.6725	93.5646	99.5441	83.7795	81.2547	
269	1	1	1	1	1	60.4458	46.3473	41.3204	43.9107	53.7225	83.6681	93.561	99.5336	83.7763	81.2527	
270	1	1	1	1	1	60.4426	46.3444	41.3176	43.9095	53.7219	83.6636	93.5574	99.523	83.7731	81.2508	
271	1	1	1	1	1	60.4394	46.3414	41.3149	43.9083	53.7213	83.6591	93.5537	99.5123	83.7699	81.2488	
272	1	1	1	1	1	60.4361	46.3384	41.3121	43.9071	53.7206	83.6545	93.55	99.5014	83.7667	81.2467	
273	1	1	1	1	1	60.4329	46.3353	41.3092	43.9058	53.72	83.6499	93.5463	99.4905	83.7634	81.2447	
274	1	1	1	1	1	60.4296	46.3322	41.3064	43.9046	53.7194	83.6452	93.5425	99.4794	83.7601	81.2426	
275	1	1	1	1	1	60.4262	46.3291	41.3035	43.9033	53.7187	83.6405	93.5387	99.4682	83.7568	81.2405	
276	1	1	1	1	1	60.4228	46.326	41.3006	43.9021	53.7181	83.6357	93.5349	99.4569	83.7534	81.2384	
277	1	1	1	1	1	60.4194	46.3228	41.2976	43.9008	53.7174	83.6308	93.531	99.4454	83.75	81.2363	
278	1	1	1	1	1	60.4159	46.3196	41.2946	43.8995	53.7167	83.626	93.527	99.4339	83.7465	81.2341	
279	1	1	1	1	1	60.4124	46.3163	41.2916	43.8982	53.7161	83.621	93.5231	99.4222	83.743	81.2319	
280	1	1	1	1	1	60.4089	46.313	41.2886	43.8969	53.7154	83.616	93.519	99.4104	83.7395	81.2297	
281	1	1	1	1	1	60.4053	46.3097	41.2855	43.8955	53.7147	83.611	93.515	99.3984	83.7359	81.2275	
282	1	1	1	1	1	60.4017	46.3063	41.2824	43.8942	53.714	83.6059	93.5109	99.3863	83.7323	81.2252	
283	1	1	1	1	1	60.3981	46.3029	41.2793	43.8928	53.7133	83.6008	93.5067	99.3741	83.7286	81.223	
284	1	1	1	1	1	60.3944	46.2995	41.2761	43.8914	53.7125	83.5955	93.5025	99.3618	83.7249	81.2207	
285	1	1	1	1	1	60.3907	46.296	41.2729	43.89	53.7118	83.5903	93.4983	99.3493	83.7212	81.2183	
286	1	1	1	1	1	60.3869	46.2925	41.2696	43.8886	53.7111	83.585	93.494	99.3367	83.7175	81.216	
287	1	1	1	1	1	60.3831	46.289	41.2664	43.8872	53.7103	83.5796	93.4896	99.324	83.7136	81.2136	
288	1	1	1	1	1	60.3792	46.2854	41.263	43.8858	53.7096	83.5741	93.4853	99.3111	83.7098	81.2112	
289	1	1	1	1	1	60.3753	46.2817	41.2597	43.8843	53.7088	83.5687	93.4808	99.298	83.7059	81.2088	
290	1	1	1	1	1	60.3714	46.2781	41.2563	43.8828	53.708	83.5631	93.4764	99.2849	83.702	81.2063	
291	1	1	1	1	1	60.3674	46.2744	41.2529	43.8814	53.7073	83.5575	93.4718	99.2716	83.698	81.2038	
292	1	1	1	1	1	60.3634	46.2706	41.2494	43.8799	53.7065	83.5518	93.4673	99.2581	83.694	81.2013	
293	1	1	1	1	1	60.3593	46.2668	41.2459	43.8784	53.7057	83.5461	93.4626	99.2445	83.6899	81.1988	
294	1	1	1	1	1	60.3552	46.263	41.2424	43.8768	53.7048	83.5403	93.458	99.2307	83.6858	81.1962	
295	1	1	1	1	1	60.3511	46.2591	41.2388	43.8753	53.704	83.5344	93.4532	99.2168	83.6816	81.1936	
296	1	1	1	1	1	60.3469	46.2552	41.2352	43.8737	53.7032	83.5285	93.4485	99.2028	83.6774	81.191	
297	1	1	1	1	1	60.3426	46.2512	41.2316	43.8721	53.7024	83.5225	93.4436	99.1886	83.6732	81.1884	
298	1	1	1	1	1	60.3383	46.2472	41.2279	43.8705	53.7015	83.5164	93.4387	99.1742	83.6689	81.1857	
299	1	1	1	1	1	60.334	46.2431	41.2242	43.8689	53.7006	83.5103	93.4338	99.1597	83.6646	81.183	
300	1	1	1	1	1	60.3296	46.239	41.2204	43.8673	53.6998	83.5041	93.4288	99.145	83.6602	81.1803	
301	1	1	1	1	1	60.3252	46.2349	41.2166	43.8657	53.6989	83.4979	93.4238	99.1301	83.6557	81.1775	
302	1	1	1	1	1	60.3207	46.2307	41.2128	43.864	53.698	83.4915	93.4187	99.1151	83.6512	81.1747	
303	1	1	1	1	1	60.3161	46.2264	41.2089	43.8623	53.6971	83.4852	93.4135	99.0999	83.6467	81.1719	
304	1	1	1	1	1	60.3115	46.2221	41.205	43.8606	53.6962	83.4787	93.4083	99.0846	83.6421	81.169	
305	1	1	1	1	1	60.3069	46.2178	41.201	43.8589	53.6952	83.4722	93.4031	99.0691	83.6375	81.1661	
306	1	1	1	1	1	60.3022	46.2134	41.197	43.8572	53.6943	83.4655	93.3977	99.0534	83.6328	81.1632	
307	1	1	1	1	1	60.2975	46.209	41.1929	43.8554	53.6934	83.4589	93.3924	99.0375	83.6281	81.1603	
308	1	1	1	1	1	60.2927	46.2045	41.1888	43.8536	53.6924	83.4521	93.3869	99.0215	83.6233	81.1573	
309	1	1	1	1	1	60.2878	46.2	41.1847	43.8519	53.6914	83.4453	93.3814	99.0053	83.6184	81.1543	
310	1	1	1	1	1	60.283	46.1954	41.1805	43.85	53.6904	83.4384	93.3759	98.9889	83.6135	81.1512	
311	1	1	1	1	1	60.278	46.1907	41.1763	43.8482	53.6894	83.4314	93.3702	98.9723	83.6086	81.1481	
312	1	1	1	1	1	60.273	46.186	41.172	43.8464	53.6884	83.4244	93.3646	98.9555	83.6036	81.145	
313	1	1	1	1	1	60.2679	46.1813	41.1677	43.8445	53.6874	83.4172	93.3588	98.9386	83.5985	81.1419	
314	1	1	1	1	1	60.2628	46.1765	41.1633	43.8426	53.6864	83.41	93.353	98.9214	83.5934	81.1387	
315	1	1	1	1	1	60.2576	46.1716	41.1589	43.8407	53.6853	83.4027	93.3471	98.9041	83.5882	81.1355	
316	1	1	1	1	1	60.2524	46.1667	41.1544	43.8388	53.6843	83.3954	93.3412	98.8866	83.583	81.1322	
317	1	1	1	1	1	60.2471	46.1617	41.1499	43.8369	53.6832	83.3879	93.3352	98.8689	83.5777	81.1289	
318	1	1	1	1	1	60.2418	46.1567	41.1454	43.8349	53.6821	83.3804	93.3291	98.851	83.5724	81.1256	
319	1	1	1	1	1	60.2364	46.1516	41.1407	43.8329	53.681	83.3728	93.323	98.8328	83.567	81.1222	
320	1	1	1	1	1	60.2309	46.1465	41.1361	43.8309	53.6799	83.365	93.3168	98.8145	83.5615	81.1188	
321	1	1	1	1	1	60.2253	46.1413	41.1314	43.8289	53.6787	83.3573	93.3105	98.796	83.556	81.1154	
322	1	1	1	1	1	60.2198	46.136	41.1266	43.8268	53.6776	83.3494	93.3042	98.7772	83.5504	81.1119	
323	1	1	1	1	1	60.2141	46.1307	41.1218	43.8248	53.6764	83.3414	93.2977	98.7583	83.5447	81.1084	
324	1	1	1	1	1	60.2084	46.1253	41.1169	43.8227	53.6753	83.3334	93.2913	98.7391	83.539	81.1049	
325	1	1	1	1	1	60.2026	46.1199	41.112	43.8205	53.6741	83.3252	93.2847	98.7198	83.5332	81.1013	
326	1	1	1	1	1	60.1967	46.1144	41.107	43.8184	53.6729	83.317	93.2781	98.7002	83.5274	81.0976	
327	1	1	1	1	1	60.1908	46.1088	41.102	43.8162	53.6716	83.3087	93.2714	98.6803	83.5215	81.094	
328	1	1	1	1	1	60.1848	46.1032	41.0969	43.8141	53.6704	83.3003	93.2646	98.6603	83.5155	81.0902	
329	1	1	1	1	1	60.1788	46.0975	41.0918	43.8119	53.6692	83.2918	93.2577	98.64	83.5094	81.0865	
330	1	1	1	1	1	60.1727	46.0917	41.0866	43.8096	53.6679	83.2831	93.2508	98.6195	83.5033	81.0827	
331	1	1	1	1	1	60.1665	46.0859	41.0814	43.8074	53.6666	83.2744	93.2438	98.5988	83.4971	81.0789	
332	1	1	1	1	1	60.1602	46.08	41.076	43.8051	53.6653	83.2656	93.2367	98.5778	83.4909	81.075	
333	1	1	1	1	1	60.1539	46.074	41.0707	43.8028	53.664	83.2567	93.2295	98.5566	83.4845	81.071	
334	1	1	1	1	1	60.1475	46.0679	41.0653	43.8005	53.6626	83.2477	93.2223	98.5352	83.4781	81.0671	
335	1	1	1	1	1	60.141	46.0618	41.0598	43.7981	53.6613	83.2386	93.215	98.5135	83.4717	81.0631	
336	1	1	1	1	1	60.1345	46.0556	41.0542	43.7958	53.6599	83.2294	93.2075	98.4915	83.4651	81.059	
337	1	1	1	1	1	60.1279	46.0494	41.0486	43.7934	53.6585	83.2201	93.2001	98.4694	83.4585	81.0549	
338	1	1	1	1	1	60.1212	46.0431	41.043	43.7909	53.6571	83.2107	93.1925	98.4469	83.4518	81.0507	
339	1	1	1	1	1	60.1144	46.0367	41.0372	43.7885	53.6557	83.2012	93.1848	98.4242	83.4451	81.0465	
340	1	1	1	1	1	60.1075	46.0302	41.0314	43.786	53.6542	83.1916	93.1771	98.4012	83.4382	81.0423	
341	1	1	1	1	1	60.1006	46.0236	41.0256	43.7835	53.6528	83.1819	93.1692	98.378	83.4313	81.038	
342	1	1	1	1	1	60.0936	46.017	41.0197	43.781	53.6513	83.172	93.1613	98.3545	83.4243	81.0337	
343	1	1	1	1	1	60.0865	46.0103	41.0137	43.7784	53.6498	83.1621	93.1533	98.3307	83.4172	81.0293	
344	1	1	1	1	1	60.0793	46.0035	41.0076	43.7758	53.6483	83.152	93.1452	98.3067	83.41	81.0248	
345	1	1	1	1	1	60.0721	45.9966	41.0015	43.7732	53.6467	83.1418	93.137	98.2824	83.4028	81.0203	
346	1	1	1	1	1	60.0648	45.9897	40.9953	43.7706	53.6452	83.1315	93.1287	98.2578	83.3954	81.0158	
347	1	1	1	1	1	60.0573	45.9826	40.9891	43.7679	53.6436	83.1211	93.1203	98.2329	83.388	81.0112	
348	1	1	1	1	1	60.0498	45.9755	40.9828	43.7652	53.642	83.1105	93.1118	98.2077	83.3805	81.0065	
349	1	1	1	1	1	60.0422	45.9683	40.9764	43.7625	53.6403	83.0999	93.1032	98.1822	83.3729	81.0018	
350	1	1	1	1	1	60.0345	45.961	40.9699	43.7597	53.6387	83.0891	93.0945	98.1565	83.3652	80.9971	
351	1	1	1	1	1	60.0268	45.9536	40.9634	43.757	53.637	83.0782	93.0858	98.1304	83.3575	80.9923	
352	1	1	1	1	1	60.0189	45.9461	40.9568	43.7542	53.6353	83.0672	93.0769	98.104	83.3496	80.9874	
353	1	1	1	1	1	60.011	45.9386	40.9501	43.7513	53.6336	83.056	93.0679	98.0773	83.3417	80.9825	
354	1	1	1	1	1	60.0029	45.9309	40.9433	43.7484	53.6319	83.0447	93.0588	98.0503	83.3336	80.9775	
355	1	1	1	1	1	59.9948	45.9232	40.9365	43.7455	53.6301	83.0333	93.0496	98.023	83.3255	80.9725	
356	1	1	1	1	1	59.9865	45.9154	40.9296	43.7426	53.6283	83.0218	93.0403	97.9954	83.3173	80.9674	
357	1	1	1	1	1	59.9782	45.9074	40.9226	43.7396	53.6265	83.0101	93.0309	97.9674	83.3089	80.9623	
358	1	1	1	1	1	59.9698	45.8994	40.9155	43.7366	53.6246	82.9983	93.0214	97.9392	83.3005	80.9571	
359	1	1	1	1	1	59.9612	45.8913	40.9084	43.7336	53.6228	82.9864	93.0118	97.9105	83.292	80.9518	
360	1	1	1	1	1	59.9526	45.883	40.9012	43.7305	53.6209	82.9743	93.0021	97.8816	83.2834	80.9465	
361	1	1	1	1	1	59.9439	45.8747	40.8939	43.7275	53.619	82.962	92.9922	97.8523	83.2746	80.9411	
362	1	1	1	1	1	59.935	45.8663	40.8865	43.7243	53.617	82.9497	92.9823	97.8226	83.2658	80.9356	
363	1	1	1	1	1	59.9261	45.8578	40.879	43.7212	53.615	82.9372	92.9722	97.7926	83.2569	80.9301	
364	1	1	1	1	1	59.9171	45.8491	40.8715	43.718	53.613	82.9245	92.962	97.7623	83.2478	80.9245	
365	1	1	1	1	1	59.9079	45.8404	40.8638	43.7147	53.611	82.9117	92.9517	97.7315	83.2387	80.9189	
366	1	1	1	1	1	59.8986	45.8315	40.8561	43.7115	53.6089	82.8987	92.9412	97.7004	83.2295	80.9132	
367	1	1	1	1	1	59.8893	45.8226	40.8483	43.7082	53.6069	82.8856	92.9307	97.669	83.2201	80.9074	
368	1	1	1	1	1	59.8798	45.8135	40.8404	43.7048	53.6047	82.8724	92.92	97.6371	83.2106	80.9016	
369	1	1	1	1	1	59.8702	45.8043	40.8324	43.7015	53.6026	82.859	92.9092	97.6049	83.201	80.8956	
370	1	1	1	1	1	59.8605	45.795	40.8243	43.6981	53.6004	82.8454	92.8983	97.5723	83.1913	80.8897	
371	1	1	1	1	1	59.8507	45.7856	40.8161	43.6946	53.5982	82.8317	92.8872	97.5393	83.1815	80.8836	
372	1	1	1	1	1	59.8407	45.7761	40.8079	43.6911	53.596	82.8178	92.876	97.5059	83.1716	80.8775	
373	1	1	1	1	1	59.8306	45.7664	40.7995	43.6876	53.5937	82.8037	92.8647	97.4721	83.1615	80.8713	
374	1	1	1	1	1	59.8205	45.7567	40.7911	43.684	53.5914	82.7895	92.8532	97.4379	83.1513	80.865	
375	1	1	1	1	1	59.8101	45.7468	40.7825	43.6804	53.589	82.7751	92.8417	97.4033	83.141	80.8587	
376	1	1	1	1	1	59.7997	45.7368	40.7739	43.6768	53.5867	82.7605	92.8299	97.3682	83.1306	80.8523	
377	1	1	1	1	1	59.7892	45.7266	40.7651	43.6731	53.5843	82.7458	92.8181	97.3327	83.1201	80.8458	
378	1	1	1	1	1	59.7785	45.7163	40.7563	43.6694	53.5818	82.7309	92.8061	97.2968	83.1094	80.8392	
379	1	1	1	1	1	59.7676	45.7059	40.7473	43.6657	53.5793	82.7158	92.7939	97.2605	83.0986	80.8326	
380	1	1	1	1	1	59.7567	45.6954	40.7383	43.6619	53.5768	82.7005	92.7816	97.2237	83.0877	80.8258	
381	1	1	1	1	1	59.7456	45.6847	40.7291	43.658	53.5743	82.6851	92.7692	97.1864	83.0766	80.819	
382	1	1	1	1	1	59.7344	45.6739	40.7199	43.6541	53.5717	82.6694	92.7566	97.1487	83.0654	80.8121	
383	1	1	1	1	1	59.723	45.663	40.7105	43.6502	53.569	82.6536	92.7438	97.1105	83.054	80.8052	
384	1	1	1	1	1	59.7115	45.6519	40.701	43.6463	53.5664	82.6376	92.7309	97.0719	83.0426	80.7981	
385	1	1	1	1	1	59.6999	45.6407	40.6915	43.6423	53.5637	82.6214	92.7179	97.0328	83.0309	80.791	
386	1	1	1	1	1	59.6881	45.6293	40.6818	43.6382	53.5609	82.605	92.7047	96.9931	83.0192	80.7838	
387	1	1	1	1	1	59.6762	45.6178	40.672	43.6341	53.5581	82.5884	92.6913	96.953	83.0073	80.7764	
388	1	1	1	1	1	59.6641	45.6061	40.662	43.63	53.5553	82.5716	92.6778	96.9124	82.9952	80.769	
389	1	1	1	1	1	59.6519	45.5943	40.652	43.6258	53.5524	82.5546	92.6641	96.8713	82.983	80.7616	
390	1	1	1	1	1	59.6395	45.5824	40.6419	43.6215	53.5495	82.5374	92.6502	96.8297	82.9706	80.754	
391	1	1	1	1	1	59.627	45.5702	40.6316	43.6173	53.5465	82.52	92.6362	96.7876	82.9581	80.7463	
392	1	1	1	1	1	59.6143	45.558	40.6212	43.6129	53.5435	82.5024	92.622	96.7449	82.9455	80.7385	
393	1	1	1	1	1	59.6014	45.5455	40.6107	43.6086	53.5405	82.4845	92.6076	96.7017	82.9326	80.7307	
394	1	1	1	1	1	59.5884	45.5329	40.6001	43.6041	53.5373	82.4665	92.593	96.6579	82.9197	80.7227	
395	1	1	1	1	1	59.5752	45.5202	40.5893	43.5997	53.5342	82.4482	92.5783	96.6136	82.9065	80.7147	
396	1	1	1	1	1	59.5619	45.5072	40.5784	43.5952	53.531	82.4297	92.5634	96.5687	82.8932	80.7065	
397	1	1	1	1	1	59.5484	45.4941	40.5674	43.5906	53.5277	82.411	92.5483	96.5233	82.8797	80.6983	
398	1	1	1	1	1	59.5347	45.4808	40.5563	43.586	53.5244	82.392	92.533	96.4773	82.8661	80.6899	
399	1	1	1	1	1	59.5208	45.4674	40.545	43.5813	53.5211	82.3728	92.5175	96.4306	82.8523	80.6815	
400	1	1	1	1	1	59.5068	45.4537	40.5336	43.5766	53.5177	82.3534	92.5019	96.3834	82.8383	80.6729	
401	1	1	1	1	1	59.4926	45.4399	40.5221	43.5718	53.5142	82.3337	92.486	96.3356	82.8241	80.6643	
402	1	1	1	1	1	59.4782	45.4259	40.5104	43.567	53.5107	82.3138	92.47	96.2872	82.8097	80.6555	
403	1	1	1	1	1	59.4636	45.4117	40.4986	43.5621	53.5071	82.2936	92.4537	96.2381	82.7952	80.6466	
404	1	1	1	1	1	59.4489	45.3973	40.4867	43.5572	53.5035	82.2732	92.4373	96.1884	82.7805	80.6376	
405	1	1	1	1	1	59.4339	45.3828	40.4746	43.5522	53.4998	82.2526	92.4206	96.1381	82.7655	80.6285	
406	1	1	1	1	1	59.4188	45.368	40.4623	43.5471	53.4961	82.2317	92.4037	96.0871	82.7504	80.6193	
407	1	1	1	1	1	59.4034	45.353	40.45	43.542	53.4923	82.2105	92.3866	96.0355	82.7351	80.61	
408	1	1	1	1	1	59.3879	45.3378	40.4374	43.5369	53.4884	82.189	92.3693	95.9831	82.7196	80.6005	
409	1	1	1	1	1	59.3721	45.3225	40.4247	43.5317	53.4845	82.1673	92.3518	95.9301	82.704	80.591	
410	1	1	1	1	1	59.3562	45.3069	40.4119	43.5264	53.4805	82.1453	92.3341	95.8764	82.6881	80.5813	
411	1	1	1	1	1	59.34	45.2911	40.3989	43.5211	53.4764	82.1231	92.3161	95.822	82.6719	80.5715	
412	1	1	1	1	1	59.3236	45.275	40.3858	43.5157	53.4723	82.1005	92.2979	95.7668	82.6556	80.5616	
413	1	1	1	1	1	59.3071	45.2588	40.3725	43.5102	53.4681	82.0777	92.2795	95.711	82.6391	80.5515	
414	1	1	1	1	1	59.2902	45.2423	40.359	43.5047	53.4638	82.0546	92.2608	95.6544	82.6223	80.5413	
415	1	1	1	1	1	59.2732	45.2256	40.3454	43.4991	53.4595	82.0312	92.2419	95.597	82.6054	80.531	
416	1	1	1	1	1	59.256	45.2087	40.3316	43.4935	53.4551	82.0075	92.2228	95.5389	82.5882	80.5206	
417	1	1	1	1	1	59.2385	45.1915	40.3177	43.4878	53.4506	81.9835	92.2034	95.4799	82.5708	80.51	
418	1	1	1	1	1	59.2207	45.1741	40.3036	43.482	53.446	81.9592	92.1838	95.4202	82.5531	80.4993	
419	1	1	1	1	1	59.2028	45.1565	40.2893	43.4762	53.4414	81.9345	92.1639	95.3597	82.5352	80.4884	
420	1	1	1	1	1	59.1846	45.1386	40.2748	43.4703	53.4367	81.9096	92.1437	95.2984	82.5171	80.4774	
421	1	1	1	1	1	59.1661	45.1204	40.2602	43.4643	53.4319	81.8844	92.1233	95.2363	82.4987	80.4663	
422	1	1	1	1	1	59.1474	45.102	40.2453	43.4583	53.427	81.8588	92.1026	95.1733	82.4801	80.455	
423	1	1	1	1	1	59.1285	45.0833	40.2303	43.4522	53.422	81.8329	92.0817	95.1094	82.4613	80.4436	
424	1	1	1	1	1	59.1093	45.0644	40.2152	43.4461	53.417	81.8066	92.0605	95.0447	82.4422	80.432	
425	1	1	1	1	1	59.0898	45.0452	40.1998	43.4398	53.4119	81.78	92.039	94.979	82.4228	80.4203	
426	1	1	1	1	1	59.0701	45.0257	40.1842	43.4335	53.4066	81.7531	92.0172	94.9125	82.4031	80.4084	
427	1	1	1	1	1	59.0501	45.0059	40.1685	43.4271	53.4013	81.7258	91.9951	94.8451	82.3832	80.3964	
428	1	1	1	1	1	59.0298	44.9859	40.1525	43.4207	53.3959	81.6982	91.9728	94.7767	82.3631	80.3842	
429	1	1	1	1	1	59.0092	44.9655	40.1364	43.4142	53.3904	81.6702	91.9501	94.7074	82.3426	80.3719	
430	1	1	1	1	1	58.9884	44.9449	40.12	43.4076	53.3848	81.6418	91.9271	94.6371	82.3219	80.3594	
431	1	1	1	1	1	58.9672	44.924	40.1035	43.4009	53.3791	81.6131	91.9039	94.5658	82.3009	80.3467	
432	1	1	1	1	1	58.9458	44.9027	40.0867	43.3942	53.3733	81.584	91.8803	94.4935	82.2796	80.3338	
433	1	1	1	1	1	58.924	44.8812	40.0698	43.3873	53.3674	81.5545	91.8564	94.4202	82.258	80.3208	
434	1	1	1	1	1	58.902	44.8593	40.0526	43.3804	53.3614	81.5246	91.8322	94.3459	82.236	80.3076	
435	1	1	1	1	1	58.8796	44.8371	40.0352	43.3734	53.3553	81.4944	91.8076	94.2705	82.2138	80.2943	
436	1	1	1	1	1	58.8569	44.8146	40.0176	43.3664	53.349	81.4637	91.7827	94.1941	82.1913	80.2807	
437	1	1	1	1	1	58.8339	44.7917	39.9997	43.3592	53.3427	81.4326	91.7575	94.1165	82.1685	80.267	
438	1	1	1	1	1	58.8106	44.7685	39.9817	43.352	53.3362	81.4011	91.732	94.0378	82.1453	80.2531	
439	1	1	1	1	1	58.787	44.745	39.9634	43.3447	53.3296	81.3692	91.7061	93.9581	82.1218	80.239	
440	1	1	1	1	1	58.763	44.7211	39.9449	43.3373	53.3229	81.3369	91.6798	93.8771	82.098	80.2247	
441	1	1	1	1	1	58.7386	44.6968	39.9261	43.3298	53.3161	81.3041	91.6532	93.795	82.0739	80.2102	
442	1	1	1	1	1	58.7139	44.6722	39.9072	43.3223	53.3092	81.2709	91.6262	93.7117	82.0493	80.1955	
443	1	1	1	1	1	58.6888	44.6472	39.8879	43.3146	53.3021	81.2373	91.5988	93.6272	82.0245	80.1807	
444	1	1	1	1	1	58.6634	44.6218	39.8684	43.3069	53.2948	81.2032	91.5711	93.5414	81.9993	80.1656	
445	1	1	1	1	1	58.6376	44.596	39.8487	43.299	53.2875	81.1686	91.5429	93.4544	81.9737	80.1503	
446	1	1	1	1	1	58.6114	44.5699	39.8287	43.2911	53.28	81.1336	91.5144	93.3661	81.9478	80.1348	
447	1	1	1	1	1	58.5848	44.5433	39.8085	43.2831	53.2724	81.098	91.4855	93.2765	81.9214	80.1191	
448	1	1	1	1	1	58.5579	44.5163	39.788	43.275	53.2646	81.062	91.4561	93.1855	81.8947	80.1031	
449	1	1	1	1	1	58.5305	44.4889	39.7673	43.2668	53.2566	81.0256	91.4264	93.0932	81.8676	80.087	
450	1	1	1	1	1	58.5027	44.4611	39.7462	43.2585	53.2486	80.9886	91.3962	92.9996	81.8401	80.0706	
451	1	1	1	1	1	58.4745	44.4328	39.7249	43.2501	53.2403	80.9511	91.3656	92.9045	81.8122	80.054	
452	1	1	1	1	1	58.4459	44.4041	39.7034	43.2416	53.2319	80.9131	91.3346	92.8079	81.7839	80.0371	
453	1	1	1	1	1	58.4168	44.3749	39.6815	43.233	53.2233	80.8746	91.3031	92.7099	81.7551	80.02	
454	1	1	1	1	1	58.3873	44.3453	39.6593	43.2243	53.2146	80.8355	91.2712	92.6105	81.726	80.0027	
455	1	1	1	1	1	58.3573	44.3152	39.6369	43.2155	53.2057	80.7959	91.2388	92.5094	81.6963	79.9851	
456	1	1	1	1	1	58.3269	44.2846	39.6142	43.2066	53.1966	80.7558	91.2059	92.4069	81.6663	79.9673	
457	1	1	1	1	1	58.296	44.2535	39.5912	43.1976	53.1873	80.7151	91.1726	92.3028	81.6358	79.9492	
458	1	1	1	1	1	58.2646	44.222	39.5678	43.1885	53.1779	80.6739	91.1388	92.197	81.6048	79.9309	
459	1	1	1	1	1	58.2328	44.1899	39.5442	43.1793	53.1682	80.632	91.1044	92.0896	81.5733	79.9123	
460	1	1	1	1	1	58.2004	44.1573	39.5202	43.1699	53.1584	80.5896	91.0696	91.9805	81.5414	79.8934	
461	1	1	1	1	1	58.1675	44.1241	39.496	43.1605	53.1483	80.5466	91.0343	91.8698	81.509	79.8742	
462	1	1	1	1	1	58.1341	44.0905	39.4714	43.1509	53.1381	80.503	90.9984	91.7572	81.476	79.8548	
463	1	1	1	1	1	58.1002	44.0562	39.4464	43.1413	53.1276	80.4588	90.962	91.6429	81.4426	79.8351	
464	1	1	1	1	1	58.0657	44.0214	39.4212	43.1315	53.1169	80.4139	90.9251	91.5268	81.4086	79.8151	
465	1	1	1	1	1	58.0306	43.9861	39.3956	43.1216	53.106	80.3685	90.8876	91.4088	81.3741	79.7948	
466	1	1	1	1	1	57.995	43.9501	39.3696	43.1115	53.0949	80.3223	90.8495	91.289	81.3391	79.7742	
467	1	1	1	1	1	57.9588	43.9135	39.3433	43.1014	53.0835	80.2756	90.8109	91.1672	81.3035	79.7533	
468	1	1	1	1	1	57.9221	43.8764	39.3167	43.0911	53.0719	80.2281	90.7717	91.0434	81.2673	79.7321	
469	1	1	1	1	1	57.8847	43.8386	39.2897	43.0807	53.0601	80.18	90.7318	90.9176	81.2305	79.7106	
470	1	1	1	1	1	57.8467	43.8001	39.2623	43.0702	53.048	80.1312	90.6914	90.7898	81.1932	79.6887	
471	1	1	1	1	1	57.808	43.761	39.2345	43.0595	53.0356	80.0818	90.6503	90.6598	81.1553	79.6666	
472	1	1	1	1	1	57.7687	43.7213	39.2064	43.0487	53.023	80.0316	90.6086	90.5277	81.1167	79.6441	
473	1	1	1	1	1	57.6474	44.0584	38.9892	42.7716	53.2105	80.1299	89.0635	95.1091	81.7306	79.0859	
474	1	1	1	1	1	57.6247	43.8918	38.9961	42.8134	53.1714	79.9509	90.216	91.4538	81.1779	79.465	
475	1	1	1	1	1	57.6214	43.6931	39.06	42.9293	53.0535	79.8781	90.4137	90.4425	81.0272	79.5399	
476	1	1	1	1	1	57.5959	43.5867	39.0699	42.9738	52.9934	79.8226	90.4204	90.0687	80.9624	79.541	
477	1	1	1	1	1	57.4706	43.9322	38.8504	42.692	53.1773	79.9208	88.8386	94.7771	81.5932	78.9661	
478	1	1	1	1	1	57.4481	43.7462	38.8616	42.7433	53.1328	79.736	90.0162	90.9984	81.0228	79.3561	
479	1	1	1	1	1	57.4451	43.5312	38.9309	42.8701	53.0058	79.6599	90.2251	89.9097	80.8619	79.4369	
480	1	1	1	1	1	57.3275	43.847	38.7335	42.6158	53.1561	79.7563	88.6488	94.5609	81.489	78.866	
481	1	1	1	1	1	57.3062	43.636	38.7526	42.6824	53.1042	79.5661	89.855	90.6533	80.9007	79.2679	
482	1	1	1	1	1	57.304	43.4045	38.8279	42.8211	52.9684	79.4874	90.0748	89.4925	80.7308	79.3547	
483	1	1	1	1	1	57.1794	43.7397	38.6206	42.5512	53.1253	79.5831	88.4668	94.2729	81.3727	78.7675	
484	1	1	1	1	1	57.1576	43.5139	38.642	42.6239	53.0703	79.3885	89.6895	90.2745	80.7709	79.1771	
485	1	1	1	1	1	57.1554	43.2693	38.7213	42.7714	52.9273	79.3072	89.9177	89.05	80.5927	79.2687	
486	1	1	1	1	1	57.0229	43.6267	38.5026	42.4833	53.0921	79.4016	88.2775	93.9661	81.2496	78.6645	
487	1	1	1	1	1	57.0005	43.3853	38.5265	42.5622	53.0338	79.2025	89.516	89.8766	80.6342	79.0815	
488	1	1	1	1	1	56.9983	43.1269	38.6098	42.7188	52.8834	79.1188	89.7526	88.5855	80.4473	79.1782	
489	1	1	1	1	1	56.8573	43.5082	38.3791	42.4114	53.0563	79.2114	88.0803	93.6405	81.1193	78.5565	
490	1	1	1	1	1	56.8344	43.25	38.4057	42.4969	52.9946	79.0079	89.334	89.4589	80.49	78.981	
491	1	1	1	1	1	56.8319	42.9771	38.4931	42.6632	52.8364	78.9216	89.579	88.0979	80.294	79.0829	
492	1	1	1	1	1	56.6818	43.3838	38.2497	42.3349	53.0178	79.012	87.8747	93.2945	80.9811	78.4431	
493	1	1	1	1	1	56.6583	43.1075	38.2792	42.4276	52.9525	78.8039	89.143	89.0199	80.3378	78.875	
494	1	1	1	1	1	56.5518	43.3809	38.1262	42.2156	53.007	78.8811	87.6424	93.4132	80.9277	78.3268	
495	1	1	1	1	1	56.529	43.0459	38.1733	42.3466	52.9373	78.6612	88.9881	88.8367	80.2427	78.7886	
496	1	1	1	1	1	56.4222	43.3066	38.0276	42.1454	52.9818	78.7379	87.4843	93.216	80.8324	78.2398	
497	1	1	1	1	1	56.3994	42.9504	38.0796	42.289	52.9083	78.5143	88.8476	88.5433	80.1341	78.7097	
498	1	1	1	1	1	56.288	43.2207	37.9296	42.0805	52.9532	78.59	87.3285	92.9815	80.7305	78.1527	
499	1	1	1	1	1	56.265	42.8477	37.9847	42.2324	52.8766	78.3631	88.7041	88.2297	80.0206	78.6289	
500	1	1	1	1	1	56.1483	43.1308	37.8289	42.0137	52.9226	78.4373	87.1687	92.7343	80.6241	78.0628	
501	1	1	1	1	1	56.1249	42.7409	37.8868	42.1736	52.843	78.207	88.5558	87.9044	79.9026	78.5451	
502	1	1	1	1	1	56.0026	43.0377	37.7249	41.944	52.8903	78.2796	87.0042	92.4765	80.5131	77.9697	
503	1	1	1	1	1	55.9787	42.6302	37.7859	42.1122	52.8075	78.0458	88.4023	87.5678	79.7799	78.4581	
504	1	1	1	1	1	55.8505	42.9414	37.6176	41.871	52.8561	78.1165	86.8345	92.2078	80.3974	77.8733	
505	1	1	1	1	1	55.8261	42.5155	37.6817	42.0479	52.77	77.8793	88.2434	87.2193	79.6523	78.3677	
506	1	1	1	1	1	55.6915	42.8417	37.5067	41.7946	52.8199	77.9478	86.6596	91.9276	80.2766	77.7732	
507	1	1	1	1	1	55.6666	42.3966	37.574	41.9805	52.7304	77.7072	88.0789	86.8585	79.5195	78.2736	
508	1	1	1	1	1	55.5253	42.7384	37.3922	41.7144	52.7816	77.7734	86.479	91.6353	80.1505	77.6694	
509	1	1	1	1	1	55.4998	42.2732	37.4629	41.9098	52.6884	77.5293	87.9084	86.4846	79.3811	78.1758	
510	1	1	1	1	1	55.3514	42.6315	37.274	41.6302	52.7408	77.593	86.2927	91.3302	80.0186	77.5617	
511	1	1	1	1	1	55.3251	42.1451	37.348	41.8356	52.6438	77.3454	87.7316	86.0971	79.2368	78.0739	
512	1	1	1	1	1	55.1692	42.5206	37.1517	41.5418	52.6974	77.4063	86.1002	91.0116	79.8807	77.4497	
513	1	1	1	1	1	55.1422	42.0122	37.2294	41.7575	52.5965	77.1553	87.5483	85.6952	79.0863	77.9677	
514	1	1	1	1	1	54.9782	42.4057	37.0254	41.4488	52.6512	77.213	85.9012	90.6787	79.7363	77.3333	
515	1	1	1	1	1	54.9503	41.8741	37.1067	41.6755	52.5461	76.9587	87.358	85.278	78.9291	77.8571	
516	1	1	1	1	1	54.7778	42.2864	36.8949	41.3511	52.6018	77.013	85.6955	90.3306	79.585	77.2122	
517	1	1	1	1	1	54.7488	41.7306	36.98	41.5891	52.4925	76.7553	87.1605	84.8448	78.7648	77.7416	
518	1	1	1	1	1	56.748	43.6781	39.0939	40.0166	52.2538	77.8661	86.0149	90.5536	80.1893	77.8284	
519	1	1	1	1	1	55.4738	42.1705	37.7046	41.1299	52.364	77.0023	87.1883	84.5376	78.8767	77.9281	
520	1	1	1	1	1	54.7865	42.3087	36.9313	41.0216	52.4834	76.7835	85.337	89.636	79.3721	77.1032	
521	1	1	1	1	1	54.5202	41.5321	36.8498	41.3764	52.3813	76.4039	86.7866	83.9414	78.4638	77.5643	
522	1	1	1	1	1	56.4762	43.5045	38.941	39.747	52.1301	77.5058	85.5845	89.7794	79.8852	77.6097	
523	1	1	1	1	1	55.1459	41.9135	37.5143	40.9091	52.2402	76.6078	86.7806	83.5876	78.5391	77.7076	
524	1	1	1	1	1	54.3942	42.0794	36.6822	40.7744	52.3623	76.358	84.8892	88.8239	79.0322	76.8498	
525	1	1	1	1	1	54.0911	41.2241	36.5907	41.1659	52.2516	75.959	86.3468	82.9499	78.0897	77.3114	
526	1	1	1	1	1	56.0988	43.2741	38.7272	39.4538	51.9887	77.0827	85.1096	88.9163	79.5294	77.3404	
527	1	1	1	1	1	54.749	41.6185	37.2888	40.6626	52.0973	76.173	86.332	82.5535	78.1588	77.4526	
528	1	1	1	1	1	53.9447	41.8245	36.4079	40.498	52.2218	75.8976	84.4046	87.9275	78.652	76.5679	
529	1	1	1	1	1	56.0178	42.412	38.9356	39.5836	51.7708	76.6372	86.4254	82.4156	78.4984	77.7743	
530	1	1	1	1	1	54.4239	42.1878	36.9098	40.0091	52.0481	76.0182	84.2313	87.577	78.6477	76.6565	
531	1	1	1	1	1	53.7112	40.9184	36.4287	40.7035	52.01	75.401	85.6775	81.3289	77.5404	77.0019	
532	1	1	1	1	1	55.6094	42.9824	38.4823	38.9262	51.7261	76.4688	84.3353	87.4576	78.9471	76.9495	
533	1	1	1	1	1	54.1535	41.1676	36.9728	40.2321	51.8467	75.4962	85.5996	80.8245	77.5276	77.0534	
534	1	1	1	1	1	53.2274	41.4302	35.9878	40.0153	51.9696	75.1577	83.6137	86.4028	78.009	76.1137	
535	1	1	1	1	1	55.3686	41.9053	38.6183	39.1031	51.4876	75.9217	85.6237	80.5846	77.8225	77.3196	
536	1	1	1	1	1	53.702	41.7996	36.4998	39.468	51.7641	75.2684	83.4039	85.9693	77.9704	76.1804	
537	1	1	1	1	1	52.9159	40.3716	35.9953	40.2484	51.7236	74.6185	84.8599	79.442	76.8103	76.5267	
538	1	1	1	1	1	54.8604	42.5523	38.0906	38.3278	51.4086	75.693	83.4433	85.7236	78.2151	76.4281	
539	1	1	1	1	1	53.3666	40.6134	36.5682	39.7198	51.5325	74.7086	84.7494	78.8351	76.7654	76.5554	
540	1	1	1	1	1	52.3396	40.9649	35.5018	39.4375	51.6462	74.3202	82.7121	84.6106	77.2366	75.5737	
541	1	1	1	1	1	54.5625	41.3094	38.2394	38.5264	51.1324	75.1043	84.6945	78.4679	77.0116	76.7707	
542	1	1	1	1	1	52.826	41.3521	36.0326	38.8153	51.3993	74.422	82.4575	84.0705	77.1541	75.6179	
543	1	1	1	1	1	51.9649	39.7489	35.5116	39.6924	51.3594	73.7472	83.9202	77.2638	75.9431	75.968	
544	1	1	1	1	1	53.9431	42.0502	37.635	37.6079	50.9998	74.8068	82.4134	83.6614	77.324	75.8067	
545	1	1	1	1	1	52.4121	39.9738	36.1076	39.0941	51.1318	73.8246	83.7632	76.5239	75.8504	75.9619	
546	1	1	1	1	1	54.0319	42.108	37.8125	37.2468	50.8035	74.7289	82.1091	82.9261	77.0892	75.7239	
547	1	1	1	1	1	52.323	39.8675	36.1247	38.8255	50.9762	73.6237	83.4636	75.6757	75.5754	75.8259	
548	1	1	1	1	1	51.0543	40.3355	34.8568	38.4521	51.0638	73.1004	81.3351	81.6963	75.9908	74.7617	
549	1	1	1	1	1	53.291	40.3923	37.6857	37.5666	50.512	73.8846	83.2258	75.0741	75.6819	75.8964	
550	1	1	1	1	1	51.4192	40.6783	35.3383	37.7178	50.7338	73.137	80.9692	80.9529	75.791	74.7186	
551	1	1	1	1	1	53.1136	42.3466	37.3285	35.9894	50.0531	73.8816	80.3937	84.3219	76.5369	74.8065	
552	1	1	1	1	1	51.2706	39.7583	35.5409	37.6949	50.5071	72.6598	82.2516	75.3367	74.7683	75.0308	
553	1	1	1	1	1	52.8254	41.7199	37.2663	35.883	50.0428	73.5456	80.5168	80.8837	75.8421	74.7873	
554	1	1	1	1	1	50.9932	39.1987	35.5186	37.6447	50.2762	72.3871	82.0197	72.9493	74.2563	74.9148	
555	1	1	1	1	1	52.467	41.3722	37.1321	35.6482	49.8214	73.2364	80.138	79.1269	75.3212	74.5588	
556	1	1	1	1	1	50.4392	41.0968	34.8126	36.0426	49.7356	72.1741	78.9829	81.9768	74.9699	73.677	
557	1	1	1	1	1	52.1186	40.1976	37.2852	35.6486	49.5237	72.6335	81.2021	73.2061	74.238	74.7655	
558	1	1	1	1	1	49.9628	40.3541	34.7025	35.8757	49.6292	71.6856	79.0028	78.2756	74.1738	73.5888	
559	1	1	1	1	1	51.4675	41.829	36.6477	34.0949	48.7891	72.3544	78.2352	81.1895	74.6993	73.5607	
560	1	1	1	1	1	49.4441	38.8946	34.7572	35.9989	49.3644	71.0383	80.2724	71.6266	72.8882	73.7749	
561	1	1	1	1	1	50.8905	40.9056	36.4411	33.9846	48.7222	71.872	78.2713	76.8362	73.7631	73.4032	
562	1	1	1	1	1	48.7631	40.6337	34.0936	34.3526	48.5326	70.7802	77.1611	79.4391	73.3553	72.534	
563	1	1	1	1	1	50.4019	39.3983	36.5685	34.048	48.3472	71.2053	79.2912	70.0044	72.5003	73.536	
564	1	1	1	1	1	48.1429	39.7432	33.9208	34.1563	48.3309	70.2277	77.0943	74.9781	72.3669	72.3667	
565	1	1	1	1	1	49.5456	41.1525	35.8472	32.2253	47.2936	70.8042	76.0915	77.6354	72.6859	72.2097	
566	1	1	1	1	1	47.4526	38.0085	33.9232	34.2626	47.9635	69.5101	78.2739	67.8447	70.9024	72.4405	
567	1	1	1	1	1	48.7987	40.0869	35.55	32.0192	47.0818	70.2415	75.9704	72.735	71.5422	71.9214	
568	1	1	1	1	1	46.5669	39.9723	33.1729	32.2471	46.6969	69.1085	74.8428	75.4102	71.0916	71.0469	
569	1	1	1	1	1	48.1319	38.328	35.604	31.9863	46.5306	69.4798	76.768	65.4986	70.1108	71.8988	
570	1	1	1	1	1	45.7777	38.9963	32.8913	31.8789	46.2602	68.449	74.5506	70.5043	69.8786	70.7149	
571	1	1	1	1	1	47.0082	40.2891	34.7413	29.7315	44.8627	68.841	73.1769	72.7469	69.8625	70.3611	
572	1	1	1	1	1	44.7265	39.8513	32.3997	30.012	44.2628	67.6238	72.3427	74.1479	69.2481	69.5698	
573	1	1	1	1	1	46.1364	37.8736	34.6124	29.7716	44.3074	67.8378	74.27	63.1957	68.0318	70.3219	
574	1	1	1	1	1	43.7806	38.5855	31.911	29.5545	43.7642	66.8021	72.0402	67.7256	67.7142	69.1343	
575	1	1	1	1	1	44.8702	39.6857	33.6637	27.3053	41.9997	67.0614	70.3083	69.3097	67.3422	68.6412	
576	1	1	1	1	1	42.5774	39.3198	31.2685	27.4316	41.0602	65.7603	69.3962	70.5176	66.6748	67.7949	
577	1	1	1	1	1	43.8708	37.1371	33.2413	27.1405	41.0715	65.902	71.0913	59.2358	65.2704	68.3614	
578	1	1	1	1	1	41.5423	38.0815	30.4633	26.6304	40.0564	64.7398	68.7135	63.7184	64.8304	67.0603	
579	1	1	1	1	1	42.4461	38.9821	31.9958	24.2221	37.6768	64.7755	66.4279	64.7144	63.976	66.3742	
580	1	1	1	1	1	40.2051	38.7359	29.4416	24.0517	36.137	63.2399	65.246	65.7465	63.2394	65.3803	
581	1	1	1	1	1	41.3432	36.4538	30.9667	23.5961	35.9539	63.2672	66.5914	54.4838	61.5668	65.6817	
582	1	1	1	1	1	39.114	37.6345	27.9592	22.6239	34.036	61.7633	63.7828	58.9873	60.9327	64.0847	
583	1	1	1	1	1	39.6978	37.7404	28.6135	20.4674	31.9396	61.207	64.6409	60.2486	59.1915	56.8426	
584	1	1	1	1	1	37.6957	37.6283	25.7099	19.8614	29.6441	59.4654	61.0742	60.4215	58.7296	57.5159	
585	1	1	1	1	1	36.5321	37.5031	24.0423	18.6619	26.6419	58.0829	58.3488	60.4645	57.9882	57.5356	
586	1	1	1	1	1	37.6927	35.8911	24.5867	17.3911	25.0211	57.6452	58.5634	49.2005	55.16	57.8463	
587	1	1	1	1	1	35.8669	36.9981	21.4362	15.9213	21.2465	55.7695	54.3568	53.2671	54.3813	56.4023	
588	1	1	1	1	1	34.8944	36.6825	19.5521	14.5825	18.6694	53.9941	57.5275	55.5222	53.1544	47.3009	
589	1	1	1	1	1	35.5188	36.9799	19.6843	12.7365	15.1116	53.524	49.8685	53.4911	51.2458	48.9358	
590	1	1	1	1	1	34.0315	36.4023	17.4272	12.5429	14.5089	46.5835	52.734	52.7763	50.3276	48.4186	
591	1	1	1	1	1	34.9061	35.6076	18.1665	11.994	13.5138	49.0532	50.2802	44.0733	48.9018	50.0059	
592	1	1	1	1	1	33.7265	36.4076	16.7009	11.3966	11.5907	49.06	45.8641	48.7557	49.8641	50.4576	
593	1	1	1	1	1	34.404	36.6812	17.0699	11.1628	11.5676	48.6701	50.8278	50.4249	50.1806	40.2904	
594	1	1	1	1	1	33.423	36.304	16.2901	10.88	10.4333	48.2847	44.3096	49.9563	50.3195	43.6236	
595	1	1	1	1	1	32.731	35.9831	15.8441	10.7155	10.9229	48.1901	47.9568	49.5144	44.4698	44.932	
596	1	1	1	1	1	32.9997	35.1254	15.8299	10.9377	11.1826	48.23	47.2048	42.2428	47.1529	45.4517	
597	1	1	1	1	1	32.7805	35.873	15.3617	10.428	10.6639	43.1121	45.1153	45.5316	47.5896	43.6472	
598	1	1	1	1	1	32.7558	36.0543	16.2147	9.70433	9.74133	45.0513	40.4763	45.0389	43.8893	42.8914	
599	1	1	1	1	1	32.7493	35.944	15.057	9.91506	10.0017	41.2772	39.3473	44.5438	47.0029	40.8971	
600	1	1	1	1	1	32.0261	35.7472	15.3314	9.90122	9.55083	42.8851	37.9134	43.8901	45.0624	39.2362	
601	1	1	1	1	1	31.866	35.7419	15.3127	9.83899	9.28465	42.6715	36.082	42.8605	45.1325	37.6687	