
1	76.1692	63.8411	101.972	111.418	92.566	33.9827	44.2197	52.9831	46.0786	31.3405	1	1	1	1	1	
2	76.1687	63.8402	101.971	111.417	92.5648	33.9817	44.2177	52.9832	46.0783	31.3393	1	1	1	1	1	
3	76.1685	63.8399	101.971	111.416	92.5645	33.9816	44.2174	52.9831	46.0781	31.3392	1	1	1	1	1	
4	76.1684	63.8397	101.971	111.416	92.5642	33.9815	44.217	52.9829	46.0779	31.339	1	1	1	1	1	
5	76.1682	63.8394	101.971	111.415	92.5639	33.9814	44.2167	52.9827	46.0778	31.3389	1	1	1	1	1	
6	76.168	63.8392	101.971	111.415	92.5636	33.9813	44.2164	52.9826	46.0776	31.3387	1	1	1	1	1	
7	76.1678	63.8389	101.97	111.414	92.5633	33.9812	44.216	52.9824	46.0774	31.3386	1	1	1	1	1	
8	76.1676	63.8387	101.97	111.413	92.5629	33.9811	44.2157	52.9823	46.0772	31.3384	1	1	1	1	1	
9	76.1674	63.8384	101.97	111.413	92.5626	33.981	44.2154	52.9821	46.0771	31.3382	1	1	1	1	1	
10	76.1672	63.8381	101.97	111.412	92.5623	33.9809	44.215	52.9819	46.0769	31.3381	1	1	1	1	1	
11	76.167	63.8379	101.969	111.411	92.5619	33.9808	44.2147	52.9817	46.0767	31.3379	1	1	1	1	1	
12	76.1669	63.8376	101.969	111.411	92.5616	33.9807	44.2143	52.9816	46.0765	31.3378	1	1	1	1	1	
13	76.1667	63.8373	101.969	111.41	92.5613	33.9806	44.214	52.9814	46.0763	31.3376	1	1	1	1	1	
14	76.1665	63.8371	101.969	111.409	92.5609	33.9805	44.2136	52.9812	46.0762	31.3374	1	1	1	1	1	
15	76.1663	63.8368	101.968	111.409	92.5606	33.9804	44.2133	52.981	46.076	31.3373	1	1	1	1	1	
16	76.166	63.8365	101.968	111.408	92.5602	33.9803	44.2129	52.9809	46.0758	31.3371	1	1	1	1	1	
17	76.1658	63.8362	101.968	111.407	92.5599	33.9802	44.2125	52.9807	46.0756	31.3369	1	1	1	1	1	
18	76.1656	63.8359	101.967	111.407	92.5595	33.9801	44.2122	52.9805	46.0754	31.3368	1	1	1	1	1	
19	76.1654	63.8357	101.967	111.406	92.5592	33.98	44.2118	52.9803	46.0752	31.3366	1	1	1	1	1	
20	76.1652	63.8354	101.967	111.405	92.5588	33.9799	44.2114	52.9801	46.075	31.3364	1	1	1	1	1	
21	76.165	63.8351	101.967	111.405	92.5584	33.9798	44.211	52.9799	46.0748	31.3363	1	1	1	1	1	
22	76.1648	63.8348	101.966	111.404	92.5581	33.9797	44.2106	52.9797	46.0746	31.3361	1	1	1	1	1	
23	76.1646	63.8345	101.966	111.403	92.5577	33.9796	44.2102	52.9795	46.0744	31.3359	1	1	1	1	1	
24	76.1643	63.8342	101.966	111.403	92.5573	33.9795	44.2098	52.9793	46.0742	31.3357	1	1	1	1	1	
25	76.1641	63.8339	101.965	111.402	92.5569	33.9794	44.2094	52.9791	46.074	31.3355	1	1	1	1	1	
26	76.1639	63.8335	101.965	111.401	92.5565	33.9792	44.209	52.9789	46.0738	31.3353	1	1	1	1	1	
27	76.1637	63.8332	101.965	111.4	92.5562	33.9791	44.2086	52.9787	46.0736	31.3352	1	1	1	1	1	
28	76.1634	63.8329	101.965	111.4	92.5558	33.979	44.2082	52.9785	46.0733	31.335	1	1	1	1	1	
29	76.1632	63.8326	101.964	111.399	92.5554	33.9789	44.2078	52.9783	46.0731	31.3348	1	1	1	1	1	
30	76.163	63.8323	101.964	111.398	92.555	33.9788	44.2074	52.9781	46.0729	31.3346	1	1	1	1	1	
31	76.1627	63.832	101.964	111.397	92.5546	33.9787	44.207	52.9779	46.0727	31.3344	1	1	1	1	1	
32	76.1625	63.8316	101.963	111.396	92.5541	33.9785	44.2065	52.9777	46.0725	31.3342	1	1	1	1	1	
33	76.1623	63.8313	101.963	111.396	92.5537	33.9784	44.2061	52.9775	46.0722	31.334	1	1	1	1	1	
34	76.162	63.831	101.963	111.395	92.5533	33.9783	44.2056	52.9773	46.072	31.3338	1	1	1	1	1	
35	76.1618	63.8306	101.962	111.394	92.5529	33.9782	44.2052	52.977	46.0718	31.3336	1	1	1	1	1	
36	76.1615	63.8303	101.962	111.393	92.5525	33.978	44.2048	52.9768	46.0716	31.3334	1	1	1	1	1	
37	76.1613	63.8299	101.962	111.392	92.552	33.9779	44.2043	52.9766	46.0713	31.3332	1	1	1	1	1	
38	76.161	63.8296	101.961	111.392	92.5516	33.9778	44.2039	52.9764	46.0711	31.333	1	1	1	1	1	
39	76.1608	63.8292	101.961	111.391	92.5512	33.9777	44.2034	52.9761	46.0708	31.3328	1	1	1	1	1	
40	76.1605	63.8289	101.961	111.39	92.5507	33.9775	44.2029	52.9759	46.0706	31.3326	1	1	1	1	1	
41	76.1602	63.8285	101.96	111.389	92.5503	33.9774	44.2025	52.9757	46.0704	31.3323	1	1	1	1	1	
42	76.16	63.8281	101.96	111.388	92.5498	33.9773	44.202	52.9754	46.0701	31.3321	1	1	1	1	1	
43	76.1597	63.8278	101.96	111.387	92.5494	33.9771	44.2015	52.9752	46.0699	31.3319	1	1	1	1	1	
44	76.1594	63.8274	101.959	111.386	92.5489	33.977	44.201	52.975	46.0696	31.3317	1	1	1	1	1	
45	76.1592	63.827	101.959	111.386	92.5484	33.9769	44.2005	52.9747	46.0694	31.3315	1	1	1	1	1	
46	76.1589	63.8267	101.959	111.385	92.548	33.9767	44.2	52.9745	46.0691	31.3312	1	1	1	1	1	
47	76.1586	63.8263	101.958	111.384	92.5475	33.9766	44.1995	52.9742	46.0688	31.331	1	1	1	1	1	
48	76.1583	63.8259	101.958	111.383	92.547	33.9764	44.199	52.974	46.0686	31.3308	1	1	1	1	1	
49	76.158	63.8255	101.957	111.382	92.5465	33.9763	44.1985	52.9737	46.0683	31.3305	1	1	1	1	1	
50	76.1577	63.8251	101.957	111.381	92.546	33.9762	44.198	52.9735	46.068	31.3303	1	1	1	1	1	
51	76.1575	63.8247	101.957	111.38	92.5455	33.976	44.1975	52.9732	46.0678	31.3301	1	1	1	1	1	
52	76.1572	63.8243	101.956	111.379	92.545	33.9759	44.197	52.9729	46.0675	31.3298	1	1	1	1	1	
53	76.1569	63.8239	101.956	111.378	92.5445	33.9757	44.1964	52.9727	46.0672	31.3296	1	1	1	1	1	
54	76.1566	63.8235	101.956	111.377	92.544	33.9756	44.1959	52.9724	46.0669	31.3293	1	1	1	1	1	
55	76.1563	63.8231	101.955	111.376	92.5435	33.9754	44.1954	52.9721	46.0667	31.3291	1	1	1	1	1	
56	76.156	63.8226	101.955	111.375	92.543	33.9753	44.1948	52.9719	46.0664	31.3288	1	1	1	1	1	
57	76.1557	63.8222	101.954	111.374	92.5424	33.9751	44.1943	52.9716	46.0661	31.3286	1	1	1	1	1	
58	76.1553	63.8218	101.954	111.373	92.5419	33.9749	44.1937	52.9713	46.0658	31.3283	1	1	1	1	1	
59	76.155	63.8214	101.954	111.372	92.5414	33.9748	44.1931	52.971	46.0655	31.3281	1	1	1	1	1	
60	76.1547	63.8209	101.953	111.371	92.5408	33.9746	44.1926	52.9708	46.0652	31.3278	1	1	1	1	1	
61	76.1544	63.8205	101.953	111.37	92.5403	33.9745	44.192	52.9705	46.0649	31.3275	1	1	1	1	1	
62	76.1541	63.82	101.952	111.369	92.5397	33.9743	44.1914	52.9702	46.0646	31.3273	1	1	1	1	1	
63	76.1537	63.8196	101.952	111.368	92.5391	33.9741	44.1908	52.9699	46.0643	31.327	1	1	1	1	1	
64	76.1534	63.8191	101.951	111.367	92.5386	33.974	44.1902	52.9696	46.064	31.3267	1	1	1	1	1	
65	76.1531	63.8187	101.951	111.366	92.538	33.9738	44.1896	52.9693	46.0637	31.3265	1	1	1	1	1	
66	76.1527	63.8182	101.951	111.364	92.5374	33.9736	44.189	52.969	46.0634	31.3262	1	1	1	1	1	
67	76.1524	63.8177	101.95	111.363	92.5368	33.9735	44.1884	52.9687	46.0631	31.3259	1	1	1	1	1	
68	76.1521	63.8173	101.95	111.362	92.5363	33.9733	44.1878	52.9684	46.0627	31.3256	1	1	1	1	1	
69	76.1517	63.8168	101.949	111.361	92.5357	33.9731	44.1872	52.9681	46.0624	31.3253	1	1	1	1	1	
70	76.1514	63.8163	101.949	111.36	92.5351	33.9729	44.1865	52.9678	46.0621	31.325	1	1	1	1	1	
71	76.151	63.8158	101.948	111.359	92.5344	33.9728	44.1859	52.9675	46.0618	31.3248	1	1	1	1	1	
72	76.1506	63.8153	101.948	111.358	92.5338	33.9726	44.1853	52.9671	46.0614	31.3245	1	1	1	1	1	
73	76.1503	63.8148	101.947	111.356	92.5332	33.9724	44.1846	52.9668	46.0611	31.3242	1	1	1	1	1	
74	76.1499	63.8143	101.947	111.355	92.5326	33.9722	44.184	52.9665	46.0607	31.3239	1	1	1	1	1	
75	76.1495	63.8138	101.946	111.354	92.5319	33.972	44.1833	52.9662	46.0604	31.3236	1	1	1	1	1	
76	76.1492	63.8133	101.946	111.353	92.5313	33.9718	44.1826	52.9658	46.06	31.3233	1	1	1	1	1	
77	76.1488	63.8128	101.945	111.351	92.5307	33.9716	44.1819	52.9655	46.0597	31.3229	1	1	1	1	1	
78	76.1484	63.8123	101.945	111.35	92.53	33.9714	44.1813	52.9652	46.0593	31.3226	1	1	1	1	1	
79	76.148	63.8117	101.944	111.349	92.5293	33.9713	44.1806	52.9648	46.059	31.3223	1	1	1	1	1	
80	76.1476	63.8112	101.944	111.348	92.5287	33.9711	44.1799	52.9645	46.0586	31.322	1	1	1	1	1	
81	76.1472	63.8107	101.943	111.346	92.528	33.9709	44.1792	52.9641	46.0583	31.3217	1	1	1	1	1	
82	76.1468	63.8101	101.943	111.345	92.5273	33.9707	44.1785	52.9638	46.0579	31.3214	1	1	1	1	1	
83	76.1464	63.8096	101.942	111.344	92.5266	33.9705	44.1777	52.9634	46.0575	31.321	1	1	1	1	1	
84	76.146	63.809	101.942	111.342	92.5259	33.9703	44.177	52.9631	46.0571	31.3207	1	1	1	1	1	
85	76.1456	63.8084	101.941	111.341	92.5252	33.97	44.1763	52.9627	46.0567	31.3204	1	1	1	1	1	
86	76.1452	63.8079	101.941	111.34	92.5245	33.9698	44.1755	52.9623	46.0564	31.32	1	1	1	1	1	
87	76.1448	63.8073	101.94	111.338	92.5238	33.9696	44.1748	52.9619	46.056	31.3197	1	1	1	1	1	
88	76.1444	63.8067	101.94	111.337	92.5231	33.9694	44.174	52.9616	46.0556	31.3193	1	1	1	1	1	
89	76.144	63.8061	101.939	111.336	92.5224	33.9692	44.1733	52.9612	46.0552	31.319	1	1	1	1	1	
90	76.1435	63.8055	101.938	111.334	92.5216	33.969	44.1725	52.9608	46.0548	31.3186	1	1	1	1	1	
91	76.1431	63.8049	101.938	111.333	92.5209	33.9688	44.1717	52.9604	46.0544	31.3183	1	1	1	1	1	
92	76.1426	63.8043	101.937	111.331	92.5201	33.9685	44.1709	52.96	46.054	31.3179	1	1	1	1	1	
93	76.1422	63.8037	101.937	111.33	92.5194	33.9683	44.1701	52.9596	46.0536	31.3175	1	1	1	1	1	
94	76.1418	63.8031	101.936	111.328	92.5186	33.9681	44.1693	52.9592	46.0531	31.3172	1	1	1	1	1	
95	76.1413	63.8025	101.936	111.327	92.5178	33.9679	44.1685	52.9588	46.0527	31.3168	1	1	1	1	1	
96	76.1408	63.8019	101.935	111.325	92.517	33.9676	44.1677	52.9584	46.0523	31.3164	1	1	1	1	1	
97	76.1404	63.8012	101.934	111.324	92.5163	33.9674	44.1669	52.958	46.0519	31.316	1	1	1	1	1	
98	76.1399	63.8006	101.934	111.322	92.5155	33.9672	44.166	52.9576	46.0514	31.3157	1	1	1	1	1	
99	76.1394	63.7999	101.933	111.321	92.5146	33.9669	44.1652	52.9572	46.051	31.3153	1	1	1	1	1	
100	76.139	63.7993	101.932	111.319	92.5138	33.9667	44.1643	52.9568	46.0505	31.3149	1	1	1	1	1	
101	76.1385	63.7986	101.932	111.318	92.513	33.9664	44.1635	52.9563	46.0501	31.3145	1	1	1	1	1	
102	76.138	63.7979	101.931	111.316	92.5122	33.9662	44.1626	52.9559	46.0496	31.3141	1	1	1	1	1	
103	76.1375	63.7973	101.931	111.314	92.5113	33.966	44.1617	52.9555	46.0492	31.3137	1	1	1	1	1	
104	76.137	63.7966	101.93	111.313	92.5105	33.9657	44.1608	52.955	46.0487	31.3133	1	1	1	1	1	
105	76.1365	63.7959	101.929	111.311	92.5096	33.9654	44.1599	52.9546	46.0482	31.3129	1	1	1	1	1	
106	76.136	63.7952	101.929	111.31	92.5087	33.9652	44.159	52.9541	46.0478	31.3125	1	1	1	1	1	
107	76.1355	63.7945	101.928	111.308	92.5079	33.9649	44.1581	52.9537	46.0473	31.312	1	1	1	1	1	
108	76.135	63.7938	101.927	111.306	92.507	33.9647	44.1572	52.9532	46.0468	31.3116	1	1	1	1	1	
109	76.1345	63.7931	101.927	111.304	92.5061	33.9644	44.1562	52.9528	46.0463	31.3112	1	1	1	1	1	
110	76.1339	63.7923	101.926	111.303	92.5052	33.9641	44.1553	52.9523	46.0458	31.3108	1	1	1	1	1	
111	76.1334	63.7916	101.925	111.301	92.5043	33.9639	44.1543	52.9518	46.0453	31.3103	1	1	1	1	1	
112	76.1329	63.7909	101.924	111.299	92.5034	33.9636	44.1534	52.9513	46.0448	31.3099	1	1	1	1	1	
113	76.1323	63.7901	101.924	111.297	92.5024	33.9633	44.1524	52.9509	46.0443	31.3094	1	1	1	1	1	
114	76.1318	63.7894	101.923	111.296	92.5015	33.963	44.1514	52.9504	46.0438	31.309	1	1	1	1	1	
115	76.1312	63.7886	101.922	111.294	92.5005	33.9628	44.1504	52.9499	46.0433	31.3085	1	1	1	1	1	
116	76.1306	63.7878	101.922	111.292	92.4996	33.9625	44.1494	52.9494	46.0428	31.3081	1	1	1	1	1	
117	76.1301	63.787	101.921	111.29	92.4986	33.9622	44.1484	52.9489	46.0423	31.3076	1	1	1	1	1	
118	76.1295	63.7863	101.92	111.288	92.4976	33.9619	44.1474	52.9484	46.0417	31.3071	1	1	1	1	1	
119	76.1289	63.7855	101.919	111.286	92.4966	33.9616	44.1463	52.9479	46.0412	31.3067	1	1	1	1	1	
120	76.1283	63.7847	101.919	111.284	92.4956	33.9613	44.1453	52.9473	46.0406	31.3062	1	1	1	1	1	
121	76.1278	63.7838	101.918	111.282	92.4946	33.961	44.1442	52.9468	46.0401	31.3057	1	1	1	1	1	
122	76.1272	63.783	101.917	111.281	92.4936	33.9607	44.1432	52.9463	46.0395	31.3052	1	1	1	1	1	
123	76.1266	63.7822	101.916	111.279	92.4926	33.9604	44.1421	52.9457	46.039	31.3047	1	1	1	1	1	
124	76.1259	63.7814	101.915	111.277	92.4915	33.9601	44.141	52.9452	46.0384	31.3042	1	1	1	1	1	
125	76.1253	63.7805	101.915	111.275	92.4905	33.9598	44.1399	52.9447	46.0378	31.3037	1	1	1	1	1	
126	76.1247	63.7797	101.914	111.272	92.4894	33.9595	44.1388	52.9441	46.0372	31.3032	1	1	1	1	1	
127	76.1241	63.7788	101.913	111.27	92.4883	33.9592	44.1377	52.9436	46.0367	31.3027	1	1	1	1	1	
128	76.1235	63.7779	101.912	111.268	92.4872	33.9589	44.1365	52.943	46.0361	31.3022	1	1	1	1	1	
129	76.1228	63.777	101.911	111.266	92.4861	33.9585	44.1354	52.9424	46.0355	31.3016	1	1	1	1	1	
130	76.1222	63.7762	101.91	111.264	92.485	33.9582	44.1342	52.9418	46.0349	31.3011	1	1	1	1	1	
131	76.1215	63.7753	101.91	111.262	92.4839	33.9579	44.133	52.9413	46.0343	31.3006	1	1	1	1	1	
132	76.1209	63.7743	101.909	111.26	92.4828	33.9575	44.1319	52.9407	46.0336	31.3	1	1	1	1	1	
133	76.1202	63.7734	101.908	111.258	92.4816	33.9572	44.1307	52.9401	46.033	31.2995	1	1	1	1	1	
134	76.1195	63.7725	101.907	111.255	92.4805	33.9569	44.1295	52.9395	46.0324	31.2989	1	1	1	1	1	
135	76.1188	63.7716	101.906	111.253	92.4793	33.9565	44.1282	52.9389	46.0318	31.2984	1	1	1	1	1	
136	76.1181	63.7706	101.905	111.251	92.4781	33.9562	44.127	52.9383	46.0311	31.2978	1	1	1	1	1	
137	76.1174	63.7697	101.904	111.249	92.4769	33.9558	44.1258	52.9377	46.0305	31.2972	1	1	1	1	1	
138	76.1167	63.7687	101.903	111.246	92.4757	33.9555	44.1245	52.937	46.0298	31.2967	1	1	1	1	1	
139	76.116	63.7677	101.902	111.244	92.4745	33.9551	44.1232	52.9364	46.0292	31.2961	1	1	1	1	1	
140	76.1153	63.7667	101.902	111.242	92.4733	33.9547	44.122	52.9358	46.0285	31.2955	1	1	1	1	1	
141	76.1146	63.7657	101.901	111.239	92.4721	33.9544	44.1207	52.9351	46.0278	31.2949	1	1	1	1	1	
142	76.1139	63.7647	101.9	111.237	92.4708	33.954	44.1193	52.9345	46.0271	31.2943	1	1	1	1	1	
143	76.1131	63.7637	101.899	111.234	92.4695	33.9536	44.118	52.9338	46.0264	31.2937	1	1	1	1	1	
144	76.1124	63.7627	101.898	111.232	92.4683	33.9533	44.1167	52.9332	46.0258	31.2931	1	1	1	1	1	
145	76.1116	63.7617	101.897	111.23	92.467	33.9529	44.1153	52.9325	46.025	31.2925	1	1	1	1	1	
146	76.1109	63.7606	101.896	111.227	92.4657	33.9525	44.114	52.9318	46.0243	31.2918	1	1	1	1	1	
147	76.1101	63.7595	101.895	111.225	92.4643	33.9521	44.1126	52.9311	46.0236	31.2912	1	1	1	1	1	
148	76.1093	63.7585	101.894	111.222	92.463	33.9517	44.1112	52.9305	46.0229	31.2906	1	1	1	1	1	
149	76.1085	63.7574	101.893	111.219	92.4617	33.9513	44.1098	52.9298	46.0222	31.2899	1	1	1	1	1	
150	76.1077	63.7563	101.892	111.217	92.4603	33.9509	44.1084	52.9291	46.0214	31.2893	1	1	1	1	1	
151	76.1069	63.7552	101.891	111.214	92.4589	33.9505	44.1069	52.9283	46.0207	31.2886	1	1	1	1	1	
152	76.1061	63.7541	101.889	111.212	92.4575	33.9501	44.1055	52.9276	46.0199	31.288	1	1	1	1	1	
153	76.1053	63.753	101.888	111.209	92.4561	33.9497	44.104	52.9269	46.0192	31.2873	1	1	1	1	1	
154	76.1045	63.7518	101.887	111.206	92.4547	33.9493	44.1025	52.9262	46.0184	31.2866	1	1	1	1	1	
155	76.1037	63.7507	101.886	111.203	92.4533	33.9488	44.101	52.9254	46.0176	31.2859	1	1	1	1	1	
156	76.1028	63.7495	101.885	111.201	92.4519	33.9484	44.0995	52.9247	46.0168	31.2852	1	1	1	1	1	
157	76.102	63.7483	101.884	111.198	92.4504	33.948	44.098	52.9239	46.016	31.2845	1	1	1	1	1	
158	76.1011	63.7472	101.883	111.195	92.4489	33.9475	44.0965	52.9232	46.0152	31.2838	1	1	1	1	1	
159	76.1002	63.746	101.882	111.192	92.4474	33.9471	44.0949	52.9224	46.0144	31.2831	1	1	1	1	1	
160	76.0993	63.7447	101.881	111.189	92.4459	33.9467	44.0933	52.9216	46.0136	31.2824	1	1	1	1	1	
161	76.0985	63.7435	101.879	111.186	92.4444	33.9462	44.0917	52.9208	46.0128	31.2817	1	1	1	1	1	
162	76.0976	63.7423	101.878	111.183	92.4429	33.9458	44.0901	52.92	46.0119	31.2809	1	1	1	1	1	
163	76.0967	63.741	101.877	111.18	92.4413	33.9453	44.0885	52.9192	46.0111	31.2802	1	1	1	1	1	
164	76.0957	63.7398	101.876	111.177	92.4397	33.9448	44.0869	52.9184	46.0102	31.2795	1	1	1	1	1	
165	76.0948	63.7385	101.875	111.174	92.4381	33.9444	44.0852	52.9176	46.0094	31.2787	1	1	1	1	1	
166	76.0939	63.7372	101.873	111.171	92.4365	33.9439	44.0835	52.9168	46.0085	31.2779	1	1	1	1	1	
167	76.0929	63.7359	101.872	111.168	92.4349	33.9434	44.0818	52.9159	46.0076	31.2772	1	1	1	1	1	
168	76.092	63.7346	101.871	111.165	92.4333	33.9429	44.0801	52.9151	46.0067	31.2764	1	1	1	1	1	
169	76.091	63.7333	101.87	111.162	92.4316	33.9424	44.0784	52.9142	46.0058	31.2756	1	1	1	1	1	
170	76.09	63.7319	101.868	111.159	92.43	33.9419	44.0767	52.9134	46.0049	31.2748	1	1	1	1	1	
171	76.0891	63.7306	101.867	111.156	92.4283	33.9414	44.0749	52.9125	46.004	31.274	1	1	1	1	1	
172	76.0881	63.7292	101.866	111.152	92.4266	33.9409	44.0731	52.9116	46.0031	31.2732	1	1	1	1	1	
173	76.0871	63.7278	101.864	111.149	92.4249	33.9404	44.0713	52.9107	46.0021	31.2723	1	1	1	1	1	
174	76.086	63.7264	101.863	111.146	92.4231	33.9399	44.0695	52.9098	46.0012	31.2715	1	1	1	1	1	
175	76.085	63.725	101.862	111.142	92.4214	33.9394	44.0677	52.9089	46.0002	31.2707	1	1	1	1	1	
176	76.084	63.7236	101.86	111.139	92.4196	33.9389	44.0658	52.908	45.9993	31.2698	1	1	1	1	1	
177	76.0829	63.7221	101.859	111.135	92.4178	33.9383	44.0639	52.9071	45.9983	31.269	1	1	1	1	1	
178	76.0819	63.7207	101.858	111.132	92.416	33.9378	44.062	52.9061	45.9973	31.2681	1	1	1	1	1	
179	76.0808	63.7192	101.856	111.128	92.4141	33.9373	44.0601	52.9052	45.9963	31.2672	1	1	1	1	1	
180	76.0797	63.7177	101.855	111.125	92.4123	33.9367	44.0582	52.9042	45.9953	31.2663	1	1	1	1	1	
181	76.0786	63.7162	101.853	111.121	92.4104	33.9362	44.0562	52.9033	45.9943	31.2655	1	1	1	1	1	
182	76.0775	63.7147	101.852	111.118	92.4085	33.9356	44.0543	52.9023	45.9933	31.2645	1	1	1	1	1	
183	76.0764	63.7132	101.851	111.114	92.4066	33.935	44.0523	52.9013	45.9922	31.2636	1	1	1	1	1	
184	76.0753	63.7116	101.849	111.11	92.4047	33.9345	44.0503	52.9003	45.9912	31.2627	1	1	1	1	1	
185	76.0742	63.7101	101.848	111.107	92.4028	33.9339	44.0482	52.8993	45.9901	31.2618	1	1	1	1	1	
186	76.073	63.7085	101.846	111.103	92.4008	33.9333	44.0462	52.8983	45.989	31.2608	1	1	1	1	1	
187	76.0719	63.7069	101.845	111.099	92.3988	33.9327	44.0441	52.8973	45.9879	31.2599	1	1	1	1	1	
188	76.0707	63.7053	101.843	111.095	92.3968	33.9321	44.042	52.8962	45.9869	31.2589	1	1	1	1	1	
189	76.0695	63.7036	101.841	111.091	92.3948	33.9315	44.0399	52.8952	45.9858	31.258	1	1	1	1	1	
190	76.0683	63.702	101.84	111.087	92.3927	33.9309	44.0377	52.8941	45.9846	31.257	1	1	1	1	1	
191	76.0671	63.7003	101.838	111.083	92.3906	33.9303	44.0356	52.8931	45.9835	31.256	1	1	1	1	1	
192	76.0659	63.6986	101.837	111.079	92.3885	33.9297	44.0334	52.892	45.9824	31.255	1	1	1	1	1	
193	76.0646	63.6969	101.835	111.075	92.3864	33.929	44.0312	52.8909	45.9812	31.254	1	1	1	1	1	
194	76.0634	63.6952	101.833	111.071	92.3843	33.9284	44.0289	52.8898	45.98	31.253	1	1	1	1	1	
195	76.0621	63.6935	101.832	111.067	92.3821	33.9278	44.0267	52.8887	45.9789	31.2519	1	1	1	1	1	
196	76.0609	63.6917	101.83	111.063	92.3799	33.9271	44.0244	52.8876	45.9777	31.2509	1	1	1	1	1	
197	76.0596	63.6899	101.828	111.059	92.3777	33.9265	44.0221	52.8864	45.9765	31.2498	1	1	1	1	1	
198	76.0583	63.6881	101.827	111.055	92.3755	33.9258	44.0198	52.8853	45.9753	31.2488	1	1	1	1	1	
199	76.057	63.6863	101.825	111.05	92.3733	33.9251	44.0174	52.8841	45.974	31.2477	1	1	1	1	1	
200	76.0556	63.6845	101.823	111.046	92.371	33.9245	44.015	52.8829	45.9728	31.2466	1	1	1	1	1	
201	76.0543	63.6827	101.822	111.042	92.3687	33.9238	44.0126	52.8818	45.9716	31.2455	1	1	1	1	1	
202	76.0529	63.6808	101.82	111.037	92.3664	33.9231	44.0102	52.8806	45.9703	31.2444	1	1	1	1	1	
203	76.0516	63.6789	101.818	111.033	92.364	33.9224	44.0078	52.8794	45.969	31.2433	1	1	1	1	1	
204	76.0502	63.677	101.816	111.028	92.3616	33.9217	44.0053	52.8781	45.9677	31.2422	1	1	1	1	1	
205	76.0488	63.6751	101.814	111.023	92.3592	33.921	44.0028	52.8769	45.9664	31.241	1	1	1	1	1	
206	76.0474	63.6731	101.813	111.019	92.3568	33.9203	44.0003	52.8756	45.9651	31.2399	1	1	1	1	1	
207	76.0459	63.6712	101.811	111.014	92.3544	33.9195	43.9977	52.8744	45.9638	31.2387	1	1	1	1	1	
208	76.0445	63.6692	101.809	111.009	92.3519	33.9188	43.9951	52.8731	45.9624	31.2375	1	1	1	1	1	
209	76.043	63.6672	101.807	111.005	92.3494	33.9181	43.9925	52.8718	45.9611	31.2363	1	1	1	1	1	
210	76.0416	63.6651	101.805	111	92.3469	33.9173	43.9899	52.8705	45.9597	31.2351	1	1	1	1	1	
211	76.0401	63.6631	101.803	110.995	92.3443	33.9166	43.9872	52.8692	45.9583	31.2339	1	1	1	1	1	
212	76.0386	63.661	101.801	110.99	92.3418	33.9158	43.9845	52.8679	45.9569	31.2327	1	1	1	1	1	
213	76.0371	63.6589	101.799	110.985	92.3392	33.915	43.9818	52.8666	45.9555	31.2314	1	1	1	1	1	
214	76.0355	63.6568	101.797	110.98	92.3365	33.9142	43.9791	52.8652	45.954	31.2302	1	1	1	1	1	
215	76.034	63.6546	101.795	110.975	92.3339	33.9134	43.9763	52.8638	45.9526	31.2289	1	1	1	1	1	
216	76.0324	63.6525	101.793	110.97	92.3312	33.9126	43.9735	52.8624	45.9511	31.2276	1	1	1	1	1	
217	76.0308	63.6503	101.791	110.965	92.3285	33.9118	43.9706	52.8611	45.9497	31.2263	1	1	1	1	1	
218	76.0292	63.6481	101.789	110.959	92.3257	33.911	43.9678	52.8596	45.9482	31.225	1	1	1	1	1	
219	76.0276	63.6459	101.787	110.954	92.3229	33.9102	43.9649	52.8582	45.9467	31.2237	1	1	1	1	1	
220	76.026	63.6436	101.785	110.949	92.3201	33.9094	43.962	52.8568	45.9451	31.2224	1	1	1	1	1	
221	76.0243	63.6413	101.782	110.943	92.3173	33.9085	43.959	52.8553	45.9436	31.221	1	1	1	1	1	
222	76.0227	63.639	101.78	110.938	92.3145	33.9077	43.956	52.8539	45.942	31.2197	1	1	1	1	1	
223	76.021	63.6367	101.778	110.932	92.3116	33.9068	43.953	52.8524	45.9405	31.2183	1	1	1	1	1	
224	76.0193	63.6344	101.776	110.927	92.3086	33.9059	43.95	52.8509	45.9389	31.2169	1	1	1	1	1	
225	76.0175	63.632	101.773	110.921	92.3057	33.9051	43.9469	52.8493	45.9373	31.2155	1	1	1	1	1	
226	76.0158	63.6296	101.771	110.915	92.3027	33.9042	43.9438	52.8478	45.9356	31.2141	1	1	1	1	1	
227	76.014	63.6271	101.769	110.91	92.2997	33.9033	43.9406	52.8463	45.934	31.2126	1	1	1	1	1	
228	76.0123	63.6247	101.767	110.904	92.2967	33.9024	43.9374	52.8447	45.9323	31.2112	1	1	1	1	1	
229	76.0105	63.6222	101.764	110.898	92.2936	33.9015	43.9342	52.8431	45.9307	31.2097	1	1	1	1	1	
230	76.0087	63.6197	101.762	110.892	92.2905	33.9005	43.931	52.8415	45.929	31.2082	1	1	1	1	1	
231	76.0068	63.6172	101.759	110.886	92.2873	33.8996	43.9277	52.8399	45.9273	31.2067	1	1	1	1	1	
232	76.005	63.6146	101.757	110.88	92.2842	33.8986	43.9244	52.8383	45.9255	31.2052	1	1	1	1	1	
233	76.0031	63.612	101.755	110.874	92.2809	33.8977	43.921	52.8366	45.9238	31.2037	1	1	1	1	1	
234	76.0012	63.6094	101.752	110.868	92.2777	33.8967	43.9177	52.835	45.922	31.2022	1	1	1	1	1	
235	75.9993	63.6068	101.75	110.861	92.2744	33.8957	43.9142	52.8333	45.9202	31.2006	1	1	1	1	1	
236	75.9974	63.6041	101.747	110.855	92.2711	33.8948	43.9108	52.8316	45.9184	31.199	1	1	1	1	1	
237	75.9954	63.6014	101.745	110.849	92.2678	33.8938	43.9073	52.8299	45.9166	31.1974	1	1	1	1	1	
238	75.9934	63.5987	101.742	110.842	92.2644	33.8927	43.9038	52.8281	45.9148	31.1958	1	1	1	1	1	
239	75.9915	63.596	101.739	110.836	92.261	33.8917	43.9002	52.8264	45.9129	31.1942	1	1	1	1	1	
240	75.9894	63.5932	101.737	110.829	92.2575	33.8907	43.8966	52.8246	45.911	31.1926	1	1	1	1	1	
241	75.9874	63.5904	101.734	110.822	92.254	33.8897	43.893	52.8228	45.9091	31.1909	1	1	1	1	1	
242	75.9853	63.5875	101.731	110.816	92.2505	33.8886	43.8893	52.821	45.9072	31.1892	1	1	1	1	1	
243	75.9833	63.5846	101.729	110.809	92.2469	33.8875	43.8856	52.8192	45.9053	31.1875	1	1	1	1	1	
244	75.9812	63.5817	101.726	110.802	92.2433	33.8865	43.8818	52.8173	45.9033	31.1858	1	1	1	1	1	
245	75.979	63.5788	101.723	110.795	92.2397	33.8854	43.878	52.8155	45.9013	31.1841	1	1	1	1	1	
246	75.9769	63.5758	101.72	110.788	92.236	33.8843	43.8742	52.8136	45.8993	31.1823	1	1	1	1	1	
247	75.9747	63.5729	101.717	110.781	92.2323	33.8832	43.8703	52.8117	45.8973	31.1806	1	1	1	1	1	
248	75.9725	63.5698	101.715	110.774	92.2285	33.882	43.8664	52.8098	45.8952	31.1788	1	1	1	1	1	
249	75.9703	63.5668	101.712	110.766	92.2247	33.8809	43.8624	52.8078	45.8932	31.177	1	1	1	1	1	
250	75.9681	63.5637	101.709	110.759	92.2209	33.8798	43.8584	52.8059	45.8911	31.1751	1	1	1	1	1	
251	75.9658	63.5605	101.706	110.752	92.217	33.8786	43.8544	52.8039	45.889	31.1733	1	1	1	1	1	
252	75.9635	63.5574	101.703	110.744	92.2131	33.8774	43.8503	52.8019	45.8868	31.1714	1	1	1	1	1	
253	75.9612	63.5542	101.7	110.737	92.2092	33.8762	43.8462	52.7998	45.8847	31.1696	1	1	1	1	1	
254	75.9589	63.551	101.697	110.729	92.2051	33.875	43.842	52.7978	45.8825	31.1676	1	1	1	1	1	
255	75.9565	63.5477	101.694	110.721	92.2011	33.8738	43.8378	52.7957	45.8803	31.1657	1	1	1	1	1	
256	75.9541	63.5444	101.691	110.714	92.197	33.8726	43.8335	52.7936	45.878	31.1638	1	1	1	1	1	
257	75.9517	63.5411	101.687	110.706	92.1929	33.8714	43.8292	52.7915	45.8758	31.1618	1	1	1	1	1	
258	75.9493	63.5377	101.684	110.698	92.1887	33.8701	43.8248	52.7894	45.8735	31.1598	1	1	1	1	1	
259	75.9468	63.5343	101.681	110.69	92.1845	33.8688	43.8204	52.7872	45.8712	31.1578	1	1	1	1	1	
260	75.9444	63.5309	101.678	110.681	92.1802	33.8676	43.816	52.785	45.8689	31.1558	1	1	1	1	1	
261	75.9418	63.5274	101.674	110.673	92.1759	33.8663	43.8115	52.7828	45.8665	31.1538	1	1	1	1	1	
262	75.9393	63.5239	101.671	110.665	92.1715	33.865	43.807	52.7806	45.8642	31.1517	1	1	1	1	1	
263	75.9367	63.5203	101.668	110.657	92.1671	33.8636	43.8024	52.7784	45.8618	31.1496	1	1	1	1	1	
264	75.9341	63.5167	101.664	110.648	92.1627	33.8623	43.7977	52.7761	45.8593	31.1475	1	1	1	1	1	
265	75.9315	63.5131	101.661	110.639	92.1582	33.861	43.793	52.7738	45.8569	31.1453	1	1	1	1	1	
266	75.9289	63.5094	101.657	110.631	92.1536	33.8596	43.7883	52.7715	45.8544	31.1432	1	1	1	1	1	
267	75.9262	63.5057	101.654	110.622	92.1491	33.8582	43.7835	52.7691	45.8519	31.141	1	1	1	1	1	
268	75.9235	63.502	101.65	110.613	92.1444	33.8568	43.7787	52.7667	45.8494	31.1388	1	1	1	1	1	
269	75.9207	63.4982	101.647	110.604	92.1397	33.8554	43.7738	52.7644	45.8468	31.1366	1	1	1	1	1	
270	75.918	63.4943	101.643	110.595	92.135	33.854	43.7688	52.7619	45.8442	31.1343	1	1	1	1	1	
271	75.9152	63.4905	101.64	110.586	92.1302	33.8525	43.7638	52.7595	45.8416	31.132	1	1	1	1	1	
272	75.9123	63.4866	101.636	110.577	92.1253	33.8511	43.7588	52.757	45.839	31.1297	1	1	1	1	1	
273	75.9095	63.4826	101.632	110.567	92.1204	33.8496	43.7537	52.7545	45.8363	31.1274	1	1	1	1	1	
274	75.9066	63.4786	101.628	110.558	92.1155	33.8481	43.7485	52.752	45.8336	31.1251	1	1	1	1	1	
275	75.9037	63.4746	101.625	110.548	92.1105	33.8466	43.7433	52.7494	45.8309	31.1227	1	1	1	1	1	
276	75.9007	63.4705	101.621	110.539	92.1054	33.8451	43.738	52.7469	45.8281	31.1203	1	1	1	1	1	
277	75.8977	63.4664	101.617	110.529	92.1003	33.8436	43.7327	52.7442	45.8253	31.1179	1	1	1	1	1	
278	75.8947	63.4622	101.613	110.519	92.0951	33.842	43.7273	52.7416	45.8225	31.1154	1	1	1	1	1	
279	75.8917	63.458	101.609	110.509	92.0899	33.8404	43.7219	52.739	45.8196	31.1129	1	1	1	1	1	
280	75.8886	63.4537	101.605	110.499	92.0846	33.8388	43.7164	52.7363	45.8168	31.1104	1	1	1	1	1	
281	75.8855	63.4494	101.601	110.489	92.0793	33.8372	43.7108	52.7335	45.8139	31.1079	1	1	1	1	1	
282	75.8823	63.445	101.597	110.479	92.0739	33.8356	43.7052	52.7308	45.8109	31.1054	1	1	1	1	1	
283	75.8791	63.4406	101.593	110.468	92.0684	33.8339	43.6995	52.728	45.8079	31.1028	1	1	1	1	1	
284	75.8759	63.4362	101.588	110.458	92.0629	33.8323	43.6938	52.7252	45.8049	31.1002	1	1	1	1	1	
285	75.8727	63.4316	101.584	110.447	92.0573	33.8306	43.688	52.7224	45.8019	31.0975	1	1	1	1	1	
286	75.8694	63.4271	101.58	110.436	92.0517	33.8289	43.6821	52.7195	45.7988	31.0948	1	1	1	1	1	
287	75.8661	63.4225	101.575	110.425	92.046	33.8272	43.6762	52.7166	45.7957	31.0921	1	1	1	1	1	
288	75.8627	63.4178	101.571	110.414	92.0402	33.8254	43.6702	52.7137	45.7926	31.0894	1	1	1	1	1	
289	75.8593	63.4131	101.567	110.403	92.0344	33.8237	43.6641	52.7107	45.7894	31.0867	1	1	1	1	1	
290	75.8559	63.4084	101.562	110.392	92.0285	33.8219	43.658	52.7077	45.7862	31.0839	1	1	1	1	1	
291	75.8524	63.4036	101.558	110.381	92.0226	33.8201	43.6518	52.7047	45.7829	31.0811	1	1	1	1	1	
292	75.8489	63.3987	101.553	110.369	92.0166	33.8183	43.6455	52.7017	45.7797	31.0782	1	1	1	1	1	
293	75.8454	63.3938	101.548	110.358	92.0105	33.8164	43.6392	52.6986	45.7763	31.0753	1	1	1	1	1	
294	75.8418	63.3888	101.544	110.346	92.0043	33.8146	43.6328	52.6955	45.773	31.0724	1	1	1	1	1	
295	75.8382	63.3838	101.539	110.334	91.9981	33.8127	43.6263	52.6923	45.7696	31.0695	1	1	1	1	1	
296	75.8345	63.3787	101.534	110.322	91.9918	33.8108	43.6198	52.6891	45.7662	31.0665	1	1	1	1	1	
297	75.8308	63.3736	101.529	110.31	91.9855	33.8089	43.6132	52.6859	45.7627	31.0635	1	1	1	1	1	
298	75.8271	63.3684	101.524	110.298	91.9791	33.8069	43.6065	52.6826	45.7592	31.0605	1	1	1	1	1	
299	75.8233	63.3631	101.52	110.286	91.9726	33.805	43.5998	52.6794	45.7557	31.0574	1	1	1	1	1	
300	75.8194	63.3578	101.515	110.273	91.966	33.803	43.5929	52.676	45.7521	31.0543	1	1	1	1	1	
301	75.8156	63.3525	101.51	110.26	91.9594	33.801	43.586	52.6727	45.7485	31.0512	1	1	1	1	1	
302	75.8117	63.347	101.504	110.248	91.9527	33.7989	43.5791	52.6693	45.7448	31.048	1	1	1	1	1	
303	75.8077	63.3415	101.499	110.235	91.9459	33.7969	43.572	52.6658	45.7411	31.0448	1	1	1	1	1	
304	75.8037	63.336	101.494	110.222	91.9391	33.7948	43.5649	52.6624	45.7374	31.0416	1	1	1	1	1	
305	75.7997	63.3304	101.489	110.209	91.9321	33.7927	43.5577	52.6589	45.7336	31.0383	1	1	1	1	1	
306	75.7956	63.3247	101.483	110.195	91.9251	33.7906	43.5504	52.6553	45.7298	31.035	1	1	1	1	1	
307	75.7915	63.319	101.478	110.182	91.918	33.7884	43.543	52.6517	45.7259	31.0317	1	1	1	1	1	
308	75.7873	63.3132	101.473	110.168	91.9109	33.7862	43.5356	52.6481	45.722	31.0283	1	1	1	1	1	
309	75.7831	63.3073	101.467	110.154	91.9036	33.784	43.528	52.6445	45.718	31.0249	1	1	1	1	1	
310	75.7788	63.3014	101.462	110.14	91.8963	33.7818	43.5204	52.6408	45.714	31.0214	1	1	1	1	1	
311	75.7745	63.2954	101.456	110.126	91.8889	33.7795	43.5127	52.637	45.71	31.0179	1	1	1	1	1	
312	75.7701	63.2893	101.45	110.112	91.8814	33.7773	43.505	52.6332	45.7059	31.0144	1	1	1	1	1	
313	75.7657	63.2832	101.444	110.098	91.8739	33.7749	43.4971	52.6294	45.7018	31.0108	1	1	1	1	1	
314	75.7612	63.277	101.439	110.083	91.8662	33.7726	43.4891	52.6256	45.6976	31.0072	1	1	1	1	1	
315	75.7567	63.2707	101.433	110.068	91.8585	33.7703	43.4811	52.6217	45.6934	31.0036	1	1	1	1	1	
316	75.7522	63.2644	101.427	110.053	91.8507	33.7679	43.473	52.6177	45.6891	30.9999	1	1	1	1	1	
317	75.7476	63.258	101.421	110.038	91.8427	33.7655	43.4648	52.6137	45.6848	30.9962	1	1	1	1	1	
318	75.7429	63.2515	101.415	110.023	91.8347	33.763	43.4564	52.6097	45.6804	30.9924	1	1	1	1	1	
319	75.7382	63.2449	101.409	110.008	91.8267	33.7605	43.448	52.6056	45.676	30.9886	1	1	1	1	1	
320	75.7334	63.2383	101.402	109.992	91.8185	33.758	43.4395	52.6015	45.6715	30.9847	1	1	1	1	1	
321	75.7286	63.2316	101.396	109.976	91.8102	33.7555	43.431	52.5973	45.667	30.9808	1	1	1	1	1	
322	75.7237	63.2248	101.39	109.961	91.8019	33.753	43.4223	52.5931	45.6625	30.9769	1	1	1	1	1	
323	75.7188	63.218	101.383	109.945	91.7934	33.7504	43.4135	52.5889	45.6578	30.9729	1	1	1	1	1	
324	75.7138	63.211	101.377	109.928	91.7848	33.7478	43.4046	52.5846	45.6532	30.9689	1	1	1	1	1	
325	75.7088	63.204	101.37	109.912	91.7762	33.7451	43.3956	52.5802	45.6484	30.9648	1	1	1	1	1	
326	75.7037	63.1969	101.364	109.895	91.7675	33.7424	43.3865	52.5758	45.6437	30.9607	1	1	1	1	1	
327	75.6985	63.1897	101.357	109.878	91.7586	33.7397	43.3774	52.5714	45.6388	30.9566	1	1	1	1	1	
328	75.6933	63.1825	101.35	109.861	91.7497	33.737	43.3681	52.5669	45.634	30.9524	1	1	1	1	1	
329	75.688	63.1751	101.343	109.844	91.7406	33.7342	43.3587	52.5624	45.629	30.9481	1	1	1	1	1	
330	75.6827	63.1677	101.336	109.827	91.7315	33.7314	43.3492	52.5578	45.624	30.9438	1	1	1	1	1	
331	75.6773	63.1602	101.329	109.809	91.7222	33.7285	43.3396	52.5531	45.619	30.9395	1	1	1	1	1	
332	75.6719	63.1526	101.322	109.791	91.7129	33.7257	43.3299	52.5484	45.6139	30.9351	1	1	1	1	1	
333	75.6663	63.1449	101.315	109.773	91.7034	33.7228	43.3201	52.5437	45.6087	30.9307	1	1	1	1	1	
334	75.6608	63.1372	101.308	109.755	91.6939	33.7198	43.3101	52.5389	45.6035	30.9262	1	1	1	1	1	
335	75.6551	63.1293	101.3	109.737	91.6842	33.7168	43.3001	52.5341	45.5982	30.9216	1	1	1	1	1	
336	75.6494	63.1213	101.293	109.718	91.6744	33.7138	43.2899	52.5291	45.5928	30.9171	1	1	1	1	1	
337	75.6437	63.1133	101.285	109.7	91.6645	33.7108	43.2797	52.5242	45.5874	30.9124	1	1	1	1	1	
338	75.6378	63.1052	101.278	109.681	91.6545	33.7077	43.2693	52.5192	45.5819	30.9077	1	1	1	1	1	
339	75.6319	63.0969	101.27	109.661	91.6444	33.7046	43.2588	52.5141	45.5764	30.903	1	1	1	1	1	
340	75.626	63.0886	101.262	109.642	91.6341	33.7014	43.2482	52.509	45.5708	30.8982	1	1	1	1	1	
341	75.6199	63.0802	101.254	109.622	91.6238	33.6982	43.2374	52.5038	45.5652	30.8933	1	1	1	1	1	
342	75.6138	63.0717	101.247	109.602	91.6133	33.695	43.2266	52.4986	45.5594	30.8884	1	1	1	1	1	
343	75.6076	63.0631	101.238	109.582	91.6027	33.6917	43.2156	52.4933	45.5536	30.8835	1	1	1	1	1	
344	75.6014	63.0543	101.23	109.562	91.592	33.6884	43.2045	52.488	45.5478	30.8785	1	1	1	1	1	
345	75.5951	63.0455	101.222	109.541	91.5812	33.685	43.1932	52.4825	45.5419	30.8734	1	1	1	1	1	
346	75.5887	63.0366	101.214	109.52	91.5702	33.6816	43.1819	52.4771	45.5359	30.8683	1	1	1	1	1	
347	75.5822	63.0276	101.205	109.499	91.5591	33.6782	43.1704	52.4715	45.5298	30.8631	1	1	1	1	1	
348	75.5757	63.0184	101.197	109.478	91.5479	33.6747	43.1587	52.466	45.5237	30.8578	1	1	1	1	1	
349	75.5691	63.0092	101.188	109.457	91.5365	33.6712	43.147	52.4603	45.5175	30.8525	1	1	1	1	1	
350	75.5624	62.9999	101.18	109.435	91.5251	33.6677	43.1351	52.4546	45.5112	30.8472	1	1	1	1	1	
351	75.5556	62.9904	101.171	109.413	91.5135	33.664	43.123	52.4488	45.5048	30.8417	1	1	1	1	1	
352	75.5488	62.9808	101.162	109.39	91.5017	33.6604	43.1109	52.443	45.4984	30.8363	1	1	1	1	1	
353	75.5418	62.9711	101.153	109.368	91.4898	33.6567	43.0985	52.4371	45.4919	30.8307	1	1	1	1	1	
354	75.5348	62.9613	101.144	109.345	91.4778	33.653	43.0861	52.4311	45.4853	30.8251	1	1	1	1	1	
355	75.5277	62.9514	101.135	109.322	91.4656	33.6492	43.0735	52.425	45.4787	30.8194	1	1	1	1	1	
356	75.5206	62.9414	101.125	109.299	91.4533	33.6453	43.0607	52.4189	45.4719	30.8137	1	1	1	1	1	
357	75.5133	62.9312	101.116	109.275	91.4409	33.6415	43.0478	52.4128	45.4651	30.8079	1	1	1	1	1	
358	75.506	62.921	101.106	109.251	91.4283	33.6375	43.0348	52.4065	45.4582	30.802	1	1	1	1	1	
359	75.4986	62.9106	101.097	109.227	91.4155	33.6336	43.0216	52.4002	45.4513	30.7961	1	1	1	1	1	
360	75.491	62.9001	101.087	109.203	91.4027	33.6295	43.0083	52.3938	45.4442	30.7901	1	1	1	1	1	
361	75.4834	62.8894	101.077	109.178	91.3896	33.6255	42.9948	52.3873	45.4371	30.784	1	1	1	1	1	
362	75.4758	62.8787	101.067	109.153	91.3764	33.6213	42.9811	52.3808	45.4299	30.7779	1	1	1	1	1	
363	75.468	62.8678	101.057	109.128	91.3631	33.6172	42.9673	52.3742	45.4226	30.7717	1	1	1	1	1	
364	75.4601	62.8567	101.047	109.102	91.3496	33.6129	42.9533	52.3675	45.4152	30.7654	1	1	1	1	1	
365	75.4521	62.8456	101.036	109.076	91.3359	33.6086	42.9391	52.3608	45.4077	30.7591	1	1	1	1	1	
366	75.4441	62.8343	101.026	109.05	91.3221	33.6043	42.9248	52.3539	45.4001	30.7527	1	1	1	1	1	
367	75.4359	62.8228	101.015	109.023	91.3081	33.5999	42.9103	52.347	45.3924	30.7462	1	1	1	1	1	
368	75.4277	62.8113	101.004	108.997	91.2939	33.5955	42.8957	52.34	45.3847	30.7396	1	1	1	1	1	
369	75.4193	62.7995	100.994	108.969	91.2796	33.591	42.8809	52.333	45.3768	30.7329	1	1	1	1	1	
370	75.4109	62.7877	100.983	108.942	91.2651	33.5864	42.8659	52.3258	45.3689	30.7262	1	1	1	1	1	
371	75.4023	62.7757	100.972	108.914	91.2504	33.5818	42.8507	52.3186	45.3609	30.7194	1	1	1	1	1	
372	75.3937	62.7636	100.96	108.886	91.2355	33.5771	42.8353	52.3113	45.3527	30.7126	1	1	1	1	1	
373	75.3849	62.7513	100.949	108.858	91.2205	33.5724	42.8198	52.3039	45.3445	30.7056	1	1	1	1	1	
374	75.376	62.7388	100.937	108.829	91.2053	33.5676	42.8041	52.2964	45.3362	30.6986	1	1	1	1	1	
375	75.3671	62.7262	100.926	108.8	91.1899	33.5627	42.7881	52.2888	45.3278	30.6914	1	1	1	1	1	
376	75.358	62.7135	100.914	108.77	91.1743	33.5578	42.772	52.2812	45.3192	30.6842	1	1	1	1	1	
377	75.3488	62.7006	100.902	108.74	91.1586	33.5528	42.7557	52.2734	45.3106	30.677	1	1	1	1	1	
378	75.3395	62.6875	100.89	108.71	91.1426	33.5478	42.7392	52.2656	45.3019	30.6696	1	1	1	1	1	
379	75.3301	62.6743	100.878	108.68	91.1265	33.5427	42.7226	52.2577	45.293	30.6621	1	1	1	1	1	
380	75.3206	62.6609	100.866	108.649	91.1101	33.5375	42.7057	52.2497	45.2841	30.6546	1	1	1	1	1	
381	75.3109	62.6473	100.853	108.618	91.0936	33.5322	42.6886	52.2416	45.275	30.647	1	1	1	1	1	
382	75.3012	62.6336	100.84	108.586	91.0768	33.5269	42.6713	52.2334	45.2658	30.6393	1	1	1	1	1	
383	75.2913	62.6197	100.828	108.554	91.0599	33.5215	42.6538	52.2251	45.2565	30.6314	1	1	1	1	1	
384	75.2813	62.6056	100.815	108.521	91.0427	33.5161	42.636	52.2167	45.2471	30.6236	1	1	1	1	1	
385	75.2712	62.5914	100.802	108.489	91.0254	33.5106	42.6181	52.2082	45.2376	30.6156	1	1	1	1	1	
386	75.261	62.577	100.788	108.455	91.0078	33.505	42.6	52.1997	45.228	30.6075	1	1	1	1	1	
387	75.2506	62.5623	100.775	108.422	90.99	33.4993	42.5816	52.191	45.2182	30.5993	1	1	1	1	1	
388	75.2401	62.5476	100.761	108.388	90.972	33.4935	42.563	52.1822	45.2084	30.591	1	1	1	1	1	
389	75.2295	62.5326	100.747	108.353	90.9537	33.4877	42.5441	52.1733	45.1984	30.5827	1	1	1	1	1	
390	75.2187	62.5174	100.734	108.318	90.9353	33.4818	42.5251	52.1643	45.1882	30.5742	1	1	1	1	1	
391	75.2078	62.5021	100.719	108.283	90.9166	33.4758	42.5058	52.1552	45.178	30.5656	1	1	1	1	1	
392	75.1968	62.4865	100.705	108.247	90.8976	33.4698	42.4863	52.146	45.1676	30.5569	1	1	1	1	1	
393	75.1856	62.4707	100.691	108.211	90.8785	33.4636	42.4665	52.1367	45.1571	30.5482	1	1	1	1	1	
394	75.1743	62.4548	100.676	108.175	90.8591	33.4574	42.4465	52.1273	45.1465	30.5393	1	1	1	1	1	
395	75.1629	62.4386	100.661	108.138	90.8394	33.4511	42.4262	52.1178	45.1357	30.5303	1	1	1	1	1	
396	75.1513	62.4223	100.646	108.1	90.8195	33.4447	42.4057	52.1081	45.1248	30.5212	1	1	1	1	1	
397	75.1396	62.4057	100.631	108.062	90.7994	33.4382	42.3849	52.0984	45.1138	30.512	1	1	1	1	1	
398	75.1277	62.3889	100.616	108.024	90.779	33.4317	42.3639	52.0885	45.1026	30.5027	1	1	1	1	1	
399	75.1157	62.3719	100.6	107.985	90.7584	33.425	42.3426	52.0785	45.0913	30.4933	1	1	1	1	1	
400	75.1035	62.3547	100.584	107.945	90.7375	33.4183	42.3211	52.0684	45.0798	30.4838	1	1	1	1	1	
401	75.0912	62.3372	100.569	107.905	90.7163	33.4114	42.2992	52.0582	45.0682	30.4741	1	1	1	1	1	
402	75.0787	62.3196	100.552	107.865	90.6948	33.4045	42.2771	52.0479	45.0564	30.4644	1	1	1	1	1	
403	75.066	62.3017	100.536	107.824	90.6731	33.3975	42.2548	52.0374	45.0445	30.4545	1	1	1	1	1	
404	75.0532	62.2835	100.519	107.783	90.6511	33.3904	42.2321	52.0268	45.0325	30.4445	1	1	1	1	1	
405	75.0403	62.2652	100.503	107.741	90.6289	33.3831	42.2091	52.0161	45.0202	30.4344	1	1	1	1	1	
406	75.0271	62.2465	100.486	107.698	90.6063	33.3758	42.1859	52.0052	45.0079	30.4242	1	1	1	1	1	
407	75.0138	62.2277	100.469	107.655	90.5835	33.3684	42.1624	51.9942	44.9953	30.4138	1	1	1	1	1	
408	75.0003	62.2086	100.451	107.611	90.5603	33.3609	42.1385	51.9831	44.9826	30.4033	1	1	1	1	1	
409	74.9867	62.1892	100.434	107.567	90.5369	33.3532	42.1144	51.9719	44.9698	30.3927	1	1	1	1	1	
410	74.9729	62.1696	100.416	107.523	90.5131	33.3455	42.0899	51.9605	44.9568	30.382	1	1	1	1	1	
411	74.9589	62.1497	100.398	107.477	90.4891	33.3376	42.0652	51.949	44.9436	30.3711	1	1	1	1	1	
412	74.9447	62.1296	100.379	107.432	90.4647	33.3297	42.0401	51.9373	44.9302	30.3601	1	1	1	1	1	
413	74.9303	62.1091	100.361	107.385	90.44	33.3216	42.0147	51.9255	44.9166	30.349	1	1	1	1	1	
414	74.9157	62.0884	100.342	107.338	90.415	33.3134	41.9889	51.9136	44.9029	30.3377	1	1	1	1	1	
415	74.901	62.0675	100.323	107.29	90.3897	33.3051	41.9629	51.9015	44.889	30.3263	1	1	1	1	1	
416	74.886	62.0462	100.304	107.242	90.364	33.2967	41.9365	51.8893	44.8749	30.3148	1	1	1	1	1	
417	74.8709	62.0247	100.284	107.193	90.338	33.2881	41.9097	51.8769	44.8607	30.3031	1	1	1	1	1	
418	74.8556	62.0028	100.265	107.144	90.3117	33.2795	41.8826	51.8643	44.8462	30.2913	1	1	1	1	1	
419	74.84	61.9807	100.245	107.094	90.285	33.2707	41.8551	51.8516	44.8316	30.2793	1	1	1	1	1	
420	74.8243	61.9583	100.224	107.043	90.2579	33.2618	41.8273	51.8388	44.8167	30.2672	1	1	1	1	1	
421	74.8083	61.9355	100.204	106.991	90.2305	33.2527	41.7991	51.8258	44.8017	30.2549	1	1	1	1	1	
422	74.7921	61.9125	100.183	106.939	90.2028	33.2435	41.7706	51.8126	44.7864	30.2425	1	1	1	1	1	
423	74.7757	61.8891	100.162	106.886	90.1746	33.2342	41.7416	51.7993	44.771	30.23	1	1	1	1	1	
424	74.7591	61.8654	100.14	106.833	90.1461	33.2247	41.7123	51.7858	44.7553	30.2172	1	1	1	1	1	
425	74.7423	61.8414	100.119	106.778	90.1172	33.2152	41.6826	51.7721	44.7395	30.2044	1	1	1	1	1	
426	74.7253	61.8171	100.097	106.723	90.0879	33.2054	41.6525	51.7583	44.7234	30.1913	1	1	1	1	1	
427	74.708	61.7924	100.075	106.668	90.0582	33.1955	41.622	51.7443	44.7071	30.1781	1	1	1	1	1	
428	74.6904	61.7673	100.052	106.611	90.0281	33.1855	41.591	51.7301	44.6906	30.1648	1	1	1	1	1	
429	74.6727	61.7419	100.029	106.554	89.9976	33.1753	41.5597	51.7158	44.6738	30.1512	1	1	1	1	1	
430	74.6547	61.7162	100.006	106.496	89.9667	33.165	41.5279	51.7012	44.6569	30.1375	1	1	1	1	1	
431	74.6364	61.6901	99.9828	106.437	89.9353	33.1545	41.4957	51.6865	44.6397	30.1237	1	1	1	1	1	
432	74.6179	61.6636	99.959	106.378	89.9036	33.1439	41.4631	51.6716	44.6222	30.1096	1	1	1	1	1	
433	74.5992	61.6367	99.935	106.317	89.8714	33.1331	41.43	51.6565	44.6045	30.0954	1	1	1	1	1	
434	74.5802	61.6095	99.9106	106.256	89.8387	33.1221	41.3965	51.6412	44.5866	30.081	1	1	1	1	1	
435	74.5609	61.5818	99.8859	106.194	89.8056	33.111	41.3625	51.6257	44.5685	30.0665	1	1	1	1	1	
436	74.5414	61.5538	99.8608	106.131	89.772	33.0996	41.328	51.61	44.55	30.0517	1	1	1	1	1	
437	74.5216	61.5254	99.8354	106.068	89.738	33.0882	41.293	51.5942	44.5313	30.0368	1	1	1	1	1	
438	74.5015	61.4965	99.8097	106.003	89.7035	33.0765	41.2576	51.5781	44.5124	30.0217	1	1	1	1	1	
439	74.4811	61.4672	99.7836	105.937	89.6685	33.0647	41.2217	51.5618	44.4932	30.0064	1	1	1	1	1	
440	74.4604	61.4375	99.7572	105.871	89.633	33.0526	41.1853	51.5453	44.4737	29.9909	1	1	1	1	1	
441	74.4395	61.4074	99.7304	105.804	89.597	33.0404	41.1483	51.5286	44.454	29.9752	1	1	1	1	1	
442	74.4182	61.3768	99.7032	105.735	89.5605	33.028	41.1108	51.5117	44.4339	29.9593	1	1	1	1	1	
443	74.3967	61.3458	99.6756	105.666	89.5235	33.0154	41.0729	51.4945	44.4136	29.9432	1	1	1	1	1	
444	74.3748	61.3143	99.6477	105.596	89.4859	33.0026	41.0343	51.4771	44.393	29.9269	1	1	1	1	1	
445	74.3527	61.2824	99.6194	105.525	89.4479	32.9896	40.9952	51.4595	44.3721	29.9104	1	1	1	1	1	
446	74.3302	61.25	99.5906	105.453	89.4092	32.9764	40.9556	51.4417	44.3509	29.8937	1	1	1	1	1	
447	74.3074	61.2171	99.5615	105.379	89.3701	32.963	40.9154	51.4236	44.3294	29.8768	1	1	1	1	1	
448	74.2842	61.1837	99.532	105.305	89.3303	32.9493	40.8746	51.4054	44.3076	29.8597	1	1	1	1	1	
449	74.2608	61.1498	99.502	105.23	89.29	32.9355	40.8332	51.3868	44.2855	29.8423	1	1	1	1	1	
450	74.237	61.1153	99.4716	105.153	89.2491	32.9214	40.7912	51.368	44.2631	29.8247	1	1	1	1	1	
451	74.2128	61.0804	99.4408	105.076	89.2075	32.9071	40.7486	51.349	44.2403	29.807	1	1	1	1	1	
452	74.1883	61.0449	99.4096	104.997	89.1654	32.8925	40.7054	51.3297	44.2172	29.7889	1	1	1	1	1	
453	74.1634	61.0089	99.3779	104.918	89.1227	32.8777	40.6616	51.3102	44.1938	29.7707	1	1	1	1	1	
454	74.1382	60.9723	99.3457	104.837	89.0793	32.8627	40.6171	51.2904	44.17	29.7522	1	1	1	1	1	
455	74.1125	60.9352	99.3131	104.755	89.0353	32.8474	40.5719	51.2703	44.1459	29.7335	1	1	1	1	1	
456	74.0865	60.8975	99.2801	104.671	88.9906	32.8319	40.5261	51.25	44.1214	29.7146	1	1	1	1	1	
457	74.0602	60.8592	99.2465	104.587	88.9453	32.8161	40.4796	51.2294	44.0965	29.6954	1	1	1	1	1	
458	74.0334	60.8203	99.2125	104.501	88.8993	32.8	40.4324	51.2085	44.0713	29.676	1	1	1	1	1	
459	74.0062	60.7807	99.1779	104.414	88.8526	32.7837	40.3844	51.1873	44.0457	29.6563	1	1	1	1	1	
460	73.9786	60.7406	99.1429	104.326	88.8052	32.7671	40.3358	51.1658	44.0198	29.6364	1	1	1	1	1	
461	73.9506	60.6998	99.1073	104.236	88.757	32.7502	40.2864	51.1441	43.9934	29.6162	1	1	1	1	1	
462	73.9221	60.6584	99.0712	104.145	88.7082	32.733	40.2362	51.122	43.9667	29.5957	1	1	1	1	1	
463	73.8933	60.6163	99.0346	104.053	88.6585	32.7156	40.1853	51.0997	43.9395	29.5751	1	1	1	1	1	
464	73.864	60.5736	98.9975	103.959	88.6082	32.6978	40.1336	51.077	43.9119	29.5541	1	1	1	1	1	
465	73.8342	60.5301	98.9597	103.864	88.557	32.6797	40.0811	51.054	43.8839	29.5329	1	1	1	1	1	
466	73.804	60.486	98.9215	103.767	88.5051	32.6613	40.0278	51.0307	43.8555	29.5114	1	1	1	1	1	
467	73.7733	60.4411	98.8826	103.669	88.4523	32.6426	39.9736	51.0071	43.8267	29.4896	1	1	1	1	1	
468	73.7421	60.3955	98.8432	103.569	88.3988	32.6236	39.9186	50.9832	43.7974	29.4676	1	1	1	1	1	
469	73.7104	60.3491	98.8032	103.468	88.3444	32.6042	39.8628	50.9589	43.7677	29.4453	1	1	1	1	1	
470	73.6783	60.302	98.7625	103.366	88.2891	32.5845	39.806	50.9343	43.7375	29.4227	1	1	1	1	1	
471	73.6456	60.2541	98.7213	103.261	88.233	32.5644	39.7483	50.9093	43.7068	29.3998	1	1	1	1	1	
472	73.6124	60.2054	98.6794	103.156	88.1759	32.544	39.6897	50.884	43.6757	29.3766	1	1	1	1	1	
473	74.3249	60.9331	99.2856	103.708	88.7999	33.2991	39.8365	51.9703	44.9312	29.4736	1	1	1	1	1	
474	73.7578	60.3616	98.748	103.074	88.2285	32.6938	39.6812	51.1125	43.932	29.3532	1	1	1	1	1	
475	73.5744	60.1351	98.5896	102.856	88.0438	32.5279	39.5528	50.8835	43.6684	29.3092	1	1	1	1	1	
476	73.4944	60.0272	98.5161	102.721	87.9506	32.4704	39.4614	50.8019	43.5728	29.2811	1	1	1	1	1	
477	74.2278	60.7731	99.1401	103.289	88.5928	33.2461	39.6217	51.9168	44.8626	29.3796	1	1	1	1	1	
478	73.638	60.1776	98.5834	102.63	87.9998	32.6222	39.4487	51.0308	43.8287	29.2562	1	1	1	1	1	
479	73.4396	59.9331	98.413	102.397	87.8011	32.4441	39.3062	50.7847	43.5452	29.2101	1	1	1	1	1	
480	74.1609	60.6567	99.0309	102.962	88.4342	33.2107	39.4566	51.8873	44.822	29.3063	1	1	1	1	1	
481	73.5469	60.0354	98.4551	102.28	87.8203	32.567	39.2674	50.9707	43.7519	29.1801	1	1	1	1	1	
482	73.3342	59.7741	98.2741	102.034	87.6092	32.3778	39.1118	50.7086	43.4496	29.1323	1	1	1	1	1	
483	74.0788	60.5209	98.9092	102.613	88.2607	33.1639	39.2797	51.8408	44.7618	29.2296	1	1	1	1	1	
484	73.4481	59.8817	98.319	101.911	87.6301	32.5065	39.0755	50.9041	43.6666	29.1012	1	1	1	1	1	
485	73.2228	59.6056	98.128	101.652	87.4073	32.3074	38.9073	50.6282	43.3482	29.0516	1	1	1	1	1	
486	73.9924	60.3774	98.7813	102.245	88.0781	33.1136	39.0946	51.7918	44.6978	29.1499	1	1	1	1	1	
487	73.3448	59.7202	98.1764	101.524	87.4304	32.4426	38.8746	50.8349	43.5774	29.0193	1	1	1	1	1	
488	73.1063	59.4284	97.9751	101.251	87.1952	32.2331	38.6928	50.5447	43.2423	28.9679	1	1	1	1	1	
489	73.9015	60.2259	98.6468	101.858	87.8857	33.0596	38.901	51.7402	44.63	29.0671	1	1	1	1	1	
490	73.2367	59.5502	98.0271	101.116	87.2207	32.375	38.6643	50.7631	43.4843	28.9343	1	1	1	1	1	
491	72.9844	59.242	97.8149	100.829	86.9724	32.1547	38.4678	50.4579	43.1318	28.8811	1	1	1	1	1	
492	73.8061	60.066	98.5053	101.45	87.6829	33.0016	38.6982	51.6861	44.5584	28.981	1	1	1	1	1	
493	73.1237	59.3712	97.8706	100.687	87.0001	32.3033	38.444	50.6886	43.3871	28.8461	1	1	1	1	1	
494	73.81	60.026	98.457	101.214	87.5886	33.0174	38.5981	51.7385	44.6086	28.927	1	1	1	1	1	
495	73.0716	59.2748	97.7779	100.401	86.8619	32.2702	38.3129	50.6666	43.3542	28.7854	1	1	1	1	1	
496	73.7538	59.9223	98.3623	100.925	87.4485	32.9821	38.4619	51.714	44.573	28.8659	1	1	1	1	1	
497	72.9963	59.151	97.6685	100.094	86.7056	32.2208	38.1603	50.6195	43.2916	28.7228	1	1	1	1	1	
498	73.6894	59.8083	98.2608	100.622	87.3003	32.9408	38.3181	51.6811	44.5273	28.8035	1	1	1	1	1	
499	72.9164	59.0204	97.5544	99.7745	86.5428	32.1682	38.001	50.5688	43.224	28.659	1	1	1	1	1	
500	73.6223	59.6893	98.1554	100.308	87.1465	32.8971	38.1694	51.6464	44.479	28.7396	1	1	1	1	1	
501	72.8339	58.8848	97.4365	99.4434	86.3743	32.1134	37.8365	50.5166	43.1543	28.5938	1	1	1	1	1	
502	73.5529	59.5656	98.0463	99.9819	86.9869	32.8512	38.0161	51.6106	44.4288	28.6742	1	1	1	1	1	
503	72.7489	58.7442	97.3147	99.1	86.1997	32.0563	37.6667	50.4632	43.0825	28.527	1	1	1	1	1	
504	73.4813	59.4371	97.9333	99.6432	86.8213	32.8028	37.858	51.5738	44.3768	28.6072	1	1	1	1	1	
505	72.6614	58.5984	97.1888	98.7437	86.0188	31.9968	37.4914	50.4086	43.0087	28.4587	1	1	1	1	1	
506	73.4073	59.3036	97.8162	99.2911	86.6493	32.7519	37.6948	51.5359	44.3229	28.5386	1	1	1	1	1	
507	72.5713	58.4471	97.0587	98.3737	85.8312	31.9348	37.3105	50.3527	42.9328	28.3888	1	1	1	1	1	
508	73.331	59.1646	97.6949	98.9251	86.4707	32.6983	37.5264	51.4969	44.2671	28.4685	1	1	1	1	1	
509	72.4785	58.29	96.9242	97.9894	85.6367	31.8701	37.1236	50.2955	42.8548	28.3175	1	1	1	1	1	
510	73.2522	59.02	97.569	98.5442	86.2851	32.6419	37.3525	51.4567	44.2092	28.3967	1	1	1	1	1	
511	72.3829	58.1268	96.785	97.5899	85.4349	31.8026	36.9305	50.2369	42.7745	28.2447	1	1	1	1	1	
512	73.1707	58.8695	97.4385	98.1477	86.0921	32.5823	37.1729	51.4153	44.1492	28.3234	1	1	1	1	1	
513	72.2845	57.9571	96.641	97.1744	85.2254	31.7321	36.731	50.177	42.692	28.1703	1	1	1	1	1	
514	73.0866	58.7125	97.303	97.7346	85.8913	32.5195	36.9871	51.3727	44.087	28.2486	1	1	1	1	1	
515	72.183	57.7807	96.4918	96.7419	85.0078	31.6584	36.5246	50.1157	42.6071	28.0946	1	1	1	1	1	
516	72.9997	58.5489	97.1623	97.3039	85.6823	32.4532	36.795	51.3288	44.0225	28.1722	1	1	1	1	1	
517	72.0784	57.597	96.3374	96.2916	84.7816	31.5813	36.311	50.053	42.5197	28.0176	1	1	1	1	1	
518	72.1601	59.0509	94.8115	101.968	86.3093	32.7545	35.9814	50.7021	43.8359	28.2494	1	1	1	1	1	
519	71.6167	57.6548	95.3299	97.8869	84.853	31.7019	35.7588	49.5317	42.4115	28.0369	1	1	1	1	1	
520	72.6472	58.2948	96.5201	97.2736	85.344	32.4428	36.2085	51.0056	43.8202	28.0441	1	1	1	1	1	
521	71.779	57.2444	95.8743	95.7265	84.3418	31.4734	35.7768	49.8062	42.3099	27.8596	1	1	1	1	1	
522	71.8994	58.7321	94.3117	101.361	85.8967	32.6595	35.461	50.5048	43.6729	28.0979	1	1	1	1	1	
523	71.3409	57.2779	94.8804	97.1325	84.3866	31.5598	35.2387	49.3315	42.2112	27.8765	1	1	1	1	1	
524	72.4197	57.9312	96.1365	96.4249	84.8772	32.3058	35.7421	50.8662	43.658	27.8772	1	1	1	1	1	
525	71.527	56.8294	95.492	94.7716	83.8303	31.3044	35.2752	49.6447	42.1086	27.6911	1	1	1	1	1	
526	71.6439	58.3629	93.8168	100.554	85.4242	32.5394	34.934	50.3267	43.4965	27.9348	1	1	1	1	1	
527	71.0577	56.8612	94.4102	96.25	83.8732	31.3971	34.6924	49.1352	41.9997	27.7117	1	1	1	1	1	
528	72.1798	57.5309	95.7237	95.4734	84.3662	32.1477	35.2444	50.7235	43.4848	27.7064	1	1	1	1	1	
529	70.4238	57.1213	92.4515	99.3019	84.2224	31.5307	33.9284	48.774	41.7873	27.692	1	1	1	1	1	
530	71.782	57.5137	94.7536	96.5595	84.3358	32.2589	34.6738	50.3951	43.2633	27.7036	1	1	1	1	1	
531	70.9742	56.2221	94.5323	93.9088	83.0829	31.1096	34.2904	49.2079	41.7404	27.4668	1	1	1	1	1	
532	71.1589	57.7844	92.8319	99.5001	84.6849	32.3575	33.9592	49.9548	43.2031	27.6962	1	1	1	1	1	
533	70.5569	56.1824	93.5523	94.93	83.0396	31.1378	33.7388	48.7703	41.6501	27.4563	1	1	1	1	1	
534	71.7615	56.8646	94.9916	93.9655	83.5178	31.8863	34.3921	50.461	43.1879	27.4363	1	1	1	1	1	
535	69.9097	56.4053	91.4794	97.8778	83.3462	31.2812	32.8969	48.3833	41.4154	27.4308	1	1	1	1	1	
536	71.3308	56.8277	93.9078	95.0565	83.462	31.9967	33.7624	50.1018	42.9449	27.4364	1	1	1	1	1	
537	70.489	55.4442	93.7323	92.2087	82.1309	30.7928	33.3238	48.8883	41.3726	27.1991	1	1	1	1	1	
538	70.6671	57.0631	91.8275	97.9522	83.7718	32.1146	32.9336	49.5963	42.8637	27.4278	1	1	1	1	1	
539	70.0259	55.383	92.6153	93.2607	82.0641	30.8227	32.6927	48.401	41.265	27.1913	1	1	1	1	1	
540	71.3011	56.0832	94.1589	92.1582	82.5333	31.5629	33.4342	50.181	42.8558	27.161	1	1	1	1	1	
541	69.3397	55.5666	90.3628	96.1721	82.3273	30.9905	31.7257	47.9514	41.0002	27.1575	1	1	1	1	1	
542	70.8208	56.0228	92.9184	93.2826	82.4456	31.6785	32.7183	49.7693	42.5833	27.1624	1	1	1	1	1	
543	69.9442	54.5433	92.7983	90.2417	81.0365	30.4221	32.2169	48.5324	40.966	26.9304	1	1	1	1	1	
544	70.1065	56.2073	90.6449	96.1061	82.6993	31.8223	31.7463	49.1827	42.4718	27.1482	1	1	1	1	1	
545	69.428	54.4503	91.5142	91.3037	80.9353	30.4538	31.487	47.9874	40.8357	26.9256	1	1	1	1	1	
546	69.7338	56.0512	89.7024	96.3157	82.5132	31.7648	31.0588	48.8315	42.3814	27.1088	1	1	1	1	1	
547	69.1022	54.1852	90.8488	91.1028	80.621	30.3606	30.9155	47.7054	40.6836	26.8428	1	1	1	1	1	
548	70.5082	54.865	92.6576	89.5866	81.0114	31.0674	31.8335	49.6556	42.3144	26.7807	1	1	1	1	1	
549	68.4277	54.2446	88.475	93.5585	80.7348	30.5314	29.8139	47.2475	40.3687	26.7889	1	1	1	1	1	
550	69.9954	54.7279	91.2453	90.5023	80.8273	31.1563	31.0159	49.2162	42.0094	26.7903	1	1	1	1	1	
551	69.8152	55.8214	88.8934	95.2043	81.9489	32.0575	30.6535	49.1991	42.8714	26.845	1	1	1	1	1	
552	68.9131	53.6931	89.9154	89.447	79.765	30.2882	30.3479	47.6721	40.7669	26.5966	1	1	1	1	1	
553	69.0606	55.0941	87.7781	94.1818	81.1699	31.5176	29.5727	48.3285	42.1107	26.7763	1	1	1	1	1	
554	68.3386	53.0284	89.095	88.6096	79.1178	29.934	29.3886	47.159	40.2574	26.5167	1	1	1	1	1	
555	68.6179	54.5743	86.9372	93.3288	80.6125	31.2618	28.6967	47.9508	41.7428	26.7147	1	1	1	1	1	
556	69.8697	54.3963	89.8897	89.3003	80.0518	31.3407	30.2138	49.4614	42.5382	26.5398	1	1	1	1	1	
557	67.5583	53.3611	85.5698	91.8348	79.3663	30.3684	27.8835	46.5721	40.2812	26.4828	1	1	1	1	1	
558	69.0821	53.511	88.748	87.9713	79.106	30.7567	29.1766	48.5999	41.6383	26.4165	1	1	1	1	1	
559	68.8295	54.4621	86.072	92.2965	80.0796	31.6568	28.5505	48.4665	42.4298	26.4817	1	1	1	1	1	
560	67.8723	52.1394	87.3783	86.1108	77.7423	29.7044	28.3	46.9336	40.2242	26.2413	1	1	1	1	1	
561	67.9374	53.4559	84.7372	90.643	79.0317	30.9686	27.1649	47.4734	41.4744	26.4294	1	1	1	1	1	
562	69.1819	53.1793	87.855	86.3832	78.3678	30.8803	28.7699	49.0604	42.2322	26.2812	1	1	1	1	1	
563	66.6998	52.0018	83.0781	88.791	77.5748	29.9434	26.0224	45.9257	39.8434	26.2302	1	1	1	1	1	
564	68.2264	52.0933	86.4135	84.727	77.2286	30.1804	27.4161	48.0464	41.1702	26.1899	1	1	1	1	1	
565	67.8767	52.9547	83.2686	88.9067	78.0792	31.1543	26.5158	47.7801	41.9091	26.2322	1	1	1	1	1	
566	66.9063	50.567	84.7998	82.5785	75.7232	29.0916	26.3496	46.2874	39.7069	26.06	1	1	1	1	1	
567	66.8679	51.7906	81.5712	86.9282	76.8656	30.3999	24.842	46.7044	40.8562	26.2225	1	1	1	1	1	
568	68.1491	51.4786	84.9032	82.5107	76.1132	30.157	26.6602	48.4264	41.669	26.1155	1	1	1	1	1	
569	65.5405	50.1991	79.5464	84.7925	75.2381	29.337	23.4752	45.1131	39.2189	26.0652	1	1	1	1	1	
570	67.0714	50.2537	83.0459	80.5533	74.7814	29.4004	25.0518	47.3365	40.5439	26.0661	1	1	1	1	1	
571	66.5751	50.9618	79.2044	84.466	75.387	30.4426	23.7808	46.9112	41.1929	26.0659	1	1	1	1	1	
572	67.687	50.3757	82.4839	79.6872	74.3401	29.8521	25.6392	48.4398	41.7932	26.0351	1	1	1	1	1	
573	64.8075	48.9596	76.5428	81.6647	73.2197	29.014	22.0116	44.7472	39.1095	25.9792	1	1	1	1	1	
574	66.2575	48.8904	79.9896	77.261	72.5997	28.8698	23.5841	46.9743	40.3248	26.0491	1	1	1	1	1	
575	65.5541	49.3764	75.4925	80.9307	72.8807	29.9182	21.8564	46.3893	40.8169	26.0385	1	1	1	1	1	
576	66.6137	48.6823	78.7724	76.0409	71.6426	29.1539	23.8388	47.9567	41.414	26.0576	1	1	1	1	1	
577	63.6156	47.2608	72.2269	77.9095	70.3487	28.4167	19.8117	44.1823	38.6898	26.0496	1	1	1	1	1	
578	65.006	47.0896	75.5873	73.4425	69.4818	28.1272	21.5249	46.4426	39.8722	26.1423	1	1	1	1	1	
579	64.1022	47.3108	70.2958	76.8285	69.2574	29.1682	19.3339	45.7596	40.2295	26.1398	1	1	1	1	1	
580	65.0597	46.364	73.4813	71.8914	67.62	28.238	21.4756	47.329	40.824	26.1605	1	1	1	1	1	
581	61.9877	45.0162	66.3565	73.6746	66.0146	27.6185	17.1526	43.6459	38.1514	26.2682	1	1	1	1	1	
582	63.2829	44.4608	69.5204	69.1996	64.5885	27.2068	19.0622	45.9026	39.3043	26.316	1	1	1	1	1	
583	60.7444	43.3379	64.6469	71.6055	63.2479	27.9939	18.6312	42.4755	38.8461	25.1316	1	1	1	1	1	
584	61.7831	41.9815	66.8049	66.8667	61.2264	26.9207	19.4052	44.697	39.6281	25.4157	1	1	1	1	1	
585	62.5611	40.524	67.2221	64.2255	59.3676	26.1729	19.9323	46.4285	40.194	25.6631	1	1	1	1	1	
586	58.7902	39.0304	58.8546	66.4149	56.6987	25.9758	14.764	42.8129	37.3638	26.03	1	1	1	1	1	
587	60.1795	37.3753	60.9466	62.4735	54.6158	25.4703	16.4856	45.193	38.4829	26.2154	1	1	1	1	1	
588	58.7693	34.5519	63.2788	59.8925	52.4254	24.5843	20.7162	43.8143	38.4167	24.6436	1	1	1	1	1	
589	57.1459	33.8301	54.2343	62.3751	50.8555	25.6027	13.9266	43.0993	38.1455	25.1729	1	1	1	1	1	
590	57.6206	28.4267	59.1459	58.4087	48.5828	24.5357	19.1151	44.1556	37.1138	19.9259	1	1	1	1	1	
591	55.1583	30.7583	50.9084	59.8501	46.9123	24.3794	12.0998	41.866	35.2116	23.2894	1	1	1	1	1	
592	57.508	31.072	53.1417	57.0647	46.5149	23.7149	13.5881	44.4149	36.4701	24.6969	1	1	1	1	1	
593	50.211	29.4966	55.8524	60.1382	45.9699	25.4323	16.9103	36.5666	36.2951	22.8902	1	1	1	1	1	
594	53.2965	29.6687	53.1521	56.2345	45.3925	23.3824	14.2679	39.9098	36.3565	23.8898	1	1	1	1	1	
595	54.1548	29.9364	53.538	54.4278	44.2286	22.3088	14.8936	40.9595	35.0413	24.237	1	1	1	1	1	
596	52.7098	30.9578	52.5669	53.1507	42.0821	20.9762	13.9223	39.5569	32.5604	25.6979	1	1	1	1	1	
597	52.3491	26.9816	53.1897	52.4756	41.1333	20.6383	15.1229	39.3407	32.0289	21.264	1	1	1	1	1	
598	49.9422	28.7191	45.9392	53.845	40.0067	20.9905	9.09371	36.9537	30.9504	23.2519	1	1	1	1	1	
599	48.3413	26.4657	49.2471	51.1609	38.8947	19.4462	11.7416	35.3187	30.1989	21.1171	1	1	1	1	1	
600	46.5081	27.6234	48.024	49.7256	38.0657	18.4264	10.4946	33.2855	29.6427	22.8008	1	1	1	1	1	
601	44.7588	27.5527	46.9847	48.9067	37.1196	17.767	9.56901	31.4565	28.8211	22.923	1	1	1	1	1	