
0 0 0 0 0 0 0 1 0 0 0 0 0 0
0 0 0 0 0 0 1 0 0 0 0 0 0 0
0 0 0 0 0 0 0 0 0 0 0 0 0 0
0 0 0 0 0 1 0 0 0 0 0 0 0 0
0 0 0 0 0 0 0 0 0 0 0 0 0 0
0 0 0 0 0 0 0 0 0 0 0 0 0 1
0 0 0 0 0 0 0 0 0 0 0 1 0 0
0 0 0 0 0 0 0 0 0 1 0 0 0 0
0 0 0 0 0 0 0 0 0 0 0 0 0 0
0 0 0 0 0 0 0 0 0 0 1 0 0 0
0 0 0 0 0 0 0 0 0 0 0 0 0 0
0 0 0 0 0 0 0 0 0 0 0 0 0 0
0 0 0 0 0 0 0 0 0 0 0 0 0 0
0 0 0 0 0 0 0 0 0 0 0 0 0 0

SA -> d -> f -> EA & SB -> c -> EB & SC -> h & SD -> b -> ED

max(1.000000 + 120.416000 + 1.000000 + 34.000000 + 1.000000 + 144.471000 + 1.000000 = 302.887000, 1.000000 + 140.890000 + 1.000000 + 140.890000 + 1.000000 = 284.780000, 1.000000 + 19683999999999999100925828134022742296079402249748480.000000 + 1.000000, 1.000000 + 148.600000 + 1.000000 + 148.600000 + 1.000000 = 300.200000)

1.9684e+52

The input parameters are for : 4 vehicles 6 tasks taken 

Total computational time taken:0.005592
