
1	1	1	1	1	1	60.73	46.6087	41.5659	44.0203	53.7733	84.0702	93.8856	100.483	84.0613	81.4303	
2	1	1	1	1	1	60.73	46.6092	41.5679	44.0194	53.7749	84.0702	93.8855	100.483	84.0604	81.4308	
3	1	1	1	1	1	60.7298	46.609	41.5678	44.0193	53.7748	84.0699	93.8853	100.482	84.0602	81.4307	
4	1	1	1	1	1	60.7296	46.6088	41.5676	44.0193	53.7748	84.0696	93.885	100.482	84.06	81.4305	
5	1	1	1	1	1	60.7294	46.6086	41.5674	44.0192	53.7748	84.0693	93.8848	100.481	84.0598	81.4304	
6	1	1	1	1	1	60.7292	46.6084	41.5672	44.0191	53.7747	84.069	93.8845	100.48	84.0596	81.4303	
7	1	1	1	1	1	60.729	46.6082	41.567	44.019	53.7747	84.0687	93.8843	100.479	84.0594	81.4301	
8	1	1	1	1	1	60.7288	46.608	41.5668	44.0189	53.7747	84.0684	93.884	100.479	84.0592	81.43	
9	1	1	1	1	1	60.7286	46.6078	41.5666	44.0188	53.7746	84.0681	93.8838	100.478	84.0589	81.4299	
10	1	1	1	1	1	60.7283	46.6076	41.5664	44.0188	53.7746	84.0678	93.8835	100.477	84.0587	81.4297	
11	1	1	1	1	1	60.7281	46.6074	41.5662	44.0187	53.7745	84.0674	93.8833	100.477	84.0585	81.4296	
12	1	1	1	1	1	60.7279	46.6072	41.566	44.0186	53.7745	84.0671	93.883	100.476	84.0583	81.4294	
13	1	1	1	1	1	60.7277	46.607	41.5658	44.0185	53.7745	84.0668	93.8828	100.475	84.058	81.4293	
14	1	1	1	1	1	60.7274	46.6068	41.5656	44.0184	53.7744	84.0665	93.8825	100.474	84.0578	81.4292	
15	1	1	1	1	1	60.7272	46.6066	41.5654	44.0183	53.7744	84.0661	93.8822	100.473	84.0576	81.429	
16	1	1	1	1	1	60.727	46.6064	41.5652	44.0182	53.7743	84.0658	93.8819	100.473	84.0573	81.4289	
17	1	1	1	1	1	60.7267	46.6061	41.565	44.0181	53.7743	84.0655	93.8817	100.472	84.0571	81.4287	
18	1	1	1	1	1	60.7265	46.6059	41.5648	44.018	53.7742	84.0651	93.8814	100.471	84.0569	81.4286	
19	1	1	1	1	1	60.7262	46.6057	41.5646	44.0179	53.7742	84.0648	93.8811	100.47	84.0566	81.4284	
20	1	1	1	1	1	60.726	46.6055	41.5644	44.0178	53.7742	84.0644	93.8808	100.469	84.0564	81.4282	
21	1	1	1	1	1	60.7257	46.6052	41.5642	44.0177	53.7741	84.0641	93.8806	100.469	84.0561	81.4281	
22	1	1	1	1	1	60.7255	46.605	41.5639	44.0176	53.7741	84.0637	93.8803	100.468	84.0559	81.4279	
23	1	1	1	1	1	60.7252	46.6048	41.5637	44.0175	53.774	84.0634	93.88	100.467	84.0556	81.4278	
24	1	1	1	1	1	60.725	46.6045	41.5635	44.0174	53.774	84.063	93.8797	100.466	84.0554	81.4276	
25	1	1	1	1	1	60.7247	46.6043	41.5633	44.0173	53.7739	84.0627	93.8794	100.465	84.0551	81.4275	
26	1	1	1	1	1	60.7245	46.6041	41.563	44.0172	53.7739	84.0623	93.8791	100.464	84.0549	81.4273	
27	1	1	1	1	1	60.7242	46.6038	41.5628	44.0171	53.7738	84.0619	93.8788	100.463	84.0546	81.4271	
28	1	1	1	1	1	60.7239	46.6036	41.5626	44.017	53.7738	84.0615	93.8785	100.463	84.0543	81.427	
29	1	1	1	1	1	60.7237	46.6033	41.5623	44.0169	53.7738	84.0612	93.8782	100.462	84.0541	81.4268	
30	1	1	1	1	1	60.7234	46.6031	41.5621	44.0168	53.7737	84.0608	93.8779	100.461	84.0538	81.4266	
31	1	1	1	1	1	60.7231	46.6028	41.5619	44.0167	53.7737	84.0604	93.8776	100.46	84.0535	81.4264	
32	1	1	1	1	1	60.7228	46.6026	41.5616	44.0166	53.7736	84.06	93.8772	100.459	84.0532	81.4263	
33	1	1	1	1	1	60.7226	46.6023	41.5614	44.0165	53.7736	84.0596	93.8769	100.458	84.053	81.4261	
34	1	1	1	1	1	60.7223	46.6021	41.5611	44.0164	53.7735	84.0592	93.8766	100.457	84.0527	81.4259	
35	1	1	1	1	1	60.722	46.6018	41.5609	44.0163	53.7735	84.0588	93.8763	100.456	84.0524	81.4257	
36	1	1	1	1	1	60.7217	46.6016	41.5606	44.0162	53.7734	84.0584	93.8759	100.455	84.0521	81.4256	
37	1	1	1	1	1	60.7214	46.6013	41.5604	44.0161	53.7734	84.058	93.8756	100.454	84.0518	81.4254	
38	1	1	1	1	1	60.7211	46.601	41.5601	44.0159	53.7733	84.0575	93.8753	100.453	84.0515	81.4252	
39	1	1	1	1	1	60.7208	46.6007	41.5598	44.0158	53.7732	84.0571	93.8749	100.452	84.0512	81.425	
40	1	1	1	1	1	60.7205	46.6005	41.5596	44.0157	53.7732	84.0567	93.8746	100.451	84.0509	81.4248	
41	1	1	1	1	1	60.7202	46.6002	41.5593	44.0156	53.7731	84.0563	93.8742	100.45	84.0506	81.4246	
42	1	1	1	1	1	60.7199	46.5999	41.559	44.0155	53.7731	84.0558	93.8739	100.449	84.0503	81.4244	
43	1	1	1	1	1	60.7196	46.5996	41.5588	44.0154	53.773	84.0554	93.8735	100.448	84.05	81.4242	
44	1	1	1	1	1	60.7193	46.5993	41.5585	44.0152	53.773	84.055	93.8732	100.447	84.0497	81.424	
45	1	1	1	1	1	60.719	46.5991	41.5582	44.0151	53.7729	84.0545	93.8728	100.446	84.0494	81.4238	
46	1	1	1	1	1	60.7187	46.5988	41.5579	44.015	53.7729	84.0541	93.8725	100.445	84.049	81.4236	
47	1	1	1	1	1	60.7183	46.5985	41.5577	44.0149	53.7728	84.0536	93.8721	100.444	84.0487	81.4234	
48	1	1	1	1	1	60.718	46.5982	41.5574	44.0147	53.7728	84.0531	93.8717	100.443	84.0484	81.4232	
49	1	1	1	1	1	60.7177	46.5979	41.5571	44.0146	53.7727	84.0527	93.8713	100.442	84.0481	81.423	
50	1	1	1	1	1	60.7173	46.5976	41.5568	44.0145	53.7726	84.0522	93.871	100.441	84.0477	81.4228	
51	1	1	1	1	1	60.717	46.5973	41.5565	44.0144	53.7726	84.0517	93.8706	100.439	84.0474	81.4226	
52	1	1	1	1	1	60.7167	46.597	41.5562	44.0142	53.7725	84.0512	93.8702	100.438	84.0471	81.4224	
53	1	1	1	1	1	60.7163	46.5966	41.5559	44.0141	53.7725	84.0508	93.8698	100.437	84.0467	81.4222	
54	1	1	1	1	1	60.716	46.5963	41.5556	44.014	53.7724	84.0503	93.8694	100.436	84.0464	81.422	
55	1	1	1	1	1	60.7156	46.596	41.5553	44.0138	53.7723	84.0498	93.869	100.435	84.046	81.4217	
56	1	1	1	1	1	60.7153	46.5957	41.555	44.0137	53.7723	84.0493	93.8686	100.434	84.0457	81.4215	
57	1	1	1	1	1	60.7149	46.5954	41.5547	44.0135	53.7722	84.0488	93.8682	100.433	84.0453	81.4213	
58	1	1	1	1	1	60.7146	46.595	41.5544	44.0134	53.7721	84.0483	93.8678	100.431	84.045	81.4211	
59	1	1	1	1	1	60.7142	46.5947	41.554	44.0133	53.7721	84.0477	93.8674	100.43	84.0446	81.4208	
60	1	1	1	1	1	60.7138	46.5944	41.5537	44.0131	53.772	84.0472	93.8669	100.429	84.0442	81.4206	
61	1	1	1	1	1	60.7135	46.594	41.5534	44.013	53.7719	84.0467	93.8665	100.428	84.0439	81.4204	
62	1	1	1	1	1	60.7131	46.5937	41.5531	44.0128	53.7719	84.0462	93.8661	100.426	84.0435	81.4201	
63	1	1	1	1	1	60.7127	46.5933	41.5527	44.0127	53.7718	84.0456	93.8657	100.425	84.0431	81.4199	
64	1	1	1	1	1	60.7123	46.593	41.5524	44.0125	53.7717	84.0451	93.8652	100.424	84.0427	81.4197	
65	1	1	1	1	1	60.7119	46.5926	41.552	44.0124	53.7717	84.0445	93.8648	100.423	84.0423	81.4194	
66	1	1	1	1	1	60.7115	46.5923	41.5517	44.0122	53.7716	84.044	93.8643	100.421	84.0419	81.4192	
67	1	1	1	1	1	60.7112	46.5919	41.5514	44.0121	53.7715	84.0434	93.8639	100.42	84.0416	81.4189	
68	1	1	1	1	1	60.7108	46.5915	41.551	44.0119	53.7715	84.0429	93.8634	100.419	84.0412	81.4187	
69	1	1	1	1	1	60.7104	46.5912	41.5507	44.0118	53.7714	84.0423	93.863	100.417	84.0408	81.4184	
70	1	1	1	1	1	60.7099	46.5908	41.5503	44.0116	53.7713	84.0417	93.8625	100.416	84.0403	81.4182	
71	1	1	1	1	1	60.7095	46.5904	41.5499	44.0114	53.7713	84.0411	93.862	100.415	84.0399	81.4179	
72	1	1	1	1	1	60.7091	46.59	41.5496	44.0113	53.7712	84.0406	93.8615	100.413	84.0395	81.4177	
73	1	1	1	1	1	60.7087	46.5897	41.5492	44.0111	53.7711	84.04	93.8611	100.412	84.0391	81.4174	
74	1	1	1	1	1	60.7083	46.5893	41.5488	44.011	53.771	84.0394	93.8606	100.41	84.0387	81.4171	
75	1	1	1	1	1	60.7078	46.5889	41.5485	44.0108	53.771	84.0388	93.8601	100.409	84.0382	81.4169	
76	1	1	1	1	1	60.7074	46.5885	41.5481	44.0106	53.7709	84.0381	93.8596	100.407	84.0378	81.4166	
77	1	1	1	1	1	60.707	46.5881	41.5477	44.0105	53.7708	84.0375	93.8591	100.406	84.0374	81.4163	
78	1	1	1	1	1	60.7065	46.5877	41.5473	44.0103	53.7707	84.0369	93.8586	100.405	84.0369	81.416	
79	1	1	1	1	1	60.7061	46.5873	41.5469	44.0101	53.7706	84.0363	93.8581	100.403	84.0365	81.4158	
80	1	1	1	1	1	60.7056	46.5869	41.5465	44.0099	53.7706	84.0356	93.8576	100.402	84.036	81.4155	
81	1	1	1	1	1	60.7052	46.5865	41.5461	44.0098	53.7705	84.035	93.8571	100.4	84.0356	81.4152	
82	1	1	1	1	1	60.7047	46.586	41.5457	44.0096	53.7704	84.0343	93.8565	100.399	84.0351	81.4149	
83	1	1	1	1	1	60.7043	46.5856	41.5453	44.0094	53.7703	84.0337	93.856	100.397	84.0347	81.4146	
84	1	1	1	1	1	60.7038	46.5852	41.5449	44.0092	53.7702	84.033	93.8555	100.395	84.0342	81.4143	
85	1	1	1	1	1	60.7033	46.5847	41.5445	44.009	53.7701	84.0323	93.8549	100.394	84.0337	81.414	
86	1	1	1	1	1	60.7028	46.5843	41.5441	44.0089	53.7701	84.0317	93.8544	100.392	84.0332	81.4137	
87	1	1	1	1	1	60.7024	46.5839	41.5436	44.0087	53.77	84.031	93.8538	100.391	84.0328	81.4134	
88	1	1	1	1	1	60.7019	46.5834	41.5432	44.0085	53.7699	84.0303	93.8533	100.389	84.0323	81.4131	
89	1	1	1	1	1	60.7014	46.583	41.5428	44.0083	53.7698	84.0296	93.8527	100.387	84.0318	81.4128	
90	1	1	1	1	1	60.7009	46.5825	41.5423	44.0081	53.7697	84.0289	93.8521	100.386	84.0313	81.4125	
91	1	1	1	1	1	60.7004	46.5821	41.5419	44.0079	53.7696	84.0282	93.8515	100.384	84.0308	81.4122	
92	1	1	1	1	1	60.6999	46.5816	41.5415	44.0077	53.7695	84.0275	93.851	100.382	84.0303	81.4118	
93	1	1	1	1	1	60.6994	46.5811	41.541	44.0075	53.7694	84.0267	93.8504	100.381	84.0298	81.4115	
94	1	1	1	1	1	60.6988	46.5806	41.5406	44.0073	53.7694	84.026	93.8498	100.379	84.0292	81.4112	
95	1	1	1	1	1	60.6983	46.5802	41.5401	44.0071	53.7693	84.0252	93.8492	100.377	84.0287	81.4109	
96	1	1	1	1	1	60.6978	46.5797	41.5396	44.0069	53.7692	84.0245	93.8486	100.375	84.0282	81.4105	
97	1	1	1	1	1	60.6972	46.5792	41.5392	44.0067	53.7691	84.0237	93.848	100.374	84.0277	81.4102	
98	1	1	1	1	1	60.6967	46.5787	41.5387	44.0065	53.769	84.023	93.8474	100.372	84.0271	81.4099	
99	1	1	1	1	1	60.6962	46.5782	41.5382	44.0063	53.7689	84.0222	93.8467	100.37	84.0266	81.4095	
100	1	1	1	1	1	60.6956	46.5777	41.5377	44.0061	53.7688	84.0214	93.8461	100.368	84.026	81.4092	
101	1	1	1	1	1	60.6951	46.5772	41.5372	44.0058	53.7687	84.0206	93.8455	100.366	84.0255	81.4088	
102	1	1	1	1	1	60.6945	46.5767	41.5367	44.0056	53.7686	84.0198	93.8448	100.364	84.0249	81.4085	
103	1	1	1	1	1	60.6939	46.5761	41.5362	44.0054	53.7685	84.019	93.8442	100.362	84.0243	81.4081	
104	1	1	1	1	1	60.6933	46.5756	41.5357	44.0052	53.7684	84.0182	93.8435	100.361	84.0238	81.4078	
105	1	1	1	1	1	60.6928	46.5751	41.5352	44.005	53.7683	84.0174	93.8428	100.359	84.0232	81.4074	
106	1	1	1	1	1	60.6922	46.5745	41.5347	44.0047	53.7682	84.0166	93.8422	100.357	84.0226	81.407	
107	1	1	1	1	1	60.6916	46.574	41.5342	44.0045	53.7681	84.0157	93.8415	100.355	84.022	81.4066	
108	1	1	1	1	1	60.691	46.5735	41.5337	44.0043	53.768	84.0149	93.8408	100.353	84.0214	81.4063	
109	1	1	1	1	1	60.6904	46.5729	41.5331	44.004	53.7678	84.014	93.8401	100.351	84.0208	81.4059	
110	1	1	1	1	1	60.6898	46.5723	41.5326	44.0038	53.7677	84.0132	93.8394	100.349	84.0202	81.4055	
111	1	1	1	1	1	60.6892	46.5718	41.5321	44.0036	53.7676	84.0123	93.8387	100.347	84.0196	81.4051	
112	1	1	1	1	1	60.6885	46.5712	41.5315	44.0033	53.7675	84.0114	93.838	100.344	84.0189	81.4047	
113	1	1	1	1	1	60.6879	46.5706	41.531	44.0031	53.7674	84.0105	93.8373	100.342	84.0183	81.4043	
114	1	1	1	1	1	60.6873	46.5701	41.5304	44.0028	53.7673	84.0096	93.8366	100.34	84.0177	81.4039	
115	1	1	1	1	1	60.6866	46.5695	41.5299	44.0026	53.7672	84.0087	93.8358	100.338	84.017	81.4035	
116	1	1	1	1	1	60.686	46.5689	41.5293	44.0023	53.7671	84.0078	93.8351	100.336	84.0164	81.4031	
117	1	1	1	1	1	60.6853	46.5683	41.5287	44.0021	53.7669	84.0069	93.8343	100.334	84.0157	81.4027	
118	1	1	1	1	1	60.6847	46.5677	41.5281	44.0018	53.7668	84.0059	93.8336	100.332	84.0151	81.4023	
119	1	1	1	1	1	60.684	46.5671	41.5275	44.0016	53.7667	84.005	93.8328	100.329	84.0144	81.4019	
120	1	1	1	1	1	60.6833	46.5664	41.527	44.0013	53.7666	84.004	93.832	100.327	84.0137	81.4015	
121	1	1	1	1	1	60.6826	46.5658	41.5264	44.001	53.7665	84.003	93.8313	100.325	84.013	81.401	
122	1	1	1	1	1	60.6819	46.5652	41.5257	44.0008	53.7663	84.0021	93.8305	100.322	84.0124	81.4006	
123	1	1	1	1	1	60.6812	46.5645	41.5251	44.0005	53.7662	84.0011	93.8297	100.32	84.0117	81.4002	
124	1	1	1	1	1	60.6805	46.5639	41.5245	44.0002	53.7661	84.0001	93.8289	100.318	84.011	81.3997	
125	1	1	1	1	1	60.6798	46.5632	41.5239	43.9999	53.766	83.9991	93.8281	100.315	84.0102	81.3993	
126	1	1	1	1	1	60.6791	46.5626	41.5233	43.9997	53.7658	83.9981	93.8272	100.313	84.0095	81.3988	
127	1	1	1	1	1	60.6784	46.5619	41.5226	43.9994	53.7657	83.997	93.8264	100.311	84.0088	81.3984	
128	1	1	1	1	1	60.6777	46.5612	41.522	43.9991	53.7656	83.996	93.8256	100.308	84.0081	81.3979	
129	1	1	1	1	1	60.6769	46.5606	41.5213	43.9988	53.7654	83.9949	93.8247	100.306	84.0073	81.3974	
130	1	1	1	1	1	60.6762	46.5599	41.5207	43.9985	53.7653	83.9939	93.8239	100.303	84.0066	81.397	
131	1	1	1	1	1	60.6754	46.5592	41.52	43.9982	53.7652	83.9928	93.823	100.301	84.0058	81.3965	
132	1	1	1	1	1	60.6746	46.5585	41.5194	43.9979	53.765	83.9917	93.8221	100.298	84.0051	81.396	
133	1	1	1	1	1	60.6739	46.5578	41.5187	43.9976	53.7649	83.9906	93.8212	100.296	84.0043	81.3955	
134	1	1	1	1	1	60.6731	46.5571	41.518	43.9973	53.7648	83.9895	93.8203	100.293	84.0035	81.395	
135	1	1	1	1	1	60.6723	46.5563	41.5173	43.997	53.7646	83.9884	93.8194	100.29	84.0027	81.3945	
136	1	1	1	1	1	60.6715	46.5556	41.5166	43.9967	53.7645	83.9873	93.8185	100.288	84.0019	81.394	
137	1	1	1	1	1	60.6707	46.5549	41.5159	43.9964	53.7643	83.9862	93.8176	100.285	84.0011	81.3935	
138	1	1	1	1	1	60.6699	46.5541	41.5152	43.9961	53.7642	83.985	93.8167	100.282	84.0003	81.393	
139	1	1	1	1	1	60.6691	46.5534	41.5145	43.9958	53.764	83.9838	93.8158	100.28	83.9995	81.3925	
140	1	1	1	1	1	60.6682	46.5526	41.5138	43.9955	53.7639	83.9827	93.8148	100.277	83.9987	81.392	
141	1	1	1	1	1	60.6674	46.5519	41.513	43.9951	53.7637	83.9815	93.8138	100.274	83.9978	81.3915	
142	1	1	1	1	1	60.6666	46.5511	41.5123	43.9948	53.7636	83.9803	93.8129	100.271	83.997	81.3909	
143	1	1	1	1	1	60.6657	46.5503	41.5115	43.9945	53.7634	83.9791	93.8119	100.268	83.9961	81.3904	
144	1	1	1	1	1	60.6648	46.5495	41.5108	43.9942	53.7633	83.9779	93.8109	100.265	83.9953	81.3899	
145	1	1	1	1	1	60.664	46.5487	41.51	43.9938	53.7631	83.9766	93.8099	100.262	83.9944	81.3893	
146	1	1	1	1	1	60.6631	46.5479	41.5092	43.9935	53.763	83.9754	93.8089	100.26	83.9935	81.3888	
147	1	1	1	1	1	60.6622	46.5471	41.5085	43.9931	53.7628	83.9741	93.8079	100.257	83.9926	81.3882	
148	1	1	1	1	1	60.6613	46.5463	41.5077	43.9928	53.7626	83.9728	93.8069	100.254	83.9917	81.3876	
149	1	1	1	1	1	60.6604	46.5454	41.5069	43.9924	53.7625	83.9716	93.8058	100.251	83.9908	81.3871	
150	1	1	1	1	1	60.6595	46.5446	41.5061	43.9921	53.7623	83.9703	93.8048	100.247	83.9899	81.3865	
151	1	1	1	1	1	60.6585	46.5437	41.5053	43.9917	53.7621	83.9689	93.8037	100.244	83.989	81.3859	
152	1	1	1	1	1	60.6576	46.5429	41.5044	43.9914	53.762	83.9676	93.8026	100.241	83.988	81.3853	
153	1	1	1	1	1	60.6567	46.542	41.5036	43.991	53.7618	83.9663	93.8016	100.238	83.9871	81.3847	
154	1	1	1	1	1	60.6557	46.5411	41.5028	43.9906	53.7616	83.9649	93.8005	100.235	83.9861	81.3841	
155	1	1	1	1	1	60.6547	46.5402	41.5019	43.9903	53.7614	83.9635	93.7994	100.232	83.9852	81.3835	
156	1	1	1	1	1	60.6538	46.5393	41.5011	43.9899	53.7613	83.9622	93.7983	100.228	83.9842	81.3829	
157	1	1	1	1	1	60.6528	46.5384	41.5002	43.9895	53.7611	83.9608	93.7971	100.225	83.9832	81.3823	
158	1	1	1	1	1	60.6518	46.5375	41.4993	43.9891	53.7609	83.9594	93.796	100.222	83.9822	81.3817	
159	1	1	1	1	1	60.6508	46.5366	41.4985	43.9887	53.7607	83.9579	93.7948	100.218	83.9812	81.381	
160	1	1	1	1	1	60.6497	46.5357	41.4976	43.9883	53.7605	83.9565	93.7937	100.215	83.9802	81.3804	
161	1	1	1	1	1	60.6487	46.5347	41.4967	43.9879	53.7604	83.955	93.7925	100.212	83.9792	81.3798	
162	1	1	1	1	1	60.6477	46.5338	41.4958	43.9875	53.7602	83.9536	93.7913	100.208	83.9781	81.3791	
163	1	1	1	1	1	60.6466	46.5328	41.4949	43.9871	53.76	83.9521	93.7901	100.205	83.9771	81.3784	
164	1	1	1	1	1	60.6456	46.5318	41.4939	43.9867	53.7598	83.9506	93.7889	100.201	83.976	81.3778	
165	1	1	1	1	1	60.6445	46.5308	41.493	43.9863	53.7596	83.9491	93.7877	100.198	83.9749	81.3771	
166	1	1	1	1	1	60.6434	46.5298	41.492	43.9859	53.7594	83.9475	93.7864	100.194	83.9739	81.3764	
167	1	1	1	1	1	60.6423	46.5288	41.4911	43.9855	53.7592	83.946	93.7852	100.19	83.9728	81.3757	
168	1	1	1	1	1	60.6412	46.5278	41.4901	43.9851	53.759	83.9444	93.7839	100.187	83.9717	81.3751	
169	1	1	1	1	1	60.6401	46.5268	41.4892	43.9846	53.7588	83.9428	93.7827	100.183	83.9706	81.3744	
170	1	1	1	1	1	60.639	46.5258	41.4882	43.9842	53.7586	83.9413	93.7814	100.179	83.9694	81.3736	
171	1	1	1	1	1	60.6378	46.5247	41.4872	43.9838	53.7584	83.9396	93.7801	100.175	83.9683	81.3729	
172	1	1	1	1	1	60.6367	46.5237	41.4862	43.9833	53.7582	83.938	93.7788	100.171	83.9671	81.3722	
173	1	1	1	1	1	60.6355	46.5226	41.4852	43.9829	53.758	83.9364	93.7774	100.168	83.966	81.3715	
174	1	1	1	1	1	60.6344	46.5215	41.4841	43.9824	53.7578	83.9347	93.7761	100.164	83.9648	81.3707	
175	1	1	1	1	1	60.6332	46.5204	41.4831	43.982	53.7575	83.933	93.7747	100.16	83.9636	81.37	
176	1	1	1	1	1	60.632	46.5193	41.482	43.9815	53.7573	83.9313	93.7734	100.156	83.9624	81.3692	
177	1	1	1	1	1	60.6308	46.5182	41.481	43.981	53.7571	83.9296	93.772	100.152	83.9612	81.3685	
178	1	1	1	1	1	60.6295	46.5171	41.4799	43.9806	53.7569	83.9279	93.7706	100.148	83.96	81.3677	
179	1	1	1	1	1	60.6283	46.516	41.4788	43.9801	53.7567	83.9261	93.7692	100.143	83.9588	81.3669	
180	1	1	1	1	1	60.627	46.5148	41.4777	43.9796	53.7564	83.9244	93.7677	100.139	83.9575	81.3662	
181	1	1	1	1	1	60.6258	46.5136	41.4766	43.9791	53.7562	83.9226	93.7663	100.135	83.9562	81.3654	
182	1	1	1	1	1	60.6245	46.5125	41.4755	43.9786	53.756	83.9208	93.7648	100.131	83.955	81.3646	
183	1	1	1	1	1	60.6232	46.5113	41.4744	43.9781	53.7557	83.919	93.7634	100.126	83.9537	81.3638	
184	1	1	1	1	1	60.6219	46.5101	41.4733	43.9776	53.7555	83.9171	93.7619	100.122	83.9524	81.3629	
185	1	1	1	1	1	60.6206	46.5089	41.4721	43.9771	53.7553	83.9152	93.7604	100.118	83.9511	81.3621	
186	1	1	1	1	1	60.6193	46.5077	41.471	43.9766	53.755	83.9134	93.7589	100.113	83.9497	81.3613	
187	1	1	1	1	1	60.6179	46.5064	41.4698	43.9761	53.7548	83.9115	93.7573	100.109	83.9484	81.3604	
188	1	1	1	1	1	60.6166	46.5052	41.4686	43.9756	53.7545	83.9095	93.7558	100.104	83.947	81.3596	
189	1	1	1	1	1	60.6152	46.5039	41.4674	43.9751	53.7543	83.9076	93.7542	100.1	83.9457	81.3587	
190	1	1	1	1	1	60.6138	46.5026	41.4662	43.9745	53.754	83.9056	93.7526	100.095	83.9443	81.3579	
191	1	1	1	1	1	60.6124	46.5014	41.465	43.974	53.7538	83.9037	93.751	100.09	83.9429	81.357	
192	1	1	1	1	1	60.611	46.5001	41.4637	43.9734	53.7535	83.9017	93.7494	100.086	83.9415	81.3561	
193	1	1	1	1	1	60.6096	46.4987	41.4625	43.9729	53.7532	83.8996	93.7478	100.081	83.94	81.3552	
194	1	1	1	1	1	60.6081	46.4974	41.4612	43.9723	53.753	83.8976	93.7461	100.076	83.9386	81.3543	
195	1	1	1	1	1	60.6067	46.4961	41.46	43.9718	53.7527	83.8955	93.7445	100.071	83.9371	81.3534	
196	1	1	1	1	1	60.6052	46.4947	41.4587	43.9712	53.7524	83.8935	93.7428	100.066	83.9357	81.3525	
197	1	1	1	1	1	60.6037	46.4933	41.4574	43.9707	53.7522	83.8913	93.7411	100.061	83.9342	81.3515	
198	1	1	1	1	1	60.6022	46.492	41.4561	43.9701	53.7519	83.8892	93.7394	100.056	83.9327	81.3506	
199	1	1	1	1	1	60.6007	46.4906	41.4548	43.9695	53.7516	83.8871	93.7376	100.051	83.9312	81.3496	
200	1	1	1	1	1	60.5991	46.4891	41.4534	43.9689	53.7513	83.8849	93.7359	100.046	83.9296	81.3487	
201	1	1	1	1	1	60.5976	46.4877	41.4521	43.9683	53.751	83.8827	93.7341	100.041	83.9281	81.3477	
202	1	1	1	1	1	60.596	46.4863	41.4507	43.9677	53.7508	83.8805	93.7323	100.036	83.9265	81.3467	
203	1	1	1	1	1	60.5944	46.4848	41.4493	43.9671	53.7505	83.8782	93.7305	100.03	83.9249	81.3457	
204	1	1	1	1	1	60.5928	46.4833	41.4479	43.9665	53.7502	83.876	93.7287	100.025	83.9233	81.3447	
205	1	1	1	1	1	60.5912	46.4818	41.4465	43.9659	53.7499	83.8737	93.7268	100.02	83.9217	81.3437	
206	1	1	1	1	1	60.5896	46.4803	41.4451	43.9652	53.7496	83.8714	93.725	100.014	83.9201	81.3427	
207	1	1	1	1	1	60.5879	46.4788	41.4436	43.9646	53.7493	83.869	93.7231	100.009	83.9184	81.3417	
208	1	1	1	1	1	60.5863	46.4773	41.4422	43.964	53.749	83.8667	93.7212	100.003	83.9167	81.3406	
209	1	1	1	1	1	60.5846	46.4757	41.4407	43.9633	53.7486	83.8643	93.7192	99.9975	83.9151	81.3396	
210	1	1	1	1	1	60.5829	46.4742	41.4392	43.9627	53.7483	83.8619	93.7173	99.9918	83.9134	81.3385	
211	1	1	1	1	1	60.5812	46.4726	41.4377	43.962	53.748	83.8594	93.7153	99.986	83.9116	81.3374	
212	1	1	1	1	1	60.5794	46.471	41.4362	43.9614	53.7477	83.857	93.7134	99.9802	83.9099	81.3363	
213	1	1	1	1	1	60.5777	46.4693	41.4347	43.9607	53.7474	83.8545	93.7113	99.9743	83.9081	81.3352	
214	1	1	1	1	1	60.5759	46.4677	41.4332	43.96	53.747	83.852	93.7093	99.9684	83.9064	81.3341	
215	1	1	1	1	1	60.5741	46.4661	41.4316	43.9593	53.7467	83.8494	93.7073	99.9624	83.9046	81.333	
216	1	1	1	1	1	60.5723	46.4644	41.43	43.9586	53.7464	83.8469	93.7052	99.9564	83.9028	81.3318	
217	1	1	1	1	1	60.5704	46.4627	41.4284	43.9579	53.746	83.8443	93.7031	99.9502	83.9009	81.3307	
218	1	1	1	1	1	60.5686	46.461	41.4268	43.9572	53.7457	83.8417	93.701	99.9441	83.8991	81.3295	
219	1	1	1	1	1	60.5667	46.4593	41.4252	43.9565	53.7453	83.839	93.6989	99.9378	83.8972	81.3284	
220	1	1	1	1	1	60.5648	46.4575	41.4235	43.9558	53.745	83.8363	93.6967	99.9315	83.8953	81.3272	
221	1	1	1	1	1	60.5629	46.4558	41.4219	43.9551	53.7446	83.8336	93.6945	99.9251	83.8934	81.326	
222	1	1	1	1	1	60.561	46.454	41.4202	43.9543	53.7443	83.8309	93.6923	99.9187	83.8915	81.3248	
223	1	1	1	1	1	60.559	46.4522	41.4185	43.9536	53.7439	83.8282	93.6901	99.9121	83.8895	81.3236	
224	1	1	1	1	1	60.5571	46.4504	41.4168	43.9528	53.7436	83.8254	93.6878	99.9056	83.8876	81.3223	
225	1	1	1	1	1	60.5551	46.4485	41.4151	43.9521	53.7432	83.8225	93.6856	99.8989	83.8856	81.3211	
226	1	1	1	1	1	60.5531	46.4467	41.4133	43.9513	53.7428	83.8197	93.6833	99.8922	83.8836	81.3198	
227	1	1	1	1	1	60.551	46.4448	41.4115	43.9505	53.7424	83.8168	93.681	99.8854	83.8815	81.3185	
228	1	1	1	1	1	60.549	46.4429	41.4097	43.9497	53.742	83.8139	93.6786	99.8785	83.8795	81.3173	
229	1	1	1	1	1	60.5469	46.441	41.4079	43.949	53.7417	83.811	93.6762	99.8716	83.8774	81.316	
230	1	1	1	1	1	60.5448	46.439	41.4061	43.9482	53.7413	83.808	93.6738	99.8646	83.8753	81.3146	
231	1	1	1	1	1	60.5427	46.4371	41.4043	43.9473	53.7409	83.805	93.6714	99.8575	83.8732	81.3133	
232	1	1	1	1	1	60.5405	46.4351	41.4024	43.9465	53.7405	83.802	93.669	99.8503	83.871	81.312	
233	1	1	1	1	1	60.5384	46.4331	41.4005	43.9457	53.7401	83.7989	93.6665	99.8431	83.8689	81.3106	
234	1	1	1	1	1	60.5362	46.4311	41.3986	43.9449	53.7397	83.7958	93.664	99.8358	83.8667	81.3092	
235	1	1	1	1	1	60.534	46.429	41.3967	43.944	53.7392	83.7927	93.6615	99.8284	83.8645	81.3079	
236	1	1	1	1	1	60.5317	46.4269	41.3948	43.9432	53.7388	83.7895	93.6589	99.8209	83.8622	81.3065	
237	1	1	1	1	1	60.5295	46.4249	41.3928	43.9423	53.7384	83.7863	93.6564	99.8133	83.86	81.3051	
238	1	1	1	1	1	60.5272	46.4228	41.3908	43.9415	53.738	83.7831	93.6538	99.8057	83.8577	81.3036	
239	1	1	1	1	1	60.5249	46.4206	41.3888	43.9406	53.7375	83.7799	93.6511	99.798	83.8554	81.3022	
240	1	1	1	1	1	60.5225	46.4185	41.3868	43.9397	53.7371	83.7766	93.6485	99.7902	83.8531	81.3007	
241	1	1	1	1	1	60.5202	46.4163	41.3848	43.9388	53.7367	83.7732	93.6458	99.7823	83.8507	81.2992	
242	1	1	1	1	1	60.5178	46.4141	41.3827	43.9379	53.7362	83.7699	93.6431	99.7744	83.8483	81.2978	
243	1	1	1	1	1	60.5154	46.4119	41.3806	43.937	53.7358	83.7665	93.6403	99.7664	83.8459	81.2963	
244	1	1	1	1	1	60.513	46.4096	41.3785	43.9361	53.7353	83.763	93.6376	99.7582	83.8435	81.2947	
245	1	1	1	1	1	60.5105	46.4073	41.3764	43.9351	53.7348	83.7596	93.6348	99.75	83.841	81.2932	
246	1	1	1	1	1	60.508	46.405	41.3742	43.9342	53.7344	83.756	93.6319	99.7417	83.8385	81.2916	
247	1	1	1	1	1	60.5055	46.4027	41.372	43.9332	53.7339	83.7525	93.6291	99.7333	83.836	81.2901	
248	1	1	1	1	1	60.503	46.4004	41.3699	43.9323	53.7334	83.7489	93.6262	99.7249	83.8335	81.2885	
249	1	1	1	1	1	60.5004	46.398	41.3676	43.9313	53.7329	83.7453	93.6232	99.7163	83.8309	81.2869	
250	1	1	1	1	1	60.4978	46.3956	41.3654	43.9303	53.7324	83.7416	93.6203	99.7076	83.8283	81.2853	
251	1	1	1	1	1	60.4952	46.3932	41.3631	43.9293	53.7319	83.7379	93.6173	99.6989	83.8257	81.2836	
252	1	1	1	1	1	60.4926	46.3907	41.3608	43.9283	53.7314	83.7342	93.6143	99.69	83.8231	81.282	
253	1	1	1	1	1	60.4899	46.3882	41.3585	43.9273	53.7309	83.7304	93.6112	99.6811	83.8204	81.2803	
254	1	1	1	1	1	60.4872	46.3857	41.3562	43.9263	53.7304	83.7266	93.6082	99.6721	83.8177	81.2786	
255	1	1	1	1	1	60.4845	46.3832	41.3538	43.9253	53.7299	83.7227	93.6051	99.6629	83.815	81.2769	
256	1	1	1	1	1	60.4817	46.3806	41.3514	43.9242	53.7294	83.7188	93.6019	99.6537	83.8122	81.2752	
257	1	1	1	1	1	60.4789	46.3781	41.349	43.9232	53.7288	83.7149	93.5987	99.6444	83.8094	81.2734	
258	1	1	1	1	1	60.4761	46.3754	41.3466	43.9221	53.7283	83.7109	93.5955	99.635	83.8066	81.2717	
259	1	1	1	1	1	60.4732	46.3728	41.3441	43.921	53.7278	83.7069	93.5923	99.6254	83.8038	81.2699	
260	1	1	1	1	1	60.4704	46.3701	41.3416	43.92	53.7272	83.7028	93.589	99.6158	83.8009	81.2681	
261	1	1	1	1	1	60.4674	46.3674	41.3391	43.9189	53.7267	83.6987	93.5857	99.6061	83.798	81.2663	
262	1	1	1	1	1	60.4645	46.3647	41.3366	43.9177	53.7261	83.6945	93.5823	99.5962	83.795	81.2644	
263	1	1	1	1	1	60.4615	46.3619	41.334	43.9166	53.7255	83.6903	93.5789	99.5863	83.7921	81.2626	
264	1	1	1	1	1	60.4585	46.3591	41.3314	43.9155	53.7249	83.6861	93.5755	99.5763	83.7891	81.2607	
265	1	1	1	1	1	60.4555	46.3563	41.3288	43.9144	53.7244	83.6818	93.5721	99.5661	83.786	81.2588	
266	1	1	1	1	1	60.4524	46.3535	41.3261	43.9132	53.7238	83.6775	93.5686	99.5558	83.783	81.2569	
267	1	1	1	1	1	60.4493	46.3506	41.3234	43.912	53.7232	83.6731	93.565	99.5455	83.7799	81.2549	
268	1	1	1	1	1	60.4462	46.3477	41.3207	43.9109	53.7226	83.6687	93.5615	99.535	83.7767	81.253	
269	1	1	1	1	1	60.443	46.3447	41.318	43.9097	53.722	83.6642	93.5578	99.5244	83.7736	81.251	
270	1	1	1	1	1	60.4398	46.3418	41.3152	43.9085	53.7214	83.6597	93.5542	99.5137	83.7703	81.249	
271	1	1	1	1	1	60.4366	46.3388	41.3124	43.9072	53.7207	83.6551	93.5505	99.5028	83.7671	81.247	
272	1	1	1	1	1	60.4333	46.3357	41.3096	43.906	53.7201	83.6505	93.5468	99.4919	83.7638	81.2449	
273	1	1	1	1	1	60.43	46.3326	41.3068	43.9048	53.7195	83.6458	93.543	99.4808	83.7605	81.2429	
274	1	1	1	1	1	60.4266	46.3295	41.3039	43.9035	53.7188	83.6411	93.5392	99.4697	83.7572	81.2408	
275	1	1	1	1	1	60.4233	46.3264	41.301	43.9022	53.7182	83.6363	93.5354	99.4584	83.7538	81.2387	
276	1	1	1	1	1	60.4199	46.3232	41.298	43.901	53.7175	83.6315	93.5315	99.4469	83.7504	81.2365	
277	1	1	1	1	1	60.4164	46.32	41.295	43.8997	53.7168	83.6266	93.5275	99.4354	83.7469	81.2344	
278	1	1	1	1	1	60.4129	46.3167	41.292	43.8984	53.7161	83.6217	93.5236	99.4237	83.7435	81.2322	
279	1	1	1	1	1	60.4094	46.3135	41.289	43.897	53.7155	83.6167	93.5196	99.4119	83.7399	81.23	
280	1	1	1	1	1	60.4058	46.3101	41.2859	43.8957	53.7148	83.6117	93.5155	99.4	83.7364	81.2278	
281	1	1	1	1	1	60.4022	46.3068	41.2828	43.8944	53.7141	83.6066	93.5114	99.3879	83.7328	81.2255	
282	1	1	1	1	1	60.3986	46.3034	41.2797	43.893	53.7134	83.6014	93.5073	99.3757	83.7291	81.2233	
283	1	1	1	1	1	60.3949	46.3	41.2765	43.8916	53.7126	83.5962	93.5031	99.3634	83.7254	81.221	
284	1	1	1	1	1	60.3912	46.2965	41.2733	43.8902	53.7119	83.591	93.4988	99.351	83.7217	81.2186	
285	1	1	1	1	1	60.3874	46.293	41.2701	43.8888	53.7112	83.5857	93.4945	99.3384	83.718	81.2163	
286	1	1	1	1	1	60.3836	46.2894	41.2668	43.8874	53.7104	83.5803	93.4902	99.3257	83.7142	81.2139	
287	1	1	1	1	1	60.3797	46.2859	41.2635	43.886	53.7097	83.5749	93.4858	99.3128	83.7103	81.2115	
288	1	1	1	1	1	60.3759	46.2822	41.2601	43.8845	53.7089	83.5694	93.4814	99.2998	83.7064	81.2091	
289	1	1	1	1	1	60.3719	46.2786	41.2568	43.883	53.7081	83.5638	93.477	99.2866	83.7025	81.2067	
290	1	1	1	1	1	60.368	46.2749	41.2534	43.8816	53.7074	83.5582	93.4724	99.2734	83.6985	81.2042	
291	1	1	1	1	1	60.3639	46.2711	41.2499	43.8801	53.7066	83.5526	93.4679	99.2599	83.6945	81.2017	
292	1	1	1	1	1	60.3599	46.2673	41.2464	43.8786	53.7058	83.5468	93.4633	99.2463	83.6904	81.1991	
293	1	1	1	1	1	60.3558	46.2635	41.2429	43.877	53.705	83.5411	93.4586	99.2326	83.6863	81.1966	
294	1	1	1	1	1	60.3516	46.2596	41.2393	43.8755	53.7041	83.5352	93.4539	99.2187	83.6822	81.194	
295	1	1	1	1	1	60.3474	46.2557	41.2357	43.8739	53.7033	83.5293	93.4491	99.2047	83.678	81.1914	
296	1	1	1	1	1	60.3432	46.2517	41.2321	43.8724	53.7025	83.5233	93.4443	99.1905	83.6738	81.1887	
297	1	1	1	1	1	60.3389	46.2477	41.2284	43.8708	53.7016	83.5173	93.4394	99.1762	83.6695	81.1861	
298	1	1	1	1	1	60.3346	46.2437	41.2247	43.8692	53.7008	83.5112	93.4345	99.1617	83.6652	81.1834	
299	1	1	1	1	1	60.3302	46.2396	41.2209	43.8675	53.6999	83.505	93.4295	99.147	83.6608	81.1806	
300	1	1	1	1	1	60.3258	46.2355	41.2172	43.8659	53.699	83.4987	93.4245	99.1322	83.6563	81.1779	
301	1	1	1	1	1	60.3213	46.2313	41.2133	43.8642	53.6981	83.4924	93.4194	99.1172	83.6519	81.1751	
302	1	1	1	1	1	60.3168	46.227	41.2094	43.8625	53.6972	83.486	93.4143	99.102	83.6473	81.1723	
303	1	1	1	1	1	60.3122	46.2228	41.2055	43.8609	53.6963	83.4796	93.4091	99.0867	83.6428	81.1694	
304	1	1	1	1	1	60.3076	46.2184	41.2016	43.8591	53.6954	83.4731	93.4038	99.0712	83.6381	81.1665	
305	1	1	1	1	1	60.3029	46.214	41.1976	43.8574	53.6944	83.4665	93.3985	99.0556	83.6335	81.1636	
306	1	1	1	1	1	60.2982	46.2096	41.1935	43.8557	53.6935	83.4598	93.3931	99.0397	83.6287	81.1607	
307	1	1	1	1	1	60.2934	46.2051	41.1894	43.8539	53.6925	83.4531	93.3877	99.0237	83.624	81.1577	
308	1	1	1	1	1	60.2885	46.2006	41.1853	43.8521	53.6916	83.4463	93.3822	99.0076	83.6191	81.1547	
309	1	1	1	1	1	60.2836	46.196	41.1811	43.8503	53.6906	83.4394	93.3766	98.9912	83.6142	81.1517	
310	1	1	1	1	1	60.2787	46.1914	41.1769	43.8485	53.6896	83.4324	93.371	98.9746	83.6093	81.1486	
311	1	1	1	1	1	60.2737	46.1867	41.1726	43.8466	53.6886	83.4254	93.3654	98.9579	83.6043	81.1455	
312	1	1	1	1	1	60.2687	46.182	41.1683	43.8448	53.6876	83.4182	93.3596	98.941	83.5993	81.1423	
313	1	1	1	1	1	60.2636	46.1772	41.1639	43.8429	53.6865	83.411	93.3538	98.9239	83.5941	81.1392	
314	1	1	1	1	1	60.2584	46.1723	41.1595	43.841	53.6855	83.4038	93.348	98.9066	83.589	81.1359	
315	1	1	1	1	1	60.2532	46.1674	41.1551	43.8391	53.6844	83.3964	93.342	98.8891	83.5838	81.1327	
316	1	1	1	1	1	60.2479	46.1625	41.1506	43.8371	53.6833	83.389	93.336	98.8714	83.5785	81.1294	
317	1	1	1	1	1	60.2425	46.1574	41.146	43.8352	53.6823	83.3815	93.33	98.8535	83.5731	81.1261	
318	1	1	1	1	1	60.2371	46.1524	41.1414	43.8332	53.6812	83.3739	93.3239	98.8355	83.5677	81.1227	
319	1	1	1	1	1	60.2317	46.1472	41.1368	43.8312	53.68	83.3662	93.3177	98.8172	83.5623	81.1193	
320	1	1	1	1	1	60.2262	46.1421	41.1321	43.8292	53.6789	83.3584	93.3114	98.7987	83.5568	81.1159	
321	1	1	1	1	1	60.2206	46.1368	41.1273	43.8271	53.6778	83.3505	93.3051	98.78	83.5512	81.1124	
322	1	1	1	1	1	60.2149	46.1315	41.1225	43.8251	53.6766	83.3426	93.2987	98.7611	83.5455	81.1089	
323	1	1	1	1	1	60.2092	46.1261	41.1177	43.823	53.6754	83.3346	93.2922	98.742	83.5398	81.1054	
324	1	1	1	1	1	60.2035	46.1207	41.1127	43.8209	53.6742	83.3264	93.2857	98.7226	83.5341	81.1018	
325	1	1	1	1	1	60.1976	46.1152	41.1078	43.8187	53.673	83.3182	93.2791	98.7031	83.5282	81.0982	
326	1	1	1	1	1	60.1917	46.1096	41.1028	43.8166	53.6718	83.3099	93.2724	98.6833	83.5223	81.0945	
327	1	1	1	1	1	60.1857	46.104	41.0977	43.8144	53.6706	83.3015	93.2656	98.6633	83.5164	81.0908	
328	1	1	1	1	1	60.1797	46.0983	41.0926	43.8122	53.6693	83.293	93.2588	98.6431	83.5103	81.0871	
329	1	1	1	1	1	60.1736	46.0926	41.0874	43.81	53.6681	83.2844	93.2518	98.6226	83.5042	81.0833	
330	1	1	1	1	1	60.1674	46.0867	41.0822	43.8077	53.6668	83.2758	93.2448	98.6019	83.4981	81.0794	
331	1	1	1	1	1	60.1612	46.0809	41.0769	43.8055	53.6655	83.267	93.2378	98.581	83.4918	81.0756	
332	1	1	1	1	1	60.1549	46.0749	41.0715	43.8032	53.6642	83.2581	93.2306	98.5598	83.4855	81.0716	
333	1	1	1	1	1	60.1485	46.0689	41.0661	43.8008	53.6628	83.2491	93.2234	98.5384	83.4791	81.0677	
334	1	1	1	1	1	60.142	46.0628	41.0606	43.7985	53.6615	83.24	93.2161	98.5168	83.4727	81.0637	
335	1	1	1	1	1	60.1355	46.0566	41.0551	43.7961	53.6601	83.2309	93.2087	98.4949	83.4661	81.0596	
336	1	1	1	1	1	60.1289	46.0504	41.0495	43.7937	53.6587	83.2216	93.2012	98.4728	83.4595	81.0555	
337	1	1	1	1	1	60.1222	46.044	41.0438	43.7913	53.6573	83.2122	93.1936	98.4504	83.4529	81.0514	
338	1	1	1	1	1	60.1155	46.0377	41.0381	43.7889	53.6559	83.2027	93.186	98.4277	83.4461	81.0472	
339	1	1	1	1	1	60.1086	46.0312	41.0323	43.7864	53.6545	83.1931	93.1783	98.4048	83.4393	81.043	
340	1	1	1	1	1	60.1017	46.0247	41.0265	43.7839	53.653	83.1834	93.1704	98.3816	83.4324	81.0387	
341	1	1	1	1	1	60.0947	46.018	41.0206	43.7814	53.6515	83.1735	93.1625	98.3582	83.4254	81.0343	
342	1	1	1	1	1	60.0876	46.0113	41.0146	43.7788	53.65	83.1636	93.1545	98.3345	83.4183	81.03	
343	1	1	1	1	1	60.0805	46.0046	41.0086	43.7762	53.6485	83.1536	93.1464	98.3105	83.4112	81.0255	
344	1	1	1	1	1	60.0732	45.9977	41.0025	43.7736	53.647	83.1434	93.1383	98.2862	83.4039	81.021	
345	1	1	1	1	1	60.0659	45.9908	40.9963	43.771	53.6454	83.1331	93.13	98.2617	83.3966	81.0165	
346	1	1	1	1	1	60.0585	45.9837	40.9901	43.7683	53.6438	83.1227	93.1216	98.2368	83.3892	81.0119	
347	1	1	1	1	1	60.051	45.9766	40.9838	43.7657	53.6422	83.1122	93.1132	98.2117	83.3817	81.0073	
348	1	1	1	1	1	60.0435	45.9695	40.9774	43.7629	53.6406	83.1016	93.1046	98.1863	83.3741	81.0026	
349	1	1	1	1	1	60.0358	45.9622	40.9709	43.7602	53.639	83.0908	93.0959	98.1606	83.3665	80.9979	
350	1	1	1	1	1	60.028	45.9548	40.9644	43.7574	53.6373	83.08	93.0872	98.1346	83.3587	80.9931	
351	1	1	1	1	1	60.0202	45.9474	40.9578	43.7546	53.6356	83.069	93.0783	98.1083	83.3509	80.9882	
352	1	1	1	1	1	60.0123	45.9398	40.9512	43.7518	53.6339	83.0578	93.0694	98.0817	83.343	80.9833	
353	1	1	1	1	1	60.0042	45.9322	40.9444	43.7489	53.6321	83.0466	93.0603	98.0548	83.3349	80.9783	
354	1	1	1	1	1	59.9961	45.9245	40.9376	43.746	53.6304	83.0352	93.0511	98.0275	83.3268	80.9733	
355	1	1	1	1	1	59.9879	45.9167	40.9307	43.7431	53.6286	83.0237	93.0419	98	83.3186	80.9683	
356	1	1	1	1	1	59.9796	45.9087	40.9238	43.7401	53.6268	83.012	93.0325	97.9721	83.3103	80.9631	
357	1	1	1	1	1	59.9712	45.9007	40.9167	43.7371	53.6249	83.0003	93.023	97.9439	83.3019	80.9579	
358	1	1	1	1	1	59.9627	45.8926	40.9096	43.7341	53.6231	82.9883	93.0134	97.9153	83.2934	80.9527	
359	1	1	1	1	1	59.9541	45.8844	40.9024	43.7311	53.6212	82.9763	93.0037	97.8864	83.2848	80.9474	
360	1	1	1	1	1	59.9454	45.8761	40.8951	43.728	53.6193	82.9641	92.9939	97.8572	83.2761	80.942	
361	1	1	1	1	1	59.9365	45.8677	40.8877	43.7249	53.6173	82.9518	92.9839	97.8276	83.2673	80.9365	
362	1	1	1	1	1	59.9276	45.8592	40.8803	43.7217	53.6154	82.9393	92.9739	97.7977	83.2584	80.931	
363	1	1	1	1	1	59.9186	45.8506	40.8727	43.7185	53.6134	82.9267	92.9637	97.7674	83.2494	80.9255	
364	1	1	1	1	1	59.9095	45.8419	40.8651	43.7153	53.6114	82.9139	92.9534	97.7368	83.2403	80.9198	
365	1	1	1	1	1	59.9002	45.8331	40.8574	43.712	53.6093	82.901	92.943	97.7058	83.231	80.9142	
366	1	1	1	1	1	59.8909	45.8241	40.8496	43.7087	53.6072	82.8879	92.9325	97.6744	83.2217	80.9084	
367	1	1	1	1	1	59.8814	45.8151	40.8418	43.7054	53.6051	82.8747	92.9219	97.6426	83.2123	80.9026	
368	1	1	1	1	1	59.8719	45.8059	40.8338	43.702	53.603	82.8613	92.9111	97.6105	83.2027	80.8967	
369	1	1	1	1	1	59.8622	45.7967	40.8257	43.6986	53.6008	82.8477	92.9002	97.578	83.193	80.8907	
370	1	1	1	1	1	59.8524	45.7873	40.8176	43.6952	53.5986	82.8341	92.8892	97.5451	83.1832	80.8847	
371	1	1	1	1	1	59.8425	45.7778	40.8093	43.6917	53.5964	82.8202	92.878	97.5118	83.1733	80.8786	
372	1	1	1	1	1	59.8324	45.7681	40.801	43.6882	53.5941	82.8062	92.8667	97.4781	83.1633	80.8724	
373	1	1	1	1	1	59.8223	45.7584	40.7926	43.6847	53.5918	82.792	92.8553	97.444	83.1532	80.8661	
374	1	1	1	1	1	59.812	45.7485	40.7841	43.6811	53.5895	82.7776	92.8437	97.4094	83.1429	80.8598	
375	1	1	1	1	1	59.8016	45.7386	40.7754	43.6775	53.5871	82.7631	92.832	97.3745	83.1325	80.8534	
376	1	1	1	1	1	59.7911	45.7284	40.7667	43.6738	53.5847	82.7484	92.8202	97.3391	83.122	80.8469	
377	1	1	1	1	1	59.7804	45.7182	40.7579	43.6701	53.5823	82.7336	92.8082	97.3033	83.1113	80.8404	
378	1	1	1	1	1	59.7696	45.7078	40.749	43.6663	53.5798	82.7185	92.7961	97.2671	83.1006	80.8338	
379	1	1	1	1	1	59.7587	45.6973	40.7399	43.6626	53.5773	82.7033	92.7838	97.2304	83.0897	80.8271	
380	1	1	1	1	1	59.7477	45.6867	40.7308	43.6587	53.5747	82.6879	92.7714	97.1932	83.0786	80.8203	
381	1	1	1	1	1	59.7365	45.6759	40.7216	43.6549	53.5722	82.6723	92.7589	97.1556	83.0674	80.8134	
382	1	1	1	1	1	59.7251	45.665	40.7123	43.651	53.5695	82.6565	92.7462	97.1176	83.0561	80.8065	
383	1	1	1	1	1	59.7137	45.654	40.7028	43.647	53.5669	82.6406	92.7333	97.0791	83.0447	80.7994	
384	1	1	1	1	1	59.7021	45.6428	40.6933	43.643	53.5642	82.6244	92.7203	97.0401	83.0331	80.7923	
385	1	1	1	1	1	59.6903	45.6315	40.6836	43.639	53.5614	82.6081	92.7071	97.0006	83.0214	80.7851	
386	1	1	1	1	1	59.6784	45.62	40.6738	43.6349	53.5586	82.5915	92.6938	96.9606	83.0095	80.7778	
387	1	1	1	1	1	59.6664	45.6084	40.6639	43.6308	53.5558	82.5748	92.6803	96.9201	82.9975	80.7704	
388	1	1	1	1	1	59.6542	45.5966	40.6539	43.6266	53.553	82.5578	92.6667	96.8791	82.9853	80.763	
389	1	1	1	1	1	59.6419	45.5847	40.6438	43.6224	53.55	82.5407	92.6528	96.8377	82.973	80.7554	
390	1	1	1	1	1	59.6294	45.5726	40.6336	43.6181	53.5471	82.5233	92.6389	96.7956	82.9605	80.7478	
391	1	1	1	1	1	59.6167	45.5603	40.6232	43.6138	53.5441	82.5057	92.6247	96.7531	82.9479	80.74	
392	1	1	1	1	1	59.6039	45.5479	40.6127	43.6094	53.541	82.4879	92.6104	96.71	82.9351	80.7322	
393	1	1	1	1	1	59.591	45.5354	40.6021	43.605	53.538	82.4699	92.5959	96.6664	82.9222	80.7243	
394	1	1	1	1	1	59.5778	45.5227	40.5914	43.6006	53.5348	82.4517	92.5812	96.6223	82.9091	80.7163	
395	1	1	1	1	1	59.5645	45.5098	40.5806	43.5961	53.5316	82.4333	92.5663	96.5775	82.8958	80.7081	
396	1	1	1	1	1	59.5511	45.4967	40.5696	43.5915	53.5284	82.4146	92.5513	96.5323	82.8824	80.6999	
397	1	1	1	1	1	59.5374	45.4835	40.5585	43.5869	53.5251	82.3957	92.5361	96.4864	82.8688	80.6916	
398	1	1	1	1	1	59.5236	45.4701	40.5473	43.5822	53.5218	82.3766	92.5206	96.4399	82.855	80.6832	
399	1	1	1	1	1	59.5097	45.4565	40.5359	43.5775	53.5184	82.3572	92.505	96.3929	82.8411	80.6746	
400	1	1	1	1	1	59.4955	45.4427	40.5244	43.5728	53.5149	82.3376	92.4892	96.3452	82.8269	80.666	
401	1	1	1	1	1	59.4812	45.4288	40.5128	43.568	53.5114	82.3178	92.4732	96.297	82.8126	80.6573	
402	1	1	1	1	1	59.4666	45.4146	40.501	43.5631	53.5079	82.2977	92.457	96.2481	82.7981	80.6484	
403	1	1	1	1	1	59.4519	45.4003	40.4891	43.5582	53.5042	82.2774	92.4406	96.1986	82.7835	80.6395	
404	1	1	1	1	1	59.437	45.3858	40.4771	43.5532	53.5006	82.2568	92.424	96.1484	82.7686	80.6304	
405	1	1	1	1	1	59.4219	45.371	40.4649	43.5482	53.4968	82.2359	92.4072	96.0976	82.7536	80.6212	
406	1	1	1	1	1	59.4066	45.3561	40.4525	43.5431	53.4931	82.2148	92.3902	96.0462	82.7383	80.6119	
407	1	1	1	1	1	59.3912	45.341	40.44	43.538	53.4892	82.1935	92.373	95.994	82.7229	80.6025	
408	1	1	1	1	1	59.3755	45.3257	40.4274	43.5328	53.4853	82.1718	92.3555	95.9412	82.7073	80.593	
409	1	1	1	1	1	59.3596	45.3102	40.4146	43.5275	53.4813	82.1499	92.3378	95.8877	82.6914	80.5833	
410	1	1	1	1	1	59.3435	45.2944	40.4017	43.5222	53.4773	82.1277	92.3199	95.8335	82.6754	80.5736	
411	1	1	1	1	1	59.3272	45.2784	40.3886	43.5168	53.4732	82.1053	92.3018	95.7786	82.6591	80.5637	
412	1	1	1	1	1	59.3106	45.2623	40.3753	43.5114	53.469	82.0825	92.2835	95.7229	82.6426	80.5536	
413	1	1	1	1	1	59.2939	45.2459	40.3619	43.5059	53.4647	82.0595	92.2649	95.6666	82.626	80.5435	
414	1	1	1	1	1	59.2769	45.2292	40.3484	43.5003	53.4604	82.0362	92.246	95.6094	82.6091	80.5332	
415	1	1	1	1	1	59.2598	45.2124	40.3346	43.4947	53.456	82.0126	92.227	95.5515	82.5919	80.5228	
416	1	1	1	1	1	59.2423	45.1953	40.3207	43.4891	53.4516	81.9887	92.2077	95.4928	82.5746	80.5123	
417	1	1	1	1	1	59.2247	45.1779	40.3067	43.4833	53.447	81.9645	92.1881	95.4334	82.557	80.5016	
418	1	1	1	1	1	59.2068	45.1604	40.2924	43.4775	53.4424	81.9399	92.1683	95.3731	82.5392	80.4908	
419	1	1	1	1	1	59.1887	45.1425	40.278	43.4716	53.4377	81.9151	92.1482	95.3121	82.5212	80.4799	
420	1	1	1	1	1	59.1703	45.1245	40.2634	43.4657	53.4329	81.8899	92.1279	95.2502	82.5029	80.4688	
421	1	1	1	1	1	59.1517	45.1061	40.2487	43.4597	53.4281	81.8645	92.1073	95.1874	82.4843	80.4575	
422	1	1	1	1	1	59.1328	45.0876	40.2337	43.4536	53.4232	81.8386	92.0864	95.1239	82.4656	80.4462	
423	1	1	1	1	1	59.1137	45.0687	40.2186	43.4475	53.4181	81.8125	92.0653	95.0594	82.4465	80.4346	
424	1	1	1	1	1	59.0943	45.0496	40.2033	43.4413	53.413	81.786	92.0439	94.9941	82.4272	80.423	
425	1	1	1	1	1	59.0747	45.0302	40.1878	43.435	53.4078	81.7592	92.0222	94.9278	82.4077	80.4111	
426	1	1	1	1	1	59.0547	45.0105	40.1721	43.4286	53.4025	81.7321	92.0002	94.8607	82.3879	80.3992	
427	1	1	1	1	1	59.0346	44.9905	40.1562	43.4222	53.3972	81.7045	91.978	94.7926	82.3678	80.387	
428	1	1	1	1	1	59.0141	44.9703	40.1401	43.4157	53.3917	81.6767	91.9554	94.7236	82.3474	80.3747	
429	1	1	1	1	1	58.9933	44.9498	40.1239	43.4092	53.3861	81.6484	91.9325	94.6536	82.3268	80.3623	
430	1	1	1	1	1	58.9723	44.9289	40.1074	43.4025	53.3804	81.6198	91.9094	94.5827	82.3059	80.3497	
431	1	1	1	1	1	58.9509	44.9078	40.0907	43.3958	53.3747	81.5908	91.8859	94.5107	82.2846	80.3369	
432	1	1	1	1	1	58.9293	44.8863	40.0738	43.389	53.3688	81.5615	91.8621	94.4378	82.2631	80.3239	
433	1	1	1	1	1	58.9074	44.8646	40.0567	43.3821	53.3628	81.5317	91.838	94.3638	82.2413	80.3108	
434	1	1	1	1	1	58.8851	44.8425	40.0394	43.3752	53.3567	81.5016	91.8136	94.2888	82.2192	80.2975	
435	1	1	1	1	1	58.8626	44.8201	40.0219	43.3681	53.3505	81.4711	91.7888	94.2127	82.1968	80.284	
436	1	1	1	1	1	58.8397	44.7973	40.0041	43.361	53.3442	81.4401	91.7637	94.1355	82.1741	80.2703	
437	1	1	1	1	1	58.8165	44.7742	39.9861	43.3538	53.3378	81.4088	91.7383	94.0573	82.1511	80.2565	
438	1	1	1	1	1	58.7929	44.7508	39.9679	43.3466	53.3313	81.377	91.7125	93.9779	82.1277	80.2425	
439	1	1	1	1	1	58.769	44.727	39.9495	43.3392	53.3246	81.3448	91.6864	93.8974	82.104	80.2282	
440	1	1	1	1	1	58.7448	44.7029	39.9308	43.3318	53.3178	81.3122	91.6599	93.8157	82.0799	80.2138	
441	1	1	1	1	1	58.7202	44.6784	39.9119	43.3242	53.3109	81.2792	91.633	93.7328	82.0556	80.1992	
442	1	1	1	1	1	58.6953	44.6535	39.8928	43.3166	53.3039	81.2457	91.6058	93.6487	82.0308	80.1844	
443	1	1	1	1	1	58.67	44.6283	39.8734	43.3089	53.2967	81.2117	91.5782	93.5634	82.0058	80.1694	
444	1	1	1	1	1	58.6444	44.6026	39.8538	43.3011	53.2894	81.1773	91.5502	93.4768	81.9803	80.1542	
445	1	1	1	1	1	58.6183	44.5766	39.8339	43.2932	53.2819	81.1425	91.5218	93.389	81.9545	80.1388	
446	1	1	1	1	1	58.5919	44.5502	39.8138	43.2852	53.2743	81.1071	91.493	93.2999	81.9283	80.1231	
447	1	1	1	1	1	58.5651	44.5234	39.7934	43.2772	53.2666	81.0713	91.4639	93.2094	81.9018	80.1073	
448	1	1	1	1	1	58.5378	44.4961	39.7727	43.269	53.2587	81.035	91.4343	93.1176	81.8748	80.0912	
449	1	1	1	1	1	58.5102	44.4684	39.7518	43.2608	53.2507	80.9982	91.4043	93.0245	81.8474	80.0749	
450	1	1	1	1	1	58.4822	44.4403	39.7306	43.2524	53.2425	80.9609	91.3738	92.9299	81.8197	80.0584	
451	1	1	1	1	1	58.4537	44.4118	39.7091	43.244	53.2342	80.9231	91.343	92.8339	81.7915	80.0416	
452	1	1	1	1	1	58.4248	44.3828	39.6874	43.2354	53.2257	80.8848	91.3117	92.7365	81.7629	80.0246	
453	1	1	1	1	1	58.3955	44.3533	39.6653	43.2268	53.217	80.8459	91.2799	92.6376	81.7339	80.0074	
454	1	1	1	1	1	58.3657	44.3234	39.643	43.218	53.2081	80.8066	91.2477	92.5372	81.7045	79.9899	
455	1	1	1	1	1	58.3355	44.293	39.6204	43.2091	53.1991	80.7666	91.215	92.4352	81.6746	79.9722	
456	1	1	1	1	1	58.3048	44.2621	39.5975	43.2002	53.1899	80.7262	91.1819	92.3317	81.6443	79.9542	
457	1	1	1	1	1	58.2736	44.2307	39.5743	43.1911	53.1805	80.6851	91.1483	92.2266	81.6135	79.936	
458	1	1	1	1	1	58.2419	44.1989	39.5508	43.182	53.1709	80.6435	91.1141	92.1199	81.5822	79.9175	
459	1	1	1	1	1	58.2098	44.1665	39.527	43.1727	53.1612	80.6013	91.0795	92.0115	81.5505	79.8987	
460	1	1	1	1	1	58.1771	44.1335	39.5028	43.1633	53.1512	80.5586	91.0444	91.9014	81.5183	79.8797	
461	1	1	1	1	1	58.1439	44.1001	39.4784	43.1538	53.141	80.5152	91.0087	91.7896	81.4855	79.8604	
462	1	1	1	1	1	58.1102	44.0661	39.4536	43.1442	53.1306	80.4712	90.9726	91.676	81.4523	79.8408	
463	1	1	1	1	1	58.0759	44.0315	39.4285	43.1344	53.12	80.4266	90.9359	91.5606	81.4186	79.8209	
464	1	1	1	1	1	58.0411	43.9963	39.403	43.1246	53.1092	80.3814	90.8986	91.4434	81.3843	79.8007	
465	1	1	1	1	1	58.0058	43.9606	39.3772	43.1146	53.0982	80.3356	90.8608	91.3244	81.3495	79.7803	
466	1	1	1	1	1	57.9698	43.9243	39.3511	43.1045	53.0869	80.2891	90.8224	91.2034	81.3141	79.7595	
467	1	1	1	1	1	57.9333	43.8874	39.3246	43.0943	53.0754	80.2419	90.7834	91.0804	81.2782	79.7384	
468	1	1	1	1	1	57.8962	43.8498	39.2977	43.084	53.0636	80.1941	90.7439	90.9555	81.2417	79.717	
469	1	1	1	1	1	57.8585	43.8117	39.2705	43.0735	53.0516	80.1456	90.7037	90.8286	81.2046	79.6953	
470	1	1	1	1	1	57.8201	43.7728	39.2429	43.0629	53.0394	80.0964	90.6629	90.6995	81.1669	79.6733	
471	1	1	1	1	1	57.7811	43.7334	39.215	43.0522	53.0268	80.0465	90.6215	90.5684	81.1286	79.6509	
472	1	1	1	1	1	57.6605	44.069	38.9987	42.7765	53.2137	80.1453	89.0769	95.1449	81.7423	79.0936	
473	1	1	1	1	1	57.638	43.9031	39.0057	42.8183	53.1747	79.9664	90.2324	91.4832	81.1889	79.4737	
474	1	1	1	1	1	57.6351	43.7048	39.0699	42.9343	53.0568	79.894	90.4287	90.4797	81.0393	79.5479	
475	1	1	1	1	1	57.6098	43.5993	39.0796	42.9783	52.9973	79.8389	90.4349	90.1108	80.9753	79.5488	
476	1	1	1	1	1	57.4852	43.9436	38.8609	42.6977	53.1807	79.9375	88.8533	94.8159	81.6061	78.9745	
477	1	1	1	1	1	57.4628	43.7585	38.8721	42.7488	53.1365	79.7529	90.0339	91.0306	81.0349	79.3656	
478	1	1	1	1	1	57.4602	43.544	38.9416	42.8756	53.0095	79.6772	90.2415	89.9503	80.8752	79.4458	
479	1	1	1	1	1	57.3433	43.8588	38.7449	42.6223	53.1597	79.7742	88.6648	94.6009	81.5027	78.8753	
480	1	1	1	1	1	57.3221	43.649	38.7639	42.6885	53.1081	79.5841	89.874	90.6873	80.9136	79.2782	
481	1	1	1	1	1	57.3203	43.4182	38.8394	42.8271	52.9724	79.5059	90.0923	89.5357	80.7452	79.3642	
482	1	1	1	1	1	57.1964	43.7523	38.6327	42.5583	53.1292	79.6022	88.4838	94.3159	81.3874	78.7774	
483	1	1	1	1	1	57.1748	43.5278	38.6541	42.6305	53.0745	79.4077	89.7098	90.3111	80.7849	79.188	
484	1	1	1	1	1	57.173	43.2839	38.7336	42.7779	52.9316	79.327	89.9365	89.0962	80.6081	79.2789	
485	1	1	1	1	1	57.0412	43.6402	38.5156	42.491	53.0964	79.422	88.2957	94.0125	81.2655	78.6751	
486	1	1	1	1	1	57.0192	43.4003	38.5394	42.5694	53.0385	79.2231	89.5377	89.9161	80.6493	79.0933	
487	1	1	1	1	1	57.0174	43.1427	38.6229	42.7259	52.8881	79.1398	89.7728	88.6351	80.4639	79.1892	
488	1	1	1	1	1	56.8772	43.5227	38.3929	42.4196	53.061	79.2332	88.0998	93.6905	81.1364	78.5679	
489	1	1	1	1	1	56.8546	43.2661	38.4194	42.5047	52.9998	79.0298	89.3572	89.5016	80.5063	78.9936	
490	1	1	1	1	1	56.8527	42.994	38.5071	42.6709	52.8416	78.9441	89.6008	88.1511	80.3119	79.0948	
491	1	1	1	1	1	56.7034	43.3994	38.2645	42.3439	53.023	79.0353	87.8956	93.3485	80.9997	78.4554	
492	1	1	1	1	1	56.6803	43.1248	38.2938	42.4361	52.9582	78.8274	89.1678	89.066	80.3555	78.8886	
493	1	1	1	1	1	56.5748	43.3964	38.1421	42.2259	53.0124	78.9055	87.6654	93.4634	80.9465	78.3403	
494	1	1	1	1	1	56.5523	43.0634	38.189	42.3562	52.943	78.6858	89.0145	88.8821	80.261	78.8032	
495	1	1	1	1	1	56.4465	43.3226	38.0442	42.1566	52.9875	78.7634	87.5086	93.2677	80.8522	78.2541	
496	1	1	1	1	1	56.4242	42.9686	38.0961	42.2994	52.9144	78.5402	88.8754	88.5905	80.1534	78.7251	
497	1	1	1	1	1	56.3138	43.2374	37.947	42.0924	52.9592	78.6168	87.354	93.0356	80.7513	78.1678	
498	1	1	1	1	1	56.2912	42.8668	38.0019	42.2434	52.8831	78.3902	88.7331	88.2794	80.041	78.6451	
499	1	1	1	1	1	56.1757	43.1483	37.8472	42.0264	52.9291	78.4654	87.1954	92.7912	80.6461	78.0787	
500	1	1	1	1	1	56.1527	42.761	37.9049	42.1854	52.85	78.2354	88.5862	87.9567	79.9242	78.5622	
501	1	1	1	1	1	56.0316	43.0561	37.7441	41.9575	52.8973	78.309	87.0321	92.5365	80.5364	77.9865	
502	1	1	1	1	1	56.0083	42.6513	37.8048	42.1247	52.815	78.0756	88.4342	87.6229	79.8028	78.4761	
503	1	1	1	1	1	55.8813	42.9607	37.6377	41.8854	52.8636	78.1474	86.8639	92.2711	80.422	77.891	
504	1	1	1	1	1	55.8575	42.5377	37.7015	42.0612	52.7781	77.9104	88.2769	87.2775	79.6766	78.3867	
505	1	1	1	1	1	55.7243	42.862	37.5278	41.8098	52.828	77.9802	86.6904	91.9944	80.3027	77.7919	
506	1	1	1	1	1	55.7	42.4199	37.5948	41.9947	52.739	77.7399	88.114	86.92	79.5452	78.2937	
507	1	1	1	1	1	55.5602	42.7599	37.4143	41.7306	52.7903	77.8074	86.5114	91.7058	80.1781	77.6892	
508	1	1	1	1	1	55.5353	42.2978	37.4846	41.9249	52.6977	77.5636	87.9452	86.5496	79.4084	78.197	
509	1	1	1	1	1	55.3885	42.6541	37.2971	41.6475	52.7502	77.6286	86.3267	91.4047	80.0479	77.5825	
510	1	1	1	1	1	55.363	42.171	37.3708	41.8517	52.6539	77.3814	87.7703	86.1658	79.2658	78.0963	
511	1	1	1	1	1	55.2087	42.5444	37.176	41.5603	52.7076	77.4437	86.136	91.0903	79.9118	77.4718	
512	1	1	1	1	1	55.1825	42.0395	37.2533	41.7748	52.6074	77.193	87.589	85.7679	79.117	77.9914	
513	1	1	1	1	1	55.0204	42.4307	37.0508	41.4686	52.6622	77.2523	85.939	90.7619	79.7694	77.3567	
514	1	1	1	1	1	54.9933	41.9029	37.1318	41.694	52.5579	76.9983	87.4009	85.355	78.9618	77.8821	
515	1	1	1	1	1	54.8228	42.3128	36.9215	41.3722	52.6138	77.0543	85.7353	90.4187	79.6202	77.237	
516	1	1	1	1	1	54.7948	41.7611	37.0064	41.6089	52.5052	76.7969	87.2056	84.9264	78.7997	77.7682	
517	1	1	1	1	1	54.6154	42.1905	36.7879	41.2708	52.562	76.8493	85.5246	90.0596	79.4639	77.1124	
518	1	1	1	1	1	56.789	43.0721	39.2939	40.2702	52.1539	77.634	87.5714	85.0472	79.4096	78.3672	
519	1	1	1	1	1	55.3725	42.7256	37.4792	40.7625	52.4177	77.1118	85.4438	89.8509	79.5747	77.3156	
520	1	1	1	1	1	54.8051	41.7108	37.0679	41.3256	52.3841	76.5712	86.8747	84.0592	78.5634	77.6746	
521	1	1	1	1	1	54.3861	42.0573	36.6376	41.0146	52.4504	76.4987	85.1136	89.3087	79.1758	76.9228	
522	1	1	1	1	1	56.5219	42.8362	39.1627	40.0348	52.025	77.2727	87.1616	84.1041	79.0881	78.1617	
523	1	1	1	1	1	55.0372	42.5304	37.2696	40.5017	52.2932	76.7146	85.0043	89.0553	79.2499	77.0806	
524	1	1	1	1	1	54.4173	41.4241	36.8327	41.1118	52.2574	76.1455	86.4461	83.0806	78.2015	77.4359	
525	1	1	1	1	1	53.9454	41.8036	36.3625	40.7655	52.3227	76.0495	84.6476	88.4675	78.8157	76.6523	
526	1	1	1	1	1	56.1521	42.5438	38.9693	39.7739	51.8773	76.8483	86.7043	83.0748	78.7153	77.9049	
527	1	1	1	1	1	54.6313	42.3013	37.0236	40.2115	52.1497	76.2755	84.5259	88.1751	78.8819	76.8101	
528	1	1	1	1	1	53.9734	41.1074	36.5727	40.8707	52.111	75.6856	85.9789	82.0173	77.7995	77.1685	
529	1	1	1	1	1	55.8742	43.141	38.6259	39.1401	51.837	76.7559	84.6636	88.1099	79.214	77.136	
530	1	1	1	1	1	54.4321	41.3689	37.1185	40.4199	51.9582	75.7894	85.9175	81.5515	77.8029	77.2345	
531	1	1	1	1	1	53.5474	41.604	36.1678	40.2256	52.0833	75.4721	83.9469	87.079	78.2923	76.3104	
532	1	1	1	1	1	55.6661	42.1288	38.7652	39.3106	51.6127	76.2305	85.9739	81.3614	78.1194	77.5229	
533	1	1	1	1	1	54.0188	41.9679	36.6722	39.7059	51.8925	75.5862	83.753	86.6847	78.269	76.3852	
534	1	1	1	1	1	53.2627	40.6033	36.1765	40.4522	51.8528	74.9476	85.2142	80.2427	77.1268	76.734	
535	1	1	1	1	1	55.1996	42.7453	38.2665	38.5863	51.551	76.0284	83.8254	86.5015	78.5432	76.6564	
536	1	1	1	1	1	53.7128	40.8501	36.7391	39.9493	51.6746	75.0419	85.12	79.6837	77.0981	76.774	
537	1	1	1	1	1	52.7278	41.1648	35.705	39.6944	51.7944	74.6748	83.0963	85.4142	77.5794	75.8061	
538	1	1	1	1	1	54.9304	41.5723	38.4124	38.7795	51.2917	75.4579	85.1046	79.3794	77.3719	77.0164	
539	1	1	1	1	1	53.214	41.5473	36.2302	39.106	51.5668	74.7836	82.8631	84.9256	77.5189	75.8627	
540	1	1	1	1	1	52.385	40.0153	35.7157	39.9448	51.526	74.1168	84.3327	78.2026	76.325	76.2147	
541	1	1	1	1	1	54.3631	42.2774	37.8412	37.9241	51.1867	75.1938	82.8617	84.5971	77.7286	76.0826	
542	1	1	1	1	1	52.8394	40.2504	36.3052	39.3785	51.316	74.2028	84.1995	77.526	76.2567	76.2264	
543	1	1	1	1	1	51.7489	40.6671	35.1905	39.0505	51.42	73.7839	82.1255	83.4494	76.7243	75.2176	
544	1	1	1	1	1	54.0286	40.923	38.0002	38.1379	50.8859	74.5806	84.0932	77.0763	76.4722	76.4084	
545	1	1	1	1	1	52.2395	41.0652	35.7297	38.3777	51.1432	73.878	81.8386	82.8373	76.6094	75.244	
546	1	1	1	1	1	54.1245	40.9107	38.2164	37.8197	50.6863	74.516	83.7698	76.2513	76.2399	76.3434	
547	1	1	1	1	1	52.1498	41.0541	35.7267	38.063	50.953	73.6732	81.4953	82.0712	76.3183	75.1147	
548	1	1	1	1	1	51.1135	39.1829	35.1103	39.0749	50.9522	72.9201	82.9718	74.9573	75.0412	75.4341	
549	1	1	1	1	1	53.0477	41.5769	37.218	36.8178	50.5242	73.9401	81.3383	81.4595	76.366	75.1784	
550	1	1	1	1	1	51.4352	39.3272	35.6591	38.4113	50.6806	72.9417	82.7382	74.0638	74.8659	75.3479	
551	1	1	1	1	1	53.0525	41.5927	37.3654	36.3961	50.2771	73.8197	80.9733	80.57	76.0517	75.0353	
552	1	1	1	1	1	51.1325	41.3039	35.1161	36.8204	50.2262	72.8323	79.823	83.4212	75.7343	74.1743	
553	1	1	1	1	1	52.8736	40.6159	37.5928	36.3675	50.0124	73.3057	82.1107	74.9315	75.062	75.3195	
554	1	1	1	1	1	50.7916	40.6652	35.0641	36.6692	50.1694	72.4025	79.9063	80.0243	75.0375	74.1469	
555	1	1	1	1	1	52.5645	40.0005	37.5771	36.2893	49.732	73.0227	81.7863	72.4351	74.5077	75.1736	
556	1	1	1	1	1	50.3908	40.3544	34.9105	36.4071	49.912	72.0581	79.5064	78.2528	74.4955	73.9224	
557	1	1	1	1	1	51.9151	41.9225	36.8443	34.5877	49.1091	72.7344	78.7478	81.5332	75.0938	73.891	
558	1	1	1	1	1	49.9086	39.0313	34.9586	36.4616	49.6699	71.426	80.7347	72.1604	73.3004	74.1015	
559	1	1	1	1	1	51.3803	41.0746	36.6519	34.4587	49.0633	72.2696	78.7902	77.6012	74.2365	73.7453	
560	1	1	1	1	1	49.2713	40.7868	34.2998	34.8482	48.9052	71.1755	77.677	80.2529	73.8439	72.8721	
561	1	1	1	1	1	50.9351	39.6349	36.7924	34.5261	48.7245	71.6186	79.8591	70.9345	73.025	73.9121	
562	1	1	1	1	1	48.6946	39.9235	34.1471	34.6769	48.7514	70.6424	77.6557	75.976	72.9171	72.7357	
563	1	1	1	1	1	50.1452	41.3641	36.0979	32.7864	47.7753	71.26	76.731	78.7395	73.3099	72.6225	
564	1	1	1	1	1	48.0608	38.2578	34.1722	34.8046	48.4261	69.9484	78.884	68.9463	71.5088	72.8524	
565	1	1	1	1	1	49.454	40.3337	35.8321	32.6231	47.6249	70.7256	76.6729	73.9886	72.236	72.3807	
566	1	1	1	1	1	47.2415	40.1716	33.4493	32.901	47.3099	69.5992	75.5514	76.6746	71.8023	71.5072	
567	1	1	1	1	1	48.8495	38.6403	35.9199	32.637	47.1413	69.9971	77.561	66.8416	70.8621	72.4168	
568	1	1	1	1	1	46.5087	39.215	33.2094	32.6019	46.9656	68.9785	75.3451	71.8899	70.667	71.2364	
569	1	1	1	1	1	47.8104	40.5597	35.1047	30.5149	45.69	69.4427	74.0971	74.3015	70.7698	70.9489	
570	1	1	1	1	1	45.6779	37.2635	33.1374	32.6446	46.4671	68.1855	76.4253	64.411	69.0442	71.1954	
571	1	1	1	1	1	46.9296	39.4048	34.7003	30.1763	45.2953	68.8014	73.7993	69.0643	69.4436	70.5232	
572	1	1	1	1	1	44.6327	39.4298	32.2969	30.2656	44.6658	67.613	72.6291	71.7636	68.9451	69.6303	
573	1	1	1	1	1	45.8129	40.2726	34.212	28.2194	43.0814	67.8477	71.3929	72.6901	68.66	69.3211	
574	1	1	1	1	1	43.6453	36.8513	32.0995	30.3366	44.0981	66.5129	74.0809	62.1037	66.9408	69.5659	
575	1	1	1	1	1	44.798	38.8525	33.5876	27.7609	42.5534	67.0355	71.0244	65.9711	67.0177	68.7795	
576	1	1	1	1	1	42.5046	38.9295	31.1571	27.709	41.586	65.7851	69.7814	68.3798	66.4437	67.8455	
577	1	1	1	1	1	43.5205	39.5788	32.9094	25.5353	39.5269	65.837	68.0819	68.6886	65.7543	67.3691	
578	1	1	1	1	1	41.4209	36.2405	30.6241	27.5254	40.5945	64.4775	71.0147	58.2006	64.1467	67.5132	
579	1	1	1	1	1	42.4221	38.2053	31.9004	24.7095	38.4242	64.8139	67.2944	61.6555	63.77	66.516	
580	1	1	1	1	1	40.1829	38.3973	29.3408	24.3561	36.8474	63.3428	65.7912	63.8821	63.0914	65.4281	
581	1	1	1	1	1	40.9871	38.8224	30.7422	22.0327	34.0193	63.1014	63.3802	63.5721	61.8585	64.7533	
582	1	1	1	1	1	38.7178	37.6531	27.6915	22.2599	33.6057	61.1611	67.3851	65.2234	60.6301	57.3572	
583	1	1	1	1	1	39.5393	38.1333	28.6079	20.1051	30.8108	61.082	61.8535	62.9769	59.7162	58.5249	
584	1	1	1	1	1	37.7876	35.5676	25.8341	21.0681	31.0839	59.4238	64.448	52.315	58.1208	59.4395	
585	1	1	1	1	1	38.4103	37.3531	26.1232	18.0529	27.1558	59.2885	58.7649	54.9446	56.6565	58.6249	
586	1	1	1	1	1	36.2813	36.9345	22.5474	17.5332	25.8172	50.6205	60.8615	56.1469	54.9607	56.6228	
587	1	1	1	1	1	36.9226	37.3395	22.8589	15.25	20.9228	53.0186	53.7235	55.3677	53.4878	56.4213	
588	1	1	1	1	1	35.227	36.7584	19.8216	14.4543	18.5006	52.1739	57.4227	56.4752	52.8494	47.1392	
589	1	1	1	1	1	35.5623	36.9839	19.7768	12.7777	15.0203	52.3567	49.9076	54.0143	51.192	49.0875	
590	1	1	1	1	1	34.3741	35.3246	17.7944	13.1842	15.0601	51.3698	53.1768	45.17	50.5353	50.1449	
591	1	1	1	1	1	33.7703	36.3074	16.9899	12.0088	12.6065	50.9582	47.4538	49.6967	50.9195	50.4372	
592	1	1	1	1	1	34.3897	36.5988	17.1311	11.957	12.7528	45.1772	50.2662	50.3244	50.1443	47.6241	
593	1	1	1	1	1	33.7074	35.1653	16.5747	11.8928	12.6685	47.059	50.501	43.3061	49.596	48.5648	
594	1	1	1	1	1	33.2773	36.134	16.2314	11.0481	10.5937	47.7412	43.4998	48.1324	50.1829	49.0596	
595	1	1	1	1	1	33.5471	36.3178	16.5299	11.1006	11.1542	47.4782	47.2582	48.7355	44.7023	46.5756	
596	1	1	1	1	1	33.1857	35.1258	16.0419	11.0703	11.3487	47.389	46.3553	41.8715	47.193	46.0637	
597	1	1	1	1	1	32.8599	35.8882	15.3683	10.4579	10.8034	42.6806	44.2611	45.4026	47.6867	43.874	
598	1	1	1	1	1	32.2938	35.7913	15.5138	10.2506	10.1446	44.5302	43.1029	46.0749	44.3568	42.6287	
599	1	1	1	1	1	32.7	35.0464	15.4897	10.4424	10.3153	44.3566	40.1729	40.2619	47.2288	40.9576	
600	1	1	1	1	1	31.9955	35.6958	15.4006	10.0479	9.74338	43.6355	38.1296	42.8366	45.0855	38.6596	
601	1	1	1	1	1	31.8471	35.7334	15.3375	9.89332	9.34796	42.7631	36.0037	42.4679	45.1322	37.3356	