
1	76.1693	63.8398	101.973	111.416	92.5642	33.982	44.219	52.9841	46.0786	31.3395	1	1	1	1	1	
2	76.1686	63.84	101.971	111.416	92.5645	33.9816	44.2174	52.9831	46.0781	31.3392	1	1	1	1	1	
3	76.1684	63.8397	101.971	111.416	92.5642	33.9815	44.2171	52.9829	46.0779	31.339	1	1	1	1	1	
4	76.1682	63.8395	101.971	111.415	92.5639	33.9814	44.2167	52.9828	46.0778	31.3389	1	1	1	1	1	
5	76.168	63.8392	101.971	111.415	92.5636	33.9813	44.2164	52.9826	46.0776	31.3387	1	1	1	1	1	
6	76.1678	63.839	101.97	111.414	92.5633	33.9812	44.2161	52.9824	46.0774	31.3386	1	1	1	1	1	
7	76.1676	63.8387	101.97	111.413	92.563	33.9811	44.2157	52.9823	46.0773	31.3384	1	1	1	1	1	
8	76.1675	63.8384	101.97	111.413	92.5626	33.981	44.2154	52.9821	46.0771	31.3383	1	1	1	1	1	
9	76.1673	63.8382	101.97	111.412	92.5623	33.9809	44.2151	52.9819	46.0769	31.3381	1	1	1	1	1	
10	76.1671	63.8379	101.969	111.411	92.562	33.9808	44.2147	52.9818	46.0767	31.3379	1	1	1	1	1	
11	76.1669	63.8376	101.969	111.411	92.5616	33.9807	44.2144	52.9816	46.0765	31.3378	1	1	1	1	1	
12	76.1667	63.8374	101.969	111.41	92.5613	33.9806	44.214	52.9814	46.0764	31.3376	1	1	1	1	1	
13	76.1665	63.8371	101.969	111.41	92.561	33.9805	44.2137	52.9812	46.0762	31.3375	1	1	1	1	1	
14	76.1663	63.8368	101.968	111.409	92.5606	33.9804	44.2133	52.9811	46.076	31.3373	1	1	1	1	1	
15	76.1661	63.8365	101.968	111.408	92.5603	33.9803	44.2129	52.9809	46.0758	31.3371	1	1	1	1	1	
16	76.1659	63.8363	101.968	111.408	92.5599	33.9802	44.2126	52.9807	46.0756	31.337	1	1	1	1	1	
17	76.1657	63.836	101.967	111.407	92.5596	33.9801	44.2122	52.9805	46.0754	31.3368	1	1	1	1	1	
18	76.1654	63.8357	101.967	111.406	92.5592	33.98	44.2118	52.9803	46.0752	31.3366	1	1	1	1	1	
19	76.1652	63.8354	101.967	111.405	92.5588	33.9799	44.2114	52.9801	46.075	31.3364	1	1	1	1	1	
20	76.165	63.8351	101.967	111.405	92.5585	33.9798	44.2111	52.9799	46.0748	31.3363	1	1	1	1	1	
21	76.1648	63.8348	101.966	111.404	92.5581	33.9797	44.2107	52.9797	46.0746	31.3361	1	1	1	1	1	
22	76.1646	63.8345	101.966	111.403	92.5577	33.9796	44.2103	52.9795	46.0744	31.3359	1	1	1	1	1	
23	76.1644	63.8342	101.966	111.403	92.5574	33.9795	44.2099	52.9794	46.0742	31.3357	1	1	1	1	1	
24	76.1641	63.8339	101.965	111.402	92.557	33.9794	44.2095	52.9792	46.074	31.3355	1	1	1	1	1	
25	76.1639	63.8336	101.965	111.401	92.5566	33.9793	44.2091	52.979	46.0738	31.3354	1	1	1	1	1	
26	76.1637	63.8333	101.965	111.4	92.5562	33.9791	44.2087	52.9788	46.0736	31.3352	1	1	1	1	1	
27	76.1635	63.833	101.965	111.4	92.5558	33.979	44.2083	52.9785	46.0734	31.335	1	1	1	1	1	
28	76.1632	63.8326	101.964	111.399	92.5554	33.9789	44.2078	52.9783	46.0732	31.3348	1	1	1	1	1	
29	76.163	63.8323	101.964	111.398	92.555	33.9788	44.2074	52.9781	46.0729	31.3346	1	1	1	1	1	
30	76.1628	63.832	101.964	111.397	92.5546	33.9787	44.207	52.9779	46.0727	31.3344	1	1	1	1	1	
31	76.1625	63.8317	101.963	111.397	92.5542	33.9786	44.2066	52.9777	46.0725	31.3342	1	1	1	1	1	
32	76.1623	63.8313	101.963	111.396	92.5538	33.9784	44.2061	52.9775	46.0723	31.334	1	1	1	1	1	
33	76.162	63.831	101.963	111.395	92.5534	33.9783	44.2057	52.9773	46.072	31.3338	1	1	1	1	1	
34	76.1618	63.8307	101.962	111.394	92.5529	33.9782	44.2053	52.9771	46.0718	31.3336	1	1	1	1	1	
35	76.1615	63.8303	101.962	111.393	92.5525	33.9781	44.2048	52.9768	46.0716	31.3334	1	1	1	1	1	
36	76.1613	63.83	101.962	111.393	92.5521	33.9779	44.2044	52.9766	46.0713	31.3332	1	1	1	1	1	
37	76.161	63.8296	101.961	111.392	92.5516	33.9778	44.2039	52.9764	46.0711	31.333	1	1	1	1	1	
38	76.1608	63.8293	101.961	111.391	92.5512	33.9777	44.2034	52.9762	46.0709	31.3328	1	1	1	1	1	
39	76.1605	63.8289	101.961	111.39	92.5508	33.9775	44.203	52.9759	46.0706	31.3326	1	1	1	1	1	
40	76.1603	63.8285	101.96	111.389	92.5503	33.9774	44.2025	52.9757	46.0704	31.3324	1	1	1	1	1	
41	76.16	63.8282	101.96	111.388	92.5499	33.9773	44.202	52.9755	46.0701	31.3321	1	1	1	1	1	
42	76.1597	63.8278	101.96	111.387	92.5494	33.9771	44.2016	52.9752	46.0699	31.3319	1	1	1	1	1	
43	76.1595	63.8274	101.959	111.387	92.5489	33.977	44.2011	52.975	46.0696	31.3317	1	1	1	1	1	
44	76.1592	63.8271	101.959	111.386	92.5485	33.9769	44.2006	52.9747	46.0694	31.3315	1	1	1	1	1	
45	76.1589	63.8267	101.959	111.385	92.548	33.9767	44.2001	52.9745	46.0691	31.3313	1	1	1	1	1	
46	76.1586	63.8263	101.958	111.384	92.5475	33.9766	44.1996	52.9742	46.0689	31.331	1	1	1	1	1	
47	76.1583	63.8259	101.958	111.383	92.547	33.9765	44.1991	52.974	46.0686	31.3308	1	1	1	1	1	
48	76.1581	63.8255	101.958	111.382	92.5466	33.9763	44.1986	52.9737	46.0683	31.3306	1	1	1	1	1	
49	76.1578	63.8251	101.957	111.381	92.5461	33.9762	44.1981	52.9735	46.0681	31.3303	1	1	1	1	1	
50	76.1575	63.8247	101.957	111.38	92.5456	33.976	44.1975	52.9732	46.0678	31.3301	1	1	1	1	1	
51	76.1572	63.8243	101.956	111.379	92.5451	33.9759	44.197	52.973	46.0675	31.3298	1	1	1	1	1	
52	76.1569	63.8239	101.956	111.378	92.5446	33.9757	44.1965	52.9727	46.0673	31.3296	1	1	1	1	1	
53	76.1566	63.8235	101.956	111.377	92.544	33.9756	44.196	52.9724	46.067	31.3294	1	1	1	1	1	
54	76.1563	63.8231	101.955	111.376	92.5435	33.9754	44.1954	52.9722	46.0667	31.3291	1	1	1	1	1	
55	76.156	63.8227	101.955	111.375	92.543	33.9753	44.1949	52.9719	46.0664	31.3289	1	1	1	1	1	
56	76.1557	63.8223	101.954	111.374	92.5425	33.9751	44.1943	52.9716	46.0661	31.3286	1	1	1	1	1	
57	76.1554	63.8218	101.954	111.373	92.542	33.975	44.1938	52.9714	46.0658	31.3284	1	1	1	1	1	
58	76.1551	63.8214	101.954	111.372	92.5414	33.9748	44.1932	52.9711	46.0655	31.3281	1	1	1	1	1	
59	76.1547	63.821	101.953	111.371	92.5409	33.9746	44.1926	52.9708	46.0652	31.3278	1	1	1	1	1	
60	76.1544	63.8205	101.953	111.37	92.5403	33.9745	44.192	52.9705	46.0649	31.3276	1	1	1	1	1	
61	76.1541	63.8201	101.952	111.369	92.5398	33.9743	44.1915	52.9702	46.0646	31.3273	1	1	1	1	1	
62	76.1538	63.8196	101.952	111.368	92.5392	33.9742	44.1909	52.9699	46.0643	31.327	1	1	1	1	1	
63	76.1534	63.8192	101.951	111.367	92.5386	33.974	44.1903	52.9696	46.064	31.3268	1	1	1	1	1	
64	76.1531	63.8187	101.951	111.366	92.5381	33.9738	44.1897	52.9693	46.0637	31.3265	1	1	1	1	1	
65	76.1528	63.8183	101.951	111.365	92.5375	33.9736	44.1891	52.969	46.0634	31.3262	1	1	1	1	1	
66	76.1524	63.8178	101.95	111.363	92.5369	33.9735	44.1885	52.9687	46.0631	31.3259	1	1	1	1	1	
67	76.1521	63.8173	101.95	111.362	92.5363	33.9733	44.1879	52.9684	46.0628	31.3257	1	1	1	1	1	
68	76.1517	63.8168	101.949	111.361	92.5357	33.9731	44.1872	52.9681	46.0624	31.3254	1	1	1	1	1	
69	76.1514	63.8164	101.949	111.36	92.5351	33.973	44.1866	52.9678	46.0621	31.3251	1	1	1	1	1	
70	76.151	63.8159	101.948	111.359	92.5345	33.9728	44.186	52.9675	46.0618	31.3248	1	1	1	1	1	
71	76.1507	63.8154	101.948	111.358	92.5339	33.9726	44.1853	52.9672	46.0615	31.3245	1	1	1	1	1	
72	76.1503	63.8149	101.947	111.357	92.5333	33.9724	44.1847	52.9669	46.0611	31.3242	1	1	1	1	1	
73	76.15	63.8144	101.947	111.355	92.5326	33.9722	44.184	52.9665	46.0608	31.3239	1	1	1	1	1	
74	76.1496	63.8139	101.946	111.354	92.532	33.972	44.1834	52.9662	46.0604	31.3236	1	1	1	1	1	
75	76.1492	63.8134	101.946	111.353	92.5314	33.9719	44.1827	52.9659	46.0601	31.3233	1	1	1	1	1	
76	76.1488	63.8128	101.945	111.352	92.5307	33.9717	44.182	52.9655	46.0597	31.323	1	1	1	1	1	
77	76.1485	63.8123	101.945	111.35	92.5301	33.9715	44.1813	52.9652	46.0594	31.3227	1	1	1	1	1	
78	76.1481	63.8118	101.944	111.349	92.5294	33.9713	44.1806	52.9649	46.059	31.3224	1	1	1	1	1	
79	76.1477	63.8112	101.944	111.348	92.5288	33.9711	44.1799	52.9645	46.0587	31.322	1	1	1	1	1	
80	76.1473	63.8107	101.943	111.347	92.5281	33.9709	44.1792	52.9642	46.0583	31.3217	1	1	1	1	1	
81	76.1469	63.8102	101.943	111.345	92.5274	33.9707	44.1785	52.9638	46.0579	31.3214	1	1	1	1	1	
82	76.1465	63.8096	101.942	111.344	92.5267	33.9705	44.1778	52.9634	46.0575	31.3211	1	1	1	1	1	
83	76.1461	63.8091	101.942	111.343	92.526	33.9703	44.1771	52.9631	46.0572	31.3207	1	1	1	1	1	
84	76.1457	63.8085	101.941	111.341	92.5253	33.9701	44.1764	52.9627	46.0568	31.3204	1	1	1	1	1	
85	76.1453	63.8079	101.941	111.34	92.5246	33.9699	44.1756	52.9624	46.0564	31.3201	1	1	1	1	1	
86	76.1448	63.8074	101.94	111.339	92.5239	33.9697	44.1749	52.962	46.056	31.3197	1	1	1	1	1	
87	76.1444	63.8068	101.94	111.337	92.5232	33.9694	44.1741	52.9616	46.0556	31.3194	1	1	1	1	1	
88	76.144	63.8062	101.939	111.336	92.5224	33.9692	44.1734	52.9612	46.0552	31.319	1	1	1	1	1	
89	76.1436	63.8056	101.939	111.334	92.5217	33.969	44.1726	52.9609	46.0548	31.3187	1	1	1	1	1	
90	76.1431	63.805	101.938	111.333	92.521	33.9688	44.1718	52.9605	46.0544	31.3183	1	1	1	1	1	
91	76.1427	63.8044	101.937	111.331	92.5202	33.9686	44.171	52.9601	46.054	31.3179	1	1	1	1	1	
92	76.1423	63.8038	101.937	111.33	92.5195	33.9683	44.1702	52.9597	46.0536	31.3176	1	1	1	1	1	
93	76.1418	63.8032	101.936	111.329	92.5187	33.9681	44.1694	52.9593	46.0532	31.3172	1	1	1	1	1	
94	76.1414	63.8025	101.936	111.327	92.5179	33.9679	44.1686	52.9589	46.0528	31.3168	1	1	1	1	1	
95	76.1409	63.8019	101.935	111.326	92.5171	33.9677	44.1678	52.9585	46.0523	31.3165	1	1	1	1	1	
96	76.1404	63.8013	101.934	111.324	92.5163	33.9674	44.167	52.9581	46.0519	31.3161	1	1	1	1	1	
97	76.14	63.8006	101.934	111.323	92.5155	33.9672	44.1661	52.9577	46.0515	31.3157	1	1	1	1	1	
98	76.1395	63.8	101.933	111.321	92.5147	33.967	44.1653	52.9572	46.051	31.3153	1	1	1	1	1	
99	76.139	63.7993	101.933	111.319	92.5139	33.9667	44.1644	52.9568	46.0506	31.3149	1	1	1	1	1	
100	76.1385	63.7987	101.932	111.318	92.5131	33.9665	44.1636	52.9564	46.0501	31.3145	1	1	1	1	1	
101	76.1381	63.798	101.931	111.316	92.5123	33.9662	44.1627	52.956	46.0497	31.3141	1	1	1	1	1	
102	76.1376	63.7973	101.931	111.315	92.5114	33.966	44.1618	52.9555	46.0492	31.3137	1	1	1	1	1	
103	76.1371	63.7967	101.93	111.313	92.5106	33.9657	44.1609	52.9551	46.0488	31.3133	1	1	1	1	1	
104	76.1366	63.796	101.929	111.311	92.5097	33.9655	44.16	52.9546	46.0483	31.3129	1	1	1	1	1	
105	76.1361	63.7953	101.929	111.31	92.5088	33.9652	44.1591	52.9542	46.0478	31.3125	1	1	1	1	1	
106	76.1355	63.7946	101.928	111.308	92.508	33.965	44.1582	52.9537	46.0473	31.3121	1	1	1	1	1	
107	76.135	63.7939	101.927	111.306	92.5071	33.9647	44.1573	52.9533	46.0469	31.3117	1	1	1	1	1	
108	76.1345	63.7931	101.927	111.305	92.5062	33.9644	44.1563	52.9528	46.0464	31.3112	1	1	1	1	1	
109	76.134	63.7924	101.926	111.303	92.5053	33.9642	44.1554	52.9523	46.0459	31.3108	1	1	1	1	1	
110	76.1335	63.7917	101.925	111.301	92.5044	33.9639	44.1544	52.9519	46.0454	31.3104	1	1	1	1	1	
111	76.1329	63.7909	101.925	111.299	92.5034	33.9636	44.1535	52.9514	46.0449	31.3099	1	1	1	1	1	
112	76.1324	63.7902	101.924	111.298	92.5025	33.9634	44.1525	52.9509	46.0444	31.3095	1	1	1	1	1	
113	76.1318	63.7894	101.923	111.296	92.5016	33.9631	44.1515	52.9504	46.0439	31.309	1	1	1	1	1	
114	76.1313	63.7887	101.922	111.294	92.5006	33.9628	44.1505	52.9499	46.0434	31.3086	1	1	1	1	1	
115	76.1307	63.7879	101.922	111.292	92.4997	33.9625	44.1495	52.9494	46.0428	31.3081	1	1	1	1	1	
116	76.1301	63.7871	101.921	111.29	92.4987	33.9622	44.1485	52.9489	46.0423	31.3076	1	1	1	1	1	
117	76.1296	63.7863	101.92	111.288	92.4977	33.9619	44.1475	52.9484	46.0418	31.3072	1	1	1	1	1	
118	76.129	63.7855	101.919	111.287	92.4967	33.9617	44.1465	52.9479	46.0412	31.3067	1	1	1	1	1	
119	76.1284	63.7847	101.919	111.285	92.4957	33.9614	44.1454	52.9474	46.0407	31.3062	1	1	1	1	1	
120	76.1278	63.7839	101.918	111.283	92.4947	33.9611	44.1444	52.9469	46.0401	31.3057	1	1	1	1	1	
121	76.1272	63.7831	101.917	111.281	92.4937	33.9608	44.1433	52.9463	46.0396	31.3053	1	1	1	1	1	
122	76.1266	63.7823	101.916	111.279	92.4927	33.9605	44.1422	52.9458	46.039	31.3048	1	1	1	1	1	
123	76.126	63.7815	101.916	111.277	92.4916	33.9601	44.1411	52.9453	46.0385	31.3043	1	1	1	1	1	
124	76.1254	63.7806	101.915	111.275	92.4906	33.9598	44.14	52.9447	46.0379	31.3038	1	1	1	1	1	
125	76.1248	63.7798	101.914	111.273	92.4895	33.9595	44.1389	52.9442	46.0373	31.3033	1	1	1	1	1	
126	76.1242	63.7789	101.913	111.271	92.4884	33.9592	44.1378	52.9436	46.0367	31.3027	1	1	1	1	1	
127	76.1235	63.778	101.912	111.269	92.4874	33.9589	44.1366	52.9431	46.0361	31.3022	1	1	1	1	1	
128	76.1229	63.7771	101.911	111.266	92.4863	33.9586	44.1355	52.9425	46.0355	31.3017	1	1	1	1	1	
129	76.1222	63.7763	101.911	111.264	92.4851	33.9582	44.1343	52.9419	46.0349	31.3012	1	1	1	1	1	
130	76.1216	63.7754	101.91	111.262	92.484	33.9579	44.1332	52.9413	46.0343	31.3006	1	1	1	1	1	
131	76.1209	63.7744	101.909	111.26	92.4829	33.9576	44.132	52.9407	46.0337	31.3001	1	1	1	1	1	
132	76.1203	63.7735	101.908	111.258	92.4818	33.9572	44.1308	52.9402	46.0331	31.2995	1	1	1	1	1	
133	76.1196	63.7726	101.907	111.256	92.4806	33.9569	44.1296	52.9396	46.0325	31.299	1	1	1	1	1	
134	76.1189	63.7717	101.906	111.253	92.4794	33.9566	44.1284	52.939	46.0318	31.2984	1	1	1	1	1	
135	76.1182	63.7707	101.905	111.251	92.4783	33.9562	44.1271	52.9383	46.0312	31.2979	1	1	1	1	1	
136	76.1175	63.7698	101.904	111.249	92.4771	33.9559	44.1259	52.9377	46.0305	31.2973	1	1	1	1	1	
137	76.1168	63.7688	101.903	111.247	92.4759	33.9555	44.1246	52.9371	46.0299	31.2967	1	1	1	1	1	
138	76.1161	63.7678	101.903	111.244	92.4747	33.9551	44.1234	52.9365	46.0292	31.2961	1	1	1	1	1	
139	76.1154	63.7668	101.902	111.242	92.4734	33.9548	44.1221	52.9358	46.0286	31.2956	1	1	1	1	1	
140	76.1147	63.7658	101.901	111.24	92.4722	33.9544	44.1208	52.9352	46.0279	31.295	1	1	1	1	1	
141	76.1139	63.7648	101.9	111.237	92.4709	33.954	44.1195	52.9346	46.0272	31.2944	1	1	1	1	1	
142	76.1132	63.7638	101.899	111.235	92.4697	33.9537	44.1182	52.9339	46.0265	31.2938	1	1	1	1	1	
143	76.1125	63.7628	101.898	111.232	92.4684	33.9533	44.1168	52.9332	46.0258	31.2932	1	1	1	1	1	
144	76.1117	63.7618	101.897	111.23	92.4671	33.9529	44.1155	52.9326	46.0251	31.2925	1	1	1	1	1	
145	76.111	63.7607	101.896	111.227	92.4658	33.9525	44.1141	52.9319	46.0244	31.2919	1	1	1	1	1	
146	76.1102	63.7597	101.895	111.225	92.4645	33.9521	44.1127	52.9312	46.0237	31.2913	1	1	1	1	1	
147	76.1094	63.7586	101.894	111.222	92.4632	33.9518	44.1114	52.9305	46.023	31.2906	1	1	1	1	1	
148	76.1086	63.7575	101.893	111.22	92.4618	33.9514	44.11	52.9298	46.0222	31.29	1	1	1	1	1	
149	76.1078	63.7564	101.892	111.217	92.4605	33.951	44.1085	52.9291	46.0215	31.2894	1	1	1	1	1	
150	76.107	63.7553	101.891	111.214	92.4591	33.9505	44.1071	52.9284	46.0208	31.2887	1	1	1	1	1	
151	76.1062	63.7542	101.89	111.212	92.4577	33.9501	44.1056	52.9277	46.02	31.288	1	1	1	1	1	
152	76.1054	63.7531	101.889	111.209	92.4563	33.9497	44.1042	52.927	46.0192	31.2874	1	1	1	1	1	
153	76.1046	63.7519	101.887	111.206	92.4549	33.9493	44.1027	52.9262	46.0185	31.2867	1	1	1	1	1	
154	76.1037	63.7508	101.886	111.204	92.4535	33.9489	44.1012	52.9255	46.0177	31.286	1	1	1	1	1	
155	76.1029	63.7496	101.885	111.201	92.452	33.9485	44.0997	52.9248	46.0169	31.2853	1	1	1	1	1	
156	76.102	63.7485	101.884	111.198	92.4506	33.948	44.0982	52.924	46.0161	31.2846	1	1	1	1	1	
157	76.1012	63.7473	101.883	111.195	92.4491	33.9476	44.0966	52.9232	46.0153	31.2839	1	1	1	1	1	
158	76.1003	63.7461	101.882	111.192	92.4476	33.9472	44.0951	52.9225	46.0145	31.2832	1	1	1	1	1	
159	76.0994	63.7449	101.881	111.19	92.4461	33.9467	44.0935	52.9217	46.0137	31.2825	1	1	1	1	1	
160	76.0986	63.7437	101.88	111.187	92.4446	33.9463	44.0919	52.9209	46.0129	31.2818	1	1	1	1	1	
161	76.0977	63.7424	101.878	111.184	92.443	33.9458	44.0903	52.9201	46.012	31.281	1	1	1	1	1	
162	76.0968	63.7412	101.877	111.181	92.4415	33.9453	44.0887	52.9193	46.0112	31.2803	1	1	1	1	1	
163	76.0958	63.7399	101.876	111.178	92.4399	33.9449	44.0871	52.9185	46.0103	31.2795	1	1	1	1	1	
164	76.0949	63.7386	101.875	111.175	92.4383	33.9444	44.0854	52.9177	46.0095	31.2788	1	1	1	1	1	
165	76.094	63.7374	101.874	111.172	92.4367	33.9439	44.0837	52.9169	46.0086	31.278	1	1	1	1	1	
166	76.093	63.7361	101.872	111.169	92.4351	33.9435	44.082	52.916	46.0077	31.2772	1	1	1	1	1	
167	76.0921	63.7347	101.871	111.165	92.4335	33.943	44.0803	52.9152	46.0068	31.2765	1	1	1	1	1	
168	76.0911	63.7334	101.87	111.162	92.4318	33.9425	44.0786	52.9143	46.0059	31.2757	1	1	1	1	1	
169	76.0901	63.7321	101.869	111.159	92.4302	33.942	44.0769	52.9135	46.005	31.2749	1	1	1	1	1	
170	76.0892	63.7307	101.867	111.156	92.4285	33.9415	44.0751	52.9126	46.0041	31.2741	1	1	1	1	1	
171	76.0882	63.7294	101.866	111.153	92.4268	33.941	44.0733	52.9117	46.0032	31.2733	1	1	1	1	1	
172	76.0872	63.728	101.865	111.149	92.4251	33.9405	44.0715	52.9108	46.0022	31.2724	1	1	1	1	1	
173	76.0862	63.7266	101.863	111.146	92.4233	33.94	44.0697	52.9099	46.0013	31.2716	1	1	1	1	1	
174	76.0851	63.7252	101.862	111.143	92.4216	33.9395	44.0679	52.909	46.0003	31.2708	1	1	1	1	1	
175	76.0841	63.7237	101.861	111.139	92.4198	33.9389	44.066	52.9081	45.9994	31.2699	1	1	1	1	1	
176	76.0831	63.7223	101.859	111.136	92.418	33.9384	44.0641	52.9072	45.9984	31.2691	1	1	1	1	1	
177	76.082	63.7208	101.858	111.132	92.4162	33.9379	44.0623	52.9063	45.9974	31.2682	1	1	1	1	1	
178	76.0809	63.7194	101.856	111.129	92.4144	33.9373	44.0603	52.9053	45.9964	31.2673	1	1	1	1	1	
179	76.0799	63.7179	101.855	111.125	92.4125	33.9368	44.0584	52.9044	45.9954	31.2664	1	1	1	1	1	
180	76.0788	63.7164	101.854	111.122	92.4106	33.9362	44.0565	52.9034	45.9944	31.2656	1	1	1	1	1	
181	76.0777	63.7149	101.852	111.118	92.4088	33.9357	44.0545	52.9024	45.9934	31.2647	1	1	1	1	1	
182	76.0765	63.7133	101.851	111.115	92.4068	33.9351	44.0525	52.9014	45.9923	31.2637	1	1	1	1	1	
183	76.0754	63.7118	101.849	111.111	92.4049	33.9345	44.0505	52.9004	45.9913	31.2628	1	1	1	1	1	
184	76.0743	63.7102	101.848	111.107	92.403	33.934	44.0485	52.8994	45.9902	31.2619	1	1	1	1	1	
185	76.0731	63.7087	101.846	111.103	92.401	33.9334	44.0464	52.8984	45.9892	31.261	1	1	1	1	1	
186	76.072	63.7071	101.845	111.1	92.399	33.9328	44.0443	52.8974	45.9881	31.26	1	1	1	1	1	
187	76.0708	63.7054	101.843	111.096	92.397	33.9322	44.0422	52.8964	45.987	31.259	1	1	1	1	1	
188	76.0696	63.7038	101.842	111.092	92.395	33.9316	44.0401	52.8953	45.9859	31.2581	1	1	1	1	1	
189	76.0684	63.7022	101.84	111.088	92.3929	33.931	44.038	52.8943	45.9848	31.2571	1	1	1	1	1	
190	76.0672	63.7005	101.839	111.084	92.3909	33.9304	44.0358	52.8932	45.9836	31.2561	1	1	1	1	1	
191	76.066	63.6988	101.837	111.08	92.3888	33.9297	44.0336	52.8921	45.9825	31.2551	1	1	1	1	1	
192	76.0648	63.6971	101.835	111.076	92.3867	33.9291	44.0314	52.891	45.9813	31.2541	1	1	1	1	1	
193	76.0635	63.6954	101.834	111.072	92.3845	33.9285	44.0292	52.8899	45.9802	31.2531	1	1	1	1	1	
194	76.0623	63.6937	101.832	111.068	92.3824	33.9278	44.0269	52.8888	45.979	31.2521	1	1	1	1	1	
195	76.061	63.6919	101.83	111.064	92.3802	33.9272	44.0247	52.8877	45.9778	31.251	1	1	1	1	1	
196	76.0597	63.6901	101.829	111.059	92.378	33.9265	44.0224	52.8866	45.9766	31.25	1	1	1	1	1	
197	76.0584	63.6884	101.827	111.055	92.3758	33.9259	44.02	52.8854	45.9754	31.2489	1	1	1	1	1	
198	76.0571	63.6865	101.825	111.051	92.3735	33.9252	44.0177	52.8842	45.9742	31.2478	1	1	1	1	1	
199	76.0558	63.6847	101.824	111.046	92.3712	33.9245	44.0153	52.8831	45.973	31.2467	1	1	1	1	1	
200	76.0544	63.6829	101.822	111.042	92.3689	33.9239	44.0129	52.8819	45.9717	31.2457	1	1	1	1	1	
201	76.0531	63.681	101.82	111.038	92.3666	33.9232	44.0105	52.8807	45.9704	31.2445	1	1	1	1	1	
202	76.0517	63.6791	101.818	111.033	92.3643	33.9225	44.008	52.8795	45.9692	31.2434	1	1	1	1	1	
203	76.0503	63.6772	101.816	111.029	92.3619	33.9218	44.0056	52.8783	45.9679	31.2423	1	1	1	1	1	
204	76.0489	63.6753	101.815	111.024	92.3595	33.9211	44.0031	52.877	45.9666	31.2412	1	1	1	1	1	
205	76.0475	63.6733	101.813	111.019	92.3571	33.9204	44.0005	52.8758	45.9653	31.24	1	1	1	1	1	
206	76.0461	63.6714	101.811	111.015	92.3547	33.9196	43.998	52.8745	45.9639	31.2388	1	1	1	1	1	
207	76.0447	63.6694	101.809	111.01	92.3522	33.9189	43.9954	52.8733	45.9626	31.2377	1	1	1	1	1	
208	76.0432	63.6674	101.807	111.005	92.3497	33.9182	43.9928	52.872	45.9612	31.2365	1	1	1	1	1	
209	76.0417	63.6654	101.805	111	92.3472	33.9174	43.9902	52.8707	45.9598	31.2353	1	1	1	1	1	
210	76.0403	63.6633	101.803	110.996	92.3446	33.9166	43.9875	52.8694	45.9585	31.2341	1	1	1	1	1	
211	76.0388	63.6612	101.801	110.991	92.3421	33.9159	43.9848	52.868	45.9571	31.2328	1	1	1	1	1	
212	76.0372	63.6591	101.799	110.986	92.3395	33.9151	43.9821	52.8667	45.9556	31.2316	1	1	1	1	1	
213	76.0357	63.657	101.797	110.981	92.3368	33.9143	43.9794	52.8654	45.9542	31.2303	1	1	1	1	1	
214	76.0342	63.6549	101.795	110.976	92.3342	33.9135	43.9766	52.864	45.9528	31.2291	1	1	1	1	1	
215	76.0326	63.6527	101.793	110.97	92.3315	33.9127	43.9738	52.8626	45.9513	31.2278	1	1	1	1	1	
216	76.031	63.6506	101.791	110.965	92.3288	33.9119	43.971	52.8612	45.9498	31.2265	1	1	1	1	1	
217	76.0294	63.6484	101.789	110.96	92.326	33.9111	43.9681	52.8598	45.9483	31.2252	1	1	1	1	1	
218	76.0278	63.6461	101.787	110.955	92.3233	33.9103	43.9652	52.8584	45.9468	31.2239	1	1	1	1	1	
219	76.0262	63.6439	101.785	110.949	92.3205	33.9095	43.9623	52.8569	45.9453	31.2225	1	1	1	1	1	
220	76.0245	63.6416	101.783	110.944	92.3177	33.9086	43.9594	52.8555	45.9438	31.2212	1	1	1	1	1	
221	76.0229	63.6393	101.78	110.939	92.3148	33.9078	43.9564	52.854	45.9422	31.2198	1	1	1	1	1	
222	76.0212	63.637	101.778	110.933	92.3119	33.9069	43.9534	52.8525	45.9406	31.2185	1	1	1	1	1	
223	76.0195	63.6346	101.776	110.927	92.309	33.906	43.9503	52.851	45.9391	31.2171	1	1	1	1	1	
224	76.0177	63.6323	101.774	110.922	92.306	33.9052	43.9472	52.8495	45.9375	31.2157	1	1	1	1	1	
225	76.016	63.6299	101.771	110.916	92.3031	33.9043	43.9441	52.848	45.9358	31.2142	1	1	1	1	1	
226	76.0143	63.6274	101.769	110.91	92.3001	33.9034	43.941	52.8465	45.9342	31.2128	1	1	1	1	1	
227	76.0125	63.625	101.767	110.905	92.297	33.9025	43.9378	52.8449	45.9325	31.2114	1	1	1	1	1	
228	76.0107	63.6225	101.765	110.899	92.294	33.9016	43.9346	52.8433	45.9309	31.2099	1	1	1	1	1	
229	76.0089	63.62	101.762	110.893	92.2908	33.9006	43.9314	52.8417	45.9292	31.2084	1	1	1	1	1	
230	76.007	63.6175	101.76	110.887	92.2877	33.8997	43.9281	52.8401	45.9275	31.2069	1	1	1	1	1	
231	76.0052	63.6149	101.757	110.881	92.2845	33.8988	43.9248	52.8385	45.9257	31.2054	1	1	1	1	1	
232	76.0033	63.6124	101.755	110.875	92.2813	33.8978	43.9214	52.8368	45.924	31.2039	1	1	1	1	1	
233	76.0014	63.6097	101.752	110.868	92.2781	33.8968	43.9181	52.8352	45.9222	31.2024	1	1	1	1	1	
234	75.9995	63.6071	101.75	110.862	92.2748	33.8959	43.9147	52.8335	45.9204	31.2008	1	1	1	1	1	
235	75.9976	63.6045	101.747	110.856	92.2715	33.8949	43.9112	52.8318	45.9186	31.1992	1	1	1	1	1	
236	75.9957	63.6018	101.745	110.849	92.2682	33.8939	43.9077	52.8301	45.9168	31.1976	1	1	1	1	1	
237	75.9937	63.599	101.742	110.843	92.2648	33.8929	43.9042	52.8284	45.915	31.196	1	1	1	1	1	
238	75.9917	63.5963	101.74	110.836	92.2614	33.8919	43.9006	52.8266	45.9131	31.1944	1	1	1	1	1	
239	75.9897	63.5935	101.737	110.83	92.2579	33.8908	43.897	52.8248	45.9112	31.1928	1	1	1	1	1	
240	75.9877	63.5907	101.734	110.823	92.2545	33.8898	43.8934	52.823	45.9093	31.1911	1	1	1	1	1	
241	75.9856	63.5879	101.732	110.816	92.2509	33.8887	43.8897	52.8212	45.9074	31.1894	1	1	1	1	1	
242	75.9835	63.585	101.729	110.81	92.2474	33.8877	43.886	52.8194	45.9055	31.1877	1	1	1	1	1	
243	75.9814	63.5821	101.726	110.803	92.2438	33.8866	43.8823	52.8176	45.9035	31.186	1	1	1	1	1	
244	75.9793	63.5792	101.723	110.796	92.2401	33.8855	43.8785	52.8157	45.9016	31.1843	1	1	1	1	1	
245	75.9772	63.5762	101.721	110.789	92.2365	33.8844	43.8746	52.8138	45.8995	31.1825	1	1	1	1	1	
246	75.975	63.5732	101.718	110.782	92.2328	33.8833	43.8708	52.8119	45.8975	31.1808	1	1	1	1	1	
247	75.9728	63.5702	101.715	110.775	92.229	33.8822	43.8669	52.81	45.8955	31.179	1	1	1	1	1	
248	75.9706	63.5671	101.712	110.767	92.2252	33.881	43.8629	52.8081	45.8934	31.1772	1	1	1	1	1	
249	75.9684	63.5641	101.709	110.76	92.2214	33.8799	43.8589	52.8061	45.8913	31.1754	1	1	1	1	1	
250	75.9661	63.5609	101.706	110.753	92.2175	33.8787	43.8549	52.8041	45.8892	31.1735	1	1	1	1	1	
251	75.9638	63.5578	101.703	110.745	92.2136	33.8776	43.8508	52.8021	45.8871	31.1717	1	1	1	1	1	
252	75.9615	63.5546	101.7	110.738	92.2096	33.8764	43.8467	52.8001	45.8849	31.1698	1	1	1	1	1	
253	75.9592	63.5514	101.697	110.73	92.2056	33.8752	43.8425	52.798	45.8828	31.1679	1	1	1	1	1	
254	75.9568	63.5481	101.694	110.722	92.2016	33.874	43.8383	52.796	45.8806	31.166	1	1	1	1	1	
255	75.9544	63.5448	101.691	110.715	92.1975	33.8728	43.834	52.7939	45.8783	31.164	1	1	1	1	1	
256	75.952	63.5415	101.688	110.707	92.1934	33.8715	43.8297	52.7918	45.8761	31.1621	1	1	1	1	1	
257	75.9496	63.5381	101.685	110.699	92.1892	33.8703	43.8254	52.7896	45.8738	31.1601	1	1	1	1	1	
258	75.9471	63.5347	101.681	110.691	92.185	33.869	43.821	52.7875	45.8715	31.1581	1	1	1	1	1	
259	75.9447	63.5313	101.678	110.683	92.1808	33.8677	43.8166	52.7853	45.8692	31.1561	1	1	1	1	1	
260	75.9422	63.5278	101.675	110.674	92.1765	33.8664	43.8121	52.7831	45.8668	31.154	1	1	1	1	1	
261	75.9396	63.5243	101.672	110.666	92.1721	33.8651	43.8075	52.7809	45.8645	31.1519	1	1	1	1	1	
262	75.9371	63.5208	101.668	110.658	92.1677	33.8638	43.8029	52.7786	45.8621	31.1499	1	1	1	1	1	
263	75.9345	63.5172	101.665	110.649	92.1633	33.8625	43.7983	52.7764	45.8597	31.1477	1	1	1	1	1	
264	75.9318	63.5136	101.661	110.641	92.1588	33.8611	43.7936	52.7741	45.8572	31.1456	1	1	1	1	1	
265	75.9292	63.5099	101.658	110.632	92.1542	33.8598	43.7889	52.7718	45.8547	31.1435	1	1	1	1	1	
266	75.9265	63.5062	101.654	110.623	92.1496	33.8584	43.7841	52.7694	45.8522	31.1413	1	1	1	1	1	
267	75.9238	63.5024	101.651	110.614	92.145	33.857	43.7793	52.7671	45.8497	31.1391	1	1	1	1	1	
268	75.9211	63.4987	101.647	110.605	92.1403	33.8556	43.7744	52.7647	45.8471	31.1369	1	1	1	1	1	
269	75.9183	63.4948	101.644	110.596	92.1356	33.8542	43.7695	52.7622	45.8446	31.1346	1	1	1	1	1	
270	75.9155	63.491	101.64	110.587	92.1308	33.8527	43.7645	52.7598	45.8419	31.1323	1	1	1	1	1	
271	75.9127	63.4871	101.636	110.578	92.1259	33.8513	43.7594	52.7573	45.8393	31.13	1	1	1	1	1	
272	75.9098	63.4831	101.633	110.569	92.1211	33.8498	43.7543	52.7548	45.8366	31.1277	1	1	1	1	1	
273	75.907	63.4791	101.629	110.559	92.1161	33.8483	43.7492	52.7523	45.8339	31.1254	1	1	1	1	1	
274	75.904	63.4751	101.625	110.55	92.1111	33.8468	43.744	52.7498	45.8312	31.123	1	1	1	1	1	
275	75.9011	63.471	101.621	110.54	92.1061	33.8453	43.7387	52.7472	45.8285	31.1206	1	1	1	1	1	
276	75.8981	63.4669	101.617	110.53	92.101	33.8438	43.7334	52.7446	45.8257	31.1182	1	1	1	1	1	
277	75.8951	63.4627	101.613	110.52	92.0958	33.8422	43.728	52.742	45.8229	31.1157	1	1	1	1	1	
278	75.8921	63.4585	101.609	110.51	92.0906	33.8406	43.7226	52.7393	45.82	31.1133	1	1	1	1	1	
279	75.889	63.4542	101.605	110.5	92.0853	33.839	43.7171	52.7366	45.8171	31.1108	1	1	1	1	1	
280	75.8859	63.4499	101.601	110.49	92.08	33.8374	43.7115	52.7339	45.8142	31.1082	1	1	1	1	1	
281	75.8827	63.4456	101.597	110.48	92.0746	33.8358	43.7059	52.7312	45.8113	31.1057	1	1	1	1	1	
282	75.8796	63.4412	101.593	110.47	92.0691	33.8342	43.7003	52.7284	45.8083	31.1031	1	1	1	1	1	
283	75.8764	63.4367	101.589	110.459	92.0636	33.8325	43.6945	52.7256	45.8053	31.1005	1	1	1	1	1	
284	75.8731	63.4322	101.585	110.448	92.0581	33.8308	43.6887	52.7228	45.8023	31.0979	1	1	1	1	1	
285	75.8698	63.4277	101.58	110.438	92.0524	33.8291	43.6829	52.7199	45.7992	31.0952	1	1	1	1	1	
286	75.8665	63.4231	101.576	110.427	92.0468	33.8274	43.6769	52.717	45.7961	31.0925	1	1	1	1	1	
287	75.8632	63.4185	101.572	110.416	92.041	33.8257	43.671	52.7141	45.793	31.0898	1	1	1	1	1	
288	75.8598	63.4138	101.567	110.405	92.0352	33.8239	43.6649	52.7111	45.7898	31.087	1	1	1	1	1	
289	75.8563	63.409	101.563	110.394	92.0293	33.8221	43.6588	52.7081	45.7866	31.0843	1	1	1	1	1	
290	75.8529	63.4042	101.558	110.382	92.0234	33.8203	43.6526	52.7051	45.7834	31.0814	1	1	1	1	1	
291	75.8494	63.3994	101.554	110.371	92.0174	33.8185	43.6464	52.7021	45.7801	31.0786	1	1	1	1	1	
292	75.8458	63.3945	101.549	110.359	92.0113	33.8167	43.6401	52.699	45.7768	31.0757	1	1	1	1	1	
293	75.8423	63.3895	101.544	110.348	92.0052	33.8148	43.6337	52.6959	45.7734	31.0728	1	1	1	1	1	
294	75.8387	63.3845	101.54	110.336	91.999	33.813	43.6272	52.6927	45.7701	31.0699	1	1	1	1	1	
295	75.835	63.3794	101.535	110.324	91.9927	33.8111	43.6207	52.6896	45.7666	31.0669	1	1	1	1	1	
296	75.8313	63.3743	101.53	110.312	91.9864	33.8091	43.6141	52.6863	45.7632	31.0639	1	1	1	1	1	
297	75.8276	63.3691	101.525	110.3	91.98	33.8072	43.6074	52.6831	45.7597	31.0609	1	1	1	1	1	
298	75.8238	63.3639	101.52	110.287	91.9735	33.8052	43.6007	52.6798	45.7561	31.0578	1	1	1	1	1	
299	75.82	63.3586	101.515	110.275	91.9669	33.8032	43.5939	52.6765	45.7526	31.0547	1	1	1	1	1	
300	75.8161	63.3532	101.51	110.262	91.9603	33.8012	43.587	52.6731	45.749	31.0516	1	1	1	1	1	
301	75.8122	63.3478	101.505	110.249	91.9536	33.7992	43.58	52.6697	45.7453	31.0485	1	1	1	1	1	
302	75.8083	63.3423	101.5	110.237	91.9469	33.7972	43.573	52.6663	45.7416	31.0453	1	1	1	1	1	
303	75.8043	63.3368	101.495	110.224	91.94	33.7951	43.5659	52.6629	45.7379	31.042	1	1	1	1	1	
304	75.8002	63.3312	101.489	110.21	91.9331	33.793	43.5587	52.6594	45.7341	31.0388	1	1	1	1	1	
305	75.7962	63.3255	101.484	110.197	91.9261	33.7909	43.5514	52.6558	45.7303	31.0355	1	1	1	1	1	
306	75.792	63.3198	101.479	110.184	91.919	33.7887	43.5441	52.6522	45.7264	31.0321	1	1	1	1	1	
307	75.7879	63.314	101.473	110.17	91.9119	33.7865	43.5366	52.6486	45.7225	31.0288	1	1	1	1	1	
308	75.7837	63.3081	101.468	110.156	91.9047	33.7843	43.5291	52.645	45.7186	31.0253	1	1	1	1	1	
309	75.7794	63.3022	101.462	110.142	91.8974	33.7821	43.5215	52.6413	45.7146	31.0219	1	1	1	1	1	
310	75.7751	63.2962	101.457	110.128	91.89	33.7799	43.5138	52.6376	45.7106	31.0184	1	1	1	1	1	
311	75.7707	63.2902	101.451	110.114	91.8825	33.7776	43.5061	52.6338	45.7065	31.0149	1	1	1	1	1	
312	75.7663	63.2841	101.445	110.1	91.8749	33.7753	43.4982	52.63	45.7024	31.0113	1	1	1	1	1	
313	75.7619	63.2779	101.439	110.085	91.8673	33.773	43.4903	52.6261	45.6982	31.0077	1	1	1	1	1	
314	75.7574	63.2716	101.434	110.07	91.8596	33.7706	43.4823	52.6222	45.694	31.0041	1	1	1	1	1	
315	75.7528	63.2653	101.428	110.056	91.8518	33.7682	43.4741	52.6183	45.6897	31.0004	1	1	1	1	1	
316	75.7482	63.2589	101.422	110.041	91.8439	33.7658	43.4659	52.6143	45.6854	30.9967	1	1	1	1	1	
317	75.7436	63.2524	101.416	110.025	91.8359	33.7634	43.4576	52.6103	45.6811	30.9929	1	1	1	1	1	
318	75.7389	63.2459	101.409	110.01	91.8278	33.7609	43.4493	52.6062	45.6766	30.9891	1	1	1	1	1	
319	75.7341	63.2393	101.403	109.994	91.8197	33.7584	43.4408	52.6021	45.6722	30.9853	1	1	1	1	1	
320	75.7293	63.2326	101.397	109.979	91.8114	33.7559	43.4322	52.5979	45.6677	30.9814	1	1	1	1	1	
321	75.7244	63.2258	101.391	109.963	91.8031	33.7533	43.4235	52.5937	45.6631	30.9775	1	1	1	1	1	
322	75.7195	63.219	101.384	109.947	91.7946	33.7508	43.4148	52.5895	45.6585	30.9735	1	1	1	1	1	
323	75.7145	63.212	101.378	109.931	91.7861	33.7481	43.4059	52.5852	45.6539	30.9695	1	1	1	1	1	
324	75.7095	63.205	101.371	109.914	91.7775	33.7455	43.3969	52.5809	45.6491	30.9654	1	1	1	1	1	
325	75.7044	63.198	101.365	109.898	91.7688	33.7428	43.3879	52.5765	45.6444	30.9613	1	1	1	1	1	
326	75.6993	63.1908	101.358	109.881	91.7599	33.7401	43.3787	52.572	45.6396	30.9572	1	1	1	1	1	
327	75.6941	63.1836	101.351	109.864	91.751	33.7374	43.3695	52.5676	45.6347	30.953	1	1	1	1	1	
328	75.6888	63.1762	101.344	109.847	91.742	33.7346	43.3601	52.563	45.6298	30.9488	1	1	1	1	1	
329	75.6835	63.1688	101.337	109.829	91.7329	33.7318	43.3506	52.5585	45.6248	30.9445	1	1	1	1	1	
330	75.6781	63.1613	101.33	109.812	91.7236	33.729	43.341	52.5538	45.6197	30.9401	1	1	1	1	1	
331	75.6727	63.1538	101.323	109.794	91.7143	33.7261	43.3314	52.5491	45.6146	30.9358	1	1	1	1	1	
332	75.6672	63.1461	101.316	109.776	91.7049	33.7232	43.3216	52.5444	45.6095	30.9313	1	1	1	1	1	
333	75.6616	63.1383	101.309	109.758	91.6953	33.7203	43.3116	52.5396	45.6043	30.9269	1	1	1	1	1	
334	75.656	63.1305	101.301	109.74	91.6857	33.7173	43.3016	52.5348	45.599	30.9223	1	1	1	1	1	
335	75.6503	63.1226	101.294	109.721	91.6759	33.7143	43.2915	52.5299	45.5936	30.9177	1	1	1	1	1	
336	75.6445	63.1145	101.287	109.702	91.666	33.7113	43.2813	52.525	45.5882	30.9131	1	1	1	1	1	
337	75.6387	63.1064	101.279	109.683	91.6561	33.7082	43.2709	52.52	45.5828	30.9084	1	1	1	1	1	
338	75.6328	63.0982	101.271	109.664	91.646	33.7051	43.2604	52.5149	45.5773	30.9037	1	1	1	1	1	
339	75.6269	63.0899	101.264	109.645	91.6357	33.7019	43.2498	52.5098	45.5717	30.8989	1	1	1	1	1	
340	75.6209	63.0815	101.256	109.625	91.6254	33.6987	43.2391	52.5046	45.566	30.8941	1	1	1	1	1	
341	75.6148	63.073	101.248	109.605	91.615	33.6955	43.2283	52.4994	45.5603	30.8892	1	1	1	1	1	
342	75.6086	63.0644	101.24	109.585	91.6044	33.6922	43.2173	52.4941	45.5546	30.8842	1	1	1	1	1	
343	75.6024	63.0557	101.232	109.565	91.5937	33.6889	43.2062	52.4888	45.5487	30.8792	1	1	1	1	1	
344	75.5961	63.0469	101.223	109.545	91.5829	33.6856	43.195	52.4834	45.5428	30.8742	1	1	1	1	1	
345	75.5897	63.038	101.215	109.524	91.5719	33.6822	43.1837	52.4779	45.5368	30.8691	1	1	1	1	1	
346	75.5832	63.029	101.207	109.503	91.5609	33.6788	43.1722	52.4724	45.5308	30.8639	1	1	1	1	1	
347	75.5767	63.0199	101.198	109.482	91.5497	33.6753	43.1606	52.4668	45.5246	30.8587	1	1	1	1	1	
348	75.5701	63.0107	101.19	109.46	91.5384	33.6718	43.1488	52.4612	45.5185	30.8534	1	1	1	1	1	
349	75.5635	63.0014	101.181	109.438	91.5269	33.6682	43.137	52.4555	45.5122	30.848	1	1	1	1	1	
350	75.5567	62.9919	101.172	109.416	91.5153	33.6646	43.125	52.4497	45.5059	30.8426	1	1	1	1	1	
351	75.5499	62.9824	101.163	109.394	91.5036	33.661	43.1128	52.4439	45.4994	30.8371	1	1	1	1	1	
352	75.543	62.9727	101.154	109.372	91.4918	33.6573	43.1005	52.438	45.493	30.8316	1	1	1	1	1	
353	75.536	62.9629	101.145	109.349	91.4798	33.6536	43.0881	52.4321	45.4864	30.826	1	1	1	1	1	
354	75.5289	62.9531	101.136	109.326	91.4676	33.6498	43.0756	52.426	45.4798	30.8204	1	1	1	1	1	
355	75.5218	62.9431	101.127	109.303	91.4554	33.646	43.0628	52.4199	45.4731	30.8146	1	1	1	1	1	
356	75.5145	62.9329	101.117	109.279	91.4429	33.6421	43.05	52.4138	45.4663	30.8089	1	1	1	1	1	
357	75.5072	62.9227	101.108	109.255	91.4304	33.6382	43.037	52.4075	45.4594	30.803	1	1	1	1	1	
358	75.4998	62.9123	101.098	109.231	91.4177	33.6342	43.0238	52.4012	45.4524	30.7971	1	1	1	1	1	
359	75.4923	62.9018	101.088	109.207	91.4048	33.6302	43.0105	52.3949	45.4454	30.7911	1	1	1	1	1	
360	75.4847	62.8912	101.079	109.182	91.3918	33.6262	42.997	52.3884	45.4383	30.7851	1	1	1	1	1	
361	75.477	62.8805	101.069	109.157	91.3786	33.622	42.9834	52.3819	45.4311	30.7789	1	1	1	1	1	
362	75.4693	62.8696	101.059	109.132	91.3653	33.6179	42.9696	52.3753	45.4238	30.7727	1	1	1	1	1	
363	75.4614	62.8586	101.048	109.106	91.3519	33.6137	42.9557	52.3687	45.4164	30.7665	1	1	1	1	1	
364	75.4535	62.8475	101.038	109.081	91.3382	33.6094	42.9415	52.3619	45.409	30.7601	1	1	1	1	1	
365	75.4455	62.8362	101.028	109.054	91.3244	33.6051	42.9273	52.3551	45.4014	30.7537	1	1	1	1	1	
366	75.4373	62.8248	101.017	109.028	91.3105	33.6007	42.9128	52.3482	45.3938	30.7473	1	1	1	1	1	
367	75.4291	62.8133	101.006	109.001	91.2964	33.5962	42.8982	52.3412	45.386	30.7407	1	1	1	1	1	
368	75.4208	62.8016	100.996	108.974	91.2821	33.5918	42.8834	52.3342	45.3782	30.7341	1	1	1	1	1	
369	75.4123	62.7898	100.985	108.947	91.2676	33.5872	42.8685	52.3271	45.3703	30.7274	1	1	1	1	1	
370	75.4038	62.7778	100.973	108.919	91.253	33.5826	42.8533	52.3199	45.3623	30.7206	1	1	1	1	1	
371	75.3952	62.7657	100.962	108.891	91.2382	33.5779	42.838	52.3126	45.3542	30.7137	1	1	1	1	1	
372	75.3864	62.7534	100.951	108.863	91.2232	33.5732	42.8225	52.3052	45.346	30.7068	1	1	1	1	1	
373	75.3776	62.741	100.939	108.834	91.208	33.5684	42.8068	52.2977	45.3377	30.6998	1	1	1	1	1	
374	75.3687	62.7285	100.928	108.805	91.1927	33.5636	42.791	52.2902	45.3293	30.6927	1	1	1	1	1	
375	75.3596	62.7158	100.916	108.776	91.1771	33.5587	42.7749	52.2826	45.3208	30.6855	1	1	1	1	1	
376	75.3505	62.7029	100.904	108.746	91.1614	33.5537	42.7587	52.2748	45.3121	30.6782	1	1	1	1	1	
377	75.3412	62.6899	100.892	108.716	91.1455	33.5487	42.7422	52.267	45.3034	30.6709	1	1	1	1	1	
378	75.3318	62.6767	100.88	108.685	91.1294	33.5436	42.7256	52.2591	45.2946	30.6635	1	1	1	1	1	
379	75.3223	62.6633	100.868	108.655	91.1131	33.5384	42.7087	52.2511	45.2857	30.6559	1	1	1	1	1	
380	75.3127	62.6498	100.855	108.623	91.0966	33.5332	42.6917	52.2431	45.2767	30.6483	1	1	1	1	1	
381	75.303	62.6361	100.843	108.592	91.0799	33.5279	42.6744	52.2349	45.2675	30.6406	1	1	1	1	1	
382	75.2931	62.6223	100.83	108.56	91.063	33.5225	42.657	52.2266	45.2582	30.6329	1	1	1	1	1	
383	75.2832	62.6082	100.817	108.527	91.0459	33.5171	42.6393	52.2183	45.2489	30.625	1	1	1	1	1	
384	75.2731	62.594	100.804	108.495	91.0286	33.5116	42.6214	52.2098	45.2394	30.617	1	1	1	1	1	
385	75.2629	62.5797	100.791	108.462	91.0111	33.506	42.6033	52.2013	45.2298	30.609	1	1	1	1	1	
386	75.2525	62.5651	100.777	108.428	90.9933	33.5004	42.585	52.1926	45.2201	30.6008	1	1	1	1	1	
387	75.2421	62.5503	100.764	108.394	90.9754	33.4946	42.5665	52.1838	45.2102	30.5926	1	1	1	1	1	
388	75.2315	62.5354	100.75	108.36	90.9572	33.4888	42.5477	52.175	45.2003	30.5842	1	1	1	1	1	
389	75.2208	62.5203	100.736	108.325	90.9388	33.483	42.5287	52.166	45.1902	30.5758	1	1	1	1	1	
390	75.2099	62.505	100.722	108.29	90.9201	33.477	42.5095	52.157	45.18	30.5672	1	1	1	1	1	
391	75.1989	62.4895	100.708	108.254	90.9013	33.471	42.49	52.1478	45.1696	30.5586	1	1	1	1	1	
392	75.1878	62.4738	100.693	108.218	90.8822	33.4648	42.4703	52.1385	45.1592	30.5498	1	1	1	1	1	
393	75.1765	62.4579	100.679	108.182	90.8628	33.4586	42.4504	52.1291	45.1486	30.541	1	1	1	1	1	
394	75.1651	62.4418	100.664	108.145	90.8433	33.4524	42.4302	52.1196	45.1378	30.532	1	1	1	1	1	
395	75.1536	62.4255	100.649	108.107	90.8234	33.446	42.4097	52.11	45.127	30.523	1	1	1	1	1	
396	75.1419	62.409	100.634	108.07	90.8034	33.4395	42.389	52.1003	45.1159	30.5138	1	1	1	1	1	
397	75.1301	62.3922	100.619	108.031	90.7831	33.433	42.3681	52.0905	45.1048	30.5045	1	1	1	1	1	
398	75.1181	62.3753	100.603	107.992	90.7625	33.4264	42.3468	52.0805	45.0935	30.4951	1	1	1	1	1	
399	75.1059	62.3581	100.588	107.953	90.7416	33.4196	42.3254	52.0704	45.0821	30.4856	1	1	1	1	1	
400	75.0936	62.3408	100.572	107.913	90.7205	33.4128	42.3036	52.0602	45.0705	30.476	1	1	1	1	1	
401	75.0812	62.3231	100.556	107.873	90.6992	33.4059	42.2816	52.0499	45.0588	30.4663	1	1	1	1	1	
402	75.0686	62.3053	100.539	107.832	90.6775	33.3989	42.2593	52.0395	45.0469	30.4565	1	1	1	1	1	
403	75.0558	62.2872	100.523	107.791	90.6556	33.3918	42.2367	52.0289	45.0349	30.4465	1	1	1	1	1	
404	75.0429	62.2689	100.506	107.749	90.6334	33.3846	42.2138	52.0183	45.0228	30.4364	1	1	1	1	1	
405	75.0298	62.2504	100.489	107.707	90.611	33.3773	42.1907	52.0074	45.0104	30.4262	1	1	1	1	1	
406	75.0166	62.2316	100.472	107.664	90.5882	33.3699	42.1672	51.9965	44.9979	30.4159	1	1	1	1	1	
407	75.0031	62.2126	100.455	107.621	90.5651	33.3624	42.1435	51.9854	44.9853	30.4054	1	1	1	1	1	
408	74.9895	62.1933	100.437	107.577	90.5418	33.3548	42.1194	51.9742	44.9725	30.3949	1	1	1	1	1	
409	74.9757	62.1737	100.419	107.532	90.5181	33.3471	42.0951	51.9629	44.9595	30.3842	1	1	1	1	1	
410	74.9618	62.1539	100.401	107.487	90.4942	33.3393	42.0704	51.9514	44.9464	30.3734	1	1	1	1	1	
411	74.9477	62.1338	100.383	107.441	90.4699	33.3314	42.0454	51.9398	44.933	30.3624	1	1	1	1	1	
412	74.9333	62.1135	100.365	107.395	90.4453	33.3233	42.0201	51.928	44.9195	30.3513	1	1	1	1	1	
413	74.9188	62.0929	100.346	107.348	90.4204	33.3152	41.9945	51.9161	44.9059	30.3401	1	1	1	1	1	
414	74.9041	62.072	100.327	107.301	90.3952	33.3069	41.9685	51.9041	44.892	30.3287	1	1	1	1	1	
415	74.8893	62.0508	100.308	107.253	90.3696	33.2985	41.9422	51.8919	44.878	30.3172	1	1	1	1	1	
416	74.8742	62.0294	100.289	107.204	90.3437	33.29	41.9155	51.8796	44.8638	30.3056	1	1	1	1	1	
417	74.8589	62.0076	100.269	107.155	90.3175	33.2814	41.8886	51.8671	44.8494	30.2938	1	1	1	1	1	
418	74.8434	61.9856	100.249	107.105	90.2909	33.2726	41.8612	51.8544	44.8348	30.2819	1	1	1	1	1	
419	74.8277	61.9633	100.229	107.054	90.2639	33.2638	41.8335	51.8416	44.82	30.2698	1	1	1	1	1	
420	74.8118	61.9406	100.208	107.003	90.2367	33.2547	41.8054	51.8287	44.805	30.2576	1	1	1	1	1	
421	74.7957	61.9177	100.188	106.951	90.209	33.2456	41.777	51.8156	44.7899	30.2452	1	1	1	1	1	
422	74.7794	61.8944	100.167	106.898	90.181	33.2363	41.7482	51.8023	44.7745	30.2327	1	1	1	1	1	
423	74.7629	61.8708	100.145	106.845	90.1526	33.2269	41.719	51.7888	44.7589	30.22	1	1	1	1	1	
424	74.7461	61.8469	100.124	106.791	90.1238	33.2174	41.6894	51.7752	44.7431	30.2072	1	1	1	1	1	
425	74.7291	61.8226	100.102	106.736	90.0946	33.2077	41.6594	51.7615	44.7271	30.1942	1	1	1	1	1	
426	74.7119	61.7981	100.08	106.681	90.0651	33.1978	41.629	51.7475	44.7109	30.1811	1	1	1	1	1	
427	74.6945	61.7731	100.057	106.624	90.0351	33.1879	41.5982	51.7334	44.6944	30.1677	1	1	1	1	1	
428	74.6768	61.7479	100.035	106.567	90.0047	33.1777	41.567	51.7191	44.6777	30.1543	1	1	1	1	1	
429	74.6589	61.7222	100.012	106.51	89.9739	33.1675	41.5354	51.7046	44.6609	30.1406	1	1	1	1	1	
430	74.6407	61.6962	99.9883	106.451	89.9427	33.157	41.5033	51.69	44.6437	30.1268	1	1	1	1	1	
431	74.6223	61.6699	99.9647	106.392	89.9111	33.1464	41.4709	51.6751	44.6264	30.1128	1	1	1	1	1	
432	74.6036	61.6431	99.9407	106.332	89.8791	33.1357	41.4379	51.6601	44.6088	30.0987	1	1	1	1	1	
433	74.5847	61.616	99.9164	106.271	89.8466	33.1248	41.4045	51.6449	44.5909	30.0844	1	1	1	1	1	
434	74.5655	61.5885	99.8918	106.209	89.8136	33.1137	41.3707	51.6294	44.5728	30.0699	1	1	1	1	1	
435	74.5461	61.5606	99.8669	106.147	89.7802	33.1024	41.3364	51.6138	44.5545	30.0552	1	1	1	1	1	
436	74.5264	61.5323	99.8416	106.083	89.7463	33.091	41.3016	51.598	44.5359	30.0403	1	1	1	1	1	
437	74.5064	61.5036	99.816	106.019	89.712	33.0794	41.2663	51.582	44.5171	30.0252	1	1	1	1	1	
438	74.4861	61.4745	99.7901	105.954	89.6771	33.0676	41.2306	51.5658	44.4979	30.01	1	1	1	1	1	
439	74.4655	61.445	99.7637	105.888	89.6418	33.0557	41.1943	51.5494	44.4786	29.9946	1	1	1	1	1	
440	74.4447	61.415	99.7371	105.821	89.606	33.0435	41.1576	51.5327	44.4589	29.9789	1	1	1	1	1	
441	74.4235	61.3846	99.71	105.753	89.5697	33.0312	41.1203	51.5159	44.439	29.9631	1	1	1	1	1	
442	74.4021	61.3537	99.6826	105.684	89.5329	33.0186	41.0825	51.4988	44.4188	29.9471	1	1	1	1	1	
443	74.3804	61.3224	99.6548	105.614	89.4955	33.0059	41.0442	51.4815	44.3983	29.9309	1	1	1	1	1	
444	74.3583	61.2906	99.6266	105.543	89.4576	32.993	41.0053	51.464	44.3775	29.9144	1	1	1	1	1	
445	74.3359	61.2584	99.598	105.471	89.4192	32.9798	40.9659	51.4463	44.3564	29.8978	1	1	1	1	1	
446	74.3133	61.2256	99.5691	105.399	89.3802	32.9665	40.9259	51.4283	44.335	29.881	1	1	1	1	1	
447	74.2902	61.1924	99.5397	105.325	89.3407	32.9529	40.8853	51.4101	44.3133	29.8639	1	1	1	1	1	
448	74.2669	61.1587	99.5099	105.25	89.3006	32.9392	40.8441	51.3917	44.2913	29.8466	1	1	1	1	1	
449	74.2432	61.1245	99.4797	105.174	89.2599	32.9252	40.8024	51.373	44.269	29.8292	1	1	1	1	1	
450	74.2192	61.0897	99.449	105.097	89.2186	32.9109	40.76	51.354	44.2464	29.8114	1	1	1	1	1	
451	74.1948	61.0544	99.4179	105.018	89.1767	32.8965	40.7171	51.3349	44.2234	29.7935	1	1	1	1	1	
452	74.1701	61.0186	99.3864	104.939	89.1342	32.8818	40.6735	51.3154	44.2001	29.7754	1	1	1	1	1	
453	74.1449	60.9823	99.3544	104.859	89.0911	32.8668	40.6292	51.2957	44.1764	29.757	1	1	1	1	1	
454	74.1195	60.9453	99.322	104.777	89.0473	32.8516	40.5843	51.2758	44.1524	29.7383	1	1	1	1	1	
455	74.0936	60.9079	99.2891	104.694	89.0029	32.8362	40.5388	51.2555	44.1281	29.7195	1	1	1	1	1	
456	74.0674	60.8698	99.2558	104.61	88.9578	32.8205	40.4925	51.235	44.1034	29.7004	1	1	1	1	1	
457	74.0408	60.8311	99.2219	104.525	88.9121	32.8046	40.4456	51.2143	44.0783	29.6811	1	1	1	1	1	
458	74.0137	60.7918	99.1876	104.439	88.8657	32.7883	40.398	51.1932	44.0529	29.6615	1	1	1	1	1	
459	73.9863	60.752	99.1527	104.351	88.8185	32.7718	40.3496	51.1719	44.0271	29.6416	1	1	1	1	1	
460	73.9585	60.7114	99.1174	104.262	88.7707	32.7551	40.3005	51.1502	44.0009	29.6216	1	1	1	1	1	
461	73.9302	60.6703	99.0815	104.171	88.7221	32.738	40.2507	51.1283	43.9743	29.6012	1	1	1	1	1	
462	73.9015	60.6285	99.0451	104.079	88.6728	32.7207	40.2001	51.1061	43.9473	29.5806	1	1	1	1	1	
463	73.8724	60.586	99.0082	103.986	88.6228	32.703	40.1487	51.0835	43.9199	29.5598	1	1	1	1	1	
464	73.8428	60.5428	98.9707	103.892	88.572	32.6851	40.0965	51.0607	43.8921	29.5387	1	1	1	1	1	
465	73.8127	60.4989	98.9327	103.796	88.5203	32.6668	40.0436	51.0376	43.8638	29.5173	1	1	1	1	1	
466	73.7822	60.4544	98.8941	103.698	88.4679	32.6482	39.9898	51.0141	43.8352	29.4956	1	1	1	1	1	
467	73.7513	60.4091	98.8549	103.599	88.4147	32.6293	39.9351	50.9903	43.8061	29.4737	1	1	1	1	1	
468	73.7198	60.363	98.8151	103.499	88.3607	32.6101	39.8796	50.9662	43.7765	29.4515	1	1	1	1	1	
469	73.6879	60.3162	98.7747	103.397	88.3058	32.5905	39.8233	50.9417	43.7465	29.429	1	1	1	1	1	
470	73.6554	60.2687	98.7338	103.293	88.25	32.5706	39.766	50.9169	43.7161	29.4062	1	1	1	1	1	
471	73.6224	60.2203	98.6922	103.188	88.1934	32.5503	39.7078	50.8917	43.6851	29.3832	1	1	1	1	1	
472	74.3339	60.9469	99.2978	103.741	88.8167	33.3048	39.8532	51.977	44.9394	29.4802	1	1	1	1	1	
473	73.7659	60.3748	98.7594	103.106	88.2447	32.6983	39.6983	51.1175	43.9385	29.3598	1	1	1	1	1	
474	73.5838	60.1497	98.6023	102.89	88.0616	32.5337	39.571	50.8902	43.6768	29.3161	1	1	1	1	1	
475	73.5049	60.043	98.5297	102.756	87.9693	32.4771	39.4807	50.8097	43.5824	29.2882	1	1	1	1	1	
476	74.2374	60.7881	99.1533	103.325	88.6112	33.2524	39.6398	51.9239	44.8713	29.3868	1	1	1	1	1	
477	73.6468	60.192	98.5958	102.666	88.0175	32.6272	39.4673	51.0362	43.8357	29.2633	1	1	1	1	1	
478	73.4498	59.9491	98.4269	102.435	87.8205	32.4504	39.326	50.792	43.5543	29.2174	1	1	1	1	1	
479	74.1708	60.6725	99.0448	103	88.4537	33.2172	39.4756	51.8944	44.8309	29.3139	1	1	1	1	1	
480	73.5562	60.0507	98.4683	102.318	87.8392	32.5723	39.287	50.9763	43.7592	29.1876	1	1	1	1	1	
481	73.3451	59.7911	98.2888	102.074	87.6299	32.3847	39.133	50.7162	43.4593	29.1401	1	1	1	1	1	
482	74.0894	60.5379	98.9241	102.654	88.2817	33.171	39.3	51.8485	44.7713	29.2377	1	1	1	1	1	
483	73.458	59.8982	98.3331	101.952	87.6504	32.5123	39.0964	50.91	43.6744	29.1092	1	1	1	1	1	
484	73.2345	59.6239	98.1438	101.695	87.4295	32.3148	38.9299	50.6363	43.3585	29.0598	1	1	1	1	1	
485	74.0037	60.3956	98.7973	102.289	88.1006	33.1213	39.1164	51.7999	44.708	29.1585	1	1	1	1	1	
486	73.3553	59.7379	98.1916	101.568	87.4523	32.4489	38.8971	50.8412	43.5858	29.0277	1	1	1	1	1	
487	73.1187	59.4481	97.992	101.298	87.2191	32.2411	38.7171	50.5532	43.2532	28.9766	1	1	1	1	1	
488	73.9137	60.2456	98.6639	101.905	87.9099	33.0679	38.9243	51.7489	44.641	29.0761	1	1	1	1	1	
489	73.248	59.5692	98.0433	101.163	87.2442	32.3819	38.6884	50.7699	43.4933	28.9432	1	1	1	1	1	
490	72.9976	59.2632	97.833	100.879	86.998	32.1633	38.4938	50.467	43.1434	28.8903	1	1	1	1	1	
491	73.8191	60.0872	98.5237	101.501	87.709	33.0106	38.7232	51.6953	44.5701	28.9905	1	1	1	1	1	
492	73.1358	59.3918	97.888	100.738	87.0254	32.3108	38.4698	50.6958	43.3967	28.8555	1	1	1	1	1	
493	73.8223	60.047	98.4753	101.267	87.6149	33.0259	38.623	51.7466	44.6191	28.9367	1	1	1	1	1	
494	73.0836	59.2958	97.7957	100.455	86.888	32.2777	38.339	50.6734	43.3633	28.7951	1	1	1	1	1	
495	73.7664	59.9441	98.3813	100.98	87.476	32.9909	38.4876	51.7221	44.5837	28.876	1	1	1	1	1	
496	73.0087	59.173	97.6871	100.15	86.7329	32.2287	38.1875	50.6264	43.301	28.7329	1	1	1	1	1	
497	73.7025	59.8312	98.2807	100.681	87.3292	32.9502	38.3449	51.6895	44.5385	28.814	1	1	1	1	1	
498	72.9293	59.0435	97.5739	99.8335	86.5716	32.1765	38.0294	50.5759	43.2339	28.6694	1	1	1	1	1	
499	73.6359	59.7134	98.1763	100.369	87.1768	32.9071	38.1975	51.6552	44.4906	28.7505	1	1	1	1	1	
500	72.8473	58.9091	97.457	99.5056	86.4045	32.1222	37.8662	50.5241	43.1646	28.6045	1	1	1	1	1	
501	73.5672	59.591	98.0682	100.047	87.0188	32.8617	38.0455	51.6198	44.441	28.6855	1	1	1	1	1	
502	72.763	58.7698	97.3362	99.1656	86.2315	32.0656	37.6978	50.471	43.0933	28.5381	1	1	1	1	1	
503	73.4962	59.4639	97.9563	99.7115	86.8549	32.814	37.8888	51.5834	44.3895	28.6189	1	1	1	1	1	
504	72.6761	58.6254	97.2114	98.8128	86.0523	32.0067	37.5241	50.4167	43.02	28.4702	1	1	1	1	1	
505	73.423	59.3318	97.8404	99.3633	86.6847	32.7638	37.7272	51.5459	44.3363	28.5507	1	1	1	1	1	
506	72.5867	58.4756	97.0824	98.4467	85.8666	31.9453	37.3447	50.3611	42.9446	28.4007	1	1	1	1	1	
507	73.3474	59.1945	97.7203	99.0013	86.508	32.711	37.5603	51.5073	44.281	28.4809	1	1	1	1	1	
508	72.4946	58.3201	96.9491	98.0665	85.674	31.8813	37.1595	50.3043	42.8671	28.3298	1	1	1	1	1	
509	73.2693	59.0516	97.5957	98.6248	86.3244	32.6553	37.3881	51.4675	44.2238	28.4095	1	1	1	1	1	
510	72.3997	58.1586	96.8112	97.6714	85.4742	31.8146	36.9682	50.2462	42.7874	28.2573	1	1	1	1	1	
511	73.1887	58.9028	97.4666	98.2329	86.1336	32.5966	37.2102	51.4266	44.1645	28.3366	1	1	1	1	1	
512	72.3021	57.9908	96.6685	97.2607	85.2669	31.7448	36.7705	50.1867	42.7055	28.1833	1	1	1	1	1	
513	73.1054	58.7478	97.3326	97.8249	85.9351	32.5347	37.0264	51.3845	44.1031	28.2622	1	1	1	1	1	
514	72.2014	57.8164	96.5209	96.8333	85.0516	31.672	36.5661	50.1258	42.6213	28.108	1	1	1	1	1	
515	73.0193	58.5862	97.1935	97.3996	85.7286	32.4694	36.8363	51.3411	44.0394	28.1862	1	1	1	1	1	
516	72.0977	57.6348	96.368	96.3884	84.8279	31.5959	36.3547	50.0635	42.5346	28.0313	1	1	1	1	1	
517	72.9304	58.4177	97.049	96.9561	85.5136	32.4005	36.6396	51.2964	43.9733	28.1088	1	1	1	1	1	
518	71.2392	58.1156	93.9573	101.078	85.4459	31.8703	35.5034	49.423	42.3303	28.0956	1	1	1	1	1	
519	72.4713	58.4847	96.0012	98.6033	85.5825	32.6047	36.0368	50.8569	43.7363	28.134	1	1	1	1	1	
520	71.7063	57.3438	95.6953	96.3378	84.4655	31.5531	35.72	49.7012	42.2985	27.9079	1	1	1	1	1	
521	72.6607	58.096	96.5966	96.4176	85.0938	32.3214	36.131	51.0896	43.7859	27.9518	1	1	1	1	1	
522	70.9437	57.7594	93.4274	100.445	85.0057	31.7504	34.9378	49.1892	42.1265	27.943	1	1	1	1	1	
523	72.2266	58.1394	95.5665	97.8697	85.1372	32.4856	35.5503	50.6955	43.567	27.9725	1	1	1	1	1	
524	71.443	56.9423	95.2857	95.4621	83.9694	31.3948	35.2084	49.5237	42.0944	27.742	1	1	1	1	1	
525	72.441	57.7126	96.2318	95.4772	84.6039	32.169	35.6655	50.9651	43.6239	27.7822	1	1	1	1	1	
526	70.6542	57.3518	92.9033	99.6135	84.5044	31.6085	34.3642	48.9752	41.9079	27.7782	1	1	1	1	1	
527	71.9755	57.755	95.1108	97.0056	84.6442	32.343	35.0405	50.5381	43.388	27.806	1	1	1	1	1	
528	71.1667	56.503	94.847	94.484	83.4287	31.2172	34.6631	49.3428	41.8793	27.5727	1	1	1	1	1	
529	71.3479	58.0508	93.2058	100.063	85.0233	32.4472	34.3479	50.0964	43.3333	27.7998	1	1	1	1	1	
530	70.7579	56.4748	93.9028	95.531	83.3984	31.251	34.132	48.9099	41.7936	27.5603	1	1	1	1	1	
531	71.9388	57.1552	95.3051	94.6295	83.8849	32.0049	34.7542	50.5726	43.3174	27.5448	1	1	1	1	1	
532	70.1212	56.7154	91.8842	98.5181	83.7252	31.3878	33.3324	48.5428	41.5692	27.5372	1	1	1	1	1	
533	71.5257	57.127	94.2771	95.7097	83.8404	32.1151	34.155	50.2305	43.0846	27.5444	1	1	1	1	1	
534	70.6937	55.7769	94.0792	92.9358	82.537	30.9273	33.7384	49.022	41.5248	27.3056	1	1	1	1	1	
535	70.8781	57.3834	92.258	98.6499	84.1743	32.2251	33.3771	49.7532	43.0143	27.5376	1	1	1	1	1	
536	70.2506	55.7267	93.0228	93.9809	82.4824	30.9573	33.1435	48.555	41.4256	27.2972	1	1	1	1	1	
537	71.5035	56.4263	94.5294	92.9408	82.9621	31.7072	33.854	50.3078	43.0039	27.271	1	1	1	1	1	
538	69.5791	55.9335	90.839	96.9376	82.772	31.116	32.2305	48.1323	41.1738	27.2683	1	1	1	1	1	
539	71.0446	56.3784	93.3579	94.0607	82.8911	31.8228	33.1766	49.9181	42.7437	27.2726	1	1	1	1	1	
540	70.1775	54.934	93.2104	91.0934	81.5095	30.5814	32.6997	48.6841	41.1364	27.0363	1	1	1	1	1	
541	70.3503	56.5923	91.1602	96.9468	83.1778	31.9564	32.268	49.3658	42.6475	27.2624	1	1	1	1	1	
542	69.6842	54.8576	92.0005	92.1623	81.4264	30.6137	32.0148	48.1623	41.017	27.0307	1	1	1	1	1	
543	71.0081	55.5735	93.6151	90.9778	81.8933	31.3487	32.8162	50.0063	42.6469	26.9948	1	1	1	1	1	
544	68.9701	55.0168	89.6176	95.0654	81.6632	30.7996	30.9624	47.6703	40.732	26.9903	1	1	1	1	1	
545	70.4955	55.496	92.2688	92.1169	81.7827	31.4687	32.0429	49.5589	42.3547	26.9974	1	1	1	1	1	
546	68.578	54.8414	88.6331	95.2843	81.4727	30.73	30.2207	47.3126	40.624	26.9524	1	1	1	1	1	
547	70.177	55.2457	91.5864	91.9339	81.4704	31.3944	31.4762	49.2942	42.1935	26.9127	1	1	1	1	1	
548	69.3075	53.6331	91.6543	88.4861	79.9371	30.0605	30.9717	48.0789	40.5365	26.6729	1	1	1	1	1	
549	69.4843	55.3269	89.2743	94.3211	81.5989	31.5187	30.4291	48.7104	42.0639	26.8892	1	1	1	1	1	
550	68.7834	53.476	90.2824	89.3306	79.7639	30.0684	30.1826	47.5329	40.3911	26.6769	1	1	1	1	1	
551	69.0843	55.119	88.2104	94.3892	81.356	31.4424	29.6655	48.3351	41.9523	26.8551	1	1	1	1	1	
552	70.3083	55.0013	90.9881	90.563	80.8705	31.5712	31.0733	49.7648	42.7659	26.7073	1	1	1	1	1	
553	68.0441	54.0389	86.8363	93.2398	80.2363	30.5942	28.9256	46.9527	40.5427	26.6296	1	1	1	1	1	
554	69.5589	54.226	89.909	89.5041	80.0323	31.0475	30.1383	48.9275	41.9201	26.572	1	1	1	1	1	
555	67.466	53.3545	85.852	92.3222	79.5715	30.2379	27.8552	46.4275	40.0204	26.5597	1	1	1	1	1	
556	69.1078	53.6683	89.1228	88.5984	79.4311	30.769	29.3059	48.5573	41.5445	26.4901	1	1	1	1	1	
557	68.9406	54.7138	86.5668	93.0037	80.4805	31.6966	28.8162	48.5264	42.4274	26.5575	1	1	1	1	1	
558	68.0178	52.4295	87.8764	86.8779	78.1704	29.7987	28.5925	47.0237	40.2628	26.3045	1	1	1	1	1	
559	68.1371	53.8058	85.365	91.4866	79.5165	31.0731	27.5938	47.6225	41.5727	26.4945	1	1	1	1	1	
560	69.3872	53.5459	88.4653	87.2604	78.869	31.0281	29.1873	49.1889	42.3334	26.3338	1	1	1	1	1	
561	66.9373	52.4041	83.7993	89.7218	78.1053	30.0674	26.5473	46.1008	39.9639	26.2837	1	1	1	1	1	
562	68.4761	52.5139	87.1242	85.6945	77.784	30.354	27.9299	48.2095	41.3069	26.2316	1	1	1	1	1	
563	68.1579	53.415	84.1137	89.9596	78.6881	31.313	27.1174	47.9817	42.0694	26.2841	1	1	1	1	1	
564	67.1836	51.027	85.5943	83.6308	76.3184	29.2682	26.9209	46.4656	39.848	26.0863	1	1	1	1	1	
565	67.1832	52.2971	82.5414	88.0814	77.5273	30.5754	25.5319	46.9252	41.0407	26.2606	1	1	1	1	1	
566	68.4672	51.9971	85.8465	83.6885	76.8031	30.3813	27.3054	48.6228	41.843	26.1363	1	1	1	1	1	
567	65.8798	50.7409	80.6437	86.0354	75.953	29.5185	24.2346	45.3367	39.3941	26.0871	1	1	1	1	1	
568	67.4268	50.8119	84.137	81.8273	75.5361	29.6395	25.7762	47.5502	40.7312	26.0721	1	1	1	1	1	
569	66.9806	51.5832	80.5094	85.8674	76.2415	30.6728	24.627	47.1707	41.4188	26.0867	1	1	1	1	1	
570	66.0189	49.1802	82.2658	79.4644	73.9015	28.535	24.591	45.7318	39.2478	25.9866	1	1	1	1	1	
571	65.8894	50.3272	78.4431	83.6567	74.8884	29.8809	22.7513	46.0633	40.3152	26.123	1	1	1	1	1	
572	67.177	49.9699	81.9251	79.1106	74.0161	29.495	24.751	47.8741	41.1665	26.0555	1	1	1	1	1	
573	66.3822	50.3516	77.6546	82.8528	74.2749	30.4394	23.315	47.045	41.4787	26.0004	1	1	1	1	1	
574	65.3103	47.9353	79.4377	76.2364	71.8337	28.1025	23.3939	45.4487	39.1605	25.9719	1	1	1	1	1	
575	64.9619	48.85	74.8725	80.1984	72.4875	29.4259	20.9797	45.6121	40.0113	26.1043	1	1	1	1	1	
576	66.1768	48.3793	78.3169	75.5328	71.4162	28.8467	23.0522	47.4449	40.8262	26.0906	1	1	1	1	1	
577	65.1653	48.5137	73.3307	79.0248	71.2618	29.8042	21.1427	46.4737	41.0016	26.0286	1	1	1	1	1	
578	64.083	46.1996	75.2887	72.4969	68.8003	27.4175	21.5318	44.9317	38.7434	26.08	1	1	1	1	1	
579	63.5908	46.9235	69.8261	76.2101	69.0001	28.7367	18.5778	45.049	39.467	26.2267	1	1	1	1	1	
580	64.6985	46.2182	73.1441	71.4946	67.5256	27.9868	20.7899	46.877	40.2694	26.2155	1	1	1	1	1	
581	63.4642	45.971	67.3687	74.6719	66.7066	28.916	18.3936	45.8322	40.3135	26.1799	1	1	1	1	1	
582	63.1315	44.119	72.1905	69.1422	64.6818	27.5887	24.0604	44.6493	40.0852	24.9739	1	1	1	1	1	
583	61.7536	43.5021	64.9961	72.0014	63.3845	28.4531	18.4105	44.101	40.0525	25.3838	1	1	1	1	1	
584	60.5676	41.3157	66.9257	65.9481	60.4095	26.0006	19.1606	42.9614	37.873	25.754	1	1	1	1	1	
585	59.9993	41.2065	60.1212	68.9751	59.4005	27.2823	15.0777	43.4353	38.4506	26.2062	1	1	1	1	1	
586	59.7388	35.6904	65.1252	63.719	56.3291	26.3221	20.8083	44.9144	37.6853	19.5935	1	1	1	1	1	
587	59.0546	35.8194	57.3791	66.387	54.7759	27.2609	14.892	44.5552	38.1577	22.9395	1	1	1	1	1	
588	58.1035	33.4433	62.1809	61.4081	52.3245	25.593	20.3336	43.3163	38.1954	22.892	1	1	1	1	1	
589	56.8853	33.1904	53.916	63.0916	50.8449	26.2537	13.8717	42.8565	38.07	24.2945	1	1	1	1	1	
590	56.0524	32.5742	56.5342	58.3164	48.2328	23.992	15.7763	42.2283	36.1829	25.2672	1	1	1	1	1	
591	58.1219	32.3243	55.523	57.1052	47.7276	23.6861	15.1206	44.7708	37.2321	25.7624	1	1	1	1	1	
592	52.3245	27.462	57.5566	60.941	46.5662	26.2052	18.1061	38.8793	36.273	19.9995	1	1	1	1	1	
593	53.5469	29.4693	55.6062	56.7052	44.9575	23.5962	16.1478	40.1468	34.6749	23.1004	1	1	1	1	1	
594	55.8861	30.2736	53.1602	55.5754	44.9929	22.9799	14.0165	42.7514	35.7072	24.5399	1	1	1	1	1	
595	50.1965	29.7958	53.1447	58.7003	44.1491	24.9158	14.3154	36.8464	34.7687	23.8096	1	1	1	1	1	
596	50.8253	30.4256	52.1928	54.5423	42.0517	22.0711	13.464	37.5002	32.4726	25.0626	1	1	1	1	1	
597	51.1134	26.7891	52.8553	53.1146	41.1537	21.2278	14.7324	37.9995	32.0254	21.0236	1	1	1	1	1	
598	50.4114	28.3228	51.0198	51.7151	40.2991	20.1424	13.0632	37.2468	31.4939	23.1144	1	1	1	1	1	
599	47.1835	28.9534	49.0327	50.3785	38.4533	18.6655	11.0393	33.956	29.4855	24.1572	1	1	1	1	1	
600	45.8603	28.2999	47.9477	49.45	37.7361	18.1608	10.2604	32.5404	29.152	23.5717	1	1	1	1	1	
601	44.4025	27.6425	46.8595	48.7819	36.9124	17.6523	9.39274	31.0593	28.5583	23.0375	1	1	1	1	1	