
1	357.441
2	357.441
3	357.441
4	357.44
5	357.44
6	357.44
7	357.439
8	357.439
9	357.438
10	357.438
11	357.438
12	357.437
13	357.437
14	357.437
15	357.436
16	357.436
17	357.436
18	357.435
19	357.435
20	357.434
21	357.434
22	357.434
23	357.433
24	357.433
25	357.432
26	357.432
27	357.431
28	357.431
29	357.431
30	357.43
31	357.43
32	357.429
33	357.429
34	357.428
35	357.428
36	357.427
37	357.427
38	357.427
39	357.426
40	357.426
41	357.425
42	357.425
43	357.424
44	357.424
45	357.423
46	357.423
47	357.422
48	357.422
49	357.421
50	357.42
51	357.42
52	357.419
53	357.419
54	357.418
55	357.418
56	357.417
57	357.417
58	357.416
59	357.415
60	357.415
61	357.414
62	357.414
63	357.413
64	357.412
65	357.412
66	357.411
67	357.411
68	357.41
69	357.409
70	357.409
71	357.408
72	357.407
73	357.407
74	357.406
75	357.405
76	357.405
77	357.404
78	357.403
79	357.402
80	357.402
81	357.401
82	357.4
83	357.4
84	357.399
85	357.398
86	357.397
87	357.396
88	357.396
89	357.395
90	357.394
91	357.393
92	357.392
93	357.392
94	357.391
95	357.39
96	357.389
97	357.388
98	357.387
99	357.387
100	357.386
101	357.385
102	357.384
103	357.383
104	357.382
105	357.381
106	357.38
107	357.379
108	357.378
109	357.377
110	357.376
111	357.375
112	357.374
113	357.373
114	357.372
115	357.371
116	357.37
117	357.369
118	357.368
119	357.367
120	357.366
121	357.365
122	357.364
123	357.363
124	357.362
125	357.36
126	357.359
127	357.358
128	357.357
129	357.356
130	357.355
131	357.353
132	357.352
133	357.351
134	357.35
135	357.349
136	357.347
137	357.346
138	357.345
139	357.343
140	357.342
141	357.341
142	357.339
143	357.338
144	357.337
145	357.335
146	357.334
147	357.332
148	357.331
149	357.33
150	357.328
151	357.327
152	357.325
153	357.324
154	357.322
155	357.321
156	357.319
157	357.317
158	357.316
159	357.314
160	357.313
161	357.311
162	357.309
163	357.308
164	357.306
165	357.304
166	357.303
167	357.301
168	357.299
169	357.297
170	357.296
171	357.294
172	357.292
173	357.29
174	357.288
175	357.286
176	357.285
177	357.283
178	357.281
179	357.279
180	357.277
181	357.275
182	357.273
183	357.271
184	357.269
185	357.267
186	357.265
187	357.262
188	357.26
189	357.258
190	357.256
191	357.254
192	357.252
193	357.249
194	357.247
195	357.245
196	357.242
197	357.24
198	357.238
199	357.235
200	357.233
201	357.23
202	357.228
203	357.225
204	357.223
205	357.22
206	357.218
207	357.215
208	357.213
209	357.21
210	357.207
211	357.205
212	357.202
213	357.199
214	357.196
215	357.194
216	357.191
217	357.188
218	357.185
219	357.182
220	357.179
221	357.176
222	357.173
223	357.17
224	357.167
225	357.164
226	357.161
227	357.158
228	357.154
229	357.151
230	357.148
231	357.145
232	357.141
233	357.138
234	357.134
235	357.131
236	357.128
237	357.124
238	357.121
239	357.117
240	357.113
241	357.11
242	357.106
243	357.102
244	357.099
245	357.095
246	357.091
247	357.087
248	357.083
249	357.079
250	357.075
251	357.071
252	357.067
253	357.063
254	357.059
255	357.054
256	357.05
257	357.046
258	357.042
259	357.037
260	357.033
261	357.028
262	357.024
263	357.019
264	357.015
265	357.01
266	357.005
267	357.001
268	356.996
269	356.991
270	356.986
271	356.981
272	356.976
273	356.971
274	356.966
275	356.961
276	356.956
277	356.95
278	356.945
279	356.94
280	356.934
281	356.929
282	356.923
283	356.918
284	356.912
285	356.906
286	356.901
287	356.895
288	356.889
289	356.883
290	356.877
291	356.871
292	356.865
293	356.859
294	356.852
295	356.846
296	356.84
297	356.833
298	356.827
299	356.82
300	356.813
301	356.807
302	356.8
303	356.793
304	356.786
305	356.779
306	356.772
307	356.765
308	356.758
309	356.751
310	356.743
311	356.736
312	356.728
313	356.721
314	356.713
315	356.705
316	356.698
317	356.69
318	356.682
319	356.674
320	356.665
321	356.657
322	356.649
323	356.641
324	356.632
325	356.624
326	356.615
327	356.606
328	356.597
329	356.588
330	356.579
331	356.57
332	356.561
333	356.552
334	356.542
335	356.533
336	356.523
337	356.514
338	356.504
339	356.494
340	356.484
341	356.474
342	356.464
343	356.453
344	356.443
345	356.433
346	356.422
347	356.411
348	356.4
349	356.39
350	356.378
351	356.367
352	356.356
353	356.345
354	356.333
355	356.321
356	356.31
357	356.298
358	356.286
359	356.274
360	356.261
361	356.249
362	356.237
363	356.224
364	356.211
365	356.198
366	356.185
367	356.172
368	356.159
369	356.145
370	356.132
371	356.118
372	356.104
373	356.09
374	356.076
375	356.062
376	356.047
377	356.033
378	356.018
379	356.003
380	355.988
381	355.973
382	355.958
383	355.942
384	355.926
385	355.911
386	355.895
387	355.878
388	355.862
389	355.846
390	355.829
391	355.812
392	355.795
393	355.778
394	355.76
395	355.743
396	355.725
397	355.707
398	355.689
399	355.671
400	355.652
401	355.634
402	355.615
403	355.596
404	355.576
405	355.557
406	355.537
407	355.517
408	355.497
409	355.477
410	355.456
411	355.436
412	355.415
413	355.393
414	355.372
415	355.35
416	355.329
417	355.306
418	355.284
419	355.262
420	355.239
421	355.216
422	355.193
423	355.169
424	355.145
425	355.121
426	355.097
427	355.073
428	355.048
429	355.023
430	354.997
431	354.972
432	354.946
433	354.92
434	354.893
435	354.867
436	354.84
437	354.813
438	354.785
439	354.757
440	354.729
441	354.701
442	354.672
443	354.643
444	354.614
445	354.584
446	354.554
447	354.524
448	354.493
449	354.462
450	354.431
451	354.4
452	354.368
453	354.335
454	354.303
455	354.27
456	354.236
457	354.203
458	354.169
459	354.132
460	354.096
461	354.064
462	354.026
463	353.99
464	353.953
465	353.916
466	353.879
467	353.842
468	353.804
469	353.765
470	353.726
471	353.687
472	353.647
473	353.608
474	353.567
475	353.526
476	353.484
477	353.443
478	353.4
479	353.358
480	353.336
481	354.975
482	353.285
483	353.249
484	354.892
485	353.151
486	353.183
487	354.812
488	353.082
489	354.758
490	353.026
491	354.7
492	352.969
493	354.641
494	352.911
495	354.581
496	352.851
497	354.519
498	352.79
499	354.456
500	352.728
501	354.392
502	352.664
503	354.326
504	352.599
505	354.259
506	352.533
507	354.191
508	352.465
509	354.12
510	352.396
511	354.049
512	352.325
513	353.975
514	352.252
515	353.9
516	352.178
517	353.823
518	352.102
519	353.745
520	352.024
521	353.665
522	351.945
523	353.583
524	351.864
525	353.499
526	351.781
527	353.413
528	351.696
529	353.325
530	351.609
531	353.235
532	351.521
533	353.143
534	351.43
535	353.049
536	351.337
537	352.953
538	351.242
539	352.855
540	351.145
541	352.754
542	351.046
543	352.651
544	350.944
545	352.546
546	350.841
547	352.438
548	350.734
549	352.328
550	350.625
551	352.215
552	350.514
553	352.014
554	350.305
555	351.869
556	350.182
557	351.743
558	350.058
559	351.614
560	349.931
561	351.482
562	349.801
563	351.346
564	349.668
565	351.207
566	349.532
567	351.065
568	349.392
569	350.919
570	349.248
571	350.77
572	349.102
573	350.616
574	348.951
575	350.459
576	348.797
577	350.298
578	348.639
579	350.133
580	348.477
581	349.964
582	348.31
583	349.79
584	348.14
585	349.612
586	347.965
587	349.429
588	347.786
589	349.242
590	347.602
591	349.05
592	347.413
593	348.852
594	347.22
595	348.65
596	347.021
597	348.442
598	346.818
599	348.229
600	346.609
601	348.01
602	346.394
603	347.785
604	346.174
605	347.554
606	345.947
607	347.316
608	345.715
609	347.073
610	345.476
611	346.822
612	345.231
613	346.565
614	344.979
615	346.301
616	344.72
617	346.029
618	344.455
619	345.75
620	344.038
621	345.421
622	343.895
623	345.166
624	343.462
625	344.819
626	343.308
627	344.549
628	342.854
629	344.181
630	342.687
631	343.896
632	342.21
633	343.506
634	342.03
635	343.204
636	341.528
637	342.79
638	341.333
639	342.47
640	340.805
641	342.03
642	340.595
643	341.69
644	340.039
645	341.223
646	339.81
647	340.862
648	339.225
649	340.364
650	338.976
651	339.98
652	338.359
653	339.45
654	338.089
655	339.041
656	337.438
657	338.476
658	337.144
659	338.04
660	336.457
661	337.437
662	336.136
663	336.97
664	335.41
665	336.098
666	334.764
667	335.423
668	334.366
669	335.201
670	333.702
671	334.246
672	332.973
673	333.552
674	332.543
675	333.891
676	334.644
677	331.6
678	332.301
679	330.842
680	332.435
681	333.343
682	329.768
683	330.005
684	329.369
685	330.75
686	331.156
687	327.838
688	329.603
689	330.018
690	326.725
691	328.441
692	328.763
693	326.269
694	327.201
695	327.419
696	324.393
697	325.893
698	325.985
699	323.809
700	324.473
701	324.441
702	321.775
703	322.988
704	322.798
705	321.005
706	321.347
707	321.008
708	318.781
709	319.536
710	319.075
711	317.734
712	317.6
713	316.88
714	315.264
715	315.539
716	314.698
717	316.281
718	313.181
719	311.683
720	311.646
721	310.799
722	311.368
723	308.375
724	307.794
725	307.284
726	306.772
727	306.642
728	303.453
729	302.505
730	301.758
731	301.973
732	300.178
733	297.468
734	296.955
735	296.293
736	294.119
737	292.163
738	290.646
739	288.27
740	285.215
741	281.189
742	276.782
743	273.276
744	260.085
745	251.204
746	235.963
747	205.347
748	175.222
749	135.608
750	99.4913
751	85.6473
752	90.9515