
1	241.329
2	241.329
3	241.328
4	241.328
5	241.327
6	241.327
7	241.326
8	241.326
9	241.325
10	241.325
11	241.324
12	241.324
13	241.323
14	241.323
15	241.322
16	241.322
17	241.321
18	241.321
19	241.32
20	241.32
21	241.319
22	241.319
23	241.318
24	241.318
25	241.317
26	241.317
27	241.316
28	241.315
29	241.315
30	241.314
31	241.314
32	241.313
33	241.313
34	241.312
35	241.311
36	241.311
37	241.31
38	241.309
39	241.309
40	241.308
41	241.308
42	241.307
43	241.306
44	241.306
45	241.305
46	241.304
47	241.304
48	241.303
49	241.302
50	241.301
51	241.301
52	241.3
53	241.299
54	241.298
55	241.298
56	241.297
57	241.296
58	241.295
59	241.295
60	241.294
61	241.293
62	241.292
63	241.292
64	241.291
65	241.29
66	241.289
67	241.288
68	241.287
69	241.286
70	241.286
71	241.285
72	241.284
73	241.283
74	241.282
75	241.281
76	241.28
77	241.279
78	241.278
79	241.277
80	241.276
81	241.275
82	241.274
83	241.274
84	241.273
85	241.272
86	241.27
87	241.269
88	241.268
89	241.267
90	241.266
91	241.265
92	241.264
93	241.263
94	241.262
95	241.261
96	241.26
97	241.259
98	241.257
99	241.256
100	241.255
101	241.254
102	241.253
103	241.252
104	241.25
105	241.249
106	241.248
107	241.247
108	241.245
109	241.244
110	241.243
111	241.241
112	241.24
113	241.239
114	241.237
115	241.236
116	241.235
117	241.233
118	241.232
119	241.23
120	241.229
121	241.228
122	241.226
123	241.225
124	241.223
125	241.222
126	241.22
127	241.219
128	241.217
129	241.215
130	241.214
131	241.212
132	241.211
133	241.209
134	241.207
135	241.206
136	241.204
137	241.202
138	241.2
139	241.199
140	241.197
141	241.195
142	241.193
143	241.192
144	241.19
145	241.188
146	241.186
147	241.184
148	241.182
149	241.18
150	241.178
151	241.176
152	241.174
153	241.172
154	241.17
155	241.168
156	241.166
157	241.164
158	241.162
159	241.16
160	241.158
161	241.156
162	241.154
163	241.151
164	241.149
165	241.147
166	241.145
167	241.142
168	241.14
169	241.138
170	241.135
171	241.133
172	241.13
173	241.128
174	241.125
175	241.123
176	241.12
177	241.118
178	241.115
179	241.113
180	241.11
181	241.107
182	241.105
183	241.102
184	241.099
185	241.096
186	241.094
187	241.091
188	241.088
189	241.085
190	241.082
191	241.079
192	241.076
193	241.073
194	241.07
195	241.067
196	241.064
197	241.061
198	241.058
199	241.055
200	241.051
201	241.048
202	241.045
203	241.042
204	241.038
205	241.035
206	241.031
207	241.028
208	241.024
209	241.021
210	241.017
211	241.014
212	241.01
213	241.006
214	241.003
215	240.999
216	240.995
217	240.991
218	240.987
219	240.984
220	240.98
221	240.976
222	240.972
223	240.968
224	240.963
225	240.959
226	240.955
227	240.951
228	240.947
229	240.942
230	240.938
231	240.933
232	240.929
233	240.924
234	240.92
235	240.915
236	240.911
237	240.906
238	240.901
239	240.896
240	240.892
241	240.887
242	240.882
243	240.877
244	240.872
245	240.867
246	240.862
247	240.856
248	240.851
249	240.846
250	240.84
251	240.835
252	240.83
253	240.824
254	240.818
255	240.813
256	240.807
257	240.801
258	240.796
259	240.79
260	240.784
261	240.778
262	240.772
263	240.766
264	240.759
265	240.753
266	240.747
267	240.741
268	240.734
269	240.728
270	240.721
271	240.714
272	240.708
273	240.701
274	240.694
275	240.687
276	240.68
277	240.673
278	240.666
279	240.659
280	240.652
281	240.644
282	240.637
283	240.629
284	240.622
285	240.614
286	240.606
287	240.598
288	240.591
289	240.583
290	240.575
291	240.566
292	240.558
293	240.55
294	240.541
295	240.533
296	240.524
297	240.516
298	240.507
299	240.498
300	240.489
301	240.48
302	240.471
303	240.462
304	240.453
305	240.443
306	240.434
307	240.424
308	240.414
309	240.405
310	240.395
311	240.385
312	240.375
313	240.364
314	240.354
315	240.344
316	240.333
317	240.322
318	240.312
319	240.301
320	240.29
321	240.279
322	240.267
323	240.256
324	240.245
325	240.233
326	240.221
327	240.21
328	240.198
329	240.186
330	240.174
331	240.161
332	240.149
333	240.136
334	240.124
335	240.111
336	240.098
337	240.085
338	240.071
339	240.058
340	240.045
341	240.031
342	240.017
343	240.003
344	239.989
345	239.975
346	241.654
347	241.624
348	241.603
349	241.582
350	241.561
351	241.539
352	241.518
353	241.496
354	241.474
355	241.451
356	241.429
357	241.406
358	241.383
359	241.359
360	241.336
361	241.312
362	241.288
363	241.263
364	241.239
365	241.214
366	241.189
367	241.163
368	241.138
369	241.112
370	241.085
371	241.059
372	241.032
373	241.005
374	240.977
375	240.95
376	240.922
377	240.893
378	240.865
379	240.836
380	240.807
381	240.777
382	240.747
383	240.717
384	240.686
385	240.656
386	240.624
387	240.593
388	240.561
389	240.529
390	240.496
391	240.463
392	240.43
393	240.396
394	240.362
395	240.328
396	240.293
397	240.258
398	240.222
399	240.186
400	240.15
401	240.113
402	240.076
403	240.038
404	240.001
405	239.962
406	239.923
407	239.884
408	239.844
409	239.804
410	239.764
411	239.723
412	239.681
413	239.639
414	239.597
415	239.554
416	239.511
417	239.467
418	239.423
419	239.378
420	239.332
421	239.287
422	239.24
423	239.193
424	239.146
425	239.098
426	239.05
427	239.001
428	238.951
429	238.901
430	238.85
431	238.799
432	238.747
433	238.695
434	238.642
435	238.588
436	238.534
437	238.479
438	238.423
439	238.376
440	239.779
441	238.323
442	238.254
443	239.65
444	238.151
445	238.13
446	239.516
447	237.999
448	239.428
449	237.909
450	239.334
451	237.818
452	239.238
453	237.725
454	239.14
455	237.629
456	239.039
457	237.531
458	238.936
459	237.43
460	238.83
461	237.328
462	238.721
463	237.222
464	238.61
465	237.114
466	238.497
467	237.004
468	238.38
469	236.891
470	238.261
471	236.775
472	238.138
473	236.656
474	238.013
475	236.534
476	237.885
477	236.41
478	237.753
479	236.282
480	237.618
481	236.151
482	237.479
483	236.016
484	237.337
485	235.879
486	237.192
487	235.738
488	237.043
489	235.593
490	236.89
491	235.445
492	236.733
493	235.293
494	236.572
495	235.137
496	236.407
497	234.977
498	236.237
499	234.814
500	236.063
501	234.645
502	235.885
503	234.473
504	235.702
505	234.296
506	235.514
507	234.115
508	235.322
509	233.929
510	235.124
511	233.738
512	234.921
513	233.542
514	234.713
515	233.341
516	234.499
517	234.753
518	235.925
519	234.614
520	235.795
521	234.494
522	235.662
523	234.371
524	235.525
525	234.244
526	235.385
527	234.115
528	235.241
529	233.982
530	235.093
531	233.845
532	234.941
533	233.705
534	234.784
535	233.561
536	234.623
537	233.413
538	234.458
539	233.261
540	234.288
541	233.105
542	234.114
543	232.945
544	233.934
545	232.78
546	233.749
547	232.611
548	233.559
549	232.437
550	233.363
551	232.258
552	233.162
553	232.074
554	232.955
555	231.885
556	232.741
557	231.69
558	232.521
559	231.49
560	232.295
561	231.284
562	232.061
563	231.073
564	231.821
565	230.855
566	231.573
567	230.63
568	231.317
569	230.4
570	231.054
571	230.162
572	230.782
573	229.917
574	231.085
575	229.759
576	230.268
577	229.406
578	230.533
579	229.239
580	229.669
581	229.355
582	229.502
583	228.593
584	229.64
585	228.398
586	228.697
587	228.506
588	228.514
589	227.687
590	228.653
591	227.474
592	227.625
593	227.571
594	227.424
595	226.691
596	227.562
597	226.457
598	226.44
599	226.538
600	226.216
601	225.594
602	226.353
603	225.335
604	225.953
605	224.944
606	225.511
607	224.531
608	225.05
609	224.103
610	224.572
611	223.66
612	224.076
613	223.201
614	223.561
615	222.725
616	223.026
617	222.231
618	222.47
619	221.72
620	222.832
621	222.625
622	221.5
623	220.464
624	222.378
625	222.59
626	221.579
627	221.018
628	221.235
629	221.583
630	221.817
631	219.372
632	221.457
633	220.39
634	219.001
635	219.671
636	220.09
637	217.458
638	219.42
639	218.497
640	216.975
641	217.408
642	218.072
643	215.26
644	217.041
645	216.304
646	214.587
647	214.742
648	215.705
649	212.65
650	214.208
651	213.717
652	211.693
653	211.521
654	212.86
655	209.447
656	210.724
657	210.571
658	207.855
659	207.601
660	209.253
661	206.292
662	205.666
663	204.13
664	206.102
665	202.01
666	201.746
667	202.332
668	199.58
669	196.379
670	195.101
671	198.248
672	185.376
673	185.931
674	192.963
675	167.935
676	171.275
677	162.567
678	151.692
679	131.601
680	120.13
681	108.281
682	90.2992
683	81.6553
684	89.129
685	96.3054
686	101.879