1e+20      57.866     8.59187     24.4808     31.1653     2.53766     95.3044     29.8013     6.84804     96.8671      57.092     95.9596     68.4264     76.7306     6.89054     22.5124     83.8446     33.5768      36.809      84.943     50.5332     45.9205      70.812     96.6073     16.0584     85.0225 6.52961e+21
5.62784e+11       1e+10     30.4453     21.6259     81.5059     76.7193     40.0129     48.1548     42.0538     2.06975     73.4802     28.9553     11.9923     68.0639     13.9265     39.3655     70.2203     73.9722     78.9181     65.6063     7.71144     12.5262     66.5484     38.7114     87.9467     97.4432     23.0204
8.02738e+11     94.9952       1e+10     58.2781     87.5495     63.6914      30.234     77.2961     57.4495     95.1493     26.3824     70.9777      61.397     88.7653     55.1229     57.2211     19.8896     64.6815     72.3059     16.3709     81.3277     92.5688     78.7202     22.5678     87.0962     13.8995     76.0255
7.71102e+10      41.038      72.888       1e+10     12.1331     48.5553     31.8266     60.3899     47.5982     44.0284     30.3685     79.2544     8.62502      65.583     19.0138     14.7077      26.242     46.6382     19.9643     74.4964     77.6296     1.20991     91.5253     61.9708     50.4263     5.12286     79.9913
6.93646e+11     29.8859     87.3113     29.2177       1e+10     7.88459     41.5506     43.4592     70.8551     7.91779     70.3473     85.0473     7.95188     36.4903     89.6571     45.2561     91.7328     57.8168     12.4949     2.41532     91.6544     62.0594     12.4689     9.52338     84.5541     13.5015     8.04289
3.90451e+11     51.2735     33.4168     87.7234     9.17533       1e+10     6.95322      17.309      5.6043     37.2031     27.4522     44.4579     89.3523     99.7575     23.1867     70.1475     58.2551     34.9019     46.2781     94.2889      46.934     99.2802     90.2464     88.1162     25.8076     1.84621     73.4686
 9.2668e+11     21.3118     67.8832     62.4679     69.4111     36.1047       1e+10     89.6238     24.8943     1.47786     25.5178     5.63685     78.6027       26.98     7.77911     68.8306     82.4631     65.5278     83.6459     46.8024     93.0005     81.5376     84.0941     40.6911     71.9941     91.2191     92.8908
5.64904e+11     36.5969     28.3493     2.10574     72.0897     19.0177     89.1058       1e+10      31.245     54.5159     14.3757     15.4158     86.2063     44.1153     55.2401     63.2699     6.44051     83.0588     58.1331     21.3796     66.1509      39.689     12.6788     1.04872     46.5249     62.9278     12.1657
3.83669e+11     20.6382     62.3027     75.0347      37.393     50.1839     13.8378     57.8595       1e+10     8.05819       34.37     14.8052     74.3996     7.70943      58.677     59.8046     3.51113     26.6346     4.09497     6.78383     48.3493     90.9346     52.3058     99.5851     34.3309     85.4003     85.9701
4.19962e+11     59.3569     19.1567     94.8847     57.1345     44.2801     39.7153      95.577     41.2032       1e+10     61.7209      32.089     23.0607     16.3323     7.53666     91.0173     52.6106     23.7828     18.5477     92.0805     87.2894     28.4717     83.3743     30.9375     60.1103     17.0266      93.737
4.91686e+11     29.2649     48.6612     68.9889     34.5576     87.4288     25.2106     68.8038     20.8688     78.4102       1e+10     39.9336     90.8432      22.718     81.2201      70.049     74.2711     65.5219     23.6609      5.0255     12.9532     32.6895     93.2165     84.1428      86.216     34.9219      3.3848
3.67999e+11     76.1286     97.8996     3.38403     38.4988     22.2736     31.8555     46.9654     22.3493     38.3031     87.8859       1e+10     88.8154     92.9158     2.79231     15.0447      65.781     32.0751     86.1538     63.9169      68.729     57.0855     90.9948     12.2639     34.3797     31.9252      48.898
3.47103e+11     96.7238     38.7949     57.1874     32.1692     80.6731     88.8992     9.41484     98.0628     53.1457     68.7791      65.459       1e+10     89.7319     14.2461     49.6943     12.4152      26.294     44.1824     95.1755     93.0733      75.821      74.309     82.2433     59.6954     50.3576     79.1372
 8.6567e+11      70.261     8.01809     87.1456     29.4424     44.5633     68.4907     8.51904     16.4458     19.6134     19.9357     1.65456     22.9322       1e+10     96.5524     76.5857     65.2885     18.1325     46.4437     22.5732     5.03371     19.9789     21.6881     67.5171     17.1534     94.0321     19.4114
7.91576e+11     25.2971     27.1645     51.0452     7.48769     55.8312     19.2842     71.1759     90.1531     58.1719     66.2961     42.0344     28.7491     83.7589       1e+10     95.2648       35.83     6.34627     51.6757     86.5778     72.7545     69.0387     23.6842     5.48037     18.5225     18.1412     82.8198
4.87232e+11     33.5237     14.9234      55.087     34.5533     19.1719     11.1728     40.2703     45.0281      74.495     7.08225     53.3449     64.0467     78.5474     7.16184       1e+10       26.46      91.075     75.2575     81.3293     56.9902       44.55     31.3945      73.238     70.9593     83.7372     11.0624
9.33879e+11     4.97135     4.74189     25.9405     85.6298     75.7325     49.1638     96.4182     24.8607     17.6762     72.0814     69.4337     87.3912     80.6446     86.2843     89.8317       1e+10     29.5478     71.7377     65.7556     99.2092     13.0522     96.5091     41.8261     98.3967     53.7275      68.769
8.09037e+11     11.8641     96.4255     58.0633     93.6333     84.2736     62.8475     39.6666     97.6721     73.6177     84.9095     60.9701     29.4036     6.69111     68.2891     91.8172     12.4157       1e+10     68.8083     33.0215     94.3277     73.0725     42.6631     26.1685     85.0396     34.2946      76.852
7.61818e+11     12.6813     39.2206     81.2515     84.5985     25.6596     66.0041     58.5545     16.2041     64.6481     64.2542      19.641     6.08114     7.29643     89.9208      74.997     21.7248      26.905       1e+10      33.005      43.568     17.3045     99.4332     95.9223     75.4397     2.25972     28.2036
6.58921e+11     52.6946     37.2656     39.8639     40.7168     10.2858     67.3357     7.59105      64.131     61.7044     46.5764     75.5159      40.736     44.6913     64.8317     95.9936     65.4694     55.0078     62.8127       1e+10     80.5384     69.0423     41.0591     72.2206     71.6347     24.6868     52.5062
 8.7509e+11     5.25202     1.39686     61.8052     19.5738     69.9034     38.5801     87.8304     94.0904     97.4784     2.58577     33.0515     97.8373     93.0823     48.9336     78.1016     2.24739     84.6175     97.3561     4.75917       1e+10     72.2816     54.7153     22.6776     26.8657     32.6913     30.5795
 4.9434e+11      92.585     50.0847      77.677     42.6617     19.2929     50.2777     21.4021     54.8707     62.3202     37.8719     4.55053     66.0513     35.7001     95.6119     43.2861      13.542     38.3206     51.2385     1.81331     75.5895       1e+10     72.5057     38.5854     1.60815     86.2993     61.4982
7.34782e+11     28.8763     48.9469     78.0845     21.9683     93.8842     91.9953     72.5951     22.6855     76.9085     11.2245     39.7701      59.377     49.7724     71.1281     85.9143     40.4664     75.7325     88.7176     21.6169     13.5434     12.6103       1e+10     71.6538      67.557     99.1265     53.7659
2.84979e+11     70.1441     53.0914     98.0708     58.4377     10.6202     47.8659      55.166     1.68142     61.6093     63.2901     78.6279     73.3532     33.8183     92.6249     42.9333      97.241      50.087     52.3638     66.5718     1.09645       52.82     23.7576       1e+10     98.0862     4.32604     54.2663
 5.3135e+11      80.094     54.3367     78.0739     4.46691     37.8667     20.1811     58.9822      42.701     56.4106     35.3503      6.1363     98.1028     33.5373     88.6941     91.2197     90.6436      39.568      35.856     98.1694     79.3486     70.7155     44.7873     92.3007       1e+10      13.165     93.1895
5.27427e+11     77.3103     41.5319     28.1692     98.6454      36.546     11.2882     22.8728     43.0876     31.7791     72.5447      76.642     62.9276     15.8237     6.82817     81.5262     82.7525     88.2745     27.0383     71.8554     14.3568     87.1998     67.9958     44.1595     6.14244       1e+10     40.0653
6.52961e+21 4.36222e+11 8.09677e+11 4.70176e+11 3.65222e+11 3.15886e+11 4.17501e+11 4.71613e+11 7.32765e+11 8.32948e+11 4.01986e+11 8.88523e+11 1.31233e+11 9.21953e+11 4.23974e+11 1.40614e+11 8.31553e+11 8.95534e+11 2.80964e+11 5.52895e+11 2.17133e+11 6.53635e+11  3.5368e+11 2.01004e+11   6.974e+11 7.08831e+11       1e+20
