      0 64.6705 26.6225 30.5287 63.2418 26.8932 42.8779 19.9504 52.4155 13.6302 30.5537 11.4645  24.329  73.267 52.2124  31.137      12 51.0729 52.2022 48.4861   51.06 68.8949 21.5599 38.1144   40.17 21.3506 65.9131 53.7375  18.913 32.4155 59.0193 46.3042 57.7959 42.7178 60.2524 80.1869 60.7205 44.5805  22.047      18
64.4601       0 50.0291 40.0045 91.1675 43.0056 21.8516 54.5235 14.1424 51.2984 50.3566 58.2433 41.3739 101.188  77.204 59.4781 76.2485 76.4097 79.9093 76.4324 115.194 133.046 48.6489 57.7307  67.739 43.7959 93.8593 79.0552 50.3216 32.1178 7.22392 74.2532 85.7195 58.8503 125.046 108.189 8.26731 32.7315 86.2995 70.0747
26.4911 50.2727       0 18.6562 41.3118  18.443 28.4687 8.61246 37.9546  13.418 4.24275 17.2288 9.22089 51.3427 23.9146 10.4913 38.2806 27.0899 30.2378 26.5864  77.341 95.1297  5.1396  11.592  18.033 14.4391 44.0132 29.7045 7.66065 17.9545 44.5589 24.4069 35.8786 68.8661 86.1312 58.3135 46.2203 30.1503 48.3358 29.4207
30.5431 40.0764 18.6642       0 59.8262 4.24285  18.137 22.8245 28.4445 18.1323 18.9954 25.2023  9.8674 69.9006 46.1764 28.1182 42.3258 45.0418   48.55 45.0745   81.38 99.1946 17.1105 26.3258 36.3797 9.24018 62.4996 47.7026 18.4578  8.9743 34.3755 42.8934 54.3757 17.3267 91.1946 76.7854 36.2474 15.6249 52.3803 36.4268
 63.512 91.5634  41.537 60.0068       0 59.9694 69.8666 43.8359 79.3061   52.64 41.5694 52.7356 50.7548 15.6291  43.046 24.6113 75.2943 39.1067 31.7077 15.3666 114.261 132.112 45.5048 38.7884 26.0608 55.7544 8.08183 44.0071 46.7123 59.3061  85.956 23.7077 5.84524 105.933 124.112 22.6132 56.7203 71.5045 85.3545 64.9208
27.0744 43.2169 18.4427 4.24275 59.7571       0 21.3666 21.0445  31.137 15.0526 19.3681      22 9.22091 69.8333 46.2894  28.321 7.31638 45.0918 48.6076 45.0188 77.7585 95.5742 15.8164 26.7228 36.4064 6.10055 62.4455 47.8129 16.5728  11.137 37.5075 42.8385   54.31 69.4039 87.5742 35.3554 39.1694 19.8544 48.9092  32.989
42.7816 21.9112 28.3478   18.17 69.5355 21.2446       0  32.842 10.4913 29.6169 28.6884 36.5618 19.6926 79.5839 55.8513 37.7995 54.5691 23.4442 58.2283 54.7537 93.4443 111.282 26.9674 36.0387  46.058 22.1144 72.1796 57.3775 28.6397 10.4931 16.2158 52.5725  64.056 85.1214 103.282  82.354 18.1151 12.5493 64.6217 48.3937
19.9309 54.8782  8.6063  22.827 43.4769 21.0491 33.0688       0 42.4568  9.0059 12.8081 9.64394 13.1725 53.4917 32.3168 15.7821 31.7167 31.1193 32.4811 28.7148 70.6915 88.4916       6 18.8906 20.3861 15.2832 46.1411 33.8427 4.49156 22.4568 49.2013 26.5332 38.0184      35 80.4916 60.4873 50.8795 34.6526 41.7699 21.8323
52.3752 14.1422  37.941 28.7459    79.1   31.17 10.6246 42.4346       0 39.2094 38.2559  46.152 29.2852  89.173  65.444 47.3906 64.1623 64.3205 67.8212 64.3459 103.238 121.047   36.56 19.6109  55.322 31.7085 81.7726 66.9698 38.2324      20 7.22807 62.1657 73.6354 94.7615 113.047 96.1723 8.37515 21.6047 74.2148 57.9862
13.6238 51.5374 13.5793 18.1311 52.0569 15.0533 29.8365  8.9743 39.2345       0 17.3008 7.09023 10.8226 62.1007  40.241      23 25.4108  39.114 41.0456  37.299 64.3288 82.2015 8.37515 25.0897 28.9714       9 54.7284 41.3863       6 19.2345 45.9467 35.1184 46.5975 56.0289 74.2015 69.0843  47.607 31.4387 35.4632 18.8124
30.4873 50.6084 4.24285 18.9789 41.3727 19.4276 28.0278   12.81 38.2781 17.2124       0 21.4193 10.6246 51.3764 27.3791 9.22091 42.2731 26.2333 29.7771 26.6251 81.2435 99.0868  8.9743       8 17.6931 16.5812 44.0501 28.9054 11.6793 18.2781 44.9171 24.4432 35.9223 72.8384 91.0868 58.3254 46.6075 30.4794 52.3269 33.6128
11.4457 58.4836 17.2332  25.201 52.5325      22 36.7741  9.7915 46.1757 7.08915 21.4252       0 17.4859 62.6056  42.001 25.4662  23.232 40.9583 41.5336 37.7911 62.1008 79.9483 12.7348    28.5 29.4652 16.0504 7.65759  43.525 9.90635 26.1757 52.9089 35.6097 47.0873  53.777 71.9483 69.6053 54.5977 38.3766 33.2856  12.217
24.3252 41.5888 9.22091 9.87256 50.6023 9.22089 19.8265 13.1709 29.3057 10.8288 10.4913 17.4903       0 60.6117  37.182 19.3681  36.111 36.0077 39.4135 35.8008 75.1001 92.9719 7.29926 18.3661 27.2072       6 53.2288 38.7081       9 8.48071 35.9589 33.6199 45.1071 66.7528 84.9719 67.5579 37.6639  21.504 46.1628 29.5537
73.2377 101.351 51.2906 69.7571 15.5749 69.7222 75.4336 53.5409 89.0464 62.3321 51.3206 62.4907 60.5015       0 52.7965 42.6495   85.02 48.8592 41.6081 25.8391 123.944 141.792 55.2941  48.542 35.8111 65.5399      11 53.7577 56.5082 31.8102 95.7651 33.6081 15.8057 115.612 133.792       7 97.4131  81.256 95.0691 74.6823
 52.075 77.7825 28.3182 46.1584 42.8515 46.2995 55.9728 31.8189 65.4487  40.377 27.3831 41.7362 37.1725 52.8773       0 18.3049 63.8594 6.34353 22.1129  28.125 102.721 120.553  32.793 24.1746 17.0203 42.7389  45.552       2  34.377 45.4482 72.1014 22.8271 37.4076 94.4235 112.553 59.8547 73.7975 57.6525 73.9122 53.9255
35.3634 59.8122 10.6246 28.1033 32.7119 28.3271 17.2821 15.5967 47.4177      23 9.22089 25.2429 19.4276 42.6944 18.3155       0 47.1461 17.2049 20.7159 17.9571 86.0357 103.897  15.356 6.14104 8.66886 24.9911 35.3838 19.8413      17 26.0795  54.151 15.6808 27.2446 77.7366 95.8974 49.6804 55.7229 39.5998 57.1994 37.4309
     12 76.3586 38.4103 42.2985 75.0138 38.6624 28.7077 31.7276 64.1492 25.4001  42.378   23.24 36.0984 85.0528 64.0587  47.441       0 62.9812  63.991 60.2742 39.2149 57.0125 33.3245 49.9116 51.9476 33.1199  77.706 65.5843 29.7104 44.1492 70.7438 58.0916 69.5669 30.7989 49.0125 92.0359 72.4673   56.35 10.0698      30
50.8388 76.5055  26.996 44.9018  38.923 45.0411 54.7204 30.8461 64.1888 39.0517 26.1235 40.4914 35.9277 49.0066 6.34713 17.0431 62.6247       0      16 24.1654  101.53 119.364 31.4658 22.9171 13.4559 41.4716 41.5912       6 33.0517 44.1887 70.7902 17.9115 33.4797 93.2178 111.364 56.0218 72.4982 56.3947 72.6782 52.6799
52.2587   80.18 30.2476  48.523 31.4445 48.6076 58.4473 32.5528 67.8284 41.3963 29.7716 41.5364 39.4165 41.6702 22.1143 20.6934 64.0513      16       0 16.2446 102.937 120.737 34.3011 26.5665 12.2123 44.5991 34.3524      22 35.5021 47.8284 74.4925       8 26.1366 94.5905 112.737 48.6312 76.2302 60.0164 74.1026 53.7276
48.5477 76.6734 26.5983 45.0639 15.2446 45.0312 54.9354  28.829 64.3609 37.5272 26.6261 37.7914 34.8324 26.0798 28.1002 17.9549 60.3353 24.1719 16.3666       0 99.3355 117.179 30.5375 23.8486 11.1148  40.821 18.7554 29.0627 31.7556 44.3609 71.0771 8.37515   10.17 90.8979 109.179 31.5587 72.7703 56.5588 70.3857 49.9764
50.9236 115.144 77.0549 81.0373 113.748 77.3982 93.4971 70.4778 102.893 64.1367 81.1617  61.961 74.8353 123.787 100.657 86.2228 38.9658 101.661 102.764 99.0182       0  18.137 72.0504  88.729 90.7028 71.8574 116.443 104.309 69.3802 82.8926 109.493 96.8369 108.302 8.28784  10.137 81.6174 111.179 95.0888 29.4772 68.9137
68.8172 133.202 95.0253 98.9318 131.649  95.293 111.384 88.3489 120.778 82.0328 98.9308 79.8572 92.7311 75.3758 120.613  104.17 56.8614  119.55 120.668 116.904   18.17       0 89.9918 106.509 108.569 89.7533 134.333 122.138 87.3088 100.778 127.517 114.721 57.5992 26.1366       8 148.722 129.173 112.984  47.373 86.8094
 21.503 48.9581  5.1691 17.1152 45.2106 15.8271 27.1784       6 36.5947 8.28784 9.00339 12.7323 7.30188 55.2654 32.0834 15.2446 33.2874  31.518 34.1323 30.4399 72.1779 90.0175       0 16.7632 22.0185 10.6318 47.8664 34.1107 2.82916 16.5947 43.2972 28.2592 39.7339 63.8302 82.0175 62.2653 44.9575 28.7808 43.3383 24.9329
37.9272 58.0767 11.4722 26.4581 38.6184 26.8804 36.3022 18.8941 45.7846 24.8391       8 28.3783 18.5812 47.6063 24.2108 6.18081 49.7117 23.0769 26.6092 23.8764 88.6012 106.452 16.5732       0 14.5638 24.4865 41.3062 25.7368 19.0807 25.7846 52.3979 21.5802 33.1593 29.6995 98.4523 55.6082 54.1081 37.9639 59.7634 40.5676
40.2991 68.1305 18.0364  36.358 25.8669 36.4066  46.324 20.5812 55.6546 29.2772 17.6952 29.1342 27.2088 35.9936 17.0159 8.65247  52.086 13.4562 12.2102 11.1349 90.9316 108.799 22.1217 14.5272       0 32.4357  28.564 18.0337 23.4904 35.6545 62.4487 7.29926 20.4233 82.6665 45.3862 42.9922 64.0241 47.8546 62.1405 41.6696
21.3621 43.9517 14.3769 9.23847 55.5244 6.10271 22.2488  15.274 31.7048       9 16.3831  16.051       6 65.6498 41.9605 24.8127 33.1494 41.3656 44.4755 40.7654 72.0874 89.9122 10.6317 24.3646 32.4041       0 58.1932 44.1083 10.8231 11.7048   38.34 38.5842 50.0575 63.6982 81.9122 72.6498 40.0207 23.6041  43.202 27.2291
65.9421 94.1071 44.0374 62.5035 8.08028 62.4702 72.3135 46.2247 81.8165 55.0604 44.0682 7.72794 19.9356      11 45.5443 35.3981 77.7298 41.6059 34.3622 18.5972 116.742 134.513 48.0257 41.2883 28.5575 58.1815       0 46.5057 49.1382 61.8165 88.4863 26.3622  8.5553 108.314  46.545      18 90.1364 73.9976 87.7846 67.4242
53.6095 79.2849 29.7806 47.6843 43.8254 47.8267  57.604 33.6894 66.9734 41.8334 28.9076 43.2611 38.7344  51.608       2 19.8258 65.3976       6      22 29.0854 104.273  122.09 34.3116 25.6996 18.0429  44.304 46.5067       0 35.8334 46.9734 73.7035 23.4367 38.3832  95.928 40.7131 60.8557 75.2866 59.1788 75.4501 55.4495
18.8526 50.5528 7.72791 18.4601 46.2755 16.5784 28.7406 4.48591 38.2596       6 11.6886 9.90402       9  56.309  34.241      17 30.6302  33.114 35.2462 31.5248 69.4881  87.368 2.82889 19.3011 23.1761 10.8332 48.9517 35.7669       0 18.2597 44.8871 29.3429 40.8379 61.2165  79.368 63.2261 46.5919 30.4433 40.6844 22.1043
32.3755 32.3671 17.9412  9.0059 59.1177   11.17 10.6149 22.4348      20 19.2096 18.2565 26.1522 9.28543 69.1023 45.4441 26.8492 44.1616 44.3206 47.8214 44.3461 83.1811 101.025 16.5602 25.6071 35.6512  11.709 61.7729 46.9699 18.2326       0 26.6945 42.1659 53.6356 74.7277 90.1394  76.046 28.3666 14.5811 54.2143 37.9864
 58.813 7.21724 44.3815 34.3659 85.5613  37.369 16.2218 48.8748 7.21507 45.6497 44.7332 52.5942 35.7254 95.6622 69.7589 53.8373 70.5996 70.7547 74.2644 70.7889 109.483 127.299 43.0002 52.0812  62.094 38.1471 88.2142 73.4132 44.6725 26.4449       0 68.6077 80.1022 101.128 119.299  102.65 2.82844 27.0896 80.6515 64.4263
46.3848 74.5588 24.4325 42.9017 23.4646 42.8656 52.7779 26.6517 62.1887 35.4723 24.4586 35.6236 33.6501 33.7072 22.8244 15.6766 58.1701  17.907       8 8.28784 97.1676 115.002 28.3584  21.552 7.30188 38.6578 26.3524 23.4335 29.5522 42.1889 68.9105       0 18.1366 88.7521 107.002 40.7062 70.6355 54.3987 68.2217 38.3646
57.9568 86.1173 35.9773 54.4446 5.83737 54.4152 64.3664 38.2026 73.7493 47.0902 36.0068 47.1716 45.1917 16.0147 37.4821 27.3403 69.7486 33.5479 26.1694  10.137 108.683 126.523 39.9002 33.2284 20.4986 50.2173 8.59897 38.4465 41.1286 53.7493 80.4781 18.1694       0 100.328 118.523 22.8934 82.0292 65.9416 79.8015 59.3552
42.7184 107.173 68.8785 27.5951 105.618 69.1915 85.3498  62.244 94.6859 55.9285 72.9312 53.7501 66.6268 115.581 94.5099 78.0413 30.7606  93.374 94.5353 90.8054 8.37515 26.1694 63.8792 80.4727 82.4719 61.2471 108.234 96.0358  61.191 74.6778 101.496 88.6237 100.123       0 18.1694 122.581 103.106  86.882 21.2723 60.7083
60.8171 125.096 87.0555 90.9317 123.644 87.2929 103.324 80.3488 112.784 74.0327 91.0176 71.8571  84.731 133.707 112.617 96.0974 48.8613 111.517 112.642 108.904   10.17       8 81.9502 98.5541 98.8855 81.7532 126.333 114.143 79.2927  92.784 119.439 106.721  118.19 18.1366       0 140.705 121.176 104.985 39.3729 78.8093
80.1609 108.416 58.2385 76.7038 22.5234 76.6732 86.6088 60.4343 95.9942 69.2521 58.2717 69.4366 67.4507       7  59.746 49.5993 91.9438 55.8079 48.5619 32.8112 130.946 148.756 59.9566 55.4897 42.7588 72.3904      18 60.7061 63.4854 75.9942 102.725 40.5619 22.7627 122.539 140.756       0 104.415 88.1992 101.997 81.6222
60.5988 8.26538  44.988 36.3232  87.304 39.1366 18.1552 50.6584 8.28784  47.433 46.5101 54.3755  37.509  97.424 73.6687 55.6156 72.3858  72.652 76.0439 72.5696  111.35  129.18 43.8566 53.8085 63.8736 39.9327 89.9953 75.1945 46.4561 28.2446 2.83043 70.3884 81.8628 102.967  121.18 104.438       0 29.0354 82.4384 66.2096
44.5866 32.7523 30.1574 15.6231 71.3232 19.8538 12.5441 34.6528 21.6031 31.4234 30.5075 38.3614 21.5033 81.3291 57.6622 39.6104 56.3689  56.498 60.0383 56.5615 95.3136 113.163 28.7781 28.6099 47.8705 23.6085 73.9937 59.1879 30.4508 14.5835 27.1276 54.3824 65.8596 86.9373 105.163 88.3268 29.0043       0 66.4228 50.1986
22.0463 86.5176  29.739 52.3525 85.0452 48.7162 64.7922 41.7706 74.2104 35.4537 52.3091 33.2792 46.1521 95.0792 74.1213 57.5787 10.0685 72.9963 74.0564 70.3266 29.6889 46.8869   43.35 59.9414 61.9935 43.1738 87.7544  75.647 40.7632 54.2102 80.9586 68.1458 79.6179 21.3913 39.5269 102.069 82.6438 64.9786       0 40.0463
     18 70.3346  29.427 36.4224 64.7687 32.7947 48.6169 21.9328 58.0144 18.8087 33.6218 12.2108 29.5468 74.8611 54.2576 37.7438      30 53.0709 53.7163  49.981 69.0478 86.8822 24.9379 40.6456 41.6479 27.2257 67.4068 55.7849 22.1093 38.0143 64.6609 47.7989 59.2596 60.7055 59.6454 81.7893 66.3791 50.2163  40.047       0
