      0 64.6705 26.6225 30.5287 63.2418 26.8932 42.8779 19.9504 52.4155 13.6302 80.1869 60.7205 36.8946  25.047      18
64.4601       0 50.0291 40.0045 91.1675 43.0056 21.8516 54.5235 14.1424 51.2984 108.189 8.26731 28.0045 89.2881 70.0747
26.4911 50.2727       0 18.6562 41.3118  18.443 28.4687 8.61246 37.9546  13.418 58.3135 46.2203 23.0452 51.3191 29.4207
30.5431 40.0764 18.6642       0 59.8262 4.24285  18.137 22.8245 28.4445 18.1323 76.7854 36.2474      12 55.3689 36.4268
 63.512 91.5634  41.537 60.0068       0 59.9694 37.3641 43.8359 79.3061   52.64 22.6132 87.6398 64.4049 88.3375 64.9208
27.0744 43.2169 18.4427 4.24275 59.7571       0 21.3666 21.0445  31.137 15.0526 76.8212 39.1694 15.5792 51.8971 32.7791
42.7816 21.9112 28.3478   18.17 69.5355 21.2446       0  32.842 10.4913 29.6169 86.5897 18.1151 6.16999 67.6104 48.3937
19.9309 54.8782  8.6063  22.827 43.4769 21.0491 33.0688       0 42.4568  9.0059 17.2113 50.5959 27.5391 44.7583 21.8323
52.3752 14.1422  37.941 28.7459    79.1   31.17 10.6055 42.4346       0 39.2094 96.1723 8.37515 16.7465 77.2032 57.9862
13.6238 51.5374 13.5793 18.1311 52.0569 15.0533  29.748  8.9743 39.2345       0 69.0843  47.607 24.3316 38.4521 18.8124
80.1609 108.416 58.2385 76.7038 22.5234 76.6732 86.6088 60.4343 95.9942 69.2521       0 104.415 81.0898 104.989 32.8949
60.5988 8.26538 46.1643 36.3232  87.304 39.1366 18.1552 50.6584 8.28784  47.433 104.438       0 24.3232 85.4256 66.2096
37.4276 28.0218 22.9958      12 64.1269  15.399 6.13761  27.489  16.561 24.2639 29.7576 24.2475       0 62.2539 43.0406
25.0463 89.5147 51.4408 55.3401 88.0607  51.704 67.7706 44.7562 77.2056 38.4397 105.087 85.6036 62.2721       0 43.0463
     18 70.3346  29.427 36.4241 64.7687 32.7947 48.6169 21.9328 58.0144 18.8087 81.7893 66.3791 43.1148  43.047       0
