      0 64.6705 26.6225 30.5287 63.2418 51.9504 26.8932 42.8779 19.9504 52.4155 13.6302 30.5537 11.4645  24.329  73.267 52.2124 35.6385      12 51.0729 52.2022 48.4861   51.06 68.8949 21.5599 38.1144   40.17 21.3506 65.9131 53.7375  18.913 32.4155 59.0193 46.3042 57.7959 42.7178 60.8949 36.7755 31.9504 36.4541 64.2544 9.07501 67.5525 80.1869 60.7205 27.8089  25.047      18 49.5013
64.4601       0 50.0291 40.0045 91.1675 77.7387 43.0056 21.8516 54.5235 14.1424 51.2984 50.3566 58.2433 41.3739 101.188 77.5292 59.4781 76.2485 76.4097 79.9093 76.4324 41.1376 133.046 48.6489 57.7307  67.739 43.7959 93.8593 79.0552 50.3216 32.1178 7.22392 74.2532 85.7195 106.859 125.046 44.4587 59.9004 34.8343 92.1547 73.4321 95.4969 108.189 8.26731 28.0129 89.2881 70.0747 77.0971
26.4911 50.2727       0 18.6562 41.3118 28.4196  18.443 28.4687 8.61246 37.9546  13.418 4.24275 17.2288 9.22089 51.3427 28.1802 10.4913 38.2806 27.0899 30.2378 25.6288  77.341 95.1297  5.1396  11.592  18.033 14.4391 44.0132 29.7045 7.66065 17.9545 44.5589 24.4069 35.8786 68.8661 87.1297 26.2357 9.89952 22.1766 42.2965 35.4599 13.1725 55.2624 46.2203 23.0452 51.3191 29.4207 27.4669
30.5431 40.0764 18.6642       0 59.8262 46.4175 4.24285  18.137 22.8245 28.4445 18.1323 18.9954 25.2023  9.8674 69.9006 46.1764 27.8384 42.3258 45.0418   48.55 45.0745   81.38 99.1946 17.1105 26.3258 36.3797 9.24018 62.4996 47.7026 18.4578  8.9743 34.3755 42.8934 54.3757 72.9723 91.1946 7.63916 28.5367 7.22807 60.7982 39.5099 64.1402 76.7854 36.2474      12 55.3689 36.4268 45.7377
 63.512 91.5634  41.537 60.0068       0 36.6295 59.9694 69.8666 43.8359 76.8881   52.64 41.5694 52.7356 50.7548 15.6291  43.046 32.9045 75.2943 39.1067 31.7077 15.3666 114.261 132.112 45.5048 38.7884 26.0608 55.7544 8.08183 44.0071 46.7123 59.3061  85.956 23.7077 5.84524 105.933 124.112  67.586 31.9294 63.5294       1 72.4793 9.94465 22.6132 87.6398 64.4049 88.3375 64.9208    30.1
51.9309 78.2358 28.6121 46.4912  36.412       0  46.443 56.3652      32 65.7999 40.7172 27.7162 41.5784 37.5041 46.4443 12.6741 18.6386 63.7167 6.34713 10.2181 21.6389 102.686 120.492 33.1798 24.5109 12.4244 43.1409 39.1081 12.1853 34.7172 44.2579 72.4923 14.1424 30.9614 94.3059 112.492 54.0779      20 50.0146 37.3941 60.8987 40.7469 53.4542 74.1287 50.8635 76.7583 50.9946 8.96586
27.0744 43.2169 18.4427 4.24275 59.7571 46.5194       0 21.3666 21.0445  31.137 15.0526 19.3681      22 9.22091 69.8333 46.2894  28.321  38.854 45.1583 48.6076 45.0188 77.7585 95.5742 15.8164 26.7228 36.4064 6.10055 62.4455 47.8129 16.5728  11.137 37.5075 42.8385 32.7212 69.4039 87.5742      10 28.3261 11.4063 60.7353 36.0408 64.0852 76.8212 39.1694 15.5792 51.8971  32.989 45.8105
42.7816 21.7181 28.3478   18.17 69.5355 56.0761 21.2446       0  32.842 10.4913 29.6169 28.6884 36.5618 19.6926 79.5839 55.8513 37.7995 54.5691 54.7417 58.2283 54.7537 92.5095 111.282 26.9674 36.0387  46.058 22.1144 72.1796 57.3775 28.6397 10.4931 16.2158 52.5725  64.056 85.1214 103.282 22.7953 38.2192 13.1514 70.4942   51.75 73.8177 86.5897 18.1151 6.16999 67.6104 48.3937 55.4161
19.9309 54.8782  8.6063  22.827 43.4769      32 21.0491 33.0688       0 41.5927  9.0059 12.8081 9.64394 13.1725 53.4917 32.3168 15.7821 31.7167 31.1193 32.4811 28.7148 70.6915 88.4916       6 18.8906 20.3861 15.2832 46.1411 33.8427 4.49156 22.4568 49.2013 26.5332 38.0184 62.3056 80.4916 30.3913      12 26.6782 44.4639 28.8987 47.7826 60.4873 50.8795 27.5391 44.1044 21.8323 29.7356
52.3752 14.1422  37.941 28.7459    79.1 65.6552   31.17 10.6055 42.4346       0 39.2094 38.2559  46.152 29.2852  89.173  65.444 47.3906 64.1623 15.3209 67.8212 64.3459 103.238 121.047   36.56 45.6158  55.651 31.7085 81.7726 66.9698 38.2324      20 7.22807 62.1657 73.6354 94.7615 113.047 33.3655 47.8122 23.7517 80.0589 61.3438 83.4121 96.1723 8.37515 16.7465 77.2032 57.9862 65.0084
13.6238 51.5374 13.5793 18.1311 52.0569 40.4444 15.0533 29.2575  8.9743 39.2345       0 17.3008 7.09023 10.8226 62.1007  40.241      23 25.4108  39.114 41.0456  37.299 64.3288 82.2015 8.37515 25.0897 28.9714       9 54.7284 41.7669       6 19.2345 45.9467 35.1184 46.5975 56.0289 74.2015  25.047 20.4923 23.4341 53.0289 22.5917 56.3694 69.0843  47.607 24.3316 38.4521 18.8124 38.3197
30.4873 50.6084 4.24285 18.9789 41.3727  27.598 19.4106  28.784   12.81 38.2781 17.2124       0 21.4193 10.6246 51.3764 27.3791 9.22091 42.2731 26.2333 29.7771 25.8276 81.2435 99.0868  8.9743       8 17.6931 16.5812 44.0501 28.9054 11.6793 18.2781 44.9171 24.4432 35.9223 72.8384 91.0868 26.5602 10.7905  22.505  42.336 38.3832 45.6906 58.3254 46.6075 23.4047 55.3138 33.6128 26.9574
11.4457 58.4836 17.2332  25.201 52.5325 41.7244      22 36.7741  9.7915 46.1757 7.08915 21.4066       0 17.4859 62.6056  42.001 25.4662  23.232 40.9583 41.5336 37.7911 62.1008 79.9483 12.7348    28.5 29.4652 16.0504 55.2178  43.525 9.90635 26.1757 52.9089 32.4193 47.0873  53.777 71.9483      32 21.7244 30.3946  53.505 20.4123 56.8555 69.6053 54.5977 31.2577 36.2764  12.217 38.8071
24.3252 41.5888 9.22091 9.87256 50.6023  37.432 9.22089 19.8265 13.1709 29.3057 10.8288 10.4913 17.4903       0 60.6117  37.182 19.3681  36.111 36.0077 39.4135 35.8008 75.1001 92.9719 7.29926 18.3661 27.2072       6 53.2288 38.7081       9 9.30575 35.9589 33.6199 45.1071 66.7528 84.9719 17.4914 19.1079 13.5305 51.5794 33.2901 54.8701 67.5579 37.6639 12.0423 49.1513 29.5537 36.6253
73.2377 101.351 51.2906 69.7571 15.5749   46.37 69.7222 79.5868 53.5409 89.0464 62.3321 51.3206 62.4907 60.5015       0 52.7965 42.6495   85.02 48.8592 29.4402 25.8391 123.944 141.792 55.2941  48.542 35.8111 65.5399      11 53.7577 56.5082 69.0466 95.7651 33.6081 15.8057 115.612 133.792 77.3373 41.6838 73.2746 15.7261  82.198       6       7 97.4131 74.1426 98.0665 74.6823 39.7945
 52.075 77.7825 28.3182 46.1584 42.8515 12.6702 46.2995 55.9728 32.1801 65.4487  40.377 27.3831 41.7362 37.1725 52.8773       0 17.3217 63.8099 6.34353 22.1129  28.125 102.721 120.553  32.793 24.1746 17.0203 42.7389  45.552       2  34.377 45.4482 72.1014 22.8271 37.4076 94.4235 112.553 53.7369 20.3332 49.6783 43.8256 59.8859 47.2018 59.8547 73.7975 50.5399 76.9032 53.9255      20
35.3634 59.8122 10.6246 28.1033 32.7119 18.5445 28.3271  37.978 15.5967 47.4177      23 9.22089 25.0924 19.4276 42.6944 18.3155       0 47.1461 17.2049 20.7159 17.9571 86.0357 103.897  15.356 6.14104 8.66886 24.9911 35.3838 19.8413      17 27.4177  54.151 15.6808 27.2446 40.4137 53.2154 35.6817 5.00778 31.6253 33.6972   44.33 37.0309 49.6804 55.7229 32.5362  60.187 37.4309 17.8961
     12 76.3586 38.4103 11.2964 74.6378 63.7276 38.6624 54.6582 31.7276 64.1492 25.4001  42.378   23.24 36.0984 85.0528 64.0587  47.441       0 62.9812  63.991 60.2742 39.2149 57.0125 19.4209 48.8991 51.9476 33.1199  77.706 65.5843 30.7209 44.1492 70.7438 58.0916 69.5669 30.7989 49.0125 48.5449 43.7276 48.2232 75.9879 3.18307 79.3442 39.4136 72.4673 49.2412 13.0586      30 61.3196
50.8388 76.5055  26.996 44.9018  38.923 6.34353 45.0411 54.7204 30.9307 64.1888 39.0517 26.1235 40.4914 35.9277 24.3271 6.34713 17.0431 62.6247       0      16 24.1654  101.53 119.364 31.4658 22.9171 13.4559 41.4716 41.5912       6 33.0517 44.1887 70.7902 17.9115 33.4797 93.2178 111.364  50.974 19.0576 48.4205 39.9068  59.805  43.236 56.0218 72.4982 49.3143 75.6658 52.6799 14.1619
52.2587   80.18 30.2476  48.523 31.4445 10.2161 48.6076 58.4473 32.1237 67.8284 41.2608 29.7716 41.5364 39.4165 41.6702 22.1143 20.6934 64.0513      16       0 16.2446 102.937 120.737 34.3011 26.5665 12.2123 44.5991 34.3524      22 35.5021 47.8284 74.4925       8 26.1366 94.5905 112.737 56.1011 20.7325 52.0423 32.4445 61.2267 35.9899 48.6312 76.2302 52.9078 77.0871 53.7276 2.83043
48.5477 76.6734 26.5983 45.0639 15.2446 21.6509 45.0312 54.9354  28.829 64.3609 37.5272 26.6261 37.7914 35.8137 26.0798 28.1002 17.9549 60.3353 24.1719 16.3666       0 99.3355 117.179 30.5375 23.8486 11.1148  40.821 18.7554 28.8507 31.7556 44.3609 71.0771 8.37515   10.17 90.8979 109.179 52.6474 16.9977 48.5844 16.2446 57.5121 20.3915 33.0581 72.7703 49.4259 73.3771 49.9764 14.7824
50.9236 25.9317 77.0549 81.0373 113.748 102.478 77.3982 93.4971 70.4778 102.893 64.1367 81.1617  61.961 74.8353 123.787 102.784 86.2228 38.9658 101.661 102.764 99.0182       0  18.137 72.0504 86.7922 90.7028 71.8574 116.443 104.309 69.3802 82.8926 109.493 96.8369 108.302 8.28784  10.137 87.2819 82.4778 86.9615 114.723 42.0698 118.092 130.787 111.179 88.0085  26.954 68.9137 100.041
68.8172 133.202 95.0253 98.9318 131.649 120.349  95.293 111.384 88.3489 120.778 82.0328 98.9308 79.8572 92.7311 141.707 120.613 33.8664 56.8614  119.55 120.668 116.904   18.17       0 89.9918 106.509 108.569 89.7533 134.333 122.138 87.3088 100.778 127.517 114.721 126.204 26.1366       8 35.9654 100.349 104.857 132.624 59.9657 135.972 148.722 129.173 105.892 44.8497 86.8094 117.944
 21.503 48.9581  5.1691 17.1152 45.2106 32.7884 15.8271 27.1784       6 35.6634 8.28784 9.00339 12.7323 7.30188 55.2654 32.5844 15.2446 33.2874  31.518 34.1323 30.4399 72.1779 90.0175       0 16.7632 22.0185 10.6318 47.8664 34.1107 2.82916 15.6632 43.2972 28.2592 39.7339 63.8302 82.0175 24.7267 13.4987 20.8062 46.2008 30.4707 49.5038 62.2653 44.9575 21.6721 46.3286 24.9329  31.491
37.9272 58.0767 11.4722 26.4581 38.6184 24.4558 26.8804 36.3022 18.8941 45.7846 24.8391       8 28.3783 18.4865 48.6539 24.2108 6.18081  33.253 23.0769 26.6092 23.8764 88.6012 106.452 16.5732       0 14.5638 24.4865 41.3062 25.7368 19.0807 25.7846 52.3979 21.5802 33.1593 80.2596 98.4523 34.0748 10.8348 29.9854 39.5917 46.8965 42.9563 55.6082 54.1081 30.9066 62.7526 40.5676 23.7893
40.2991 68.1305 18.0364 36.2951 25.8669 12.5744 36.4066  46.324 20.5812 55.6546 29.2772 17.6952 29.4821 27.2088 35.9936 17.0159 8.65247  52.086 13.4562 12.2102 11.1349 90.9316 41.5768 22.1217 14.5272       0 32.4357  28.564 18.0337 23.4904 35.6545 62.4487 7.29926 20.4233 82.6665 100.799 43.9378 8.64304 39.8802  26.868 49.2702 17.3702 41.1548 64.0241 40.7935 65.1307 41.6696 9.43988
21.3621 43.9517 14.3769 9.23847 55.5244 42.8341 6.10271 22.2488  15.274 31.7048       9 16.3831  16.051       6 65.6498 42.5819 24.8127 33.1494 41.3656 44.4755 40.7654 72.0874 89.9122 10.6317 24.3646 32.4041       0 58.1932  38.137 10.8231 11.7048   38.34 38.5842 50.0575 63.7165 81.9122  16.051 23.8614  15.274 56.5045 30.3297 59.8328 72.6498 40.0207 16.8241 46.1883 27.2289 41.7779
65.9421 94.1071 44.0374 62.5035 8.08028   39.12 62.4702 72.3135 46.2247 81.8165 55.0604 44.0682 55.2363 53.2525      11 45.5443 35.3981 77.7298 41.6059 33.8182 18.5972 116.742 134.513 48.0257 41.2883 28.5575 58.1815       0 46.5057 49.1382 61.8165 88.4863 26.3622  8.5553 108.314 126.513 70.0834  34.409 66.0244       8 74.9106       5      18 88.7352 66.8751 90.7682 67.4242  32.558
53.6095 79.2849 29.7806 47.6843 43.8254 12.1833 47.8267  57.604 33.6894 66.9734 41.8334 28.9076 43.2611 38.7344 53.8558       2 18.8951 65.3976       6      22 29.0854 104.273  122.09 34.3116 25.6996 18.0429  44.304 46.5067       0 35.8334 46.9734 73.7035 23.4367 38.3832  95.928  114.09 55.2633 21.8479 33.4093 44.8069 62.5784 48.1562 60.8557 75.2866 52.0491 78.4369 55.4495 20.1224
18.8526 50.5528 7.72791 18.4601 46.2755 34.4444 16.5784 28.7406 4.48591 38.2596       6 11.6886 9.90402       9  56.309  34.241      17 30.6302  33.114 35.2462 31.5248 69.4881  87.368 2.82889 19.3011 23.1761 10.8332 48.9517 35.7669       0 18.2597 44.8871 27.8735 40.8379 61.2165  79.368 25.9854 14.6159 22.4695 47.2627 27.8165 50.5904 63.2261 46.5919 23.3425 43.6746 22.1043 32.5656
32.3755 32.3671 11.4215  9.0059 56.9528 45.6553   11.17 10.6149 22.4348      20 19.2096 18.2565 26.1522 9.28543 69.1023 45.4441 27.3907 44.1616 44.3206 47.8214 44.3461 83.1811 101.025  12.185 24.4865 35.6512  11.709 61.7729 46.9699 18.2326       0 26.6945 42.1659 53.6356 74.7277 93.0248 15.5564 27.8125 8.26776 60.0697 41.3463 63.4124  76.046 28.3666 5.65713 57.2024 37.9864 45.0086
 58.813 7.21724 44.3815 34.3659 85.5613 72.1149  37.369 16.2218 48.8748 7.21507 45.6497 44.7332 52.5942 35.7254 95.6622 71.8871 53.8373 44.5941 70.7547 74.2644 70.7889 109.483 127.299 43.0002 52.0812  62.094 38.1471 88.2142 73.4132 44.6725 26.4449       0 68.6077 80.1022 101.128 119.299 38.6321  54.253 29.2755 86.5333 67.7808 89.8525  102.65 2.82844 22.3659  83.639 64.4263 71.4519
46.3848 74.5588 24.4325 42.9017 23.4646 14.1422 42.8656 52.7779 26.6517 37.0138 35.4723 24.4586 35.6236 33.6501 33.7072 22.8244 15.6766 58.1701  17.907       8 8.28784 97.1676 115.002 28.3584  21.552 7.30188 38.6578 26.3524 23.4335 29.5522 42.1889 68.9105       0 18.1366  50.122 107.002 50.4809   14.82 46.4224 24.4508 55.3516 27.9899 40.7062 70.6355 47.2602 71.2103 47.8086 6.42624
57.9568 86.1173 35.9773 54.4446 5.83737 31.0569 38.3947 64.3664 38.2026 73.7493 47.0902 36.0068 47.1716 45.1917 16.0147 37.4821 27.3403 69.7486 33.5479 26.1694  10.137 108.683 126.523 39.9002 33.2284 20.4986 50.2173 8.59897 34.7228 41.1286 53.7493 80.4781 18.1694       0 100.328 118.523 62.0241 26.3677 57.9679 6.74569 66.9274 10.2391 22.8934 82.0292 58.8481 82.7827 59.3552 24.5275
42.7184 107.173 68.8785 72.8276 105.618  94.244 69.1915 85.3498  62.244 94.6859 55.9285 72.9312 53.7501 66.6268 115.581 94.5099 78.0413 30.7606  93.374 94.5353 90.8054 8.37515 26.1694 63.8792 80.4727 82.4719 63.6489 108.234 96.0358  61.191 74.6778 101.496 88.6237 100.123       0 18.1694 79.0731  74.244 78.7527 106.589  33.865 109.872 122.581 103.106 79.7983 18.7468 60.7083 91.8598
60.8171 125.096 87.0555 90.9317 123.644 112.349 87.2929 103.324 80.3488 112.784 74.0327 91.0176 71.8571  84.731 133.707 112.617 96.0974 48.8613 111.517 112.642 108.904   10.17       8 81.9502 98.5541 100.569 81.7532 126.333 114.143 79.2927  92.784 119.439 106.721  118.19 18.1366       0 97.1782 92.3488 96.8568 124.629 51.9656 127.972 140.705 121.176 97.8668 36.8497 78.8093 109.938
37.0627 44.3403 26.2561 7.63385 67.4046   53.45      10 22.5893 30.3882 33.0833 25.0463 26.5879      32 17.4856 77.5208 53.7669 35.7096 48.8507 52.6043 56.1412 52.6674 87.7118 36.5057 24.7227 34.0287 43.9708 16.0504 70.0908  55.293 25.9831 15.5564 38.7398 50.4846 61.9579 79.3944 97.5515       0 36.1286 9.53658  68.388 44.1495 71.7315 84.5052 40.6197 16.6078 61.8918 42.9773  53.329
31.9309 60.1881 9.89952 28.5266 31.6766      20 28.3262 38.3685      12 23.5879 20.7191 10.7946 21.5784 19.1079 41.7893 20.3743 5.00299 43.7167 19.2249 20.6536 16.9421 82.6858 100.492 13.5676 10.8149 8.58596 23.8646 34.3677 21.9004 14.7809 27.8228 53.3381 14.7597  26.237 74.3056 92.4915 36.1051       0 32.0461 32.6508 40.8988 36.0079 48.6942 56.2009 32.9187 56.7583 33.7666 17.9838
  36.47 34.8322  22.187 7.21507 63.3653 49.9113 11.4037 13.0767 26.6812 23.5493 23.4348 22.5134 30.3889 13.5317 73.4503 49.6915 31.6391 48.2559 48.5258 52.0698 48.5927 84.8232 105.072 20.8066  29.846 39.8993  15.283 66.0218 51.2166 22.4792 8.26506  29.092 46.4127 57.8911 78.8341 97.0723 9.62996 32.0591       0  64.318 20.8123 67.6623   80.45 30.9897 7.21542 61.2961 42.1858 49.2573
64.5179 92.5817 42.5195 60.9882       1 37.6041 60.9563 70.7817 44.7814 80.2801 53.5337 42.5549 13.0545 51.0203 15.8065 44.0314 33.8822  76.305 40.0885 32.7077 16.3666 115.115  132.99 46.5165 39.7711 27.0443 56.6914       8 44.9886 47.6883 60.2815 86.9463 24.7077 6.75317 106.846  124.99   68.53  32.894   64.51       0 73.4872 10.1079 22.8055   88.64 65.3709 89.3442 65.9124 31.0547
9.07371 73.5971 35.5757 39.4908 72.1703 60.8989 35.8537 51.9588 22.0271 61.3447 22.5899 39.5856 20.4346 33.2883 82.2172 61.1545 44.5573 3.17989 60.1207 61.2053 57.4466 42.2931 60.0868  30.575 47.1311 49.1184 30.3117  74.873 62.6827 27.8533 41.3447 67.9465 55.2651 66.7359 33.9405 52.0868 45.7363 40.8989 45.4157 73.1683       0 76.5114 89.2192 69.6615 46.4472      16 27.0463 58.4637
67.6067 60.1836 45.6666 64.1348 9.94713 40.7418 64.1003 74.0391 47.9017 83.4219  56.688 45.6964 56.8664 54.8797       6  47.172 37.0236 79.3951 43.2348  36.002 20.2433 80.9676 136.122 49.5928 42.9173 30.1879 59.8641       5 48.1348 50.7845  63.422 90.1557  28.002 10.1888 109.962 128.122 71.7139 36.0461 67.6509 10.0975 76.5747       0      13 91.8676 68.5224 91.4397 69.0537 34.2457
80.1609 108.416 58.2385 76.7038 22.5234  53.328 76.6732 86.6088 60.4343 95.9942 69.2521 58.2717 69.4366 67.4507       7  59.746 49.5993 91.9438 55.8079 14.6159 31.1832 130.946 148.756 62.2397 55.4897 42.7588 72.3904      18 60.7061 63.4854 75.9942 102.725 40.5619 22.7627 122.539 140.756 84.2853 48.6257 80.2248 22.6743  89.125      13       0 102.722 81.0898 104.989 81.6222 46.7901
60.5988 8.26538 46.1643 36.3232  87.304 73.8924 39.1366 18.1552 50.6584 8.28784  47.433 46.5101 54.3755  37.509  97.424 73.6687 55.6156 46.3646  72.652 76.0439 72.5696  111.35  129.18 44.7838 53.8085 63.8736 39.9327 89.9953 75.1945 46.4561 28.2446 2.83043 70.3884 81.8628 102.967  121.18 40.6608 56.0354 31.1641  88.282 69.5697 91.6419 104.438       0 24.3232 85.4256 66.2096  73.231
37.4276 28.0218 22.9958      12 64.1269 50.7038  15.399 6.13761  27.489  16.561 24.2639 23.3542 31.2089 14.3396 74.1542 50.5035  32.454 49.2129 49.3114 52.8802  49.401 88.2339 106.079 21.6144 30.6814  40.709 16.7596 66.8294 52.0301 22.6727 5.65724 22.3754 47.2221 58.6826 79.8298  98.079 16.7622 32.8671 7.22602 65.1102 46.3952 68.4685 81.1429 24.2475       0 62.2539 43.0406 50.0675
25.0463 89.5147 51.4408 55.3401 88.0607 76.7562  51.704 67.7706 44.7562 77.2056 38.4397 55.4356 36.2848 49.1384  98.088 77.0457 60.4292 13.0577 75.9783  77.068 73.3155 27.2554 45.0301 29.4153 62.9573 64.9807 46.1618 90.7406 78.5709 43.7532 57.2056 83.8857 71.1326 82.6242 18.8339 37.0301 61.5865 56.7562 61.2654 89.0486      16 92.3801 105.087 48.3853 62.2721       0 43.0463 74.3411
     18 70.3346  29.427 36.4224 64.7687  53.938 32.7947 48.6169 21.9328 58.0144 18.8087 33.6218 12.2108 29.5468 74.8611 54.2576  37.374      30 53.0709 53.7163  49.981 69.0478 86.8822 24.9379 40.6456 41.6479 27.2257 67.4068 55.7849 22.1093 38.0143 64.6609 47.7989 59.2596 60.7055 78.2121 42.6827  33.938 42.1834 65.7228  27.047 69.0446 81.7893 66.3791 43.1148  43.047       0 51.0272
  49.69 77.3604  27.475 45.7075 29.7509 8.95982 45.8102 55.5178 29.9412 65.0028  38.806 26.9528 38.8707 36.6295 39.8967      20 17.8729 61.4795 14.1606 2.82844 14.6186 100.392 118.256 31.7119  23.747 9.44477 41.8348 32.4933 20.1212 32.9269 45.0027 71.6548 6.36917 24.3624 92.0671 110.256 53.2855 18.1326 49.2286 30.7392 58.6601 34.1292 46.7709 73.3393 50.1104 67.7701 51.0622       0
