      0 64.6705 26.6225 30.5287 63.2418 51.9504 38.7629 26.8932 42.8779 19.4023 52.4155 13.6302 30.5537 11.4645  24.329  73.267 52.2124 35.6385      12 53.9669 54.7177 48.4861 44.8856 60.8205 21.5599 80.1869 60.7205 37.4782  25.047      18 49.5013 12.9486
64.4601       0 34.2111 39.6509 91.1675 77.7387 57.1729 43.0056 21.8516 54.5235 14.1424 51.2984 50.3566 58.2433 41.3739 101.188 77.5292 59.4781 76.2485 79.2886 82.6064 76.4324 30.6592 6.42965 48.6489 108.189 8.26731 27.6509 89.2881 70.0747 77.0971 54.8169
26.4911 50.2727       0 18.6562 41.3118 28.4196 12.1944  18.443 28.4687 8.61246 37.9546  13.418 4.24275 17.2288 9.22089 51.3427 28.1802 10.4913 38.2806 30.0432 32.8085 26.5864 30.4487 46.4057  5.1396 58.3135 46.2203 23.0452 51.3191 29.4207 27.4669 13.9393
30.5431 40.0764 18.6642       0 59.8262 46.4175 25.8297 4.24285  18.137 22.8245 28.4445 18.1323 18.4427 25.2023  9.8674 69.9006 46.1764 28.1182 42.3258 47.8981 51.2471 45.0745 16.6584 36.1791 17.1105 76.7854 36.2474      12 55.3689 36.4268 45.7377  22.047
 63.512 91.5634  41.537 60.0068       0 36.6295 40.7884 59.9694 69.8666 43.8359 79.3061   52.64 41.5694 52.7356 50.7548 15.6291  43.046 32.9045 75.2943 41.1438 32.1694 15.3666 71.8045  87.763 45.5048 22.6132 87.6398 64.4049 88.3375 64.9208    30.1 50.8359
51.9309 78.2358 28.6121 46.4912  36.412       0 26.5109 46.6354 56.3652      32 65.7999 40.7172 27.7162 41.5784 37.5041 46.4443 12.6741 18.6386 63.7167 6.10087 13.0587 21.6389  58.281 74.3362 33.1798 53.4542 74.1287 50.8635 76.7583 53.7666 8.96586      39
38.6681 57.5712 12.1634 25.9059 40.6184 26.4558       0  26.288 35.7825  20.024 45.2141 25.4956 8.30261  29.287 18.1606 50.6539 26.2108 8.16631 50.4521 28.0738 31.3763 25.8764 37.7005 53.7004 17.1489 57.6082 53.6004  30.268  63.495 41.4755 25.7893 26.1509
27.0744 42.6936 18.4427 4.24275 59.7571 46.5194 26.1751       0 21.3666 21.0445  31.137 15.0526 19.3681      22 9.22091 69.8333 46.2894  28.321  38.854 48.1167 51.2321 45.0188 20.8235  39.319 15.8164 76.8212 39.1694 15.5792 51.8971  32.989 45.8105 19.1257
42.7816 21.9112 28.3478   18.17 69.5355 56.0761 35.4872 21.2446       0  32.842 10.4913 29.6169 28.6884 36.5618 19.6926 79.5839 55.8513 17.2806 52.7132  57.702 60.9257 54.7537 10.7946  18.055 26.9674 86.5897 18.1151 6.16999 67.6104 48.3937 55.4161 33.1355
19.9309 54.8782  8.6063  22.827 43.4769      32 20.0106 21.0491 26.9472       0 42.4568  9.0059 12.8081 9.64394 13.1725 53.4917 32.3168 15.7821 31.7167 34.0603 34.9445 28.7148 34.9517 51.0039       6 60.4873 50.8795 27.5391 44.7583 20.6195 29.7356       7
52.3752 14.1422  37.941 28.7459    79.1 65.6552 45.1293   31.17 10.6055 42.4346       0 39.2094 38.2559  46.152 29.2852  89.173  65.444 47.3906 64.1623 67.2813 70.5188 64.3459 19.5331 12.6709   36.56 96.1723 8.37515 16.7465 77.2032 57.9862 65.0084  42.728
13.6238 51.5374 13.5793 18.1311 52.0569 40.4444 25.6739 15.0533 29.8365  8.9743 39.2345       0 17.3008 7.09023 10.8226 19.7715 39.8079      23 25.4108  42.074 43.5306  37.299 31.7376 47.7358 8.37515 69.0843  47.607 24.3316 38.4521 18.8124 38.3197  4.1411
30.4873 50.6084 4.24285 18.7331 41.3727  27.598  8.3898 19.4106  28.784   12.81 38.2781 17.2124       0 21.4193 10.6246 51.3764 27.3791 9.22091 42.2731 29.1944 32.5365 26.6251 30.7788 46.7021  8.9743 55.4177 46.6075 23.4047 55.3138 33.6128 26.9574 18.0327
11.4457 58.4836 17.2332  25.201 52.5325 41.7244 29.3178      22 36.7741  9.7915 46.1757 7.08915 21.4252       0 17.4859 62.6056  42.001 25.4662  23.232 43.7253 44.0216 37.7911 38.6756 54.7184 12.7348 69.6053 54.5977 31.2577 36.2764  12.217 38.8071 3.61189
24.3252 40.6632 9.22091 9.87256 50.6023  37.432 18.1353 9.22089 19.8265 13.1709 29.3057 10.8288 10.4913 17.4903       0 60.6117  37.182 19.3681  36.111 38.9474 42.0167 35.8008  21.803 36.6442 7.29926 67.5579 37.6639  14.374 49.1513 29.5537 36.6253 13.9536
73.2377 101.351 51.2906 69.7571 15.5749   46.37  50.542 69.7222 79.5868 53.5409 89.0464 62.3321 48.4391 62.4907 60.5015       0 52.7965 42.6495   85.02 50.8964 42.9455 25.8391 81.5482 97.5251 55.2941       7 97.4131 74.1426 98.0665 74.6823 39.7945 60.5409
 52.075 77.7825 27.6692 46.1584 42.8515 12.6702 26.1746 46.2995 55.9728 32.1801 65.4487  40.377 27.3831 41.7362 37.1725 52.8773       0 18.3049 63.8594 7.81155 25.2008  28.125 57.9504 73.8976  32.793 59.8547 73.7975 50.5399 76.9032 53.9255      20 39.1796
35.3634 59.8122 10.6246 28.1033 32.7119 18.5445  8.1237 28.3271  37.978 15.5967 47.4177      23 9.22089 25.2429 19.4276 12.0713 18.3155       0 47.1461  20.193 23.4827 17.9571 39.8977 55.9272  15.356 49.6804 55.7229 32.5362  60.187 37.4309 17.8961 22.4791
     12 76.3586 38.4103 42.2985 75.0138 63.7276  50.738 38.6624 54.6582 31.7276 64.1492 25.4001  42.378   23.24 36.0984 85.0528 64.0587  47.441       0 65.9396 66.5032 60.2742 27.9036 72.5735 33.3245 92.0359 72.4673 49.2412 13.0586      30 61.3196 24.7276
53.7147 79.4509 29.8699 47.7785 40.9324 6.10202 27.7986 47.9191 57.6086 33.7959 62.8648 41.9236 28.9995 43.3805 38.7937 50.9788 7.81402  19.926 65.4985       0 19.1269 26.2018 59.5727 75.5134 34.3749 57.9601  75.418 52.2024 78.5411  55.569 14.8908 40.7576
54.7908  82.782 32.8182 51.2276 32.1366 13.0577 31.3361 51.2425 61.0191 35.0995 70.5189 43.7721 32.5368 44.0243 42.0301 43.2565 25.2024  23.462 66.5764 19.1258       0   17.17 63.0196 78.9822 36.6785  50.249 78.8837 55.6601 79.6163 56.2117  5.8463 42.0995
48.5477 76.6734 26.5983 45.0639 15.2446 21.6517 25.8486 45.0312 54.9354  28.829 64.3609 37.5272 26.6261 24.9911 35.8137 26.0798 28.1002 17.9549 60.3353 26.2015  17.137       0 56.8572 72.8908 30.5375 33.0581 72.7703 49.4259 73.3771 49.9764 14.7824  35.829
44.8823 30.7368 30.4512 16.6509  71.631 58.1654 37.5753 20.8123 10.7905  34.947 19.5239 31.7149 30.7793 38.6563 21.7973 81.6222 57.9511 39.8997 56.6717 59.8243 63.0278 56.8548       0 26.8709 29.0722 88.5608 26.9335 9.24018 69.7105 50.4902 57.5159 35.2319
60.7012 6.36721 46.2684 36.2197 87.4133 74.0054 53.3963 39.2292 18.0678 50.7633 12.6732  47.538 46.6214 54.4829 37.6137 97.5026 28.8683 55.1219 72.4867 75.5069 78.8462 72.6757   26.87       0 44.8885 104.393 10.7905 24.2197 85.5269 66.3141 73.3379 51.0569
 21.503 48.9581  5.1691 17.1152 45.2106 32.7884 17.3008 15.8271 27.1784       6 36.5947 8.28784 9.00339 12.7323 7.30188 55.2654 32.5844 15.2446 33.2874 34.4096 36.6257 30.4399 29.0797 45.1273       0 62.2653 44.9575 21.6721 29.4237 24.9329 31.4234 9.22075
80.1609 108.416 58.2385 76.7038 22.5234  53.328 57.4897 76.6732 86.6088 60.4343 95.9942 69.2521 58.2717 69.4366 67.4507       7  59.746 49.5993 91.9438  57.845 49.9287 32.8112 88.4965 104.561 62.2397       0 104.415 81.0898 104.989 81.6222 46.7901 67.4343
60.5988 8.26538 46.1643 36.3232  87.304 73.7413 53.2893 39.1366 18.1552 50.6584 8.28784  47.433 46.5101 54.3755  37.509  97.424 73.6687 55.6156 72.3858 75.6512 78.7415 72.5696 26.9658 10.7946 44.7838 71.1426       0 24.3232 85.4256 66.2096  73.231 50.9516
37.4276 28.0218 22.9958      12 64.1269 50.7038 30.1262  15.399 6.13761  27.489  16.561 24.2639 23.3542 29.1734 14.3396 74.1542 50.5035  32.454 49.2129 52.2759 55.5767  49.401 9.23847 24.1791 21.6144 81.1429 24.2475       0 62.2539 43.0406 50.0675 27.7828
25.0463 89.5147 51.4408 55.3401 88.0607 76.7562 63.8187  51.704 67.7706 44.7562 77.2056 38.4397 55.4356 36.2848 49.1384  98.088 77.0457 60.4292 13.0577 78.8365 78.4901 73.3155  69.697 85.6992 46.3111 105.087 85.6036 62.2721       0 43.0463 74.3411 37.7562
     18 70.3346  29.427 36.4224 64.7687 50.5595 41.4787 32.7947 48.6169 21.9328 58.0144 18.8087 33.6218 12.2108 29.5468 74.8611 54.2576 37.7438      30 56.0361 56.2115  49.981 50.5153 65.0068 24.9379 81.7893 66.3791 43.1148  43.047       0 51.0272 15.8164
  49.69 77.3604  27.475 45.7075 29.7509 8.95982  25.747 45.8102 55.5178 29.9412 65.0028  38.806 26.9139 38.8707 36.6295 39.8967      20 17.8729 61.4795 14.8878 5.84049 14.6186 57.4998 73.4471 31.7119 46.7709 73.3393 50.1104 74.5156 51.0622       0 36.9412
 12.931 55.1995 13.9565 22.0463 50.4758      39 26.1831  19.127  33.306       7 42.7404 4.14429 18.0384 3.61879 13.9501 60.4917 39.3168 22.7077 24.7167 41.0603 41.9445 35.7148 35.2431 51.2405  9.2229 63.9982 51.0705 27.8592 37.7583 15.8274 36.7356       0
