      0 55.1783 21.3341 22.0318 25.5115 17.6249 33.1974 16.8395 42.3966 8.14163 24.9269 11.3196 16.8048 27.5627 45.2197 31.1291 12.6168 47.6616 45.8712 37.0318 37.8835 49.7828 16.1481 34.4446  49.324   28.84 22.9014 17.7226
55.1083       0 35.5208 39.2216 54.3704 43.1551 22.0194 44.0211 14.3857 48.1381 31.5651 52.7247 38.2735 41.6624 17.8321 29.8789 53.2246  22.047 32.9852 46.8161 24.6202 6.60465 40.1476 41.1419 8.26731 27.3557 47.0965 63.8726
21.2679 35.6133       0 21.8294 22.7413 18.5459 16.6884 9.23925 21.1755 13.4142 4.24275 17.2223 9.22089 15.4327 23.8974 10.5122 28.5269 27.0291 25.3865 24.8013 25.9481 31.2683  5.1396 17.4979 28.4633 16.8559 29.9396 28.5094
22.0161 39.3197 21.7322       0 38.6571 4.42691 18.1128  25.212 28.5154 19.9858 20.9776 28.4093 11.1499 35.0348 36.6383 31.7897 15.4964 42.1007 46.1482 46.3833 16.7775 33.6076 19.7399  38.957 36.2287      12 10.5692   37.75
25.5221 54.3852 22.7652  38.659       0   34.82 38.4656  14.055 40.3565 19.6638 29.1172   14.19  27.047 14.2254 40.0359 24.5242 36.0839  40.936  30.121 15.5273 46.4993 52.8077 20.0464 20.5507 46.0823 37.4084 45.8987 15.7565
17.6319 43.3531 18.5347 4.43796  34.829       0 21.4818 21.3845 31.2993 16.1579 21.0555 24.0281 9.24966 31.1277 38.1358   28.73 12.4764 43.4742 43.5824 40.4914  21.152  38.069 15.9126 36.0318  39.276 16.3894 11.5888 33.3901
33.1927 22.1064 16.6826 18.1713 38.4476 21.4041       0 25.8313 10.6686 27.0162 12.4472 33.3237 16.3575 27.9529 19.3452 17.2945 28.6187 26.6552 31.6173 35.0749 11.3828 16.7975 21.1159 27.6504 18.3856 6.16999 28.3614 44.7557
17.0836 44.0823  9.2448  25.256 14.0558 21.4186   24.47       0 29.7599  9.0059 13.4504 9.75912 13.1725 11.8709 31.9865 16.7016  26.673 33.5823 31.0484 22.7662 32.4683 41.1793       6 18.7131 36.9318 22.8244 32.7166 20.0471
 42.418 14.3743 21.1681 28.7106 40.3418 31.4055 10.7536 29.7486       0 34.8071 16.9986 38.4043  25.574 28.3233 8.69958 17.0431 42.9994 18.2895  23.453 35.2244 19.6209 13.0268 26.7471 27.8064 8.37515 16.7201 38.8535 49.5813
8.17389 48.1605 13.5793 19.9825 19.6578 16.1363  27.037  8.9743 34.7896       0 17.3008 7.09023 10.9991 20.0585 37.4047 23.2164 17.6995 39.8066   37.76 30.1947 31.9092 43.7183 8.37515 26.6931 41.8997 22.8463 27.5158 18.1081
24.6886 31.6712 4.24285 21.1066 26.1828 21.0526 12.4532 13.4372 17.0342 17.2109       0 21.4052 10.6246 18.0593 20.3506 9.78663 29.7535 23.7536 24.6828 22.8245 22.9608 27.7895  8.9743 18.0941   24.52 15.6214 31.5136 32.7087
11.3452 52.8006 17.2291 28.4473 14.2163 24.0344 33.3951  9.7339  39.096 7.08915 21.4128       0 17.4908 18.3605 41.1172 25.8347 21.9096 42.0396 37.3887 26.7108 38.2708 48.9569 12.7285 25.3561 45.6505 29.1901 31.7277 11.5976
16.8314 38.3921 9.22091 13.1762 27.0463  9.3361 16.4079 13.1709 25.5848 11.0231 10.4913 17.5054       0 22.6103 30.4384 19.4107 19.3199 33.9799 34.3105 31.8964 21.1088  33.099 7.29926 26.7021 33.6791 12.0636 20.7345 28.8523
27.7597  41.662 15.4604 35.0801 14.2064 31.2342 27.9678 11.9278 28.3494 20.1441 18.0686 18.5771 22.6258       0 27.3172 11.7979 37.5221 28.2466 19.0328  10.316 38.4869 41.6385 15.3506       7 34.0969 31.1465 42.4662 26.3679
44.8843 17.8367 23.7245 36.7486 40.0068 38.4315 19.4562 31.8872 8.70347 37.1287 20.2795 40.7858 30.5892  27.298       0 15.5549 50.0315 13.5091 21.1005 31.5544 28.2019 18.9414 28.8492 26.7755 10.1728 25.3026 46.9028 51.2973
31.1717 29.8634 10.6105 31.7949 24.4942 28.7254 17.2979 16.6491 16.5788 23.2354 9.78793 25.6343 19.4799 11.7847 15.6039       0 38.7064 16.9228 14.9352 18.6841 27.9687 29.8376  15.315 11.2631 22.2993 20.6363 41.1418 35.8718
12.6154 53.2669 28.5223 15.4982 36.0973  12.474 33.0586 26.5871 42.9202 17.6898 29.5983 21.9059 19.3458 37.4785 49.7751  38.717       0 52.8483  53.598 47.1789 30.0474 47.5533 19.4383 44.3199 50.8626 26.9399 10.3063 29.3601
47.7103 22.0463 27.1126 42.2016 40.8436 43.7748 26.7359 32.6634 18.3679 39.7664 23.8481 42.4652 34.3257 28.1338  13.598 16.9941 53.1351       0 11.3548 29.4215 37.2079 24.8698 31.8633 23.0839 14.0558 30.7618 52.3612 52.4392
45.9404 32.9553 25.4995 46.1431 30.0488 43.6099 31.6201 31.0287 26.4045 37.7724 24.6925 37.6527 34.3073 19.0829 21.0732 14.3165  53.485 11.3276       0  18.281 42.3016 35.5357 30.1991 12.2947 24.8024 34.9744 56.0433 44.4982
37.0616 46.8687 21.0491 39.9541 15.5699 40.5825 35.1154 22.7464 35.2906 30.2151 25.5646   26.76 31.9713 10.3584 31.5933 18.7269 47.1822  29.411 18.3063       0 45.7258 47.0179 24.6972 7.53932 39.2446 38.3935 51.9807 31.1897
37.8188 24.4486 25.9351 16.7554 46.5029 21.1432 11.3888 32.4691 19.5852 31.9195 22.9627 38.2649 21.1189 38.4693 28.1405  27.958 29.9114 37.1218 42.3076 45.6939       0  18.267 26.5317 38.2698 25.9686 9.41231 24.5358 49.6804
49.8541 6.61396 32.0041 33.4732 52.7893 37.9268 16.7751 41.1528  13.015 43.7014 27.7672 49.0793 33.0398 41.6372 18.9328 29.8527 47.4598 24.8596 35.5331 46.9882 18.3054       0 36.4389 41.1138 10.9132 21.8533 42.3448 60.4188
16.1383 40.1134  5.1691 19.7792  20.047 15.9374 21.1284       6 26.7355 8.28784 9.00339 12.7286 7.30188 15.3333 29.0632  15.261 25.6365 32.7779 30.1373 24.6203 26.5377 36.4568       0 20.5972 33.4518 17.4471  27.335 24.3016
34.6319 41.4185 17.5031 39.0638 20.4851 36.0073 27.6641 18.8836 27.8378 26.7888 18.1077 25.5571 26.7025       7 26.7983 10.6739 44.3897 23.0818 12.3113 7.49979 38.2847 41.1098 20.6018       0 33.5727 30.9495 47.4053 33.3674
49.0698 8.26538 28.3349 36.2873 46.7889 39.2544 18.3789 36.8599 8.28784 41.6421 24.3956 45.5106 33.5971   34.08  9.7502  22.297 50.8645  14.055 24.8212 39.1806 26.0281 10.9224 33.3768 33.5565       0 24.2873 46.3401 56.6788
28.8534 27.4215 16.6994      12 37.4193 15.9496 6.13761 23.3876 16.5782 22.8555 15.6227 29.1876 12.0637 31.1292 25.2177 20.6248 27.0225  30.649 34.7119 38.3586 9.40813 22.0118  17.447 30.9358 24.2455       0 22.0947 40.6335
22.9588 48.2543 29.9959 9.69254 45.9638 11.6419 28.1855 32.8455 38.6564 27.5431 31.5609 31.7655  20.818 42.6736 46.8135 41.1946 10.3686 52.2388  56.087 51.9589 24.6857 42.5148 27.3736 47.4901 46.2706 22.0709       0 39.7052
17.7192 63.8458 28.4856 37.7663 15.5853 33.3533 44.7943 20.0395 49.5383 18.0942 32.6897 11.6012 28.8333  26.429 51.3791 35.9278 29.3452 52.5648 44.5276 30.9354 49.6912  60.413 24.3236 33.4256 56.6951 38.8377 39.6324       0

