      0 55.1783 21.3341 22.0318 25.5115 49.4532 17.6249 33.1974 16.8395 42.3966 8.14163 24.9269 11.3196 16.8048 27.5627 45.2197 31.1291 12.6168 49.6507 52.0225 37.0318 37.8835 49.9041 16.1481 32.9221 40.1754 14.2911 18.2772 49.9699 14.1416 22.4418 49.2312 44.7779 26.7784 32.9291  43.747 26.9388 28.9825 29.1947 24.7189 9.07501 22.0048 34.4446  49.324   28.84 25.4437 19.7723 46.9221
55.1083       0 35.5208 39.2216 54.3704      28 43.1551 21.8948 44.0211 14.3857 48.1381 31.5651 52.7247 38.2735 41.6624 17.8321 29.8789 53.2246 22.0463 41.6924 46.8161 24.6202 6.60465 40.1476 25.0171 34.1735 43.6582 48.5691      16 43.1696 32.8367 7.22491 43.4559 50.4949 32.5859 14.3332  41.298 34.9668 32.6987 54.9174 53.4913 45.6754 41.1419 8.26731 27.3557 49.9822 64.1187 36.2919
21.2679 35.6133       0 21.8294 22.7413 28.8372 18.5459 16.6884 9.23925 21.1755 13.4142 4.24275 17.2223 9.22089 15.4327 23.8974 10.5122 28.5269 29.0275 34.8767 24.8013 25.7998 32.0157  5.1396  11.592 19.6923 14.5065 15.5503 29.3564 7.64515 10.6203 28.3994 27.6419 20.1979 26.3207 26.9234 28.4556 10.2864 20.2051 23.1222 27.2562  13.924 17.4979 28.4633 15.0525 32.2015 29.5522 28.9419
22.0161 39.3197 21.7322       0 38.6571 46.3992 4.42691 18.1128  25.212 28.5154 19.9858 20.9776 28.4093  10.005 34.7498 36.6383 31.7897 15.4964 44.0651 55.6769 46.3833 16.7775 33.6076 19.7399  26.819 38.1235 11.4134 30.6395 41.3856  20.837  11.126 34.7007 48.9573 37.9136 10.9146  25.743 8.35982 31.8474 7.22807  38.512 15.5835  31.988  38.957 36.2337      12 14.3362 38.8093 49.6853
25.5221 54.3852 22.7652  38.659       0 37.2779   34.82 38.4656  14.055 40.3565 19.6638  26.189   14.19  27.047 14.2254 40.0359 24.5242 36.0839 41.9462 32.3715 15.5273 46.4993 52.8077 20.0464  29.633 25.8497 27.9719 8.08183 43.5695 18.0478 31.1685 47.1816  23.208 5.57548 46.8753 48.6986 44.5406 19.4968 40.7598       1 34.3878 8.95982 20.5507 46.8202 37.4084 48.9591 15.2242 30.4142
49.5272      28 28.9522 46.4918 37.2251       0 47.9768 31.0412 34.6972  23.209 41.3636 28.1293 43.6775 37.8123 25.9905 17.8843 18.3762 57.0642 6.10087 13.8583 25.4327 41.8287 30.9498 33.6733 20.1293 12.9894 43.4029 36.9905      12 35.3898  36.603 22.4128 16.6677 31.7671 45.8852 35.4338 52.1959 22.6522 42.2102 38.1231 55.7924 31.9905 19.2212 20.1225 35.0682 60.4454  51.604 9.34211
17.6319 43.3531 18.5347 4.43796  34.829 47.7785       0 21.4818 21.3845 31.2993 16.1579 21.0555 24.0281 9.24866 31.1261 38.1358   28.73 12.4764 45.4562 53.1274 40.4914  21.152  38.069 15.9126 28.2128  37.902  7.1958 26.8111 44.1958 17.0092 12.3672 37.8362 46.1778 34.4468 15.3351 29.8298      10 28.7874 11.6001 34.6879  11.204 28.1608 36.0318  39.276 16.3894 15.3531 34.4298 47.1332
33.1927 22.1064 16.6826 18.1713 38.4476 30.9882 21.4041       0 25.8313 10.6686 27.0162 12.4472 33.3237 16.3575 27.9529 19.3452 17.2806 33.0149  28.598 41.1453 35.0749 11.3828 16.7975 21.1159 11.9445 25.9211 21.7441 32.1436 23.5357 23.9129 10.9059 16.7948 36.5065 35.9051 15.9578 10.8226 22.8592  21.471 13.1235 38.8294  31.739 29.6311 27.6504 18.3856 6.16999 32.1151 45.8083 35.1536
17.0836 44.0823  9.2448  25.256 14.0558 34.1674 21.4186 25.8497       0 29.7599  9.0059 13.4504 9.75912 13.1725 11.8709 31.9865 16.7016  26.673 35.5823 35.9133 22.7662 32.4683 41.1793       6 19.1714 25.3524 15.5229 6.34715 35.9183 4.49156 17.1369 36.8707 28.6798 12.6901 32.8405 36.0841 31.1389 14.1416 26.7263 14.1619 25.3916 6.79344 18.7131 36.9318 23.3777 36.5894 21.1053 31.2082
 42.418 14.3743 21.1681 28.7106 40.3418 23.1827 31.4055 10.7536 29.7486       0 34.8071 16.9986 38.4043  25.574 27.3164 8.69958 17.0431 42.9994 18.7977 35.1917 35.2244 19.6209 13.0268 26.7471 10.7679 23.2034 30.9553 35.5704 12.9134  28.658 20.2652 7.23898 33.8095 35.0039 25.9481 13.0759  33.963 21.6239 23.7676 40.8839 41.7403 31.5474 27.8064 8.37515 16.7201 42.6207 50.6339 29.7729
8.17389 48.1605 13.5793 19.9825 19.6578 41.3526 16.1363  27.037  8.9743 34.7896       0 17.3073 7.09023 10.9991 20.0585 37.4047 23.2164 17.6995 41.8033 43.1599 30.1947 31.9092 43.7183 8.37515 25.0881 32.0497 9.15066 11.6732 42.1086       6 16.4519 41.8297 36.9013 20.0057 30.5425 37.6865 25.8578 20.8376  25.493 19.5478 16.4158 14.8684 26.6931 41.8997 22.8463 27.5428  19.163 39.4216
24.6886 31.6712 4.24285 21.1066 26.1828 28.0732 21.0526 12.4532 13.4372 17.0342 17.2109       0 21.4052 10.6246 18.0593 20.3506 9.78663 29.7535 27.5843  34.201 25.5279 22.9608 27.7895  8.9743       8 18.9625 16.7112 19.7491 25.9879 11.6802 9.84614 24.4629 28.0933 23.6423 25.5513 22.6871 27.6767 11.9056 17.9126 26.5666 28.4817 17.3684 18.0941   24.52 15.6214 35.2713 33.7511 28.2089
11.3452 52.8006 17.2291 28.4473 14.2163 41.7976 24.0344 33.3951  9.7339 38.4149 7.08915 21.4128       0 17.4908 18.3605 41.1172 25.8347 21.9096 44.7317  42.485 26.7108 38.2708 49.0882 12.7285 28.7965  32.921 16.2183 7.87666 46.5982 9.89969 22.8409 45.5884 34.4525 16.3624  37.022 43.9966 33.9513  21.777 31.9712 13.4233 20.2229 12.4266 25.3561 45.6505 29.1901 34.7891 12.6417 37.7796
16.8314 38.3921 9.22091 13.1762 27.0463 37.7708  9.3361 16.4079 13.1709 25.5848 11.0231 10.4913 17.5054       0 22.0025 30.4384 19.4107 19.3199  36.045 43.8462 31.8964 21.1088  33.099 7.29926 18.3661 28.6154 6.17996      19 36.3176       9 5.65721 32.4649 36.8447 25.8075 19.5575 26.9401 19.0592 19.4906 14.4977      27 18.0354 19.6672 26.7021 33.6791 12.0636 24.5021 29.9021 37.8548
27.7597  41.662 15.4604 35.0801 14.2064 25.9789 30.8331 27.9678 11.9278 28.3494 20.1441 18.0686 18.5771 22.6258       0 27.3172 11.7979 37.5221 30.2463 24.1786  10.316 38.4869 41.6385 15.3506 17.6104 14.6023 25.8515      11  30.853 15.6364 26.0262 34.4592 16.9477 8.15289 41.7266 38.1506 40.9583 6.72319 35.6131 14.7481  36.263       6       7 34.0969 31.1465 46.3852  26.389 19.4568
44.8843 17.8367 23.7245 36.7486 40.0068  17.863 38.4315 19.4562 31.8872 8.70347 37.1287 20.2795 40.7858 30.5892  27.298       0 15.5549 50.0315 15.4936 29.8769 31.5544 28.2019 18.9414 28.8492 12.2795 18.8587 36.7886 35.4231 13.9118 31.3285 26.9777 10.7285 28.5154 36.1322 34.7033 20.9463 42.5533 20.5992 32.4528  40.552 48.7571  31.315 26.7755 10.1728 25.3026 50.6858 51.9355 24.4587
31.1717 29.8634 12.4314 31.7949 24.4942 18.3601 28.7254 17.2979 16.6491 17.0559 23.2354 9.78793 25.6343 19.4799 11.7847 15.6039       0 38.7064 18.9205 24.4716 18.6841 27.9687 28.5649  15.315 6.31161 9.23973 24.9991 20.0278 19.2236  17.241 19.5398 22.6613 19.8245 20.6184 31.6885  27.403 37.4932 5.08556 27.7781 25.0357 37.4358 15.8015 11.2631 22.2993 20.6363 44.9115 36.4025 18.4801
12.6154 53.2669 28.5223 15.4982 36.0973 57.0168  12.474 33.0586 26.5871 42.9202 17.6898 29.5983 21.9059 19.3458 37.4785 49.7751  38.717       0 54.8742 61.5285 47.1789 30.0474 47.5533 25.6538 37.1758 47.8718 17.5729 28.4888 55.8259 23.6629 22.2498 49.4207 54.2968 36.9239 22.4916 39.6995 14.4634 38.5068 20.6174 35.3055 3.18307 32.1302 46.9765 50.8626 26.9399 13.0586 31.4312 56.8284
 49.697  22.047 29.1354  44.197 39.8109 6.10202 45.7362 28.7362 35.4803 18.8426 41.7737 25.8487 44.4609 36.3263 30.1303 15.5978 18.9945 55.1354       0 19.8505 30.2897 37.7435 25.2319 33.8981 19.9823 17.7683  42.461 38.5487 6.10271 35.7696 34.2747 16.7887 22.3035 36.4428 43.5777 29.8458 49.8785 23.4313 39.8988 42.8228 53.8422 33.6664 23.9732 14.3385 32.7619 58.1756  54.753 15.0171
51.9899 41.6929  34.909 55.6904 32.1731 13.8648 53.1783 41.1757 35.2331 35.2074  44.247 34.2618 42.8232 43.8904 24.2554 29.8837  24.485 61.7304 19.8563       0 18.9287 51.8555 44.3582  38.046 29.4158 15.4354 47.0636 35.2554 25.8301  38.321 44.0155 35.7814 9.15749 27.5054   55.58 47.5967 61.3914 24.6375  51.673 33.1731 58.2338 30.2554 17.4953 33.5976 44.5266 69.3772 47.3948  6.0225
37.0616 46.8687 24.8402 46.5147 15.5699 25.4624 44.3992 35.1154 22.7464 35.2906 30.2151 25.5646   26.76 31.9713 10.3584 31.5933 18.7269 47.1822 30.3051 18.9433       0 47.1768 47.0179 24.6972 24.5438 12.8154 37.9147 18.9062  32.766 27.1811 35.3007 39.6939 10.0366 10.8729 49.4445 45.2165 50.3058 14.5701 45.5416 16.5699 45.8854 14.3292 7.53932 39.2446 38.3935 60.0561 30.1366 18.4414
37.9248 24.4486 25.9351 16.7554 46.5029  41.799 21.1432 11.3888 32.4691 19.5852 31.9195 22.9627 38.2649 21.1189 37.3751 28.1405  27.958 29.9114   37.63  51.837 45.6939       0  18.267 26.5317 22.7453 36.6123 26.2701 38.6964 31.7456 28.9672 15.4684 22.4849 47.1976 44.8995 8.11367  10.243 17.3356 32.0904 9.55977 46.6112 32.3032 38.9921 38.2698 25.9686 9.41231  25.493 50.7377 45.8453
49.8541 6.61396 32.0041 33.4732 52.7893 30.9393 36.8375 16.7751 41.1528  13.015 43.7014 27.7672 49.0793 33.0398 41.6372 18.9328 29.8527 47.4598 25.2161 44.3178 46.9882 18.1433       0 35.5896 23.2144   34.33 38.4028 47.4638 19.1544 39.2375 27.6088 8.86248 44.9436 49.0294 26.3629 8.08669 35.4063 34.9375 26.9307 52.2772 48.2702 43.9946 41.1138 10.9132 21.8533 43.7547 61.4757 38.9249
16.1383 40.1134  5.1691 19.7792  20.047 34.0787 15.9374 21.1284       6 26.7355 8.28784 9.00339 12.7286 7.30188 15.3333 29.0632  15.261 25.6365 33.7869 37.9929 24.6203 26.5377 36.4568       0 16.7632  24.442 10.6524  12.185 34.1035 2.82916 11.1986 33.3805 30.7589 18.5777 26.9149 31.3614 25.6603 14.1416  20.784 20.1224 24.3645 12.6699 20.3398 33.4518 17.4471 31.0959  25.361 33.2792
32.6261 25.0267 11.4608 26.8239 29.6144 20.0601 28.3815 11.9559 19.6341 10.7724 24.8421       8  28.512 18.5812 17.5824 12.3506 6.29966 37.3993 17.7167 29.3994 24.4822 22.7377  23.234 16.5605       0 14.1784 24.7042  24.894  17.988 19.0569 16.9304 17.8143 23.7902 25.8599 26.7139 20.4419 32.5324 10.8833 22.7966 30.1572 36.1274 20.8199 17.0651 17.8747 15.6517 40.7879 40.5081 23.4077
39.8786 34.1941 19.7941 40.4605 25.8064  12.993 37.9489 25.9498 25.3568 23.2152 32.0752 19.0286 33.1971 28.6578 14.6699 18.8729 8.77091   47.93 17.7374 15.7326  12.804 36.6309 34.3426 24.5617 14.1935       0 34.2921 25.6699 20.0444 26.1083 28.7755 27.0197 10.7239 20.3536 40.3555 33.9571 46.1601 13.3158 36.4465 26.7035 46.6358 20.6699 7.89419 26.5724 29.3021 54.1305 40.1814 9.43988
14.3016 43.8524 14.4301 11.4378 27.9704 43.2498 7.59758 21.8388 15.5314 31.0794 9.14376 16.6147 16.2149 6.20414 25.8146  36.788  24.909  9.0059 42.1233 48.4658  37.935 26.2203  38.576 10.6508 24.6147 34.0921       0 19.9557  42.591 10.8231 10.9457 37.8891 41.2382 27.8438 22.3326 32.2047 17.3207 24.3834 18.7438 27.8629 16.3096 22.1629  31.075 39.3259 17.1004 22.7632 28.1886 43.3419
18.2744 49.7303 15.5643 30.6416 8.08028 36.9511 26.7997 32.1662 6.34344 34.5713 11.6868  19.769 7.97781      19      11 35.4936 19.9917 28.4938 38.6958 35.1744 18.9007 38.7011 45.8378 12.1837 24.8452 25.5986 19.9543       0 39.2311      10 23.3636 42.5272 26.6376 8.50473 39.0731 42.4023 36.5226 15.4319 32.9483       8 27.1634       5      18 42.1704 29.6097 41.3694 17.0134 30.4572
49.9185      16 29.3653 41.7394 43.5435      12 44.3659 23.7669  35.841 12.9887 41.9881 26.0179 44.8132 36.5787  30.835 13.8993 19.2149 55.9593 6.10055 25.8216 32.7164  31.864 19.1667 34.0598 18.0179 20.0324 42.6683  39.205       0 35.9958 33.3998 10.7946 27.6094 39.6675 38.7285  23.973 46.6241  23.498 36.6919  44.088 54.6906 34.8551 27.8157 8.26776 29.7541 55.4294 55.4927 20.4305
14.1739 43.2639 7.72791 20.8442 21.4225 35.3711  17.002 23.9232 4.48591 29.5309       6 11.6886 9.90049       9 15.5471 31.6014 17.2547 23.6703 35.8033 38.2062 27.1877 28.8182 39.2507 2.82889 19.3029 26.0681 11.2057      10 36.1097       0 13.6227 36.0442 30.9638 17.1202 29.3685 34.1556 26.7252 14.9495 23.1895      18 22.3855 11.2513 20.7976 36.1111 19.8983 32.1833 22.5338 33.4952
22.4732 33.0514 10.6117 11.2034  31.174 35.7989 12.3876 10.9758  17.139 20.2512 16.4652  9.8554 22.8477 5.65765 25.9954 26.8725 19.5346 22.2703 34.1289 43.9565 35.2536  15.462 27.7389 11.1995 16.8846 28.7185  10.832 23.3649 33.1428 13.6246       0 27.1172 37.8383 29.5729  14.667  21.299 17.8528 20.7242 9.60377 31.2813 21.0086 23.6661  27.836 28.5034   6.407 26.5769 35.3028 37.9652
49.1024 7.21615 28.2842 34.8037 47.1648 22.3882  37.532  16.917  36.812 7.22955 41.6291 24.3546  45.483 32.2898 34.4573 10.7263 22.6724 49.4105 16.7843 35.7446 39.6531 22.5261  8.8698 33.3638 17.3465 27.0013 37.6623 42.5404 10.7905 35.9325 26.9181       0 37.5206   43.29 30.5012 13.0458 39.3407  27.758 29.6038 47.7082 48.1284 38.4705 33.9349 2.82844 22.7934 48.1575 57.7026 30.3517
44.8134 43.4601 27.6477 49.0786 23.2636 16.6848 46.1588 36.5299 28.9687 33.8199 36.9669 28.1117 34.5238 36.8488 16.9971 28.5412 19.8628 54.5637 22.2995 9.13577 10.0262 47.2134  43.741 30.7688  24.773 10.7128 41.2688 26.6429 27.5992 31.0428 37.8508 37.5487       0 18.6066 50.9385 44.5383 56.7473 17.2976  47.027 24.2636 53.2891 22.9971 10.2214 35.3673 39.8793 61.3156  38.485 8.54943
26.7997 50.5013 20.2214 37.9133 5.54453 31.8048 34.0706 35.9226   12.68 36.5901 20.0115 23.6469 16.4822 25.7981  8.1335 36.2581 28.6998  36.923 36.4522 27.4622 10.8105 44.9053 49.0474 18.5784 25.8716 20.3425 27.8332 8.51157 39.6928 17.1119 29.5765 43.2995 18.5551       0 45.2825 46.1546 43.7941 15.5902 39.1667 6.44581 35.6105 6.29467 15.0416 42.9407 35.8155 49.7976 20.1252 24.9095
32.9232 32.5684 26.2886 10.9099 46.8571 45.8524 15.3325 15.9716 32.8222 26.0651 30.5245 25.5338 37.0074 19.5228 41.6694 34.7158 31.6963 22.4979 42.7236 55.5792 49.4257 8.11237   26.32 26.8851 26.7308 40.3523 22.3195 39.0495 38.5828 29.3202  14.634 30.4543 50.9376 45.2527       0 18.2904 9.27863 35.8277 5.06519 46.9646 25.5984 39.3453 42.0073  32.866 11.1853 17.5011 49.7148 49.5876
43.7557 14.2837 26.9339 25.6781 48.6969 35.3993 29.7263 10.8672 36.0821 13.0572 37.6392 22.6952 44.0084 26.9317 38.1625  21.009 27.4083  39.686 29.8234 47.5722  45.198  10.288 8.08432 31.3646 20.4256 33.9216 32.1086 42.3921  23.941 34.1628 21.2794 13.0365 44.5068 53.2926 18.3276       0 27.5672  31.588 19.1576 49.0828 40.8672  39.884 37.7664 15.8661 15.0668 35.7225 56.4065 42.1526
26.9121 41.2793 28.2958 8.33928 44.5474 52.0964      10 23.0763 31.1033 33.7531 25.8764 27.6725 33.9378 19.0757 40.9542 42.4047 37.5008 14.4425 49.7408 58.2843  50.238 17.3416 35.4254 25.6314 32.5292 46.1571 17.3039 36.5295 46.4037 26.7274 17.8221 39.0146 56.7531 43.8042 9.32429  27.559       0 38.5552 10.4502  44.407 17.6044 37.8795 45.6519 40.5413 17.2763 9.07099 44.3396 55.3904
29.0658 34.9544 10.2883 31.9656 19.4741 22.6336 28.8024  21.471 14.1625 21.6491 20.9346 11.9213  21.723 19.4891 6.72745 20.7142 5.09503 38.5909 23.4891 24.5885 14.5307 32.0912 34.9317 14.2026 10.9095 13.2939  24.391 15.3072 24.1362 15.0535 20.7282 27.7527 17.3558 15.5722 35.8093 31.5744 38.5655       0 30.3157 20.0173 33.6575 10.8207 7.21742 27.3912  24.754 43.9638 31.4664 19.8798
29.1914 32.7268 20.1693 7.21507 40.7322 42.3277 11.5896 13.0673 26.6956 23.6243 25.4911 19.4138 31.2575 14.4878 35.5533 32.3528 27.7577 20.5975 39.7677 51.4879 45.4871 9.59159 27.0412 20.7492 22.7854 36.4138 18.0149 32.9153 36.5058 23.1543 9.56322 29.5305 46.9992 39.1284 5.07433  19.145 10.4386 30.2836       0 40.8371 22.7626 33.2199 38.0685 31.1013 7.21578 18.1913 44.3695 45.6483
24.7159 54.9179 23.1483 38.5434       1 38.2385 33.7553 38.8484 14.1606 40.8737 19.5514 26.5729 13.3919      27 14.7615  40.574 25.0535 35.2762 42.8966 33.2575 16.5273 46.6114   54.18 20.1212 30.1602 26.7626 27.8553       8 44.1082      18 31.2788 56.5157   24.25 6.47168 46.9897 49.0811 44.4244 20.0262  40.864       0 33.5875 9.44226 20.6605 47.3584 37.5207 48.1488 14.2244 31.3321
 9.4765 53.6495 27.2036 15.5704 34.3982 51.4523 11.1567 31.8156 25.3359 41.6052 16.3828 28.2786 20.2073 18.0269 36.2829 48.4637 37.0716 3.17989 53.5058 60.3565 45.8815 32.2844 48.3464 24.3517 35.8796 46.5543 16.2545 27.2176 54.4931 22.3321 20.9549 48.1481 49.8552 35.6269 25.6046 41.0284 17.6238 37.1533 22.7356 33.6061       0 30.9005 43.1539 49.5906 26.7123      16 28.2903 55.6482
22.1099 45.6818   13.95 32.0293 8.96579 31.9511 28.1827 29.6532 6.78288 31.5349 14.8684 17.3754 12.5816 19.9068       6 31.4217 15.8113 32.1262 34.3022 30.1744 14.3049 39.0071 42.7521 12.6816 20.8205 20.5986 22.1534       5 34.8604 11.2392 23.6799 38.4801 22.9458   6.293 39.3809 39.8805 37.9069 10.8303 33.2647 9.45231 30.8466       0      13 38.1239 29.9134 45.0071 20.6167 25.4572
34.6319 41.1341 17.5031 35.6712 20.4851 19.2341 36.0073 27.6641 18.8836 27.8378 26.7888 18.1077 25.5571 26.7025       7 26.7983 11.2784 44.4721 23.9714 17.4365 7.49979 42.2437 41.1098 20.6018  17.093 7.87025  31.102      18 27.8213 20.9013 27.8521 33.9326 10.2053 15.0289 42.0063  37.768 45.6889 7.22415  38.095 21.3961 43.2055      13       0 33.5727 30.9495 51.1735 33.3885 12.7252
49.0698 8.26538 28.3349 36.2873 48.7795  20.121 39.2544 18.3789 36.8599 8.28784 41.6421 24.3956 45.5106 33.5971   34.08 10.1561  22.297 50.8645 14.3362 33.5814 39.1806 26.0281  10.946 33.3228 17.8542 26.5332 39.1348  42.201 8.26506 36.0059 28.3746 2.83043 35.3537 42.9127 32.9185 15.8915 40.7782 27.3809  31.127 47.3334 49.5761 38.0945 33.5565       0 24.2873 49.6187  57.736 28.1886
28.8534 27.4215 16.8487      12 37.4193 35.0497 15.9496 6.13761 23.3876 16.5782 22.8555 15.6227 29.1876 12.0637 31.1292 25.2177 20.6248 27.0225   32.62 44.5235 38.3586 9.40813 22.0118  17.447 15.6522 28.8985 17.2011 29.6142 29.4657 19.8873 6.41029 22.7044 39.8805 35.8165  11.189 15.0887 17.3359 24.7565 7.22558  37.525 26.7527 29.9112 30.9358 24.2455       0 25.8479 41.6649  38.532
25.4315 49.9396 33.6916 14.3114 48.9575 60.2678 15.3377 31.8698 36.5412 42.2856 30.5437 35.2465 34.7666 24.5133 46.3929 50.5226 44.8943 13.0577 57.8953 69.3253 60.0394 25.4828 43.6986 29.4153 40.6669 54.0886 22.7437 41.3522 55.1816 32.1655 26.5616 47.8563 61.3156 49.7871 17.4841 35.6842 9.08204 43.9667 18.1113 48.1654      16 44.9994 51.1427 49.3847 25.7545       0 44.1913 63.3332
19.7624 64.9356 29.5475 38.8286 15.1996 51.6547 34.4179 45.8536 21.1017 50.6428 19.1516 33.2458 12.6574 29.8894 26.4287 52.0118 36.4603 31.4132  54.873 47.3558 30.1694 50.7471 61.4886 25.3797 40.5543 40.2397 28.1827 17.0297 55.5156 22.5518 35.3036 57.7224 38.4666 20.1473 49.7239 56.3862  44.332 31.4953 44.3786 14.1996 28.2813 20.6821 33.4287 57.7873 41.6718 44.1863       0 44.8061
47.1434 36.2889 29.0576 49.6998 30.3436 9.34679  47.184 35.1778   31.44 29.7611 39.6662 27.0745 37.8837 37.8912 19.4827  24.444 18.5125 57.0389 15.0101 6.01756 18.4163 45.8604 38.9557 33.2894 23.4145 9.76252  43.536 30.4823  20.427 34.5827 38.0109 30.3784 8.51508 24.8713  49.583 42.1559 55.4096 19.8755 45.6738 31.2351 55.7591 25.4823 12.7337 28.1964 37.2085 63.4043 44.7045       0

