      0 55.1783 21.3341 22.0318 25.5115 49.4532 33.2341 17.6249 33.1974 16.8395 42.3966 8.14163 24.9269 11.3196 36.5058  49.324   28.84 25.4437 19.7723 46.9221 10.4146
55.1083       0 35.5208 39.2216 54.3704      28 23.3915 43.1551 21.5267 43.4829 14.3857 48.1381 31.5651 52.7247 41.1419 8.26731 27.3557 49.9822 64.9155 36.2919 49.4314
21.2679 35.6133       0 21.8294 22.7413 28.8372  12.196 18.5459 16.6884 9.23925 21.1755 13.4142 4.24275 17.2223 17.4979 28.4633 16.8559 33.7036 29.5522 28.9419 13.9154
22.0161 39.3197 21.7322       0 38.6571 46.3992 25.4053 4.42691 18.1128  25.212 28.5154 19.9858 20.9776 28.4093  38.957 36.2337      12 14.3362 38.8093 49.6853 23.8606
25.5221 54.3852 22.7652  38.659       0 37.2779 31.3829   34.82 38.4656  14.055 40.3565 19.6638  26.189   14.19 19.0143  46.608 37.4084 48.9591 15.2242 30.4142 15.9219
49.5272      28 28.9522 46.4918 37.2251       0 21.1148 47.9768 31.0412 34.6972  23.209 41.3636 28.1293 43.6775 19.2212 20.1225 35.0682 60.4454  51.604 9.34211 40.6437
32.9768 23.4011 12.1479 25.4313  31.394 21.0502       0 26.9117 10.0646 20.3152 9.10503 25.4135 8.28784 29.3337 18.9452 16.2489 14.1902 39.3413 41.5329 25.0938 26.0485
17.6319 43.3531 18.5347 4.43796  34.829 47.7785 26.8014       0 21.4818 21.3845 31.2993 16.1579 21.0555 24.0281 36.0318  39.276 16.3894 15.3531 34.4298 47.1332 20.0323
32.4103 22.1064 16.6826 18.1713 38.4476 30.9882 10.2843 21.4041       0 25.8313 10.6686 27.0162 12.4472 33.3237 27.6504 18.3856 6.16999 32.1151 45.8083 35.1536 28.4296
17.0836 44.0823  9.2448  25.256 14.0558 34.6962 20.6676 21.4186 25.8497       0 29.7599  9.0059 13.4504 9.75912 18.7131 36.9318 23.3777 36.5894 21.1053 31.2082       7
 42.418 14.3743 21.1681 28.7106 40.3418 23.1827 9.10968 31.4055 10.7536 29.7486       0 34.8071 16.9986 38.4043 27.8064 8.37515 16.7201 42.6207 49.4723 29.7729 35.0233
8.17389 48.1605 13.5793 19.9825 19.6578 41.3526 25.7579 16.1363  27.037  8.9743 34.7896       0 17.3073 7.09023 26.1317 41.8246 22.8463  30.575  19.163 39.4216  4.1411
24.6886 31.6712 4.24285 21.1066 26.1828 28.0732 8.37515 21.0526 12.4532 13.4372 17.0342 17.2109       0 21.4052 18.0941 24.4507 15.2837 35.2713 33.7511 28.2089  18.033
11.3452 52.8006 17.2291 28.4473 14.2163 43.7557 29.4257 24.0344 33.3951 9.67141 37.6487 7.08915 21.4128       0 25.3561 45.6505 29.1901 34.7891  12.642 37.7796 3.61132
34.6319 41.1341 17.5031  35.615 20.4851 19.2341 18.9495 36.0073 27.6641 18.8836 27.8378 26.7888 18.1077 25.5571       0 33.5727 30.9495 51.1735 33.3885 12.7252 24.2746
48.7745 8.26538 28.3349 36.2873 46.7889  20.121  16.221 39.2544 18.3789 36.8599 8.28784 41.6421 24.3956 45.5106 33.5565       0 24.2873 49.6187  57.736 30.4222 42.2403
28.8534 27.4215 16.8487      12 37.4193 35.0497 14.1974 15.9496 6.13761 23.3876 16.5782 22.8555 15.6227 29.1876 30.9358 24.2455       0 25.4342 41.6649  38.532 25.5899
25.4315 49.9396 33.6916 14.1329 48.9575 60.2678  39.253 15.3377 31.8698 34.4971 42.2856 30.5437 35.2465 34.7666 51.1427 48.5059 25.7545       0 44.1913 63.3332  33.438
18.3071 64.9356 29.5475 38.8286 15.1996 51.6547 41.5412 34.4179 45.8536 21.1017  49.054 19.1516 33.7523 12.6574 33.4287 57.7873 41.6718 44.1863       0 44.8061  15.865
47.1434 36.2889 29.0576 49.6998 30.3436 9.34679 25.1032  47.184 35.1778   31.44 29.7611 39.6662 28.2558 38.0888 12.7337 28.1964 38.5309 59.6616 44.7045       0 36.8799
10.4259 49.6129 13.9565 23.8822 15.9171 40.7623 26.2033 20.0396 29.7583       7 35.0759 4.14429 19.1116 3.61919 24.0327 42.4625 25.5957 33.4376 16.1855 36.5385       0

