
1	138.806
2	138.803
3	138.803
4	138.803
5	138.802
6	138.802
7	138.801
8	138.801
9	138.8
10	138.8
11	138.799
12	138.799
13	138.798
14	138.798
15	138.797
16	138.797
17	138.796
18	138.796
19	138.795
20	138.795
21	138.794
22	138.793
23	138.793
24	138.792
25	138.792
26	138.791
27	138.791
28	138.79
29	138.789
30	138.789
31	138.788
32	138.788
33	138.787
34	138.786
35	138.786
36	138.785
37	138.785
38	138.784
39	138.783
40	138.783
41	138.782
42	138.781
43	138.781
44	138.78
45	138.779
46	138.779
47	138.778
48	138.777
49	138.776
50	138.776
51	138.775
52	138.774
53	138.773
54	138.773
55	138.772
56	138.771
57	138.77
58	138.77
59	138.769
60	138.768
61	138.767
62	138.766
63	138.765
64	138.765
65	138.764
66	138.763
67	138.762
68	138.761
69	138.76
70	138.759
71	138.759
72	138.758
73	138.757
74	138.756
75	138.755
76	138.754
77	138.753
78	138.752
79	138.751
80	138.75
81	138.749
82	138.748
83	138.747
84	138.746
85	138.745
86	138.744
87	138.743
88	138.742
89	138.741
90	138.74
91	138.738
92	138.737
93	138.736
94	138.735
95	138.734
96	138.733
97	138.732
98	138.73
99	138.729
100	138.728
101	138.727
102	138.726
103	138.724
104	138.723
105	138.722
106	138.721
107	138.719
108	138.718
109	138.717
110	138.715
111	138.714
112	138.713
113	138.711
114	138.71
115	138.708
116	138.707
117	138.706
118	138.704
119	138.703
120	138.701
121	138.7
122	138.698
123	138.697
124	138.695
125	138.693
126	138.692
127	138.69
128	138.689
129	138.687
130	138.685
131	138.684
132	138.682
133	138.68
134	138.679
135	138.677
136	138.675
137	138.674
138	138.672
139	138.67
140	138.668
141	138.666
142	138.664
143	138.663
144	138.661
145	138.659
146	138.657
147	138.655
148	138.653
149	138.651
150	138.649
151	138.647
152	138.645
153	138.643
154	138.641
155	138.639
156	138.637
157	138.634
158	138.632
159	138.63
160	138.628
161	138.626
162	138.623
163	138.621
164	138.619
165	138.616
166	138.614
167	138.612
168	138.609
169	138.607
170	138.604
171	138.602
172	138.599
173	138.597
174	138.594
175	138.592
176	138.589
177	138.586
178	138.584
179	138.581
180	138.578
181	138.576
182	138.573
183	138.57
184	138.567
185	138.564
186	138.561
187	138.558
188	138.555
189	138.552
190	138.549
191	138.546
192	138.543
193	138.54
194	138.537
195	138.534
196	138.531
197	138.527
198	138.524
199	138.521
200	138.518
201	138.514
202	138.511
203	138.507
204	138.504
205	138.5
206	138.497
207	138.493
208	138.49
209	138.486
210	138.482
211	138.478
212	138.475
213	138.471
214	138.467
215	138.463
216	138.459
217	138.455
218	138.451
219	138.447
220	138.443
221	138.439
222	138.435
223	138.43
224	138.426
225	138.422
226	138.417
227	138.413
228	138.409
229	138.404
230	138.399
231	138.395
232	138.39
233	138.386
234	138.381
235	138.376
236	138.371
237	138.366
238	138.361
239	138.356
240	138.351
241	138.346
242	138.341
243	138.336
244	138.331
245	138.325
246	138.32
247	138.314
248	138.309
249	138.303
250	138.298
251	138.292
252	138.286
253	138.281
254	138.275
255	138.269
256	138.263
257	138.257
258	138.251
259	138.245
260	138.238
261	138.232
262	138.226
263	138.219
264	138.213
265	138.206
266	138.2
267	138.193
268	138.186
269	138.18
270	138.173
271	138.166
272	138.159
273	138.151
274	138.144
275	138.137
276	138.13
277	138.122
278	138.115
279	138.107
280	138.099
281	138.092
282	138.084
283	138.076
284	138.068
285	138.06
286	138.052
287	138.044
288	138.035
289	138.027
290	138.018
291	138.01
292	138.001
293	137.992
294	137.983
295	137.974
296	137.965
297	137.956
298	137.947
299	137.937
300	137.928
301	137.918
302	137.909
303	137.899
304	137.889
305	137.879
306	137.869
307	137.859
308	137.848
309	137.838
310	137.827
311	137.817
312	137.806
313	137.795
314	137.784
315	137.773
316	137.762
317	137.75
318	137.739
319	137.727
320	137.716
321	137.704
322	137.692
323	137.68
324	137.667
325	137.655
326	137.642
327	137.63
328	137.617
329	137.604
330	137.591
331	137.578
332	137.564
333	137.551
334	137.537
335	137.523
336	137.51
337	137.495
338	137.481
339	137.467
340	137.452
341	137.437
342	137.423
343	137.407
344	137.392
345	137.377
346	137.361
347	137.346
348	137.33
349	137.313
350	137.297
351	137.281
352	137.264
353	137.247
354	137.23
355	137.213
356	137.196
357	137.178
358	137.16
359	137.142
360	137.124
361	137.106
362	137.087
363	137.068
364	137.049
365	137.03
366	137.011
367	136.991
368	136.971
369	136.951
370	136.931
371	136.91
372	136.889
373	136.868
374	136.847
375	136.825
376	136.804
377	136.782
378	136.759
379	136.737
380	136.714
381	136.691
382	136.667
383	136.644
384	136.62
385	136.596
386	136.571
387	136.547
388	136.522
389	136.496
390	136.471
391	136.445
392	136.419
393	136.392
394	136.365
395	136.338
396	136.311
397	136.283
398	136.255
399	136.227
400	136.198
401	136.169
402	136.139
403	136.109
404	136.079
405	136.049
406	136.018
407	135.987
408	135.955
409	135.923
410	135.891
411	135.858
412	135.825
413	135.791
414	135.757
415	135.722
416	135.688
417	135.652
418	135.617
419	135.58
420	135.544
421	135.507
422	135.469
423	135.431
424	135.393
425	135.354
426	135.315
427	135.275
428	135.234
429	135.193
430	135.152
431	135.11
432	135.067
433	135.024
434	134.981
435	134.937
436	134.892
437	134.847
438	134.801
439	134.754
440	134.707
441	134.66
442	134.611
443	134.583
444	137.543
445	134.752
446	134.53
447	137.493
448	134.617
449	134.495
450	137.438
451	134.478
452	134.458
453	137.381
454	134.334
455	134.42
456	137.321
457	134.184
458	134.381
459	137.258
460	134.077
461	137.248
462	134.036
463	137.205
464	133.996
465	137.161
466	133.955
467	137.115
468	133.913
469	137.068
470	133.869
471	137.019
472	133.824
473	136.969
474	133.778
475	136.917
476	133.731
477	136.863
478	133.682
479	136.808
480	133.632
481	136.751
482	133.58
483	136.691
484	133.526
485	136.63
486	133.471
487	136.567
488	133.415
489	136.502
490	133.356
491	136.434
492	133.296
493	136.364
494	133.234
495	136.292
496	133.17
497	136.217
498	133.104
499	136.139
500	133.036
501	136.059
502	132.966
503	135.976
504	132.894
505	135.889
506	132.819
507	135.8
508	132.742
509	135.674
510	132.645
511	135.577
512	132.563
513	135.478
514	132.478
515	135.375
516	132.391
517	135.268
518	132.302
519	135.157
520	132.209
521	135.042
522	132.113
523	134.922
524	132.014
525	134.797
526	131.912
527	134.667
528	131.807
529	134.533
530	131.698
531	134.392
532	131.586
533	134.246
534	131.47
535	134.094
536	131.35
537	133.936
538	131.226
539	133.77
540	131.098
541	133.598
542	130.966
543	133.418
544	130.851
545	133.294
546	132.357
547	133.021
548	130.673
549	132.891
550	132.195
551	132.597
552	130.546
553	132.446
554	132.018
555	132.132
556	130.411
557	131.957
558	131.83
559	131.619
560	130.267
561	131.485
562	133.682
563	129.823
564	131.281
565	131.46
566	130.631
567	129.988
568	131.025
569	132.964
570	129.463
571	130.774
572	132.755
573	129.28
574	130.535
575	132.403
576	129.097
577	130.284
578	132.012
579	128.903
580	130.019
581	131.583
582	128.698
583	129.737
584	131.111
585	128.479
586	129.439
587	130.59
588	128.247
589	129.123
590	130.009
591	128.002
592	128.789
593	129.359
594	127.741
595	127.927
596	129.02
597	127.332
598	127.999
599	128.048
600	126.578
601	127.45
602	127.493
603	126.717
604	126.62
605	126.603
606	126.277
607	126.653
608	125.037
609	125.703
610	126.172
611	124.89
612	125.898
613	125.35
614	126.381
615	121.563
616	124.511
617	124.495
618	124.774
619	121.857
620	123.301
621	122.208
622	123.736
623	119.54
624	121.159
625	122.582
626	122.519
627	119.212
628	120.195
629	118.345
630	120.401
631	117.74
632	116.37
633	115.33
634	114.768
635	114.611
636	113.745
637	109.974
638	109.389
639	107.027
640	103.603
641	99.6826
642	97.3104
643	91.959
644	89.2534
645	85.5572
646	80.8349
647	80.0147
648	73.6689
649	70.5348
650	64.7661
651	64.6501
652	62.7498
653	62.5866
654	62.5306
655	62.4862