      1e+20 7.31227e+11  9.4804e+11     27.4502     8.74579     89.4219     65.2171     10.8788     24.6955     91.1001     27.6693     78.9638     41.8194     64.5668     19.9327  6.4712e+21 2.01659e+21 4.27932e+21
1.44507e+11       1e+20 2.17518e+11     72.7948     59.2365     14.8216     29.2882      80.219     63.7504     18.4183     92.2632     41.1943     33.2853     11.2598     75.6196 6.76336e+21 1.85941e+21 3.17039e+21
5.52139e+11 6.75104e+11       1e+20     39.2675     30.2944     13.3044     40.2112     6.02878      73.352       27.01     75.4731     48.8885     76.0891     5.28211     19.4345 8.76105e+21 3.38163e+21 6.33857e+20
5.80344e+11 3.43931e+11 2.05172e+11       1e+10     84.2752     45.1752     17.0104     78.2836     18.3266     22.5324      46.642     38.2218      4.3672     2.09996     35.6164     16.2788     36.4102     84.0944
3.07266e+11 8.31546e+11 7.57191e+11     47.0302       1e+10     73.9242     78.9104     91.8408       17.55     80.6869     26.2912     54.5793     22.4847     59.2338     74.0214     34.7598     70.0295     33.7382
 7.5638e+11  8.4657e+11 6.57601e+11     95.1936     54.4825       1e+10     4.19609     14.8577     2.45144     11.0255      14.571     31.3631     50.8364      36.945      51.786     31.3988     94.4383     85.4798
 4.1577e+10 4.20909e+11 1.47671e+11     57.0128     28.4383     18.5226       1e+10     91.1579     68.7665     53.8146     28.3112     61.7227     92.1754     62.1298     38.6798     16.5303     48.0485     78.0145
1.72504e+11 3.39289e+11 6.04761e+11     11.9823     22.1917     66.8431     34.8712       1e+10     71.6717     61.9751     97.5048     7.44512     64.4131     12.0092     59.3367      27.767     49.8039     36.8266
2.57133e+11 4.09235e+11 7.65294e+11     55.7533     51.7933     68.4048     93.6311     31.4323       1e+10      59.258     62.5478     37.5331     16.6837     95.2772     63.1012     11.4759     51.5455     1.27568
5.49673e+11 7.42354e+11 8.76723e+11     60.1026     50.6222     12.6218     53.7996     63.2686      34.028       1e+10     89.1994      48.974     98.4018     15.4229     81.9375      49.067     69.9466     47.5543
1.66933e+11 5.69261e+11 2.51881e+11     31.1482     63.9849     9.82888     29.0994     84.0155     39.0979     82.4745       1e+10     32.6629     33.3514     39.2576     92.5404     95.8633     33.8605     58.3496
9.42498e+11 8.96391e+11 4.41631e+11     73.3474     82.4972     13.8742     51.4399     32.2822     81.6692     24.5009     88.8082       1e+10     4.06339     1.25141     12.6383     93.9201     9.75271      50.688
 8.4757e+11 6.49521e+11 7.52829e+11      92.919     55.9608     81.4401     55.1217     81.2882     72.2136     52.8658     42.9284     52.7754       1e+10     93.0071     79.7744     4.08843     51.0786     90.1155
1.17694e+11 6.05597e+11 9.73108e+11     25.9522      90.435     17.5747     18.5213     49.2325     48.9768     7.17005     65.8473     59.3322     12.3153       1e+10     57.1072     15.7959     53.8621     31.6585
7.39053e+11 4.08979e+10 2.31839e+11     94.0992      55.292     72.1107     65.2615     60.5704     61.8882     87.2513     7.22646     53.2931     44.2577     33.5367       1e+10     69.5398     29.0897       38.78
 6.4712e+21 2.01659e+21 4.27932e+21 4.29857e+11 9.42282e+11 1.17345e+11 6.74262e+11 2.14994e+11 7.72424e+11 2.62178e+11 6.89384e+11 2.82484e+11 3.42037e+11 6.90963e+11 8.40566e+11       1e+20 4.32197e+11 9.20134e+11
6.76336e+21 1.85941e+21 3.17039e+21 4.54694e+11 5.78087e+11  1.8499e+10 6.26965e+11 6.52429e+11 2.72604e+11 2.44967e+11 8.73797e+11 5.97417e+10 4.95371e+11 8.34443e+11 5.82072e+11 5.04123e+11       1e+20 6.70687e+11
8.76105e+21 3.38163e+21 6.33857e+20 6.98183e+11 2.32219e+10 1.90196e+11 3.91856e+11 3.94808e+11  5.3729e+11 4.80133e+10 8.69134e+11 7.85843e+11  9.7837e+11 5.50214e+11  8.1132e+11 4.35612e+11 6.28495e+11       1e+20
