
1	318.157
2	318.157
3	318.156
4	318.156
5	318.156
6	318.155
7	318.155
8	318.155
9	318.155
10	318.154
11	318.154
12	318.154
13	318.153
14	318.153
15	318.153
16	318.152
17	318.152
18	318.152
19	318.152
20	318.151
21	318.151
22	318.151
23	318.15
24	318.15
25	318.15
26	318.149
27	318.149
28	318.149
29	318.148
30	318.148
31	318.147
32	318.147
33	318.147
34	318.146
35	318.146
36	318.146
37	318.145
38	318.145
39	318.144
40	318.144
41	318.144
42	318.143
43	318.143
44	318.142
45	318.142
46	318.142
47	318.141
48	318.141
49	318.14
50	318.14
51	318.139
52	318.139
53	318.139
54	318.138
55	318.138
56	318.137
57	318.137
58	318.136
59	318.136
60	318.135
61	318.135
62	318.134
63	318.134
64	318.133
65	318.133
66	318.132
67	318.132
68	318.131
69	318.131
70	318.13
71	318.13
72	318.129
73	318.129
74	318.128
75	318.127
76	318.127
77	318.126
78	318.126
79	318.125
80	318.125
81	318.124
82	318.123
83	318.123
84	318.122
85	318.122
86	318.121
87	318.12
88	318.12
89	318.119
90	318.118
91	318.118
92	318.117
93	318.116
94	318.116
95	318.115
96	318.114
97	318.113
98	318.113
99	318.112
100	318.112
101	318.11
102	318.11
103	318.109
104	318.109
105	318.107
106	318.107
107	318.106
108	318.105
109	318.104
110	318.104
111	318.103
112	318.102
113	318.101
114	318.101
115	318.099
116	318.099
117	318.098
118	318.097
119	318.096
120	318.096
121	318.094
122	318.094
123	318.092
124	318.092
125	318.09
126	318.09
127	318.088
128	318.088
129	318.087
130	318.086
131	318.085
132	318.084
133	318.083
134	318.082
135	318.08
136	318.08
137	318.078
138	318.078
139	318.076
140	318.076
141	318.074
142	318.074
143	318.072
144	318.072
145	318.07
146	318.069
147	318.067
148	318.067
149	318.065
150	318.065
151	318.063
152	318.062
153	318.06
154	318.06
155	318.058
156	318.057
157	318.055
158	318.055
159	318.052
160	318.052
161	318.05
162	318.049
163	318.047
164	318.047
165	318.044
166	318.044
167	318.041
168	318.041
169	318.039
170	318.038
171	318.036
172	318.035
173	318.033
174	318.032
175	318.03
176	318.029
177	318.026
178	318.026
179	318.023
180	318.023
181	318.02
182	318.019
183	318.017
184	318.016
185	318.013
186	318.013
187	318.01
188	318.009
189	318.006
190	318.006
191	318.003
192	318.002
193	317.999
194	317.998
195	317.995
196	317.995
197	317.991
198	317.991
199	317.987
200	317.987
201	317.984
202	317.983
203	317.979
204	317.979
205	317.975
206	317.975
207	317.971
208	317.97
209	317.967
210	317.966
211	317.962
212	317.962
213	317.958
214	317.957
215	317.953
216	317.953
217	317.949
218	317.948
219	317.944
220	317.943
221	317.939
222	317.938
223	317.934
224	317.933
225	317.929
226	317.928
227	317.924
228	317.923
229	317.918
230	317.918
231	317.913
232	317.912
233	317.908
234	317.907
235	317.902
236	317.901
237	317.896
238	317.895
239	317.89
240	317.889
241	317.884
242	317.883
243	317.878
244	317.877
245	317.872
246	317.871
247	317.866
248	317.865
249	317.859
250	317.858
251	317.853
252	317.852
253	317.846
254	317.845
255	317.839
256	317.838
257	317.832
258	317.831
259	317.825
260	317.824
261	317.818
262	317.817
263	317.81
264	317.809
265	317.803
266	317.801
267	317.795
268	317.794
269	317.787
270	317.786
271	317.779
272	317.778
273	317.771
274	317.769
275	317.762
276	317.761
277	317.754
278	317.752
279	317.745
280	317.744
281	317.736
282	317.735
283	317.727
284	317.725
285	317.717
286	317.716
287	317.708
288	317.707
289	317.698
290	317.697
291	317.688
292	317.687
293	317.678
294	317.677
295	317.668
296	317.666
297	317.657
298	317.656
299	317.647
300	317.645
301	317.636
302	317.634
303	317.625
304	317.623
305	317.613
306	317.612
307	317.602
308	317.6
309	317.59
310	317.588
311	317.578
312	317.576
313	317.565
314	317.563
315	317.553
316	317.551
317	317.54
318	317.538
319	317.527
320	317.525
321	317.513
322	317.511
323	317.5
324	317.498
325	317.486
326	317.484
327	317.471
328	317.469
329	317.457
330	317.455
331	317.442
332	317.44
333	317.427
334	317.425
335	317.411
336	317.409
337	317.396
338	317.393
339	317.379
340	317.377
341	317.363
342	317.361
343	317.346
344	317.344
345	317.329
346	317.327
347	317.312
348	317.309
349	317.294
350	317.291
351	317.276
352	317.273
353	317.257
354	317.254
355	317.238
356	317.235
357	317.219
358	317.216
359	317.199
360	317.196
361	317.179
362	317.176
363	317.158
364	317.155
365	317.137
366	317.134
367	317.116
368	317.113
369	317.094
370	317.091
371	317.072
372	317.068
373	317.049
374	317.045
375	317.026
376	317.022
377	317.002
378	316.998
379	316.978
380	316.974
381	316.953
382	316.949
383	316.928
384	316.924
385	316.902
386	316.898
387	316.875
388	316.872
389	316.849
390	316.845
391	316.821
392	316.817
393	316.793
394	316.789
395	316.765
396	316.76
397	316.735
398	316.731
399	316.706
400	316.701
401	316.675
402	316.671
403	316.644
404	316.64
405	316.612
406	316.608
407	316.58
408	316.576
409	316.547
410	316.542
411	316.513
412	316.509
413	316.479
414	316.474
415	316.444
416	316.439
417	316.408
418	316.403
419	316.371
420	316.366
421	316.334
422	316.329
423	316.296
424	316.29
425	316.257
426	316.251
427	316.217
428	316.211
429	316.176
430	316.171
431	316.135
432	316.129
433	316.092
434	316.087
435	316.049
436	316.043
437	316.005
438	315.999
439	315.96
440	315.954
441	315.914
442	315.907
443	315.867
444	315.86
445	315.819
446	315.812
447	315.77
448	315.763
449	315.719
450	315.713
451	315.668
452	315.661
453	315.616
454	315.609
455	315.563
456	315.555
457	315.508
458	315.501
459	315.452
460	315.445
461	315.396
462	315.388
463	315.337
464	315.33
465	315.278
466	315.27
467	315.217
468	315.209
469	315.156
470	315.147
471	315.092
472	315.084
473	315.028
474	315.019
475	314.962
476	314.953
477	314.894
478	314.885
479	314.825
480	314.816
481	314.755
482	314.746
483	314.683
484	314.674
485	314.61
486	314.6
487	314.534
488	314.525
489	314.458
490	314.448
491	314.379
492	314.369
493	314.299
494	314.289
495	314.217
496	314.207
497	314.134
498	314.123
499	314.048
500	314.038
501	313.961
502	313.95
503	313.872
504	313.86
505	313.78
506	313.769
507	313.687
508	313.675
509	313.592
510	313.58
511	313.494
512	313.482
513	313.394
514	313.382
515	313.292
516	313.28
517	313.188
518	313.176
519	313.082
520	313.069
521	312.973
522	312.96
523	312.862
524	312.848
525	312.748
526	312.734
527	312.631
528	312.618
529	312.512
530	312.498
531	312.39
532	312.376
533	312.266
534	312.251
535	312.138
536	312.124
537	312.008
538	311.993
539	311.874
540	311.86
541	311.738
542	311.723
543	311.598
544	311.583
545	311.456
546	311.44
547	311.309
548	311.294
549	311.16
550	311.144
551	311.007
552	310.99
553	310.85
554	310.833
555	310.69
556	310.673
557	310.526
558	310.508
559	310.358
560	310.34
561	310.185
562	310.168
563	310.009
564	309.991
565	309.829
566	309.811
567	309.644
568	309.626
569	309.455
570	309.436
571	309.261
572	309.242
573	309.063
574	309.043
575	308.859
576	308.839
577	308.651
578	308.631
579	308.437
580	308.535
581	308.319
582	308.303
583	308.1
584	308.085
585	307.876
586	307.862
587	307.648
588	307.633
589	307.414
590	307.399
591	307.174
592	307.16
593	306.928
594	306.914
595	306.677
596	306.663
597	306.419
598	306.406
599	306.155
600	306.142
601	305.884
602	305.872
603	305.607
604	305.596
605	305.323
606	305.312
607	305.032
608	305.021
609	304.733
610	304.724
611	304.427
612	304.418
613	304.113
614	304.105
615	303.837
616	310.346
617	304.284
618	303.633
619	309.905
620	303.97
621	303.277
622	309.774
623	303.366
624	303.123
625	309.283
626	303.03
627	302.742
628	309.143
629	302.382
630	302.574
631	308.848
632	302.102
633	308.629
634	302.115
635	308.413
636	301.875
637	307.994
638	301.834
639	307.963
640	301.277
641	307.653
642	301.502
643	307.213
644	300.986
645	307.172
646	300.852
647	306.855
648	300.577
649	306.37
650	300.49
651	306.32
652	299.886
653	305.968
654	300.094
655	305.442
656	299.544
657	305.381
658	299.347
659	305.018
660	299.053
661	304.442
662	298.912
663	304.364
664	298.253
665	303.965
666	298.436
667	303.33
668	297.847
669	303.243
670	297.572
671	302.827
672	297.252
673	302.135
674	297.045
675	302.02
676	296.318
677	301.567
678	296.466
679	300.795
680	295.832
681	300.671
682	295.461
683	300.192
684	295.104
685	299.356
686	294.816
687	299.189
688	294.005
689	298.675
690	294.101
691	297.724
692	293.415
693	297.55
694	292.922
695	296.997
696	292.511
697	295.974
698	292.119
699	295.734
700	291.203
701	295.15
702	291.219
703	293.965
704	290.471
705	293.721
706	289.822
707	293.076
708	289.332
709	291.807
710	288.803
711	291.463
712	287.749
713	290.794
714	287.64
715	289.292
716	286.816
717	288.949
718	285.956
719	288.18
720	285.35
721	286.576
722	284.677
723	285.947
724	283.354
725	285.103
726	283.044
727	283.128
728	282.102
729	282.613
730	281.275
731	280.665
732	280.211
733	280.058
734	278.978
735	278.994
736	278.083
737	277.282
738	276.809
739	275.943
740	279.548
741	275.59
742	274.12
743	277.947
744	273.059
745	272.452
746	274.73
747	271.449
748	270.175
749	271.996
750	268.622
751	267.529
752	267.581
753	268.108
754	265.457
755	267.014
756	265.012
757	261.254
758	266.002
759	270.117
760	271.543
761	269.213
762	265.26
763	261.842
764	259.749
765	253.062
766	241.672
767	220.544
768	201.684
769	171.179
770	126.62
771	95.2903
772	94.9772
773	135.89
774	146.214