
1	76.1687	63.8405	101.972	111.417	92.5646	33.982	44.2191	52.9841	46.0777	31.3384	1	1	1	1	1	
2	76.1687	63.8401	101.971	111.417	92.5647	33.9816	44.2176	52.9832	46.0782	31.3393	1	1	1	1	1	
3	76.1685	63.8399	101.971	111.416	92.5644	33.9816	44.2173	52.983	46.078	31.3391	1	1	1	1	1	
4	76.1683	63.8396	101.971	111.416	92.5641	33.9815	44.2169	52.9829	46.0779	31.339	1	1	1	1	1	
5	76.1681	63.8394	101.971	111.415	92.5638	33.9814	44.2166	52.9827	46.0777	31.3388	1	1	1	1	1	
6	76.1679	63.8391	101.97	111.414	92.5635	33.9813	44.2163	52.9825	46.0775	31.3387	1	1	1	1	1	
7	76.1678	63.8388	101.97	111.414	92.5632	33.9812	44.2159	52.9824	46.0774	31.3385	1	1	1	1	1	
8	76.1676	63.8386	101.97	111.413	92.5628	33.9811	44.2156	52.9822	46.0772	31.3384	1	1	1	1	1	
9	76.1674	63.8383	101.97	111.413	92.5625	33.981	44.2153	52.982	46.077	31.3382	1	1	1	1	1	
10	76.1672	63.8381	101.969	111.412	92.5622	33.9809	44.2149	52.9819	46.0768	31.338	1	1	1	1	1	
11	76.167	63.8378	101.969	111.411	92.5618	33.9808	44.2146	52.9817	46.0767	31.3379	1	1	1	1	1	
12	76.1668	63.8375	101.969	111.411	92.5615	33.9807	44.2142	52.9815	46.0765	31.3377	1	1	1	1	1	
13	76.1666	63.8373	101.969	111.41	92.5612	33.9806	44.2139	52.9813	46.0763	31.3376	1	1	1	1	1	
14	76.1664	63.837	101.968	111.409	92.5608	33.9805	44.2135	52.9812	46.0761	31.3374	1	1	1	1	1	
15	76.1662	63.8367	101.968	111.409	92.5605	33.9804	44.2131	52.981	46.0759	31.3372	1	1	1	1	1	
16	76.166	63.8364	101.968	111.408	92.5601	33.9803	44.2128	52.9808	46.0757	31.3371	1	1	1	1	1	
17	76.1658	63.8361	101.968	111.407	92.5598	33.9802	44.2124	52.9806	46.0755	31.3369	1	1	1	1	1	
18	76.1656	63.8359	101.967	111.407	92.5594	33.9801	44.212	52.9804	46.0753	31.3367	1	1	1	1	1	
19	76.1654	63.8356	101.967	111.406	92.5591	33.98	44.2117	52.9802	46.0751	31.3365	1	1	1	1	1	
20	76.1651	63.8353	101.967	111.405	92.5587	33.9799	44.2113	52.98	46.0749	31.3364	1	1	1	1	1	
21	76.1649	63.835	101.967	111.404	92.5583	33.9798	44.2109	52.9799	46.0747	31.3362	1	1	1	1	1	
22	76.1647	63.8347	101.966	111.404	92.558	33.9797	44.2105	52.9797	46.0745	31.336	1	1	1	1	1	
23	76.1645	63.8344	101.966	111.403	92.5576	33.9796	44.2101	52.9795	46.0743	31.3358	1	1	1	1	1	
24	76.1643	63.8341	101.966	111.402	92.5572	33.9794	44.2097	52.9793	46.0741	31.3357	1	1	1	1	1	
25	76.1641	63.8338	101.965	111.402	92.5568	33.9793	44.2093	52.9791	46.0739	31.3355	1	1	1	1	1	
26	76.1638	63.8335	101.965	111.401	92.5564	33.9792	44.2089	52.9789	46.0737	31.3353	1	1	1	1	1	
27	76.1636	63.8331	101.965	111.4	92.556	33.9791	44.2085	52.9787	46.0735	31.3351	1	1	1	1	1	
28	76.1634	63.8328	101.964	111.399	92.5556	33.979	44.2081	52.9785	46.0733	31.3349	1	1	1	1	1	
29	76.1631	63.8325	101.964	111.399	92.5552	33.9789	44.2077	52.9783	46.0731	31.3347	1	1	1	1	1	
30	76.1629	63.8322	101.964	111.398	92.5548	33.9787	44.2072	52.978	46.0728	31.3345	1	1	1	1	1	
31	76.1627	63.8319	101.964	111.397	92.5544	33.9786	44.2068	52.9778	46.0726	31.3343	1	1	1	1	1	
32	76.1624	63.8315	101.963	111.396	92.554	33.9785	44.2064	52.9776	46.0724	31.3341	1	1	1	1	1	
33	76.1622	63.8312	101.963	111.395	92.5536	33.9784	44.206	52.9774	46.0722	31.3339	1	1	1	1	1	
34	76.1619	63.8309	101.963	111.395	92.5532	33.9783	44.2055	52.9772	46.0719	31.3337	1	1	1	1	1	
35	76.1617	63.8305	101.962	111.394	92.5528	33.9781	44.2051	52.977	46.0717	31.3335	1	1	1	1	1	
36	76.1614	63.8302	101.962	111.393	92.5523	33.978	44.2046	52.9767	46.0715	31.3333	1	1	1	1	1	
37	76.1612	63.8298	101.962	111.392	92.5519	33.9779	44.2042	52.9765	46.0712	31.3331	1	1	1	1	1	
38	76.1609	63.8295	101.961	111.391	92.5515	33.9778	44.2037	52.9763	46.071	31.3329	1	1	1	1	1	
39	76.1607	63.8291	101.961	111.391	92.551	33.9776	44.2033	52.9761	46.0708	31.3327	1	1	1	1	1	
40	76.1604	63.8288	101.961	111.39	92.5506	33.9775	44.2028	52.9758	46.0705	31.3325	1	1	1	1	1	
41	76.1602	63.8284	101.96	111.389	92.5501	33.9774	44.2023	52.9756	46.0703	31.3323	1	1	1	1	1	
42	76.1599	63.828	101.96	111.388	92.5497	33.9772	44.2018	52.9754	46.07	31.3321	1	1	1	1	1	
43	76.1596	63.8277	101.96	111.387	92.5492	33.9771	44.2014	52.9751	46.0698	31.3318	1	1	1	1	1	
44	76.1593	63.8273	101.959	111.386	92.5487	33.977	44.2009	52.9749	46.0695	31.3316	1	1	1	1	1	
45	76.1591	63.8269	101.959	111.385	92.5483	33.9768	44.2004	52.9746	46.0693	31.3314	1	1	1	1	1	
46	76.1588	63.8265	101.958	111.384	92.5478	33.9767	44.1999	52.9744	46.069	31.3312	1	1	1	1	1	
47	76.1585	63.8262	101.958	111.383	92.5473	33.9765	44.1994	52.9741	46.0688	31.3309	1	1	1	1	1	
48	76.1582	63.8258	101.958	111.382	92.5468	33.9764	44.1989	52.9739	46.0685	31.3307	1	1	1	1	1	
49	76.1579	63.8254	101.957	111.382	92.5464	33.9763	44.1984	52.9736	46.0682	31.3305	1	1	1	1	1	
50	76.1577	63.825	101.957	111.381	92.5459	33.9761	44.1978	52.9734	46.068	31.3302	1	1	1	1	1	
51	76.1574	63.8246	101.957	111.38	92.5454	33.976	44.1973	52.9731	46.0677	31.33	1	1	1	1	1	
52	76.1571	63.8242	101.956	111.379	92.5449	33.9758	44.1968	52.9729	46.0674	31.3297	1	1	1	1	1	
53	76.1568	63.8238	101.956	111.378	92.5444	33.9757	44.1963	52.9726	46.0671	31.3295	1	1	1	1	1	
54	76.1565	63.8234	101.955	111.377	92.5438	33.9755	44.1957	52.9723	46.0669	31.3293	1	1	1	1	1	
55	76.1562	63.8229	101.955	111.376	92.5433	33.9754	44.1952	52.9721	46.0666	31.329	1	1	1	1	1	
56	76.1559	63.8225	101.955	111.375	92.5428	33.9752	44.1946	52.9718	46.0663	31.3288	1	1	1	1	1	
57	76.1556	63.8221	101.954	111.374	92.5423	33.9751	44.1941	52.9715	46.066	31.3285	1	1	1	1	1	
58	76.1552	63.8217	101.954	111.373	92.5417	33.9749	44.1935	52.9712	46.0657	31.3282	1	1	1	1	1	
59	76.1549	63.8212	101.953	111.372	92.5412	33.9747	44.193	52.971	46.0654	31.328	1	1	1	1	1	
60	76.1546	63.8208	101.953	111.371	92.5406	33.9746	44.1924	52.9707	46.0651	31.3277	1	1	1	1	1	
61	76.1543	63.8203	101.953	111.37	92.5401	33.9744	44.1918	52.9704	46.0648	31.3275	1	1	1	1	1	
62	76.154	63.8199	101.952	111.368	92.5395	33.9742	44.1912	52.9701	46.0645	31.3272	1	1	1	1	1	
63	76.1536	63.8194	101.952	111.367	92.539	33.9741	44.1906	52.9698	46.0642	31.3269	1	1	1	1	1	
64	76.1533	63.819	101.951	111.366	92.5384	33.9739	44.19	52.9695	46.0639	31.3267	1	1	1	1	1	
65	76.153	63.8185	101.951	111.365	92.5378	33.9737	44.1894	52.9692	46.0636	31.3264	1	1	1	1	1	
66	76.1526	63.8181	101.95	111.364	92.5372	33.9736	44.1888	52.9689	46.0633	31.3261	1	1	1	1	1	
67	76.1523	63.8176	101.95	111.363	92.5367	33.9734	44.1882	52.9686	46.063	31.3258	1	1	1	1	1	
68	76.1519	63.8171	101.95	111.362	92.5361	33.9732	44.1876	52.9683	46.0626	31.3255	1	1	1	1	1	
69	76.1516	63.8166	101.949	111.361	92.5355	33.9731	44.187	52.968	46.0623	31.3253	1	1	1	1	1	
70	76.1512	63.8162	101.949	111.36	92.5349	33.9729	44.1863	52.9677	46.062	31.325	1	1	1	1	1	
71	76.1509	63.8157	101.948	111.358	92.5343	33.9727	44.1857	52.9674	46.0617	31.3247	1	1	1	1	1	
72	76.1505	63.8152	101.948	111.357	92.5336	33.9725	44.1851	52.967	46.0613	31.3244	1	1	1	1	1	
73	76.1502	63.8147	101.947	111.356	92.533	33.9723	44.1844	52.9667	46.061	31.3241	1	1	1	1	1	
74	76.1498	63.8142	101.947	111.355	92.5324	33.9721	44.1838	52.9664	46.0606	31.3238	1	1	1	1	1	
75	76.1494	63.8137	101.946	111.354	92.5318	33.972	44.1831	52.9661	46.0603	31.3235	1	1	1	1	1	
76	76.1491	63.8131	101.946	111.352	92.5311	33.9718	44.1824	52.9657	46.0599	31.3232	1	1	1	1	1	
77	76.1487	63.8126	101.945	111.351	92.5305	33.9716	44.1817	52.9654	46.0596	31.3229	1	1	1	1	1	
78	76.1483	63.8121	101.945	111.35	92.5298	33.9714	44.1811	52.9651	46.0592	31.3225	1	1	1	1	1	
79	76.1479	63.8116	101.944	111.349	92.5291	33.9712	44.1804	52.9647	46.0589	31.3222	1	1	1	1	1	
80	76.1475	63.811	101.944	111.347	92.5285	33.971	44.1797	52.9644	46.0585	31.3219	1	1	1	1	1	
81	76.1471	63.8105	101.943	111.346	92.5278	33.9708	44.179	52.964	46.0581	31.3216	1	1	1	1	1	
82	76.1467	63.8099	101.943	111.345	92.5271	33.9706	44.1782	52.9637	46.0578	31.3213	1	1	1	1	1	
83	76.1463	63.8094	101.942	111.343	92.5264	33.9704	44.1775	52.9633	46.0574	31.3209	1	1	1	1	1	
84	76.1459	63.8088	101.942	111.342	92.5257	33.9702	44.1768	52.9629	46.057	31.3206	1	1	1	1	1	
85	76.1455	63.8083	101.941	111.341	92.525	33.97	44.1761	52.9626	46.0566	31.3203	1	1	1	1	1	
86	76.1451	63.8077	101.941	111.339	92.5243	33.9698	44.1753	52.9622	46.0562	31.3199	1	1	1	1	1	
87	76.1447	63.8071	101.94	111.338	92.5236	33.9696	44.1746	52.9618	46.0559	31.3196	1	1	1	1	1	
88	76.1442	63.8065	101.939	111.337	92.5229	33.9694	44.1738	52.9615	46.0555	31.3192	1	1	1	1	1	
89	76.1438	63.8059	101.939	111.335	92.5221	33.9691	44.173	52.9611	46.0551	31.3189	1	1	1	1	1	
90	76.1434	63.8054	101.938	111.334	92.5214	33.9689	44.1723	52.9607	46.0547	31.3185	1	1	1	1	1	
91	76.143	63.8048	101.938	111.332	92.5207	33.9687	44.1715	52.9603	46.0543	31.3182	1	1	1	1	1	
92	76.1425	63.8041	101.937	111.331	92.5199	33.9685	44.1707	52.9599	46.0538	31.3178	1	1	1	1	1	
93	76.1421	63.8035	101.937	111.329	92.5191	33.9682	44.1699	52.9595	46.0534	31.3174	1	1	1	1	1	
94	76.1416	63.8029	101.936	111.328	92.5184	33.968	44.1691	52.9591	46.053	31.3171	1	1	1	1	1	
95	76.1412	63.8023	101.935	111.326	92.5176	33.9678	44.1683	52.9587	46.0526	31.3167	1	1	1	1	1	
96	76.1407	63.8017	101.935	111.325	92.5168	33.9676	44.1674	52.9583	46.0522	31.3163	1	1	1	1	1	
97	76.1402	63.801	101.934	111.323	92.516	33.9673	44.1666	52.9579	46.0517	31.3159	1	1	1	1	1	
98	76.1398	63.8004	101.934	111.322	92.5152	33.9671	44.1658	52.9575	46.0513	31.3155	1	1	1	1	1	
99	76.1393	63.7997	101.933	111.32	92.5144	33.9669	44.1649	52.9571	46.0508	31.3152	1	1	1	1	1	
100	76.1388	63.7991	101.932	111.319	92.5136	33.9666	44.1641	52.9566	46.0504	31.3148	1	1	1	1	1	
101	76.1383	63.7984	101.932	111.317	92.5127	33.9664	44.1632	52.9562	46.05	31.3144	1	1	1	1	1	
102	76.1379	63.7977	101.931	111.316	92.5119	33.9661	44.1623	52.9558	46.0495	31.314	1	1	1	1	1	
103	76.1374	63.7971	101.93	111.314	92.5111	33.9659	44.1614	52.9553	46.049	31.3136	1	1	1	1	1	
104	76.1369	63.7964	101.93	111.312	92.5102	33.9656	44.1606	52.9549	46.0486	31.3132	1	1	1	1	1	
105	76.1364	63.7957	101.929	111.311	92.5094	33.9654	44.1597	52.9544	46.0481	31.3127	1	1	1	1	1	
106	76.1358	63.795	101.928	111.309	92.5085	33.9651	44.1587	52.954	46.0476	31.3123	1	1	1	1	1	
107	76.1353	63.7943	101.928	111.307	92.5076	33.9649	44.1578	52.9535	46.0472	31.3119	1	1	1	1	1	
108	76.1348	63.7936	101.927	111.306	92.5067	33.9646	44.1569	52.9531	46.0467	31.3115	1	1	1	1	1	
109	76.1343	63.7928	101.926	111.304	92.5058	33.9643	44.156	52.9526	46.0462	31.3111	1	1	1	1	1	
110	76.1338	63.7921	101.926	111.302	92.5049	33.9641	44.155	52.9521	46.0457	31.3106	1	1	1	1	1	
111	76.1332	63.7914	101.925	111.3	92.504	33.9638	44.1541	52.9517	46.0452	31.3102	1	1	1	1	1	
112	76.1327	63.7906	101.924	111.299	92.5031	33.9635	44.1531	52.9512	46.0447	31.3097	1	1	1	1	1	
113	76.1321	63.7899	101.924	111.297	92.5021	33.9632	44.1521	52.9507	46.0442	31.3093	1	1	1	1	1	
114	76.1316	63.7891	101.923	111.295	92.5012	33.963	44.1511	52.9502	46.0437	31.3088	1	1	1	1	1	
115	76.131	63.7884	101.922	111.293	92.5002	33.9627	44.1501	52.9497	46.0431	31.3084	1	1	1	1	1	
116	76.1305	63.7876	101.921	111.291	92.4993	33.9624	44.1491	52.9492	46.0426	31.3079	1	1	1	1	1	
117	76.1299	63.7868	101.921	111.29	92.4983	33.9621	44.1481	52.9487	46.0421	31.3075	1	1	1	1	1	
118	76.1293	63.786	101.92	111.288	92.4973	33.9618	44.1471	52.9482	46.0416	31.307	1	1	1	1	1	
119	76.1288	63.7852	101.919	111.286	92.4963	33.9615	44.146	52.9477	46.041	31.3065	1	1	1	1	1	
120	76.1282	63.7844	101.918	111.284	92.4953	33.9612	44.145	52.9472	46.0405	31.306	1	1	1	1	1	
121	76.1276	63.7836	101.918	111.282	92.4943	33.9609	44.1439	52.9466	46.0399	31.3055	1	1	1	1	1	
122	76.127	63.7828	101.917	111.28	92.4933	33.9606	44.1428	52.9461	46.0394	31.3051	1	1	1	1	1	
123	76.1264	63.7819	101.916	111.278	92.4922	33.9603	44.1418	52.9456	46.0388	31.3046	1	1	1	1	1	
124	76.1258	63.7811	101.915	111.276	92.4912	33.96	44.1407	52.945	46.0382	31.3041	1	1	1	1	1	
125	76.1251	63.7803	101.914	111.274	92.4901	33.9597	44.1396	52.9445	46.0377	31.3036	1	1	1	1	1	
126	76.1245	63.7794	101.914	111.272	92.4891	33.9594	44.1384	52.9439	46.0371	31.303	1	1	1	1	1	
127	76.1239	63.7785	101.913	111.27	92.488	33.9591	44.1373	52.9434	46.0365	31.3025	1	1	1	1	1	
128	76.1233	63.7777	101.912	111.268	92.4869	33.9588	44.1362	52.9428	46.0359	31.302	1	1	1	1	1	
129	76.1226	63.7768	101.911	111.266	92.4858	33.9584	44.135	52.9422	46.0353	31.3015	1	1	1	1	1	
130	76.122	63.7759	101.91	111.263	92.4847	33.9581	44.1339	52.9417	46.0347	31.3009	1	1	1	1	1	
131	76.1213	63.775	101.909	111.261	92.4836	33.9578	44.1327	52.9411	46.0341	31.3004	1	1	1	1	1	
132	76.1206	63.7741	101.908	111.259	92.4824	33.9574	44.1315	52.9405	46.0335	31.2999	1	1	1	1	1	
133	76.12	63.7731	101.908	111.257	92.4813	33.9571	44.1303	52.9399	46.0328	31.2993	1	1	1	1	1	
134	76.1193	63.7722	101.907	111.255	92.4801	33.9568	44.1291	52.9393	46.0322	31.2988	1	1	1	1	1	
135	76.1186	63.7713	101.906	111.252	92.479	33.9564	44.1279	52.9387	46.0316	31.2982	1	1	1	1	1	
136	76.1179	63.7703	101.905	111.25	92.4778	33.9561	44.1266	52.9381	46.0309	31.2976	1	1	1	1	1	
137	76.1172	63.7694	101.904	111.248	92.4766	33.9557	44.1254	52.9375	46.0303	31.2971	1	1	1	1	1	
138	76.1165	63.7684	101.903	111.246	92.4754	33.9554	44.1241	52.9368	46.0296	31.2965	1	1	1	1	1	
139	76.1158	63.7674	101.902	111.243	92.4742	33.955	44.1229	52.9362	46.029	31.2959	1	1	1	1	1	
140	76.1151	63.7664	101.901	111.241	92.4729	33.9546	44.1216	52.9356	46.0283	31.2953	1	1	1	1	1	
141	76.1144	63.7654	101.9	111.239	92.4717	33.9543	44.1203	52.9349	46.0276	31.2947	1	1	1	1	1	
142	76.1136	63.7644	101.899	111.236	92.4704	33.9539	44.1189	52.9343	46.0269	31.2941	1	1	1	1	1	
143	76.1129	63.7634	101.898	111.234	92.4692	33.9535	44.1176	52.9336	46.0262	31.2935	1	1	1	1	1	
144	76.1122	63.7624	101.897	111.231	92.4679	33.9531	44.1163	52.933	46.0255	31.2929	1	1	1	1	1	
145	76.1114	63.7613	101.896	111.229	92.4666	33.9528	44.1149	52.9323	46.0248	31.2923	1	1	1	1	1	
146	76.1106	63.7603	101.895	111.226	92.4653	33.9524	44.1136	52.9316	46.0241	31.2917	1	1	1	1	1	
147	76.1099	63.7592	101.894	111.224	92.4639	33.952	44.1122	52.9309	46.0234	31.291	1	1	1	1	1	
148	76.1091	63.7581	101.893	111.221	92.4626	33.9516	44.1108	52.9302	46.0227	31.2904	1	1	1	1	1	
149	76.1083	63.7571	101.892	111.219	92.4613	33.9512	44.1094	52.9295	46.0219	31.2897	1	1	1	1	1	
150	76.1075	63.756	101.891	111.216	92.4599	33.9508	44.1079	52.9288	46.0212	31.2891	1	1	1	1	1	
151	76.1067	63.7549	101.89	111.213	92.4585	33.9504	44.1065	52.9281	46.0204	31.2884	1	1	1	1	1	
152	76.1059	63.7537	101.889	111.211	92.4571	33.95	44.105	52.9274	46.0197	31.2878	1	1	1	1	1	
153	76.1051	63.7526	101.888	111.208	92.4557	33.9496	44.1036	52.9267	46.0189	31.2871	1	1	1	1	1	
154	76.1042	63.7515	101.887	111.205	92.4543	33.9491	44.1021	52.9259	46.0182	31.2864	1	1	1	1	1	
155	76.1034	63.7503	101.886	111.203	92.4529	33.9487	44.1006	52.9252	46.0174	31.2857	1	1	1	1	1	
156	76.1025	63.7492	101.885	111.2	92.4514	33.9483	44.0991	52.9245	46.0166	31.285	1	1	1	1	1	
157	76.1017	63.748	101.884	111.197	92.4499	33.9478	44.0975	52.9237	46.0158	31.2843	1	1	1	1	1	
158	76.1008	63.7468	101.883	111.194	92.4485	33.9474	44.096	52.9229	46.015	31.2836	1	1	1	1	1	
159	76.1	63.7456	101.881	111.191	92.447	33.947	44.0944	52.9222	46.0142	31.2829	1	1	1	1	1	
160	76.0991	63.7444	101.88	111.188	92.4455	33.9465	44.0928	52.9214	46.0133	31.2822	1	1	1	1	1	
161	76.0982	63.7431	101.879	111.185	92.4439	33.9461	44.0913	52.9206	46.0125	31.2815	1	1	1	1	1	
162	76.0973	63.7419	101.878	111.183	92.4424	33.9456	44.0896	52.9198	46.0117	31.2807	1	1	1	1	1	
163	76.0964	63.7407	101.877	111.18	92.4408	33.9452	44.088	52.919	46.0108	31.28	1	1	1	1	1	
164	76.0955	63.7394	101.875	111.177	92.4393	33.9447	44.0864	52.9182	46.01	31.2792	1	1	1	1	1	
165	76.0945	63.7381	101.874	111.173	92.4377	33.9442	44.0847	52.9173	46.0091	31.2785	1	1	1	1	1	
166	76.0936	63.7368	101.873	111.17	92.4361	33.9437	44.083	52.9165	46.0082	31.2777	1	1	1	1	1	
167	76.0926	63.7355	101.872	111.167	92.4344	33.9433	44.0813	52.9157	46.0073	31.2769	1	1	1	1	1	
168	76.0917	63.7342	101.871	111.164	92.4328	33.9428	44.0796	52.9148	46.0065	31.2761	1	1	1	1	1	
169	76.0907	63.7329	101.869	111.161	92.4311	33.9423	44.0779	52.914	46.0055	31.2753	1	1	1	1	1	
170	76.0897	63.7315	101.868	111.158	92.4295	33.9418	44.0761	52.9131	46.0046	31.2745	1	1	1	1	1	
171	76.0888	63.7302	101.867	111.155	92.4278	33.9413	44.0744	52.9122	46.0037	31.2737	1	1	1	1	1	
172	76.0878	63.7288	101.865	111.151	92.4261	33.9408	44.0726	52.9114	46.0028	31.2729	1	1	1	1	1	
173	76.0868	63.7274	101.864	111.148	92.4243	33.9403	44.0708	52.9105	46.0018	31.2721	1	1	1	1	1	
174	76.0857	63.726	101.863	111.145	92.4226	33.9398	44.0689	52.9096	46.0009	31.2713	1	1	1	1	1	
175	76.0847	63.7246	101.861	111.141	92.4208	33.9392	44.0671	52.9087	45.9999	31.2704	1	1	1	1	1	
176	76.0837	63.7231	101.86	111.138	92.419	33.9387	44.0652	52.9077	45.999	31.2696	1	1	1	1	1	
177	76.0826	63.7217	101.859	111.134	92.4172	33.9382	44.0634	52.9068	45.998	31.2687	1	1	1	1	1	
178	76.0816	63.7202	101.857	111.131	92.4154	33.9376	44.0615	52.9059	45.997	31.2678	1	1	1	1	1	
179	76.0805	63.7188	101.856	111.127	92.4136	33.9371	44.0595	52.9049	45.996	31.267	1	1	1	1	1	
180	76.0794	63.7173	101.854	111.124	92.4117	33.9365	44.0576	52.904	45.995	31.2661	1	1	1	1	1	
181	76.0783	63.7158	101.853	111.12	92.4099	33.936	44.0556	52.903	45.994	31.2652	1	1	1	1	1	
182	76.0772	63.7142	101.852	111.117	92.408	33.9354	44.0537	52.902	45.9929	31.2643	1	1	1	1	1	
183	76.0761	63.7127	101.85	111.113	92.406	33.9349	44.0517	52.901	45.9919	31.2634	1	1	1	1	1	
184	76.075	63.7111	101.849	111.109	92.4041	33.9343	44.0496	52.9	45.9908	31.2624	1	1	1	1	1	
185	76.0738	63.7096	101.847	111.106	92.4022	33.9337	44.0476	52.899	45.9898	31.2615	1	1	1	1	1	
186	76.0727	63.708	101.846	111.102	92.4002	33.9331	44.0455	52.898	45.9887	31.2606	1	1	1	1	1	
187	76.0715	63.7064	101.844	111.098	92.3982	33.9325	44.0435	52.897	45.9876	31.2596	1	1	1	1	1	
188	76.0703	63.7048	101.843	111.094	92.3962	33.9319	44.0414	52.8959	45.9865	31.2586	1	1	1	1	1	
189	76.0691	63.7031	101.841	111.09	92.3941	33.9313	44.0392	52.8949	45.9854	31.2577	1	1	1	1	1	
190	76.0679	63.7015	101.839	111.086	92.3921	33.9307	44.0371	52.8938	45.9843	31.2567	1	1	1	1	1	
191	76.0667	63.6998	101.838	111.082	92.39	33.9301	44.0349	52.8927	45.9832	31.2557	1	1	1	1	1	
192	76.0655	63.6981	101.836	111.078	92.3879	33.9295	44.0327	52.8917	45.982	31.2547	1	1	1	1	1	
193	76.0643	63.6964	101.835	111.074	92.3858	33.9289	44.0305	52.8906	45.9809	31.2537	1	1	1	1	1	
194	76.063	63.6947	101.833	111.07	92.3836	33.9282	44.0283	52.8895	45.9797	31.2527	1	1	1	1	1	
195	76.0617	63.6929	101.831	111.066	92.3815	33.9276	44.026	52.8883	45.9785	31.2516	1	1	1	1	1	
196	76.0605	63.6912	101.83	111.062	92.3793	33.9269	44.0237	52.8872	45.9773	31.2506	1	1	1	1	1	
197	76.0592	63.6894	101.828	111.058	92.3771	33.9263	44.0214	52.8861	45.9761	31.2495	1	1	1	1	1	
198	76.0579	63.6876	101.826	111.053	92.3748	33.9256	44.0191	52.8849	45.9749	31.2485	1	1	1	1	1	
199	76.0566	63.6858	101.825	111.049	92.3726	33.9249	44.0167	52.8838	45.9737	31.2474	1	1	1	1	1	
200	76.0552	63.684	101.823	111.045	92.3703	33.9243	44.0143	52.8826	45.9724	31.2463	1	1	1	1	1	
201	76.0539	63.6821	101.821	111.04	92.368	33.9236	44.0119	52.8814	45.9712	31.2452	1	1	1	1	1	
202	76.0525	63.6802	101.819	111.036	92.3657	33.9229	44.0095	52.8802	45.9699	31.2441	1	1	1	1	1	
203	76.0511	63.6783	101.817	111.031	92.3633	33.9222	44.007	52.879	45.9686	31.243	1	1	1	1	1	
204	76.0498	63.6764	101.816	111.027	92.3609	33.9215	44.0045	52.8778	45.9673	31.2418	1	1	1	1	1	
205	76.0484	63.6745	101.814	111.022	92.3585	33.9208	44.002	52.8765	45.966	31.2407	1	1	1	1	1	
206	76.0469	63.6725	101.812	111.017	92.3561	33.92	43.9995	52.8753	45.9647	31.2395	1	1	1	1	1	
207	76.0455	63.6706	101.81	111.013	92.3536	33.9193	43.9969	52.874	45.9634	31.2383	1	1	1	1	1	
208	76.0441	63.6686	101.808	111.008	92.3512	33.9186	43.9943	52.8727	45.962	31.2372	1	1	1	1	1	
209	76.0426	63.6665	101.806	111.003	92.3487	33.9178	43.9917	52.8714	45.9607	31.236	1	1	1	1	1	
210	76.0411	63.6645	101.804	110.998	92.3461	33.9171	43.9891	52.8701	45.9593	31.2348	1	1	1	1	1	
211	76.0396	63.6624	101.802	110.993	92.3436	33.9163	43.9864	52.8688	45.9579	31.2335	1	1	1	1	1	
212	76.0381	63.6604	101.8	110.989	92.341	33.9156	43.9837	52.8675	45.9565	31.2323	1	1	1	1	1	
213	76.0366	63.6583	101.798	110.984	92.3384	33.9148	43.981	52.8661	45.955	31.2311	1	1	1	1	1	
214	76.0351	63.6561	101.796	110.979	92.3357	33.914	43.9782	52.8648	45.9536	31.2298	1	1	1	1	1	
215	76.0335	63.654	101.794	110.973	92.3331	33.9132	43.9754	52.8634	45.9522	31.2285	1	1	1	1	1	
216	76.0319	63.6518	101.792	110.968	92.3304	33.9124	43.9726	52.862	45.9507	31.2273	1	1	1	1	1	
217	76.0303	63.6496	101.79	110.963	92.3276	33.9116	43.9698	52.8606	45.9492	31.226	1	1	1	1	1	
218	76.0287	63.6474	101.788	110.958	92.3249	33.9108	43.9669	52.8592	45.9477	31.2246	1	1	1	1	1	
219	76.0271	63.6452	101.786	110.952	92.3221	33.9099	43.964	52.8578	45.9462	31.2233	1	1	1	1	1	
220	76.0255	63.6429	101.784	110.947	92.3193	33.9091	43.9611	52.8563	45.9447	31.222	1	1	1	1	1	
221	76.0238	63.6406	101.782	110.942	92.3165	33.9083	43.9581	52.8549	45.9431	31.2206	1	1	1	1	1	
222	76.0221	63.6383	101.78	110.936	92.3136	33.9074	43.9551	52.8534	45.9416	31.2193	1	1	1	1	1	
223	76.0205	63.636	101.777	110.931	92.3107	33.9066	43.9521	52.8519	45.94	31.2179	1	1	1	1	1	
224	76.0187	63.6336	101.775	110.925	92.3078	33.9057	43.949	52.8504	45.9384	31.2165	1	1	1	1	1	
225	76.017	63.6313	101.773	110.919	92.3048	33.9048	43.9459	52.8489	45.9368	31.2151	1	1	1	1	1	
226	76.0153	63.6288	101.771	110.914	92.3018	33.9039	43.9428	52.8474	45.9351	31.2136	1	1	1	1	1	
227	76.0135	63.6264	101.768	110.908	92.2988	33.903	43.9397	52.8458	45.9335	31.2122	1	1	1	1	1	
228	76.0117	63.624	101.766	110.902	92.2957	33.9021	43.9365	52.8442	45.9318	31.2108	1	1	1	1	1	
229	76.0099	63.6215	101.764	110.896	92.2927	33.9012	43.9333	52.8426	45.9302	31.2093	1	1	1	1	1	
230	76.0081	63.619	101.761	110.89	92.2895	33.9002	43.93	52.841	45.9285	31.2078	1	1	1	1	1	
231	76.0063	63.6164	101.759	110.884	92.2864	33.8993	43.9267	52.8394	45.9267	31.2063	1	1	1	1	1	
232	76.0044	63.6139	101.756	110.878	92.2832	33.8984	43.9234	52.8378	45.925	31.2048	1	1	1	1	1	
233	76.0025	63.6113	101.754	110.872	92.28	33.8974	43.92	52.8361	45.9233	31.2032	1	1	1	1	1	
234	76.0006	63.6086	101.751	110.866	92.2767	33.8964	43.9166	52.8345	45.9215	31.2017	1	1	1	1	1	
235	75.9987	63.606	101.749	110.859	92.2734	33.8954	43.9132	52.8328	45.9197	31.2001	1	1	1	1	1	
236	75.9968	63.6033	101.746	110.853	92.2701	33.8945	43.9097	52.8311	45.9179	31.1986	1	1	1	1	1	
237	75.9948	63.6006	101.744	110.847	92.2668	33.8935	43.9062	52.8294	45.9161	31.197	1	1	1	1	1	
238	75.9929	63.5979	101.741	110.84	92.2634	33.8924	43.9027	52.8276	45.9142	31.1953	1	1	1	1	1	
239	75.9909	63.5951	101.739	110.834	92.2599	33.8914	43.8991	52.8259	45.9123	31.1937	1	1	1	1	1	
240	75.9888	63.5923	101.736	110.827	92.2565	33.8904	43.8955	52.8241	45.9104	31.1921	1	1	1	1	1	
241	75.9868	63.5895	101.733	110.82	92.253	33.8893	43.8919	52.8223	45.9085	31.1904	1	1	1	1	1	
242	75.9847	63.5867	101.731	110.814	92.2494	33.8883	43.8882	52.8205	45.9066	31.1887	1	1	1	1	1	
243	75.9826	63.5838	101.728	110.807	92.2459	33.8872	43.8844	52.8186	45.9047	31.187	1	1	1	1	1	
244	75.9805	63.5809	101.725	110.8	92.2423	33.8861	43.8807	52.8168	45.9027	31.1853	1	1	1	1	1	
245	75.9784	63.5779	101.722	110.793	92.2386	33.885	43.8769	52.8149	45.9007	31.1836	1	1	1	1	1	
246	75.9763	63.575	101.719	110.786	92.2349	33.8839	43.873	52.813	45.8987	31.1818	1	1	1	1	1	
247	75.9741	63.572	101.717	110.779	92.2312	33.8828	43.8691	52.8111	45.8967	31.18	1	1	1	1	1	
248	75.9719	63.5689	101.714	110.772	92.2274	33.8817	43.8652	52.8092	45.8946	31.1782	1	1	1	1	1	
249	75.9697	63.5658	101.711	110.764	92.2236	33.8806	43.8612	52.8072	45.8925	31.1764	1	1	1	1	1	
250	75.9674	63.5627	101.708	110.757	92.2198	33.8794	43.8572	52.8053	45.8904	31.1746	1	1	1	1	1	
251	75.9651	63.5596	101.705	110.75	92.2159	33.8782	43.8532	52.8033	45.8883	31.1727	1	1	1	1	1	
252	75.9628	63.5564	101.702	110.742	92.2119	33.8771	43.8491	52.8013	45.8862	31.1709	1	1	1	1	1	
253	75.9605	63.5532	101.699	110.734	92.208	33.8759	43.8449	52.7992	45.884	31.169	1	1	1	1	1	
254	75.9582	63.55	101.696	110.727	92.2039	33.8747	43.8407	52.7972	45.8818	31.1671	1	1	1	1	1	
255	75.9558	63.5467	101.693	110.719	92.1999	33.8735	43.8365	52.7951	45.8796	31.1651	1	1	1	1	1	
256	75.9534	63.5434	101.69	110.711	92.1958	33.8722	43.8322	52.793	45.8774	31.1632	1	1	1	1	1	
257	75.951	63.5401	101.686	110.703	92.1916	33.871	43.8279	52.7909	45.8751	31.1612	1	1	1	1	1	
258	75.9486	63.5367	101.683	110.695	92.1875	33.8697	43.8235	52.7887	45.8728	31.1592	1	1	1	1	1	
259	75.9461	63.5333	101.68	110.687	92.1832	33.8685	43.8191	52.7866	45.8705	31.1572	1	1	1	1	1	
260	75.9436	63.5298	101.677	110.679	92.1789	33.8672	43.8147	52.7844	45.8682	31.1552	1	1	1	1	1	
261	75.9411	63.5263	101.673	110.671	92.1746	33.8659	43.8101	52.7822	45.8658	31.1531	1	1	1	1	1	
262	75.9385	63.5228	101.67	110.662	92.1702	33.8646	43.8056	52.7799	45.8635	31.1511	1	1	1	1	1	
263	75.936	63.5192	101.667	110.654	92.1658	33.8633	43.801	52.7777	45.861	31.149	1	1	1	1	1	
264	75.9334	63.5156	101.663	110.645	92.1614	33.8619	43.7963	52.7754	45.8586	31.1468	1	1	1	1	1	
265	75.9307	63.512	101.66	110.637	92.1568	33.8606	43.7916	52.7731	45.8562	31.1447	1	1	1	1	1	
266	75.9281	63.5083	101.656	110.628	92.1523	33.8592	43.7869	52.7708	45.8537	31.1425	1	1	1	1	1	
267	75.9254	63.5046	101.653	110.619	92.1477	33.8578	43.7821	52.7684	45.8512	31.1403	1	1	1	1	1	
268	75.9227	63.5008	101.649	110.61	92.143	33.8564	43.7772	52.766	45.8486	31.1381	1	1	1	1	1	
269	75.9199	63.497	101.646	110.601	92.1383	33.855	43.7723	52.7636	45.846	31.1359	1	1	1	1	1	
270	75.9171	63.4932	101.642	110.592	92.1335	33.8536	43.7673	52.7612	45.8435	31.1336	1	1	1	1	1	
271	75.9143	63.4893	101.638	110.583	92.1287	33.8521	43.7623	52.7587	45.8408	31.1314	1	1	1	1	1	
272	75.9115	63.4854	101.635	110.574	92.1239	33.8506	43.7573	52.7563	45.8382	31.1291	1	1	1	1	1	
273	75.9086	63.4814	101.631	110.565	92.119	33.8492	43.7521	52.7538	45.8355	31.1267	1	1	1	1	1	
274	75.9057	63.4774	101.627	110.555	92.114	33.8477	43.747	52.7512	45.8328	31.1244	1	1	1	1	1	
275	75.9028	63.4734	101.623	110.546	92.109	33.8462	43.7417	52.7487	45.8301	31.122	1	1	1	1	1	
276	75.8998	63.4693	101.62	110.536	92.1039	33.8446	43.7365	52.7461	45.8273	31.1196	1	1	1	1	1	
277	75.8968	63.4651	101.616	110.526	92.0988	33.8431	43.7311	52.7435	45.8245	31.1171	1	1	1	1	1	
278	75.8938	63.4609	101.612	110.516	92.0936	33.8415	43.7257	52.7408	45.8217	31.1147	1	1	1	1	1	
279	75.8908	63.4567	101.608	110.506	92.0883	33.8399	43.7202	52.7382	45.8188	31.1122	1	1	1	1	1	
280	75.8877	63.4524	101.604	110.496	92.083	33.8384	43.7147	52.7355	45.8159	31.1097	1	1	1	1	1	
281	75.8845	63.4481	101.6	110.486	92.0777	33.8367	43.7091	52.7327	45.813	31.1072	1	1	1	1	1	
282	75.8814	63.4437	101.595	110.476	92.0723	33.8351	43.7035	52.73	45.81	31.1046	1	1	1	1	1	
283	75.8782	63.4393	101.591	110.465	92.0668	33.8335	43.6978	52.7272	45.8071	31.102	1	1	1	1	1	
284	75.875	63.4348	101.587	110.455	92.0613	33.8318	43.692	52.7244	45.804	31.0994	1	1	1	1	1	
285	75.8717	63.4303	101.583	110.444	92.0557	33.8301	43.6862	52.7215	45.801	31.0967	1	1	1	1	1	
286	75.8684	63.4257	101.579	110.433	92.05	33.8284	43.6803	52.7187	45.7979	31.094	1	1	1	1	1	
287	75.8651	63.4211	101.574	110.422	92.0443	33.8267	43.6744	52.7158	45.7948	31.0913	1	1	1	1	1	
288	75.8617	63.4164	101.57	110.411	92.0385	33.8249	43.6684	52.7128	45.7916	31.0886	1	1	1	1	1	
289	75.8583	63.4117	101.565	110.4	92.0327	33.8232	43.6623	52.7099	45.7884	31.0858	1	1	1	1	1	
290	75.8549	63.407	101.561	110.389	92.0268	33.8214	43.6562	52.7069	45.7852	31.0831	1	1	1	1	1	
291	75.8514	63.4021	101.556	110.377	92.0208	33.8196	43.6499	52.7038	45.782	31.0802	1	1	1	1	1	
292	75.8479	63.3973	101.552	110.366	92.0148	33.8177	43.6437	52.7008	45.7787	31.0774	1	1	1	1	1	
293	75.8443	63.3923	101.547	110.354	92.0087	33.8159	43.6373	52.6977	45.7754	31.0745	1	1	1	1	1	
294	75.8407	63.3873	101.542	110.343	92.0025	33.814	43.6309	52.6945	45.772	31.0716	1	1	1	1	1	
295	75.8371	63.3823	101.538	110.331	91.9963	33.8121	43.6244	52.6914	45.7686	31.0686	1	1	1	1	1	
296	75.8334	63.3772	101.533	110.319	91.99	33.8102	43.6179	52.6882	45.7652	31.0656	1	1	1	1	1	
297	75.8297	63.3721	101.528	110.307	91.9836	33.8083	43.6112	52.6849	45.7617	31.0626	1	1	1	1	1	
298	75.8259	63.3668	101.523	110.294	91.9772	33.8064	43.6045	52.6817	45.7582	31.0596	1	1	1	1	1	
299	75.8221	63.3616	101.518	110.282	91.9707	33.8044	43.5978	52.6784	45.7546	31.0565	1	1	1	1	1	
300	75.8183	63.3563	101.513	110.269	91.9641	33.8024	43.5909	52.6751	45.751	31.0534	1	1	1	1	1	
301	75.8144	63.3509	101.508	110.257	91.9574	33.8004	43.584	52.6717	45.7474	31.0503	1	1	1	1	1	
302	75.8105	63.3454	101.503	110.244	91.9507	33.7983	43.577	52.6683	45.7437	31.0471	1	1	1	1	1	
303	75.8065	63.3399	101.498	110.231	91.9439	33.7963	43.5699	52.6648	45.74	31.0439	1	1	1	1	1	
304	75.8025	63.3344	101.492	110.218	91.937	33.7942	43.5628	52.6614	45.7363	31.0406	1	1	1	1	1	
305	75.7985	63.3287	101.487	110.205	91.9301	33.7921	43.5555	52.6578	45.7325	31.0373	1	1	1	1	1	
306	75.7944	63.323	101.482	110.191	91.9231	33.7899	43.5482	52.6543	45.7286	31.034	1	1	1	1	1	
307	75.7902	63.3173	101.476	110.178	91.9159	33.7878	43.5408	52.6507	45.7247	31.0307	1	1	1	1	1	
308	75.7861	63.3115	101.471	110.164	91.9088	33.7856	43.5334	52.6471	45.7208	31.0273	1	1	1	1	1	
309	75.7818	63.3056	101.465	110.15	91.9015	33.7834	43.5258	52.6434	45.7169	31.0239	1	1	1	1	1	
310	75.7775	63.2996	101.46	110.136	91.8942	33.7811	43.5182	52.6397	45.7129	31.0204	1	1	1	1	1	
311	75.7732	63.2936	101.454	110.122	91.8867	33.7789	43.5105	52.6359	45.7088	31.0169	1	1	1	1	1	
312	75.7688	63.2875	101.449	110.108	91.8792	33.7766	43.5027	52.6321	45.7047	31.0134	1	1	1	1	1	
313	75.7644	63.2814	101.443	110.093	91.8716	33.7743	43.4948	52.6283	45.7006	31.0098	1	1	1	1	1	
314	75.7599	63.2752	101.437	110.079	91.864	33.7719	43.4868	52.6244	45.6964	31.0062	1	1	1	1	1	
315	75.7554	63.2689	101.431	110.064	91.8562	33.7696	43.4787	52.6205	45.6921	31.0025	1	1	1	1	1	
316	75.7508	63.2625	101.425	110.049	91.8484	33.7672	43.4706	52.6166	45.6878	30.9988	1	1	1	1	1	
317	75.7462	63.2561	101.419	110.034	91.8404	33.7647	43.4623	52.6126	45.6835	30.9951	1	1	1	1	1	
318	75.7415	63.2496	101.413	110.019	91.8324	33.7623	43.454	52.6085	45.6791	30.9913	1	1	1	1	1	
319	75.7368	63.243	101.407	110.003	91.8243	33.7598	43.4456	52.6044	45.6747	30.9875	1	1	1	1	1	
320	75.732	63.2364	101.401	109.988	91.8161	33.7573	43.437	52.6003	45.6702	30.9836	1	1	1	1	1	
321	75.7272	63.2296	101.394	109.972	91.8078	33.7548	43.4284	52.5961	45.6657	30.9797	1	1	1	1	1	
322	75.7223	63.2228	101.388	109.956	91.7994	33.7522	43.4197	52.5919	45.6611	30.9758	1	1	1	1	1	
323	75.7173	63.216	101.381	109.94	91.7909	33.7496	43.4109	52.5876	45.6565	30.9718	1	1	1	1	1	
324	75.7123	63.209	101.375	109.923	91.7823	33.747	43.402	52.5833	45.6518	30.9677	1	1	1	1	1	
325	75.7073	63.202	101.368	109.907	91.7737	33.7443	43.393	52.579	45.6471	30.9637	1	1	1	1	1	
326	75.7022	63.1948	101.362	109.89	91.7649	33.7416	43.3839	52.5745	45.6423	30.9595	1	1	1	1	1	
327	75.697	63.1876	101.355	109.873	91.756	33.7389	43.3747	52.5701	45.6374	30.9554	1	1	1	1	1	
328	75.6918	63.1804	101.348	109.856	91.7471	33.7362	43.3654	52.5656	45.6325	30.9512	1	1	1	1	1	
329	75.6865	63.173	101.341	109.839	91.738	33.7334	43.3559	52.561	45.6276	30.9469	1	1	1	1	1	
330	75.6811	63.1655	101.334	109.822	91.7288	33.7306	43.3464	52.5564	45.6226	30.9426	1	1	1	1	1	
331	75.6757	63.158	101.327	109.804	91.7195	33.7277	43.3368	52.5518	45.6175	30.9382	1	1	1	1	1	
332	75.6703	63.1504	101.32	109.786	91.7102	33.7248	43.3271	52.5471	45.6124	30.9338	1	1	1	1	1	
333	75.6647	63.1427	101.313	109.768	91.7007	33.7219	43.3172	52.5423	45.6072	30.9294	1	1	1	1	1	
334	75.6591	63.1349	101.306	109.75	91.6911	33.719	43.3072	52.5375	45.6019	30.9249	1	1	1	1	1	
335	75.6535	63.127	101.298	109.732	91.6814	33.716	43.2972	52.5326	45.5966	30.9203	1	1	1	1	1	
336	75.6478	63.119	101.291	109.713	91.6716	33.713	43.287	52.5277	45.5913	30.9157	1	1	1	1	1	
337	75.642	63.111	101.283	109.694	91.6616	33.7099	43.2767	52.5228	45.5858	30.9111	1	1	1	1	1	
338	75.6361	63.1028	101.276	109.675	91.6516	33.7068	43.2663	52.5177	45.5804	30.9064	1	1	1	1	1	
339	75.6302	63.0946	101.268	109.656	91.6414	33.7037	43.2557	52.5127	45.5748	30.9016	1	1	1	1	1	
340	75.6242	63.0862	101.26	109.636	91.6312	33.7005	43.2451	52.5075	45.5692	30.8968	1	1	1	1	1	
341	75.6182	63.0778	101.252	109.616	91.6208	33.6973	43.2343	52.5023	45.5635	30.8919	1	1	1	1	1	
342	75.612	63.0692	101.244	109.597	91.6103	33.694	43.2234	52.4971	45.5578	30.887	1	1	1	1	1	
343	75.6058	63.0606	101.236	109.576	91.5997	33.6908	43.2124	52.4918	45.552	30.882	1	1	1	1	1	
344	75.5996	63.0518	101.228	109.556	91.5889	33.6874	43.2012	52.4864	45.5461	30.877	1	1	1	1	1	
345	75.5932	63.043	101.22	109.535	91.578	33.6841	43.19	52.481	45.5401	30.8719	1	1	1	1	1	
346	75.5868	63.034	101.211	109.514	91.567	33.6807	43.1786	52.4755	45.5341	30.8668	1	1	1	1	1	
347	75.5804	63.025	101.203	109.493	91.5559	33.6772	43.167	52.4699	45.528	30.8616	1	1	1	1	1	
348	75.5738	63.0158	101.194	109.472	91.5447	33.6737	43.1554	52.4643	45.5219	30.8563	1	1	1	1	1	
349	75.5672	63.0065	101.186	109.45	91.5333	33.6702	43.1436	52.4587	45.5157	30.851	1	1	1	1	1	
350	75.5604	62.9972	101.177	109.429	91.5218	33.6666	43.1316	52.4529	45.5094	30.8456	1	1	1	1	1	
351	75.5537	62.9877	101.168	109.406	91.5101	33.663	43.1196	52.4471	45.503	30.8402	1	1	1	1	1	
352	75.5468	62.9781	101.159	109.384	91.4983	33.6593	43.1074	52.4413	45.4966	30.8347	1	1	1	1	1	
353	75.5398	62.9684	101.15	109.361	91.4864	33.6556	43.095	52.4354	45.49	30.8291	1	1	1	1	1	
354	75.5328	62.9585	101.141	109.339	91.4743	33.6519	43.0825	52.4294	45.4834	30.8235	1	1	1	1	1	
355	75.5257	62.9486	101.132	109.315	91.4621	33.6481	43.0699	52.4233	45.4768	30.8178	1	1	1	1	1	
356	75.5185	62.9385	101.123	109.292	91.4498	33.6442	43.0571	52.4172	45.47	30.8121	1	1	1	1	1	
357	75.5112	62.9283	101.113	109.268	91.4373	33.6404	43.0441	52.411	45.4632	30.8062	1	1	1	1	1	
358	75.5039	62.918	101.103	109.244	91.4247	33.6364	43.0311	52.4047	45.4563	30.8004	1	1	1	1	1	
359	75.4964	62.9076	101.094	109.22	91.4119	33.6324	43.0178	52.3984	45.4493	30.7944	1	1	1	1	1	
360	75.4889	62.8971	101.084	109.196	91.399	33.6284	43.0044	52.392	45.4422	30.7884	1	1	1	1	1	
361	75.4813	62.8864	101.074	109.171	91.3859	33.6243	42.9909	52.3855	45.435	30.7823	1	1	1	1	1	
362	75.4736	62.8756	101.064	109.146	91.3726	33.6202	42.9772	52.3789	45.4278	30.7762	1	1	1	1	1	
363	75.4657	62.8646	101.054	109.12	91.3593	33.616	42.9633	52.3723	45.4205	30.7699	1	1	1	1	1	
364	75.4579	62.8536	101.044	109.095	91.3457	33.6117	42.9493	52.3656	45.413	30.7636	1	1	1	1	1	
365	75.4499	62.8424	101.033	109.069	91.332	33.6074	42.9351	52.3588	45.4055	30.7573	1	1	1	1	1	
366	75.4418	62.8311	101.023	109.042	91.3181	33.6031	42.9207	52.352	45.3979	30.7508	1	1	1	1	1	
367	75.4336	62.8196	101.012	109.016	91.3041	33.5987	42.9062	52.3451	45.3903	30.7443	1	1	1	1	1	
368	75.4253	62.808	101.001	108.989	91.2899	33.5942	42.8915	52.338	45.3825	30.7377	1	1	1	1	1	
369	75.4169	62.7962	100.991	108.962	91.2755	33.5897	42.8766	52.331	45.3746	30.7311	1	1	1	1	1	
370	75.4085	62.7843	100.98	108.934	91.261	33.5851	42.8616	52.3238	45.3667	30.7243	1	1	1	1	1	
371	75.3999	62.7723	100.968	108.906	91.2462	33.5805	42.8464	52.3165	45.3586	30.7175	1	1	1	1	1	
372	75.3912	62.7601	100.957	108.878	91.2313	33.5758	42.831	52.3092	45.3504	30.7106	1	1	1	1	1	
373	75.3824	62.7478	100.946	108.85	91.2163	33.571	42.8154	52.3018	45.3422	30.7036	1	1	1	1	1	
374	75.3735	62.7353	100.934	108.821	91.201	33.5662	42.7996	52.2943	45.3338	30.6966	1	1	1	1	1	
375	75.3645	62.7227	100.923	108.792	91.1856	33.5614	42.7836	52.2867	45.3254	30.6894	1	1	1	1	1	
376	75.3554	62.7099	100.911	108.762	91.1699	33.5564	42.7675	52.279	45.3168	30.6822	1	1	1	1	1	
377	75.3462	62.6969	100.899	108.732	91.1541	33.5514	42.7511	52.2713	45.3082	30.6749	1	1	1	1	1	
378	75.3369	62.6838	100.887	108.702	91.1381	33.5464	42.7346	52.2634	45.2994	30.6675	1	1	1	1	1	
379	75.3275	62.6705	100.874	108.671	91.1219	33.5412	42.7179	52.2555	45.2905	30.66	1	1	1	1	1	
380	75.3179	62.6571	100.862	108.64	91.1055	33.536	42.7009	52.2474	45.2815	30.6525	1	1	1	1	1	
381	75.3082	62.6435	100.85	108.609	91.0889	33.5308	42.6838	52.2393	45.2724	30.6448	1	1	1	1	1	
382	75.2985	62.6297	100.837	108.577	91.0721	33.5254	42.6664	52.2311	45.2632	30.6371	1	1	1	1	1	
383	75.2885	62.6158	100.824	108.545	91.0551	33.52	42.6489	52.2228	45.2539	30.6292	1	1	1	1	1	
384	75.2785	62.6017	100.811	108.512	91.0379	33.5146	42.6311	52.2144	45.2445	30.6213	1	1	1	1	1	
385	75.2684	62.5874	100.798	108.479	91.0205	33.509	42.6131	52.2059	45.235	30.6133	1	1	1	1	1	
386	75.2581	62.5729	100.785	108.446	91.0029	33.5034	42.5949	52.1973	45.2253	30.6052	1	1	1	1	1	
387	75.2477	62.5583	100.771	108.412	90.985	33.4977	42.5764	52.1886	45.2155	30.597	1	1	1	1	1	
388	75.2372	62.5434	100.757	108.378	90.9669	33.4919	42.5578	52.1797	45.2056	30.5887	1	1	1	1	1	
389	75.2265	62.5284	100.744	108.344	90.9486	33.4861	42.5389	52.1708	45.1956	30.5803	1	1	1	1	1	
390	75.2157	62.5132	100.73	108.309	90.9301	33.4802	42.5198	52.1618	45.1854	30.5718	1	1	1	1	1	
391	75.2048	62.4978	100.715	108.273	90.9114	33.4742	42.5004	52.1527	45.1751	30.5632	1	1	1	1	1	
392	75.1937	62.4822	100.701	108.238	90.8924	33.4681	42.4808	52.1435	45.1647	30.5545	1	1	1	1	1	
393	75.1825	62.4664	100.687	108.201	90.8732	33.4619	42.461	52.1341	45.1542	30.5457	1	1	1	1	1	
394	75.1712	62.4504	100.672	108.165	90.8537	33.4557	42.4409	52.1247	45.1435	30.5368	1	1	1	1	1	
395	75.1597	62.4342	100.657	108.127	90.834	33.4494	42.4206	52.1151	45.1327	30.5278	1	1	1	1	1	
396	75.1481	62.4178	100.642	108.09	90.814	33.443	42.4	52.1055	45.1218	30.5187	1	1	1	1	1	
397	75.1363	62.4011	100.627	108.052	90.7938	33.4365	42.3792	52.0957	45.1107	30.5095	1	1	1	1	1	
398	75.1244	62.3843	100.612	108.013	90.7734	33.4299	42.3581	52.0858	45.0995	30.5001	1	1	1	1	1	
399	75.1124	62.3672	100.596	107.974	90.7527	33.4232	42.3368	52.0758	45.0881	30.4907	1	1	1	1	1	
400	75.1002	62.35	100.58	107.934	90.7317	33.4164	42.3151	52.0656	45.0766	30.4811	1	1	1	1	1	
401	75.0878	62.3325	100.564	107.894	90.7105	33.4096	42.2932	52.0554	45.065	30.4715	1	1	1	1	1	
402	75.0753	62.3147	100.548	107.854	90.689	33.4026	42.2711	52.045	45.0532	30.4617	1	1	1	1	1	
403	75.0626	62.2968	100.532	107.813	90.6672	33.3956	42.2486	52.0345	45.0413	30.4518	1	1	1	1	1	
404	75.0497	62.2786	100.515	107.771	90.6451	33.3884	42.2259	52.0239	45.0292	30.4418	1	1	1	1	1	
405	75.0367	62.2601	100.498	107.729	90.6228	33.3812	42.2029	52.0131	45.0169	30.4316	1	1	1	1	1	
406	75.0235	62.2415	100.481	107.687	90.6001	33.3738	42.1796	52.0023	45.0045	30.4214	1	1	1	1	1	
407	75.0102	62.2225	100.464	107.643	90.5772	33.3664	42.1559	51.9912	44.9919	30.411	1	1	1	1	1	
408	74.9967	62.2034	100.446	107.6	90.554	33.3588	42.132	51.9801	44.9792	30.4005	1	1	1	1	1	
409	74.983	62.1839	100.429	107.555	90.5305	33.3512	42.1078	51.9688	44.9663	30.3898	1	1	1	1	1	
410	74.9691	62.1643	100.411	107.511	90.5067	33.3434	42.0833	51.9574	44.9532	30.3791	1	1	1	1	1	
411	74.955	62.1443	100.393	107.465	90.4825	33.3355	42.0585	51.9459	44.94	30.3682	1	1	1	1	1	
412	74.9408	62.1241	100.374	107.419	90.4581	33.3275	42.0333	51.9342	44.9266	30.3571	1	1	1	1	1	
413	74.9264	62.1036	100.356	107.373	90.4334	33.3194	42.0078	51.9223	44.913	30.346	1	1	1	1	1	
414	74.9118	62.0829	100.337	107.325	90.4083	33.3112	41.982	51.9104	44.8992	30.3347	1	1	1	1	1	
415	74.897	62.0618	100.318	107.278	90.3829	33.3029	41.9558	51.8982	44.8853	30.3232	1	1	1	1	1	
416	74.882	62.0405	100.299	107.229	90.3571	33.2944	41.9294	51.886	44.8712	30.3117	1	1	1	1	1	
417	74.8668	62.0189	100.279	107.18	90.331	33.2858	41.9025	51.8735	44.8568	30.2999	1	1	1	1	1	
418	74.8514	61.997	100.259	107.13	90.3046	33.2771	41.8753	51.861	44.8423	30.2881	1	1	1	1	1	
419	74.8358	61.9748	100.239	107.08	90.2778	33.2683	41.8478	51.8482	44.8276	30.2761	1	1	1	1	1	
420	74.82	61.9523	100.219	107.029	90.2507	33.2594	41.8199	51.8354	44.8128	30.2639	1	1	1	1	1	
421	74.804	61.9295	100.198	106.978	90.2232	33.2503	41.7916	51.8223	44.7977	30.2516	1	1	1	1	1	
422	74.7878	61.9063	100.177	106.925	90.1953	33.2411	41.763	51.8091	44.7824	30.2392	1	1	1	1	1	
423	74.7714	61.8829	100.156	106.872	90.1671	33.2317	41.7339	51.7957	44.7669	30.2266	1	1	1	1	1	
424	74.7547	61.8591	100.135	106.818	90.1385	33.2222	41.7045	51.7822	44.7512	30.2138	1	1	1	1	1	
425	74.7378	61.835	100.113	106.764	90.1095	33.2126	41.6747	51.7685	44.7353	30.2009	1	1	1	1	1	
426	74.7207	61.8106	100.091	106.709	90.0801	33.2028	41.6445	51.7546	44.7191	30.1878	1	1	1	1	1	
427	74.7034	61.7858	100.069	106.653	90.0503	33.1929	41.6139	51.7406	44.7028	30.1746	1	1	1	1	1	
428	74.6858	61.7607	100.046	106.596	90.0202	33.1829	41.5829	51.7264	44.6862	30.1612	1	1	1	1	1	
429	74.668	61.7352	100.023	106.539	89.9896	33.1727	41.5514	51.712	44.6694	30.1476	1	1	1	1	1	
430	74.6499	61.7094	100	106.481	89.9585	33.1623	41.5196	51.6974	44.6524	30.1339	1	1	1	1	1	
431	74.6316	61.6832	99.9766	106.422	89.9271	33.1518	41.4873	51.6826	44.6351	30.12	1	1	1	1	1	
432	74.6131	61.6566	99.9528	106.362	89.8952	33.1411	41.4545	51.6677	44.6176	30.1059	1	1	1	1	1	
433	74.5943	61.6297	99.9287	106.302	89.8629	33.1302	41.4213	51.6525	44.5999	30.0917	1	1	1	1	1	
434	74.5752	61.6023	99.9042	106.24	89.8302	33.1192	41.3877	51.6372	44.5819	30.0772	1	1	1	1	1	
435	74.5559	61.5746	99.8794	106.178	89.797	33.1081	41.3536	51.6217	44.5637	30.0626	1	1	1	1	1	
436	74.5363	61.5465	99.8543	106.115	89.7633	33.0967	41.319	51.606	44.5452	30.0478	1	1	1	1	1	
437	74.5164	61.518	99.8288	106.051	89.7291	33.0852	41.284	51.59	44.5265	30.0329	1	1	1	1	1	
438	74.4962	61.489	99.803	105.986	89.6945	33.0735	41.2484	51.5739	44.5075	30.0177	1	1	1	1	1	
439	74.4758	61.4597	99.7769	105.92	89.6594	33.0616	41.2124	51.5576	44.4882	30.0024	1	1	1	1	1	
440	74.4551	61.4299	99.7503	105.854	89.6238	33.0495	41.1758	51.541	44.4687	29.9868	1	1	1	1	1	
441	74.4341	61.3997	99.7234	105.786	89.5877	33.0373	41.1388	51.5243	44.4489	29.9711	1	1	1	1	1	
442	74.4128	61.369	99.6962	105.718	89.5511	33.0248	41.1012	51.5073	44.4288	29.9551	1	1	1	1	1	
443	74.3911	61.3379	99.6685	105.648	89.514	33.0122	41.0631	51.4901	44.4084	29.939	1	1	1	1	1	
444	74.3692	61.3063	99.6405	105.578	89.4763	32.9993	41.0245	51.4727	44.3877	29.9227	1	1	1	1	1	
445	74.347	61.2742	99.6121	105.507	89.4381	32.9863	40.9852	51.455	44.3668	29.9061	1	1	1	1	1	
446	74.3244	61.2417	99.5833	105.434	89.3994	32.973	40.9455	51.4372	44.3455	29.8894	1	1	1	1	1	
447	74.3016	61.2087	99.5541	105.361	89.3601	32.9596	40.9052	51.419	44.324	29.8724	1	1	1	1	1	
448	74.2783	61.1752	99.5245	105.286	89.3202	32.9459	40.8642	51.4007	44.3021	29.8552	1	1	1	1	1	
449	74.2548	61.1412	99.4944	105.211	89.2797	32.932	40.8227	51.3821	44.2799	29.8378	1	1	1	1	1	
450	74.2309	61.1066	99.4639	105.134	89.2387	32.9178	40.7806	51.3633	44.2574	29.8202	1	1	1	1	1	
451	74.2067	61.0716	99.433	105.056	89.1971	32.9035	40.7379	51.3442	44.2346	29.8024	1	1	1	1	1	
452	74.1821	61.036	99.4017	104.978	89.1548	32.8889	40.6946	51.3249	44.2114	29.7843	1	1	1	1	1	
453	74.1571	60.9998	99.3699	104.898	89.1119	32.874	40.6506	51.3053	44.1879	29.766	1	1	1	1	1	
454	74.1318	60.9631	99.3377	104.816	89.0684	32.8589	40.6059	51.2854	44.164	29.7475	1	1	1	1	1	
455	74.1061	60.9259	99.305	104.734	89.0243	32.8436	40.5606	51.2653	44.1398	29.7287	1	1	1	1	1	
456	74.08	60.888	99.2718	104.651	88.9795	32.828	40.5147	51.2449	44.1153	29.7097	1	1	1	1	1	
457	74.0536	60.8496	99.2381	104.566	88.934	32.8122	40.468	51.2242	44.0903	29.6905	1	1	1	1	1	
458	74.0267	60.8106	99.204	104.48	88.8879	32.7961	40.4207	51.2033	44.0651	29.671	1	1	1	1	1	
459	73.9994	60.771	99.1693	104.392	88.841	32.7797	40.3726	51.182	44.0394	29.6513	1	1	1	1	1	
460	73.9718	60.7307	99.1342	104.304	88.7934	32.763	40.3238	51.1605	44.0133	29.6313	1	1	1	1	1	
461	73.9437	60.6898	99.0985	104.214	88.7452	32.7461	40.2742	51.1387	43.9869	29.6111	1	1	1	1	1	
462	73.9151	60.6482	99.0623	104.123	88.6961	32.7288	40.2239	51.1166	43.9601	29.5906	1	1	1	1	1	
463	73.8862	60.606	99.0256	104.03	88.6464	32.7113	40.1729	51.0942	43.9328	29.5699	1	1	1	1	1	
464	73.8568	60.5631	98.9884	103.936	88.5959	32.6935	40.121	51.0715	43.9052	29.5488	1	1	1	1	1	
465	73.8269	60.5195	98.9505	103.841	88.5446	32.6753	40.0684	51.0484	43.8771	29.5276	1	1	1	1	1	
466	73.7966	60.4752	98.9122	103.744	88.4925	32.6569	40.0149	51.0251	43.8486	29.506	1	1	1	1	1	
467	73.7658	60.4302	98.8732	103.645	88.4395	32.6381	39.9606	51.0014	43.8197	29.4842	1	1	1	1	1	
468	73.7345	60.3844	98.8336	103.545	88.3858	32.619	39.9054	50.9774	43.7903	29.4621	1	1	1	1	1	
469	73.7028	60.3379	98.7935	103.444	88.3312	32.5995	39.8493	50.9531	43.7605	29.4397	1	1	1	1	1	
470	73.6705	60.2907	98.7528	103.341	88.2758	32.5798	39.7924	50.9284	43.7302	29.4171	1	1	1	1	1	
471	73.6377	60.2426	98.7114	103.237	88.2195	32.5596	39.7346	50.9033	43.6994	29.3941	1	1	1	1	1	
472	74.3441	60.9639	99.3132	103.786	88.8387	33.3097	39.8766	51.982	44.9459	29.4908	1	1	1	1	1	
473	73.7798	60.3955	98.7781	103.155	88.2704	32.7068	39.7241	51.1276	43.951	29.3709	1	1	1	1	1	
474	73.5991	60.1721	98.622	102.94	88.0884	32.5431	39.5983	50.9016	43.691	29.3274	1	1	1	1	1	
475	73.5207	60.0663	98.5498	102.807	87.9967	32.4868	39.5086	50.8216	43.5972	29.2996	1	1	1	1	1	
476	74.2481	60.806	99.1695	103.372	88.6343	33.2576	39.6642	51.9291	44.8781	29.3978	1	1	1	1	1	
477	73.6614	60.2138	98.6155	102.717	88.0445	32.6361	39.4944	51.0466	43.8488	29.2749	1	1	1	1	1	
478	73.4659	59.9728	98.4476	102.488	87.8487	32.4604	39.3546	50.8039	43.5692	29.2292	1	1	1	1	1	
479	74.1818	60.6911	99.0616	103.049	88.4777	33.2227	39.5009	51.8997	44.8379	29.3253	1	1	1	1	1	
480	73.5712	60.0733	98.4887	102.372	87.8673	32.5816	39.315	50.987	43.7727	29.1996	1	1	1	1	1	
481	73.3617	59.8157	98.3102	102.129	87.6592	32.3951	39.1626	50.7284	43.4746	29.1522	1	1	1	1	1	
482	74.1008	60.5571	98.9415	102.705	88.3067	33.1769	39.3261	51.8539	44.7786	29.2495	1	1	1	1	1	
483	73.4735	59.9217	98.3542	102.008	87.6795	32.522	39.1255	50.921	43.6883	29.1215	1	1	1	1	1	
484	73.2517	59.6495	98.166	101.752	87.46	32.3257	38.9607	50.6489	43.3743	29.0724	1	1	1	1	1	
485	74.0156	60.4157	98.8153	102.342	88.1266	33.1276	39.1433	51.8055	44.7156	29.1706	1	1	1	1	1	
486	73.3714	59.7623	98.2134	101.625	87.4825	32.4591	38.9271	50.8525	43.6002	29.0404	1	1	1	1	1	
487	73.1366	59.4747	98.015	101.357	87.2508	32.2525	38.749	50.5662	43.2697	28.9895	1	1	1	1	1	
488	73.926	60.2665	98.6827	101.961	87.937	33.0746	38.9521	51.7547	44.6489	29.0886	1	1	1	1	1	
489	73.2647	59.5947	98.066	101.223	87.2756	32.3925	38.7195	50.7814	43.5082	28.9563	1	1	1	1	1	
490	73.0161	59.2909	97.8568	100.941	87.031	32.1752	38.5269	50.4803	43.1604	28.9035	1	1	1	1	1	
491	73.8319	60.109	98.5432	101.559	87.7372	33.0177	38.752	51.7013	44.5784	29.0034	1	1	1	1	1	
492	73.1531	59.4182	97.9115	100.801	87.058	32.322	38.502	50.7077	43.4121	28.8689	1	1	1	1	1	
493	73.8348	60.069	98.495	101.326	87.6437	33.0331	38.652	51.7521	44.627	28.9499	1	1	1	1	1	
494	73.101	59.3227	97.8196	100.519	86.9214	32.2891	38.3718	50.6852	43.3788	28.8088	1	1	1	1	1	
495	73.7791	59.9666	98.4016	101.041	87.5055	32.9983	38.5172	51.7277	44.5918	28.8895	1	1	1	1	1	
496	73.0264	59.2006	97.7116	100.216	86.7672	32.2404	38.221	50.6384	43.3168	28.7469	1	1	1	1	1	
497	73.7155	59.8543	98.3014	100.743	87.3595	32.9579	38.3751	51.6952	44.5467	28.8277	1	1	1	1	1	
498	72.9475	59.0718	97.599	99.9009	86.6068	32.1886	38.0637	50.5881	43.25	28.6837	1	1	1	1	1	
499	73.6493	59.7371	98.1976	100.434	87.208	32.9151	38.2284	51.661	44.4991	28.7645	1	1	1	1	1	
500	72.8659	58.9382	97.4827	99.5748	86.4407	32.1347	37.9013	50.5365	43.181	28.6191	1	1	1	1	1	
501	73.5808	59.6154	98.0901	100.113	87.0509	32.8701	38.0771	51.6256	44.4497	28.6997	1	1	1	1	1	
502	72.7819	58.7997	97.3625	99.2367	86.2686	32.0785	37.7337	50.4836	43.11	28.5529	1	1	1	1	1	
503	73.5102	59.489	97.9787	99.7792	86.8879	32.8228	37.921	51.5893	44.3984	28.6334	1	1	1	1	1	
504	72.6955	58.6561	97.2384	98.8859	86.0904	32.02	37.5608	50.4294	43.037	28.4852	1	1	1	1	1	
505	73.4372	59.3577	97.8634	99.4329	86.7186	32.773	37.7601	51.5519	44.3454	28.5655	1	1	1	1	1	
506	72.6065	58.5071	97.1101	98.5218	85.9057	31.959	37.3823	50.3741	42.962	28.416	1	1	1	1	1	
507	73.3619	59.2211	97.7439	99.073	86.5429	32.7206	37.594	51.5134	44.2904	28.496	1	1	1	1	1	
508	72.5148	58.3525	96.9774	98.1437	85.7142	31.8955	37.198	50.3174	42.8849	28.3453	1	1	1	1	1	
509	73.2842	59.079	97.62	98.6985	86.3603	32.6653	37.4225	51.4737	44.2334	28.4249	1	1	1	1	1	
510	72.4204	58.192	96.8402	97.7507	85.5155	31.8292	37.0076	50.2595	42.8056	28.2731	1	1	1	1	1	
511	73.2039	58.931	97.4915	98.3088	86.1705	32.6071	37.2453	51.4329	44.1744	28.3522	1	1	1	1	1	
512	72.3232	58.0251	96.6983	97.3422	85.3093	31.7599	36.8108	50.2002	42.724	28.1994	1	1	1	1	1	
513	73.121	58.7768	97.3582	97.903	85.9731	32.5457	37.0622	51.3908	44.1132	28.278	1	1	1	1	1	
514	72.223	57.8516	96.5513	96.9171	85.0952	31.6876	36.6074	50.1395	42.6401	28.1243	1	1	1	1	1	
515	73.0353	58.6161	97.2198	97.48	85.7677	32.4809	36.8729	51.3475	44.0497	28.2023	1	1	1	1	1	
516	72.1197	57.6711	96.3992	96.4746	84.8727	31.612	36.397	50.0774	42.5538	28.0477	1	1	1	1	1	
517	72.9467	58.4485	97.076	97.039	85.5538	32.4125	36.6771	51.3029	43.9839	28.1251	1	1	1	1	1	
518	71.2667	58.1492	94.0061	101.138	85.4872	31.8829	35.5534	49.4434	42.3515	28.1114	1	1	1	1	1	
519	72.4909	58.5152	96.0359	98.6758	85.6226	32.6142	36.0788	50.8679	43.7493	28.1499	1	1	1	1	1	
520	71.7307	57.3817	95.7309	96.4231	84.5123	31.5691	35.766	49.7179	42.3192	27.9248	1	1	1	1	1	
521	72.6785	58.1286	96.6263	96.5025	85.1364	32.3337	36.171	51.0976	43.7977	27.9687	1	1	1	1	1	
522	70.9728	57.795	93.4797	100.508	85.0493	31.7637	34.9908	49.211	42.1487	27.9593	1	1	1	1	1	
523	72.2474	58.1718	95.6038	97.9459	85.1796	32.4959	35.5945	50.7073	43.5808	27.9889	1	1	1	1	1	
524	71.4687	56.9824	95.3236	95.5518	84.0188	31.4118	35.2569	49.5412	42.1159	27.7594	1	1	1	1	1	
525	72.4598	57.7472	96.2634	95.5668	84.649	32.1824	35.7075	50.9734	43.6364	27.7997	1	1	1	1	1	
526	70.6847	57.3896	92.9587	99.681	84.5507	31.6227	34.4202	48.9981	41.9311	27.795	1	1	1	1	1	
527	71.9974	57.7895	95.1507	97.0863	84.6893	32.3543	35.087	50.5506	43.4026	27.8229	1	1	1	1	1	
528	71.1937	56.5455	94.8872	94.5786	83.4809	31.2353	34.714	49.361	41.9017	27.5905	1	1	1	1	1	
529	71.3736	58.0836	93.2598	100.128	85.0661	32.4568	34.4005	50.1133	43.3482	27.8163	1	1	1	1	1	
530	70.7875	56.5175	93.9498	95.6199	83.4508	31.2684	34.1866	48.932	41.8166	27.5778	1	1	1	1	1	
531	71.9603	57.1929	95.3424	94.723	83.9339	32.0192	34.8006	50.5835	43.3315	27.5629	1	1	1	1	1	
532	70.1543	56.7568	91.9462	98.5912	83.7756	31.4031	33.3939	48.5682	41.5938	27.5545	1	1	1	1	1	
533	71.5497	57.1648	94.322	95.7969	83.8898	32.1279	34.2055	50.2445	43.1006	27.5619	1	1	1	1	1	
534	70.7229	55.8232	94.1236	93.0379	82.5938	30.9472	33.7936	49.0416	41.5486	27.3239	1	1	1	1	1	
535	70.9061	57.4199	92.318	98.7226	84.2217	32.236	33.4344	49.7719	43.0308	27.5548	1	1	1	1	1	
536	70.2825	55.7734	93.0748	94.0777	82.5396	30.9764	33.2027	48.5785	41.45	27.3151	1	1	1	1	1	
537	71.5268	56.4678	94.571	93.0427	83.0158	31.7236	33.9043	50.3196	43.0193	27.2896	1	1	1	1	1	
538	69.6147	55.9791	90.9075	97.0188	82.8274	31.1327	32.2974	48.1597	41.2001	27.2862	1	1	1	1	1	
539	71.0708	56.4202	93.4081	94.1564	82.9454	31.8376	33.2313	49.9335	42.7611	27.2906	1	1	1	1	1	
540	70.2088	54.9846	93.2593	91.2043	81.5714	30.6034	32.7595	48.7048	41.1616	27.0548	1	1	1	1	1	
541	70.3807	56.6331	91.2272	97.0286	83.2306	31.9689	32.3306	49.3865	42.6656	27.28	1	1	1	1	1	
542	69.7184	54.9089	92.0583	92.2681	81.4888	30.6348	32.0791	48.1874	41.0429	27.0487	1	1	1	1	1	
543	71.0334	55.6194	93.6618	91.0892	81.9524	31.3675	32.8708	50.0191	42.6636	27.0135	1	1	1	1	1	
544	69.0082	55.0672	89.6938	95.156	81.7242	30.8179	31.0353	47.6997	40.7598	27.0085	1	1	1	1	1	
545	70.524	55.5424	92.3255	92.2225	81.8427	31.4858	32.1025	49.5756	42.3736	27.0155	1	1	1	1	1	
546	68.6181	54.8924	88.7169	95.3742	81.5341	30.7486	30.2985	47.3444	40.6518	26.97	1	1	1	1	1	
547	70.2072	55.2933	91.6481	92.0402	81.5318	31.4118	31.5387	49.3128	42.2131	26.931	1	1	1	1	1	
548	69.3425	53.6901	91.7122	88.6085	80.0064	30.0853	31.0392	48.1021	40.5635	26.6913	1	1	1	1	1	
549	69.5187	55.3744	89.354	94.4161	81.6599	31.5336	30.5006	48.7344	42.0845	26.9071	1	1	1	1	1	
550	68.8213	53.534	90.3504	89.4495	79.834	30.0924	30.2549	47.5602	40.4189	26.6946	1	1	1	1	1	
551	69.1206	55.1673	88.2983	94.4849	81.4176	31.4575	29.7417	48.3616	41.9733	26.8723	1	1	1	1	1	
552	70.3369	55.05	91.0543	90.6771	80.9355	31.5888	31.135	49.7802	42.7821	26.7253	1	1	1	1	1	
553	68.0862	54.0938	86.9333	93.3411	80.3044	30.6138	29.0082	46.9866	40.5702	26.6471	1	1	1	1	1	
554	69.5917	54.2787	89.9824	89.623	80.1016	31.0676	30.2059	48.9476	41.9403	26.59	1	1	1	1	1	
555	67.5106	53.4124	85.9558	92.4269	79.642	30.2589	27.9439	46.4632	40.0497	26.5768	1	1	1	1	1	
556	69.1426	53.7235	89.2014	88.721	79.5027	30.7903	29.3775	48.5788	41.566	26.508	1	1	1	1	1	
557	68.9777	54.7645	86.6688	93.1074	80.5482	31.7112	28.8939	48.5527	42.4456	26.5751	1	1	1	1	1	
558	68.0591	52.4921	87.9626	87.0097	78.2489	29.8247	28.6695	47.0542	40.2898	26.3218	1	1	1	1	1	
559	68.1781	53.8609	85.4754	91.5981	79.5884	31.0906	27.6797	47.6527	41.5947	26.511	1	1	1	1	1	
560	69.4206	53.6022	88.551	87.3914	78.9452	31.0499	29.2571	49.2071	42.3508	26.3509	1	1	1	1	1	
561	66.9845	52.4668	83.9198	89.8405	78.1845	30.0898	26.641	46.1382	39.9926	26.2999	1	1	1	1	1	
562	68.5139	52.5746	87.2185	85.8315	77.8648	30.3785	28.0065	48.2323	41.3285	26.2482	1	1	1	1	1	
563	68.1995	53.473	84.236	90.0792	78.7669	31.3304	27.2034	48.0107	42.0889	26.3007	1	1	1	1	1	
564	67.2287	51.0957	85.6977	83.7768	76.4062	29.2972	27.0036	46.4979	39.8754	26.1017	1	1	1	1	1	
565	67.229	52.3591	82.6745	88.2088	77.6102	30.5956	25.6269	46.9578	41.0644	26.2754	1	1	1	1	1	
566	68.5058	52.0606	85.9537	83.8349	76.891	30.4075	27.383	48.6432	41.8618	26.1513	1	1	1	1	1	
567	65.9319	50.81	80.7898	86.169	76.0431	29.5437	24.3379	45.3758	39.4237	26.1011	1	1	1	1	1	
568	67.4699	50.8789	84.2558	81.9783	75.6286	29.6679	25.8606	47.5746	40.7538	26.0862	1	1	1	1	1	
569	67.0293	51.6493	80.6626	86.0029	76.3351	30.6941	24.7242	47.2024	41.4405	26.1011	1	1	1	1	1	
570	66.0697	49.2542	82.3959	79.6222	74.0012	28.5672	24.6802	45.7653	39.2759	25.999	1	1	1	1	1	
571	65.9418	50.3952	78.6103	83.797	74.9858	29.9045	22.856	46.0971	40.3403	26.1349	1	1	1	1	1	
572	67.2233	50.0403	82.0663	79.2684	74.1209	29.5259	24.8372	47.8963	41.1869	26.0675	1	1	1	1	1	
573	66.4369	50.4244	77.8347	82.9957	74.3855	30.4638	23.4179	47.0767	41.5004	26.0123	1	1	1	1	1	
574	65.3672	48.0134	79.5931	76.3986	71.9499	28.1377	23.4849	45.4826	39.1885	25.9816	1	1	1	1	1	
575	65.0206	48.923	75.0698	80.3426	72.6048	29.4527	21.0895	45.6453	40.0369	26.1127	1	1	1	1	1	
576	66.2306	48.4567	78.4898	75.6925	71.544	28.8812	23.1427	47.4673	40.8473	26.0999	1	1	1	1	1	
577	65.2283	48.5959	73.545	79.1695	71.4005	29.833	21.2523	46.5048	41.0245	26.0368	1	1	1	1	1	
578	64.1479	46.285	75.4742	72.6563	68.9456	27.4555	21.6231	44.9638	38.7716	26.0869	1	1	1	1	1	
579	63.6563	47.0063	70.0546	76.3518	69.1528	28.7669	18.6885	45.0783	39.4922	26.2311	1	1	1	1	1	
580	64.76	46.3141	73.3493	71.6502	67.6955	28.0247	20.8811	46.8969	40.2904	26.2229	1	1	1	1	1	
581	63.5344	46.0794	67.6087	74.8143	66.8937	28.9497	18.5024	45.8582	40.3366	26.1849	1	1	1	1	1	
582	63.2206	44.2598	72.3888	69.3061	64.8914	27.6345	24.1436	44.6894	40.1131	24.9948	1	1	1	1	1	
583	61.8483	43.6573	65.242	72.1553	63.6089	28.4949	18.5283	44.143	40.0834	25.3968	1	1	1	1	1	
584	60.6663	41.4784	67.1365	66.1082	60.6452	26.0478	19.2476	42.9985	37.9078	25.7638	1	1	1	1	1	
585	60.093	41.3857	60.3612	69.131	59.6469	27.3225	15.1785	43.4626	38.4799	26.2109	1	1	1	1	1	
586	59.8016	35.9434	65.3224	63.8743	56.5861	26.3659	20.887	44.9344	37.7194	19.6009	1	1	1	1	1	
587	59.1231	36.0441	57.6098	66.5491	55.0234	27.3032	14.9912	44.5713	38.1908	22.9394	1	1	1	1	1	
588	58.1909	33.6437	62.3691	61.5708	52.5459	25.6498	20.4115	43.3439	38.2325	22.9101	1	1	1	1	1	
589	56.9573	33.326	54.1051	63.2405	51.0233	26.3074	13.9648	42.8836	38.1116	24.3036	1	1	1	1	1	
590	56.1054	32.6511	56.6695	58.4359	48.3734	24.0455	15.845	42.2495	36.2316	25.2704	1	1	1	1	1	
591	58.1496	32.3753	55.6401	57.2011	47.832	23.7405	15.1886	44.7808	37.2785	25.7672	1	1	1	1	1	
592	52.3864	27.4958	57.6515	61.0111	46.6499	26.2467	18.1748	38.9321	36.3253	20.0003	1	1	1	1	1	
593	55.5337	29.1561	54.6929	57.4914	46.4197	24.403	15.3916	42.246	37.0207	22.9439	1	1	1	1	1	
594	54.7591	30.3233	53.9806	55.1367	44.4501	22.5414	14.784	41.589	34.6385	24.515	1	1	1	1	1	
595	53.4384	29.7062	54.8988	54.0173	43.5696	21.7228	16.617	40.1651	34.4324	23.8874	1	1	1	1	1	
596	51.8179	30.3553	47.4779	55.6755	42.1421	22.4171	10.2856	38.7641	32.7073	24.5827	1	1	1	1	1	
597	51.6386	26.65	51.6692	53.0249	40.7594	21.0692	13.8804	38.6527	31.7386	20.9084	1	1	1	1	1	
598	50.8534	28.3811	50.8313	51.6642	40.1015	20.0865	12.9708	37.7542	31.3321	23.2039	1	1	1	1	1	
599	47.5406	29.1617	49.1116	50.4069	38.4449	18.6904	11.1516	34.344	29.4775	24.3771	1	1	1	1	1	
600	46.1553	28.4797	48.0975	49.5205	37.7992	18.2219	10.4203	32.8546	29.2124	23.7559	1	1	1	1	1	
601	44.5914	27.7489	46.9908	48.8458	36.9778	17.7066	9.52883	31.2585	28.622	23.1428	1	1	1	1	1	