      0 97.8707 70.6835 24.8159   73.28 95.2066 60.3735 71.7182 78.7393 40.6619 64.2752 67.1342 58.9761 83.6187 22.4038 42.6488 27.6866 19.9259 19.8675 20.7296 73.7589 39.5209 63.2515 29.8884 63.4942 13.8295 83.0808 6.14839
33.9547       0 48.6089 19.2044 63.6077 32.5862 13.5626 62.7551 36.6678 24.3269 91.3105 34.7247 13.1412 67.0648  57.866  41.406 43.9384 87.4495 97.4509 85.0669 53.4682 68.8831 96.7263 76.5458 50.2685 78.9127 99.3916 95.5328
 13.096 36.4158       0 91.6174 54.3171 88.5838 31.4183 93.7445 14.5758 47.0236  76.718 84.6114 74.7542 12.0672 80.3334  11.829 22.1859 5.44071  17.455 12.4229 26.9855 9.46903 2.93878 46.0288 58.4078 61.4938 39.0551 66.2128
78.7205 73.4615 68.5542       0 97.0959 68.4865 55.5801 32.0918 50.4576 19.4013 4.93717 31.4094 26.1102 42.5948 6.02256 64.0526 69.3354 46.6125 38.7934  39.597 93.4885 13.2798 2.77242 92.1399 92.3826 76.3238 95.9103 88.2291
86.5158 34.7345 49.3888 66.8133       0 95.1939 45.1488 75.3177 98.4229 59.9947 15.6375 26.0352 46.8658 79.2059 24.9308  98.272 84.3444 31.3879 84.9003 82.5177 38.5351 22.3513 65.6094 73.2722 26.8144 29.1813 78.3043 94.9243
63.5736 48.5118 80.7479 36.9495 45.9345       0 20.0021 25.1628 8.32027 60.5993 23.7416 61.3294 59.3656 85.8214 91.4005 91.1624 33.0148 26.6266 21.8957 28.8779 38.4084 35.4546 11.4078 47.9676 4.43666 19.9017 99.5489 5.26791
78.0399  52.182 42.0157 63.0537 91.5954 65.5824       0 86.6719 81.5494 68.8589 23.3384 35.3466 56.5197  67.705 47.6174 69.0752  33.388 15.9479 84.4059 77.3904 33.0855 6.76832 15.0523 93.9123 84.5225 68.7064 72.2341 84.1394
62.4422 21.2503 83.1233 16.2021 48.6255  77.006 40.3427       0 73.7406 58.4175 74.6321 40.6727 71.9011 26.0718 4.13675 23.2028 82.6164 15.7322 16.2882 67.4181 21.0528 59.8863 86.9606 38.8815 99.0865 54.9956 7.48554 73.2286
92.2378 12.0854 29.2597 17.6974  81.884 87.8354 61.9029 44.1649       0 67.9196  83.341  84.071 20.6951  45.187 77.2219 82.5629 24.1772 58.6414 47.5223 49.7736 66.2863  72.863 45.8624 58.3754 51.4043 23.3383 19.4506 4.81684
89.7093 30.2218 93.1977 5.06942 54.6491 57.1778  88.649 10.7385 68.2213       0 91.1973  57.685 90.8663 24.2247 15.3224 16.6925 2.46318 48.3359 99.3537 61.7963 10.4759 38.8538 20.8206 8.96457 78.4348 53.2289 40.9404 56.3735
41.9021 82.6925 4.37352 98.3254 63.8276 25.6315 17.3487 59.8092  93.207 32.1581       0 15.3048 12.5737 96.9728 29.2085 26.3396 5.81917 97.3486 31.0205 82.7063 87.4709 79.9391  46.847 25.8422 37.9681 54.0822 61.4812 79.7142
 93.722 4.32316  40.345 45.9571 98.5815 69.7194 49.7383 6.06782 75.6479 99.4027 51.2606       0 4.76612 64.8821 22.4089 59.7848 6.74012 81.8186  6.1637 96.2959 16.0599 39.1494 18.7254  4.2378 9.77969 73.7426 41.7889 23.2674
9.95753 19.9311 23.4195 97.2671 58.7185 11.8269 45.8268 98.3875 77.9598 18.6295 41.6055 48.8823       0  15.091 38.5471  31.015 18.1557  49.799 47.6896   61.15 71.2722 48.3298 58.6744 28.7852 86.3994 31.6637 93.1694 96.3139
 67.528 24.5946  86.066 2.69887 62.1529 88.4591 41.9802 76.1579 53.0162 25.3651 64.2078 47.3545 26.8786       0 26.1814 54.5481 31.1587 3.16777 28.3691 13.7267 70.1772   67.41 26.7861 71.6891 62.8102 91.0502 15.5633 41.1953
  57.64 97.0451 43.6682 85.3021 44.5386 68.3009 19.4577 54.8061 80.7158 75.0506 50.6633 18.6726 71.1781 68.6482       0 81.1938  65.525 87.5587 86.9823 2.45959 12.3558 54.2093 56.8748 21.9632 13.0175 82.5223 15.5315 64.0563
27.1287 28.8887 42.3507 20.6866 55.9856 69.5453 56.6537 44.2143 76.3473 95.5893 59.2351 89.4879 96.4336 62.6423 52.6381       0 48.1707 66.9548 96.4886 8.83955 32.4222 19.6019 7.00417 86.4596 15.1846 18.0631 24.8331 89.4833
58.8412 91.1226 10.6606 87.7649 63.8518  50.612 30.4393 18.1381 29.1741 77.3813 88.5729 11.5623 73.2331 35.4251 34.7279 79.7295       0 33.3265 30.5368 41.0958 82.9039 37.5872 93.1961 97.4752 34.4993 53.8604 6.61358 55.7587
32.8438 54.6851 40.7133 28.9703 29.8407 12.8394 86.7586 73.2638 35.5219 55.7664 25.7139 68.3358 88.8507 39.8263 54.9392 67.4848 46.7187       0 74.5411 88.4419 13.8154 65.5651  11.084 77.8379 33.9807 94.5398 97.0537 78.5878
29.2568 55.0174 70.2393 62.0373 75.6722 25.5309  26.199  99.868 20.5616 71.9366 54.8243 48.7229 85.9215 59.0759 15.2804 21.2002 16.7328 15.1254       0 5.32815 40.2617 51.0241 25.6061 92.4637 1.64412 32.2477 41.8962 14.3164
25.6136 49.9638 1.78322 97.4255 51.6167 14.4638 80.0513 47.5774 46.3122 6.55539 65.9542 99.1351 83.7953  8.6582 69.1531 14.4574 64.4363 18.0333 62.8633       0 23.9997 20.4911 30.7833 90.6713 31.9746 87.3598  59.474 61.3723
53.1421 86.5289 94.3984 68.6837  57.811 41.6801  98.598 60.0224 8.78571 90.2883 80.4803 93.0497 57.1865  28.677 93.7656 22.4241 14.2036 98.8024 27.6248  62.983       0 78.3806 75.6492  87.922 11.8186 28.5205 91.5935 75.6415
99.4477 83.2742 25.2567 32.2766 37.7095 1.20315 50.7299  26.067 20.4296 91.4982 26.7609 3.54727 34.6444 44.9974 73.3562 35.4805  36.933 30.8582 77.5688 67.7715 44.5899       0 75.6302 18.0698 93.1079 32.8918 73.1439 55.2127
25.9143 74.5773  50.747 98.2087 49.0422 65.0805 93.5151 27.6287 92.8895 51.8675 71.5096 65.0893 82.9305 91.4535 76.8113 82.6105 77.8937 81.4696 79.8967  33.496 93.6324 43.4908       0 21.4546 22.6459 19.3343 46.8338 20.8463
59.9352 39.6709 80.9273 63.0821 26.4947 98.4912 40.2781 58.6204 67.8081  98.074 70.7686   73.53 50.2362 84.8636 22.4426 16.1896 35.6276  13.006 26.4272 89.6078 64.2403 79.6379 54.0297       0 98.7406 39.3391  20.114  67.235
19.6428 82.7219  8.5309 56.5334 68.9861 37.9126 50.9331 75.7969 45.4966 11.9278 18.2591 29.3082 37.1917 78.6418 18.3536 8.83679 71.4135 66.7912 8.42702 45.3403 12.3614 34.8757  65.916    92.7       0 25.9997 6.03577 28.3566
71.1919 99.4917 25.3243 48.9557 47.2509 14.1227 58.5956 21.1438 20.5182 44.7571 23.3771 36.5989 48.0198  74.384 68.2648 59.4218 60.5042 59.3633 61.3663 13.3926 27.1283 37.1232 92.7652  70.729 43.1005       0 65.1681 66.6801
50.0028 98.6062 20.5983 44.0094 88.5768 24.9858 38.7693 97.8985 26.4284 65.8821 68.8426 44.2986 23.7662 35.0998 7.30617 37.6322 50.8172 47.6336 38.4332  16.035 53.8481 43.8782 33.6676 17.6009 62.3118 38.0797       0  86.349
43.9675 2.36464 90.2528 64.0643 25.5195 6.89878 87.8457   26.73 21.2936 56.4245 29.1869 46.5673 65.4999 15.8335 95.9954 26.1904 79.2503 38.2047 74.2182 52.7673 56.7017 46.2371 99.7917 58.6161 3.87774 36.1774 31.0354       0
