
1	1	1	1	1	1	60.7319	46.6097	41.5682	44.02	53.7775	84.0697	93.8864	100.487	84.0625	81.4302	
2	1	1	1	1	1	60.7303	46.6094	41.5681	44.0195	53.7749	84.0705	93.8857	100.484	84.0606	81.4309	
3	1	1	1	1	1	60.73	46.6092	41.5679	44.0194	53.7749	84.0702	93.8855	100.483	84.0604	81.4308	
4	1	1	1	1	1	60.7298	46.609	41.5678	44.0193	53.7748	84.0699	93.8853	100.482	84.0602	81.4307	
5	1	1	1	1	1	60.7296	46.6088	41.5676	44.0193	53.7748	84.0696	93.885	100.482	84.06	81.4305	
6	1	1	1	1	1	60.7294	46.6086	41.5674	44.0192	53.7748	84.0693	93.8848	100.481	84.0598	81.4304	
7	1	1	1	1	1	60.7292	46.6084	41.5672	44.0191	53.7747	84.069	93.8845	100.48	84.0596	81.4303	
8	1	1	1	1	1	60.729	46.6082	41.567	44.019	53.7747	84.0687	93.8843	100.479	84.0594	81.4301	
9	1	1	1	1	1	60.7288	46.608	41.5668	44.0189	53.7747	84.0684	93.884	100.479	84.0592	81.43	
10	1	1	1	1	1	60.7286	46.6078	41.5666	44.0188	53.7746	84.0681	93.8838	100.478	84.0589	81.4299	
11	1	1	1	1	1	60.7283	46.6076	41.5664	44.0188	53.7746	84.0678	93.8835	100.477	84.0587	81.4297	
12	1	1	1	1	1	60.7281	46.6074	41.5662	44.0187	53.7745	84.0674	93.8833	100.477	84.0585	81.4296	
13	1	1	1	1	1	60.7279	46.6072	41.566	44.0186	53.7745	84.0671	93.883	100.476	84.0583	81.4294	
14	1	1	1	1	1	60.7277	46.607	41.5658	44.0185	53.7745	84.0668	93.8828	100.475	84.058	81.4293	
15	1	1	1	1	1	60.7274	46.6068	41.5656	44.0184	53.7744	84.0665	93.8825	100.474	84.0578	81.4292	
16	1	1	1	1	1	60.7272	46.6066	41.5654	44.0183	53.7744	84.0661	93.8822	100.473	84.0576	81.429	
17	1	1	1	1	1	60.727	46.6064	41.5652	44.0182	53.7743	84.0658	93.882	100.473	84.0573	81.4289	
18	1	1	1	1	1	60.7267	46.6061	41.565	44.0181	53.7743	84.0655	93.8817	100.472	84.0571	81.4287	
19	1	1	1	1	1	60.7265	46.6059	41.5648	44.018	53.7742	84.0651	93.8814	100.471	84.0569	81.4286	
20	1	1	1	1	1	60.7262	46.6057	41.5646	44.0179	53.7742	84.0648	93.8811	100.47	84.0566	81.4284	
21	1	1	1	1	1	60.726	46.6055	41.5644	44.0178	53.7742	84.0644	93.8808	100.469	84.0564	81.4282	
22	1	1	1	1	1	60.7257	46.6052	41.5642	44.0177	53.7741	84.0641	93.8806	100.469	84.0561	81.4281	
23	1	1	1	1	1	60.7255	46.605	41.5639	44.0176	53.7741	84.0637	93.8803	100.468	84.0559	81.4279	
24	1	1	1	1	1	60.7252	46.6048	41.5637	44.0175	53.774	84.0634	93.88	100.467	84.0556	81.4278	
25	1	1	1	1	1	60.725	46.6045	41.5635	44.0174	53.774	84.063	93.8797	100.466	84.0554	81.4276	
26	1	1	1	1	1	60.7247	46.6043	41.5633	44.0173	53.7739	84.0627	93.8794	100.465	84.0551	81.4275	
27	1	1	1	1	1	60.7245	46.6041	41.563	44.0172	53.7739	84.0623	93.8791	100.464	84.0549	81.4273	
28	1	1	1	1	1	60.7242	46.6038	41.5628	44.0171	53.7738	84.0619	93.8788	100.463	84.0546	81.4271	
29	1	1	1	1	1	60.7239	46.6036	41.5626	44.017	53.7738	84.0615	93.8785	100.463	84.0543	81.427	
30	1	1	1	1	1	60.7237	46.6033	41.5623	44.0169	53.7738	84.0612	93.8782	100.462	84.0541	81.4268	
31	1	1	1	1	1	60.7234	46.6031	41.5621	44.0168	53.7737	84.0608	93.8779	100.461	84.0538	81.4266	
32	1	1	1	1	1	60.7231	46.6028	41.5619	44.0167	53.7737	84.0604	93.8776	100.46	84.0535	81.4264	
33	1	1	1	1	1	60.7228	46.6026	41.5616	44.0166	53.7736	84.06	93.8772	100.459	84.0532	81.4263	
34	1	1	1	1	1	60.7226	46.6023	41.5614	44.0165	53.7736	84.0596	93.8769	100.458	84.053	81.4261	
35	1	1	1	1	1	60.7223	46.6021	41.5611	44.0164	53.7735	84.0592	93.8766	100.457	84.0527	81.4259	
36	1	1	1	1	1	60.722	46.6018	41.5609	44.0163	53.7735	84.0588	93.8763	100.456	84.0524	81.4257	
37	1	1	1	1	1	60.7217	46.6016	41.5606	44.0162	53.7734	84.0584	93.8759	100.455	84.0521	81.4256	
38	1	1	1	1	1	60.7214	46.6013	41.5604	44.0161	53.7734	84.058	93.8756	100.454	84.0518	81.4254	
39	1	1	1	1	1	60.7211	46.601	41.5601	44.0159	53.7733	84.0576	93.8753	100.453	84.0515	81.4252	
40	1	1	1	1	1	60.7208	46.6008	41.5598	44.0158	53.7732	84.0571	93.8749	100.452	84.0512	81.425	
41	1	1	1	1	1	60.7205	46.6005	41.5596	44.0157	53.7732	84.0567	93.8746	100.451	84.0509	81.4248	
42	1	1	1	1	1	60.7202	46.6002	41.5593	44.0156	53.7731	84.0563	93.8742	100.45	84.0506	81.4246	
43	1	1	1	1	1	60.7199	46.5999	41.559	44.0155	53.7731	84.0558	93.8739	100.449	84.0503	81.4244	
44	1	1	1	1	1	60.7196	46.5996	41.5588	44.0154	53.773	84.0554	93.8735	100.448	84.05	81.4242	
45	1	1	1	1	1	60.7193	46.5994	41.5585	44.0152	53.773	84.055	93.8732	100.447	84.0497	81.424	
46	1	1	1	1	1	60.719	46.5991	41.5582	44.0151	53.7729	84.0545	93.8728	100.446	84.0494	81.4238	
47	1	1	1	1	1	60.7187	46.5988	41.5579	44.015	53.7729	84.0541	93.8725	100.445	84.0491	81.4236	
48	1	1	1	1	1	60.7183	46.5985	41.5577	44.0149	53.7728	84.0536	93.8721	100.444	84.0487	81.4234	
49	1	1	1	1	1	60.718	46.5982	41.5574	44.0147	53.7728	84.0531	93.8717	100.443	84.0484	81.4232	
50	1	1	1	1	1	60.7177	46.5979	41.5571	44.0146	53.7727	84.0527	93.8713	100.442	84.0481	81.423	
51	1	1	1	1	1	60.7174	46.5976	41.5568	44.0145	53.7726	84.0522	93.871	100.441	84.0477	81.4228	
52	1	1	1	1	1	60.717	46.5973	41.5565	44.0144	53.7726	84.0517	93.8706	100.44	84.0474	81.4226	
53	1	1	1	1	1	60.7167	46.597	41.5562	44.0142	53.7725	84.0513	93.8702	100.438	84.0471	81.4224	
54	1	1	1	1	1	60.7163	46.5966	41.5559	44.0141	53.7725	84.0508	93.8698	100.437	84.0467	81.4222	
55	1	1	1	1	1	60.716	46.5963	41.5556	44.014	53.7724	84.0503	93.8694	100.436	84.0464	81.422	
56	1	1	1	1	1	60.7156	46.596	41.5553	44.0138	53.7723	84.0498	93.869	100.435	84.046	81.4217	
57	1	1	1	1	1	60.7153	46.5957	41.555	44.0137	53.7723	84.0493	93.8686	100.434	84.0457	81.4215	
58	1	1	1	1	1	60.7149	46.5954	41.5547	44.0135	53.7722	84.0488	93.8682	100.433	84.0453	81.4213	
59	1	1	1	1	1	60.7146	46.595	41.5544	44.0134	53.7721	84.0483	93.8678	100.431	84.045	81.4211	
60	1	1	1	1	1	60.7142	46.5947	41.554	44.0133	53.7721	84.0478	93.8674	100.43	84.0446	81.4208	
61	1	1	1	1	1	60.7138	46.5944	41.5537	44.0131	53.772	84.0472	93.8669	100.429	84.0442	81.4206	
62	1	1	1	1	1	60.7135	46.594	41.5534	44.013	53.7719	84.0467	93.8665	100.428	84.0439	81.4204	
63	1	1	1	1	1	60.7131	46.5937	41.5531	44.0128	53.7719	84.0462	93.8661	100.426	84.0435	81.4201	
64	1	1	1	1	1	60.7127	46.5933	41.5527	44.0127	53.7718	84.0456	93.8657	100.425	84.0431	81.4199	
65	1	1	1	1	1	60.7123	46.593	41.5524	44.0125	53.7717	84.0451	93.8652	100.424	84.0427	81.4197	
66	1	1	1	1	1	60.7119	46.5926	41.552	44.0124	53.7717	84.0445	93.8648	100.423	84.0423	81.4194	
67	1	1	1	1	1	60.7116	46.5923	41.5517	44.0122	53.7716	84.044	93.8643	100.421	84.0419	81.4192	
68	1	1	1	1	1	60.7112	46.5919	41.5514	44.0121	53.7715	84.0434	93.8639	100.42	84.0416	81.4189	
69	1	1	1	1	1	60.7108	46.5915	41.551	44.0119	53.7715	84.0429	93.8634	100.419	84.0412	81.4187	
70	1	1	1	1	1	60.7104	46.5912	41.5507	44.0118	53.7714	84.0423	93.863	100.417	84.0408	81.4184	
71	1	1	1	1	1	60.7099	46.5908	41.5503	44.0116	53.7713	84.0417	93.8625	100.416	84.0403	81.4182	
72	1	1	1	1	1	60.7095	46.5904	41.5499	44.0115	53.7713	84.0411	93.862	100.415	84.0399	81.4179	
73	1	1	1	1	1	60.7091	46.5901	41.5496	44.0113	53.7712	84.0406	93.8615	100.413	84.0395	81.4177	
74	1	1	1	1	1	60.7087	46.5897	41.5492	44.0111	53.7711	84.04	93.8611	100.412	84.0391	81.4174	
75	1	1	1	1	1	60.7083	46.5893	41.5488	44.011	53.771	84.0394	93.8606	100.41	84.0387	81.4171	
76	1	1	1	1	1	60.7079	46.5889	41.5485	44.0108	53.771	84.0388	93.8601	100.409	84.0383	81.4169	
77	1	1	1	1	1	60.7074	46.5885	41.5481	44.0106	53.7709	84.0381	93.8596	100.407	84.0378	81.4166	
78	1	1	1	1	1	60.707	46.5881	41.5477	44.0105	53.7708	84.0375	93.8591	100.406	84.0374	81.4163	
79	1	1	1	1	1	60.7065	46.5877	41.5473	44.0103	53.7707	84.0369	93.8586	100.405	84.0369	81.416	
80	1	1	1	1	1	60.7061	46.5873	41.5469	44.0101	53.7706	84.0363	93.8581	100.403	84.0365	81.4158	
81	1	1	1	1	1	60.7056	46.5869	41.5465	44.0099	53.7706	84.0356	93.8576	100.402	84.036	81.4155	
82	1	1	1	1	1	60.7052	46.5865	41.5461	44.0098	53.7705	84.035	93.8571	100.4	84.0356	81.4152	
83	1	1	1	1	1	60.7047	46.586	41.5457	44.0096	53.7704	84.0343	93.8565	100.399	84.0351	81.4149	
84	1	1	1	1	1	60.7043	46.5856	41.5453	44.0094	53.7703	84.0337	93.856	100.397	84.0347	81.4146	
85	1	1	1	1	1	60.7038	46.5852	41.5449	44.0092	53.7702	84.033	93.8555	100.395	84.0342	81.4143	
86	1	1	1	1	1	60.7033	46.5847	41.5445	44.009	53.7701	84.0323	93.8549	100.394	84.0337	81.414	
87	1	1	1	1	1	60.7028	46.5843	41.5441	44.0089	53.7701	84.0317	93.8544	100.392	84.0332	81.4137	
88	1	1	1	1	1	60.7024	46.5839	41.5436	44.0087	53.77	84.031	93.8538	100.391	84.0328	81.4134	
89	1	1	1	1	1	60.7019	46.5834	41.5432	44.0085	53.7699	84.0303	93.8533	100.389	84.0323	81.4131	
90	1	1	1	1	1	60.7014	46.583	41.5428	44.0083	53.7698	84.0296	93.8527	100.387	84.0318	81.4128	
91	1	1	1	1	1	60.7009	46.5825	41.5423	44.0081	53.7697	84.0289	93.8521	100.386	84.0313	81.4125	
92	1	1	1	1	1	60.7004	46.5821	41.5419	44.0079	53.7696	84.0282	93.8516	100.384	84.0308	81.4122	
93	1	1	1	1	1	60.6999	46.5816	41.5415	44.0077	53.7695	84.0275	93.851	100.382	84.0303	81.4118	
94	1	1	1	1	1	60.6994	46.5811	41.541	44.0075	53.7694	84.0267	93.8504	100.381	84.0298	81.4115	
95	1	1	1	1	1	60.6988	46.5806	41.5406	44.0073	53.7694	84.026	93.8498	100.379	84.0292	81.4112	
96	1	1	1	1	1	60.6983	46.5802	41.5401	44.0071	53.7693	84.0252	93.8492	100.377	84.0287	81.4109	
97	1	1	1	1	1	60.6978	46.5797	41.5396	44.0069	53.7692	84.0245	93.8486	100.375	84.0282	81.4105	
98	1	1	1	1	1	60.6972	46.5792	41.5392	44.0067	53.7691	84.0237	93.848	100.374	84.0277	81.4102	
99	1	1	1	1	1	60.6967	46.5787	41.5387	44.0065	53.769	84.023	93.8474	100.372	84.0271	81.4099	
100	1	1	1	1	1	60.6962	46.5782	41.5382	44.0063	53.7689	84.0222	93.8467	100.37	84.0266	81.4095	
101	1	1	1	1	1	60.6956	46.5777	41.5377	44.0061	53.7688	84.0214	93.8461	100.368	84.026	81.4092	
102	1	1	1	1	1	60.6951	46.5772	41.5372	44.0058	53.7687	84.0206	93.8455	100.366	84.0255	81.4088	
103	1	1	1	1	1	60.6945	46.5767	41.5367	44.0056	53.7686	84.0198	93.8448	100.364	84.0249	81.4085	
104	1	1	1	1	1	60.6939	46.5761	41.5362	44.0054	53.7685	84.019	93.8442	100.362	84.0243	81.4081	
105	1	1	1	1	1	60.6933	46.5756	41.5357	44.0052	53.7684	84.0182	93.8435	100.361	84.0238	81.4078	
106	1	1	1	1	1	60.6928	46.5751	41.5352	44.005	53.7683	84.0174	93.8428	100.359	84.0232	81.4074	
107	1	1	1	1	1	60.6922	46.5746	41.5347	44.0047	53.7682	84.0166	93.8422	100.357	84.0226	81.407	
108	1	1	1	1	1	60.6916	46.574	41.5342	44.0045	53.7681	84.0157	93.8415	100.355	84.022	81.4067	
109	1	1	1	1	1	60.691	46.5735	41.5337	44.0043	53.768	84.0149	93.8408	100.353	84.0214	81.4063	
110	1	1	1	1	1	60.6904	46.5729	41.5331	44.004	53.7678	84.014	93.8401	100.351	84.0208	81.4059	
111	1	1	1	1	1	60.6898	46.5723	41.5326	44.0038	53.7677	84.0132	93.8394	100.349	84.0202	81.4055	
112	1	1	1	1	1	60.6892	46.5718	41.5321	44.0036	53.7676	84.0123	93.8387	100.347	84.0196	81.4051	
113	1	1	1	1	1	60.6885	46.5712	41.5315	44.0033	53.7675	84.0114	93.838	100.344	84.019	81.4047	
114	1	1	1	1	1	60.6879	46.5706	41.531	44.0031	53.7674	84.0105	93.8373	100.342	84.0183	81.4043	
115	1	1	1	1	1	60.6873	46.5701	41.5304	44.0028	53.7673	84.0096	93.8366	100.34	84.0177	81.4039	
116	1	1	1	1	1	60.6866	46.5695	41.5299	44.0026	53.7672	84.0087	93.8358	100.338	84.017	81.4035	
117	1	1	1	1	1	60.686	46.5689	41.5293	44.0023	53.7671	84.0078	93.8351	100.336	84.0164	81.4031	
118	1	1	1	1	1	60.6853	46.5683	41.5287	44.0021	53.7669	84.0069	93.8343	100.334	84.0157	81.4027	
119	1	1	1	1	1	60.6847	46.5677	41.5281	44.0018	53.7668	84.0059	93.8336	100.332	84.0151	81.4023	
120	1	1	1	1	1	60.684	46.5671	41.5275	44.0016	53.7667	84.005	93.8328	100.329	84.0144	81.4019	
121	1	1	1	1	1	60.6833	46.5664	41.527	44.0013	53.7666	84.004	93.832	100.327	84.0137	81.4015	
122	1	1	1	1	1	60.6826	46.5658	41.5264	44.001	53.7665	84.003	93.8313	100.325	84.0131	81.401	
123	1	1	1	1	1	60.6819	46.5652	41.5257	44.0008	53.7663	84.0021	93.8305	100.322	84.0124	81.4006	
124	1	1	1	1	1	60.6812	46.5645	41.5251	44.0005	53.7662	84.0011	93.8297	100.32	84.0117	81.4002	
125	1	1	1	1	1	60.6805	46.5639	41.5245	44.0002	53.7661	84.0001	93.8289	100.318	84.011	81.3997	
126	1	1	1	1	1	60.6798	46.5632	41.5239	43.9999	53.766	83.9991	93.8281	100.315	84.0103	81.3993	
127	1	1	1	1	1	60.6791	46.5626	41.5233	43.9997	53.7658	83.9981	93.8272	100.313	84.0095	81.3988	
128	1	1	1	1	1	60.6784	46.5619	41.5226	43.9994	53.7657	83.997	93.8264	100.311	84.0088	81.3984	
129	1	1	1	1	1	60.6777	46.5612	41.522	43.9991	53.7656	83.996	93.8256	100.308	84.0081	81.3979	
130	1	1	1	1	1	60.6769	46.5606	41.5213	43.9988	53.7654	83.9949	93.8247	100.306	84.0073	81.3974	
131	1	1	1	1	1	60.6762	46.5599	41.5207	43.9985	53.7653	83.9939	93.8239	100.303	84.0066	81.397	
132	1	1	1	1	1	60.6754	46.5592	41.52	43.9982	53.7652	83.9928	93.823	100.301	84.0058	81.3965	
133	1	1	1	1	1	60.6746	46.5585	41.5194	43.9979	53.765	83.9917	93.8221	100.298	84.0051	81.396	
134	1	1	1	1	1	60.6739	46.5578	41.5187	43.9976	53.7649	83.9906	93.8212	100.296	84.0043	81.3955	
135	1	1	1	1	1	60.6731	46.5571	41.518	43.9973	53.7648	83.9895	93.8204	100.293	84.0035	81.395	
136	1	1	1	1	1	60.6723	46.5563	41.5173	43.997	53.7646	83.9884	93.8194	100.29	84.0027	81.3945	
137	1	1	1	1	1	60.6715	46.5556	41.5166	43.9967	53.7645	83.9873	93.8185	100.288	84.0019	81.394	
138	1	1	1	1	1	60.6707	46.5549	41.5159	43.9964	53.7643	83.9862	93.8176	100.285	84.0011	81.3935	
139	1	1	1	1	1	60.6699	46.5541	41.5152	43.9961	53.7642	83.985	93.8167	100.282	84.0003	81.393	
140	1	1	1	1	1	60.6691	46.5534	41.5145	43.9958	53.764	83.9838	93.8158	100.28	83.9995	81.3925	
141	1	1	1	1	1	60.6682	46.5526	41.5138	43.9955	53.7639	83.9827	93.8148	100.277	83.9987	81.392	
142	1	1	1	1	1	60.6674	46.5519	41.513	43.9951	53.7637	83.9815	93.8138	100.274	83.9978	81.3915	
143	1	1	1	1	1	60.6666	46.5511	41.5123	43.9948	53.7636	83.9803	93.8129	100.271	83.997	81.3909	
144	1	1	1	1	1	60.6657	46.5503	41.5115	43.9945	53.7634	83.9791	93.8119	100.268	83.9961	81.3904	
145	1	1	1	1	1	60.6648	46.5495	41.5108	43.9942	53.7633	83.9779	93.8109	100.265	83.9953	81.3899	
146	1	1	1	1	1	60.664	46.5487	41.51	43.9938	53.7631	83.9766	93.8099	100.262	83.9944	81.3893	
147	1	1	1	1	1	60.6631	46.5479	41.5092	43.9935	53.763	83.9754	93.8089	100.26	83.9935	81.3888	
148	1	1	1	1	1	60.6622	46.5471	41.5085	43.9931	53.7628	83.9741	93.8079	100.257	83.9926	81.3882	
149	1	1	1	1	1	60.6613	46.5462	41.5077	43.9928	53.7626	83.9728	93.8069	100.254	83.9917	81.3876	
150	1	1	1	1	1	60.6604	46.5454	41.5069	43.9924	53.7625	83.9716	93.8058	100.251	83.9908	81.3871	
151	1	1	1	1	1	60.6595	46.5446	41.5061	43.9921	53.7623	83.9703	93.8048	100.247	83.9899	81.3865	
152	1	1	1	1	1	60.6585	46.5437	41.5053	43.9917	53.7621	83.9689	93.8037	100.244	83.989	81.3859	
153	1	1	1	1	1	60.6576	46.5429	41.5044	43.9914	53.762	83.9676	93.8026	100.241	83.988	81.3853	
154	1	1	1	1	1	60.6567	46.542	41.5036	43.991	53.7618	83.9663	93.8016	100.238	83.9871	81.3847	
155	1	1	1	1	1	60.6557	46.5411	41.5028	43.9906	53.7616	83.9649	93.8005	100.235	83.9861	81.3841	
156	1	1	1	1	1	60.6547	46.5402	41.5019	43.9903	53.7614	83.9635	93.7994	100.232	83.9852	81.3835	
157	1	1	1	1	1	60.6538	46.5393	41.5011	43.9899	53.7613	83.9622	93.7983	100.228	83.9842	81.3829	
158	1	1	1	1	1	60.6528	46.5384	41.5002	43.9895	53.7611	83.9608	93.7971	100.225	83.9832	81.3823	
159	1	1	1	1	1	60.6518	46.5375	41.4993	43.9891	53.7609	83.9594	93.796	100.222	83.9822	81.3817	
160	1	1	1	1	1	60.6508	46.5366	41.4985	43.9887	53.7607	83.9579	93.7948	100.218	83.9812	81.381	
161	1	1	1	1	1	60.6497	46.5357	41.4976	43.9883	53.7605	83.9565	93.7937	100.215	83.9802	81.3804	
162	1	1	1	1	1	60.6487	46.5347	41.4967	43.9879	53.7604	83.955	93.7925	100.212	83.9792	81.3798	
163	1	1	1	1	1	60.6477	46.5338	41.4958	43.9875	53.7602	83.9536	93.7913	100.208	83.9781	81.3791	
164	1	1	1	1	1	60.6466	46.5328	41.4949	43.9871	53.76	83.9521	93.7901	100.205	83.9771	81.3784	
165	1	1	1	1	1	60.6456	46.5318	41.4939	43.9867	53.7598	83.9506	93.7889	100.201	83.976	81.3778	
166	1	1	1	1	1	60.6445	46.5308	41.493	43.9863	53.7596	83.9491	93.7877	100.198	83.9749	81.3771	
167	1	1	1	1	1	60.6434	46.5298	41.492	43.9859	53.7594	83.9475	93.7864	100.194	83.9739	81.3764	
168	1	1	1	1	1	60.6423	46.5288	41.4911	43.9855	53.7592	83.946	93.7852	100.19	83.9728	81.3757	
169	1	1	1	1	1	60.6412	46.5278	41.4901	43.9851	53.759	83.9444	93.7839	100.187	83.9717	81.3751	
170	1	1	1	1	1	60.6401	46.5268	41.4892	43.9846	53.7588	83.9428	93.7827	100.183	83.9706	81.3744	
171	1	1	1	1	1	60.639	46.5258	41.4882	43.9842	53.7586	83.9413	93.7814	100.179	83.9694	81.3736	
172	1	1	1	1	1	60.6378	46.5247	41.4872	43.9838	53.7584	83.9396	93.7801	100.175	83.9683	81.3729	
173	1	1	1	1	1	60.6367	46.5237	41.4862	43.9833	53.7582	83.938	93.7788	100.171	83.9671	81.3722	
174	1	1	1	1	1	60.6355	46.5226	41.4852	43.9829	53.758	83.9364	93.7774	100.168	83.966	81.3715	
175	1	1	1	1	1	60.6344	46.5215	41.4841	43.9824	53.7578	83.9347	93.7761	100.164	83.9648	81.3707	
176	1	1	1	1	1	60.6332	46.5204	41.4831	43.982	53.7575	83.933	93.7747	100.16	83.9636	81.37	
177	1	1	1	1	1	60.632	46.5193	41.482	43.9815	53.7573	83.9313	93.7734	100.156	83.9624	81.3692	
178	1	1	1	1	1	60.6308	46.5182	41.481	43.981	53.7571	83.9296	93.772	100.152	83.9612	81.3685	
179	1	1	1	1	1	60.6295	46.5171	41.4799	43.9806	53.7569	83.9279	93.7706	100.148	83.96	81.3677	
180	1	1	1	1	1	60.6283	46.516	41.4788	43.9801	53.7567	83.9261	93.7692	100.143	83.9587	81.3669	
181	1	1	1	1	1	60.627	46.5148	41.4777	43.9796	53.7564	83.9244	93.7677	100.139	83.9575	81.3662	
182	1	1	1	1	1	60.6258	46.5136	41.4766	43.9791	53.7562	83.9226	93.7663	100.135	83.9562	81.3654	
183	1	1	1	1	1	60.6245	46.5125	41.4755	43.9786	53.756	83.9208	93.7648	100.131	83.955	81.3646	
184	1	1	1	1	1	60.6232	46.5113	41.4744	43.9781	53.7557	83.9189	93.7634	100.126	83.9537	81.3638	
185	1	1	1	1	1	60.6219	46.5101	41.4733	43.9776	53.7555	83.9171	93.7619	100.122	83.9524	81.3629	
186	1	1	1	1	1	60.6206	46.5089	41.4721	43.9771	53.7553	83.9152	93.7604	100.118	83.9511	81.3621	
187	1	1	1	1	1	60.6193	46.5077	41.471	43.9766	53.755	83.9134	93.7589	100.113	83.9497	81.3613	
188	1	1	1	1	1	60.6179	46.5064	41.4698	43.9761	53.7548	83.9115	93.7573	100.109	83.9484	81.3604	
189	1	1	1	1	1	60.6166	46.5052	41.4686	43.9756	53.7545	83.9095	93.7558	100.104	83.947	81.3596	
190	1	1	1	1	1	60.6152	46.5039	41.4674	43.9751	53.7543	83.9076	93.7542	100.1	83.9457	81.3587	
191	1	1	1	1	1	60.6138	46.5026	41.4662	43.9745	53.754	83.9056	93.7526	100.095	83.9443	81.3579	
192	1	1	1	1	1	60.6124	46.5013	41.465	43.974	53.7538	83.9037	93.751	100.09	83.9429	81.357	
193	1	1	1	1	1	60.611	46.5	41.4637	43.9734	53.7535	83.9017	93.7494	100.086	83.9415	81.3561	
194	1	1	1	1	1	60.6096	46.4987	41.4625	43.9729	53.7532	83.8996	93.7478	100.081	83.94	81.3552	
195	1	1	1	1	1	60.6081	46.4974	41.4612	43.9723	53.753	83.8976	93.7461	100.076	83.9386	81.3543	
196	1	1	1	1	1	60.6067	46.4961	41.46	43.9718	53.7527	83.8955	93.7445	100.071	83.9371	81.3534	
197	1	1	1	1	1	60.6052	46.4947	41.4587	43.9712	53.7524	83.8934	93.7428	100.066	83.9357	81.3525	
198	1	1	1	1	1	60.6037	46.4933	41.4574	43.9706	53.7522	83.8913	93.7411	100.061	83.9342	81.3515	
199	1	1	1	1	1	60.6022	46.4919	41.4561	43.9701	53.7519	83.8892	93.7394	100.056	83.9327	81.3506	
200	1	1	1	1	1	60.6007	46.4905	41.4547	43.9695	53.7516	83.8871	93.7376	100.051	83.9311	81.3496	
201	1	1	1	1	1	60.5991	46.4891	41.4534	43.9689	53.7513	83.8849	93.7359	100.046	83.9296	81.3487	
202	1	1	1	1	1	60.5976	46.4877	41.4521	43.9683	53.751	83.8827	93.7341	100.041	83.9281	81.3477	
203	1	1	1	1	1	60.596	46.4863	41.4507	43.9677	53.7508	83.8805	93.7323	100.036	83.9265	81.3467	
204	1	1	1	1	1	60.5944	46.4848	41.4493	43.9671	53.7505	83.8782	93.7305	100.03	83.9249	81.3457	
205	1	1	1	1	1	60.5928	46.4833	41.4479	43.9665	53.7502	83.876	93.7287	100.025	83.9233	81.3447	
206	1	1	1	1	1	60.5912	46.4818	41.4465	43.9659	53.7499	83.8737	93.7268	100.02	83.9217	81.3437	
207	1	1	1	1	1	60.5896	46.4803	41.4451	43.9652	53.7496	83.8714	93.725	100.014	83.9201	81.3427	
208	1	1	1	1	1	60.5879	46.4788	41.4436	43.9646	53.7493	83.869	93.7231	100.009	83.9184	81.3416	
209	1	1	1	1	1	60.5863	46.4773	41.4422	43.964	53.749	83.8667	93.7212	100.003	83.9167	81.3406	
210	1	1	1	1	1	60.5846	46.4757	41.4407	43.9633	53.7486	83.8643	93.7192	99.9974	83.915	81.3395	
211	1	1	1	1	1	60.5829	46.4741	41.4392	43.9627	53.7483	83.8619	93.7173	99.9917	83.9133	81.3385	
212	1	1	1	1	1	60.5811	46.4726	41.4377	43.962	53.748	83.8594	93.7153	99.986	83.9116	81.3374	
213	1	1	1	1	1	60.5794	46.471	41.4362	43.9614	53.7477	83.857	93.7133	99.9802	83.9099	81.3363	
214	1	1	1	1	1	60.5776	46.4693	41.4347	43.9607	53.7474	83.8545	93.7113	99.9743	83.9081	81.3352	
215	1	1	1	1	1	60.5759	46.4677	41.4331	43.96	53.747	83.852	93.7093	99.9684	83.9064	81.3341	
216	1	1	1	1	1	60.5741	46.466	41.4316	43.9593	53.7467	83.8494	93.7073	99.9624	83.9046	81.333	
217	1	1	1	1	1	60.5723	46.4644	41.43	43.9586	53.7464	83.8469	93.7052	99.9563	83.9027	81.3318	
218	1	1	1	1	1	60.5704	46.4627	41.4284	43.9579	53.746	83.8443	93.7031	99.9502	83.9009	81.3307	
219	1	1	1	1	1	60.5686	46.461	41.4268	43.9572	53.7457	83.8416	93.701	99.944	83.8991	81.3295	
220	1	1	1	1	1	60.5667	46.4592	41.4252	43.9565	53.7453	83.839	93.6988	99.9377	83.8972	81.3284	
221	1	1	1	1	1	60.5648	46.4575	41.4235	43.9558	53.745	83.8363	93.6967	99.9314	83.8953	81.3272	
222	1	1	1	1	1	60.5629	46.4557	41.4219	43.9551	53.7446	83.8336	93.6945	99.925	83.8934	81.326	
223	1	1	1	1	1	60.561	46.454	41.4202	43.9543	53.7443	83.8309	93.6923	99.9186	83.8915	81.3248	
224	1	1	1	1	1	60.559	46.4522	41.4185	43.9536	53.7439	83.8281	93.6901	99.9121	83.8895	81.3235	
225	1	1	1	1	1	60.557	46.4503	41.4168	43.9528	53.7435	83.8253	93.6878	99.9055	83.8875	81.3223	
226	1	1	1	1	1	60.555	46.4485	41.415	43.9521	53.7432	83.8225	93.6855	99.8988	83.8855	81.3211	
227	1	1	1	1	1	60.553	46.4466	41.4133	43.9513	53.7428	83.8197	93.6833	99.8921	83.8835	81.3198	
228	1	1	1	1	1	60.551	46.4448	41.4115	43.9505	53.7424	83.8168	93.6809	99.8853	83.8815	81.3185	
229	1	1	1	1	1	60.5489	46.4429	41.4097	43.9497	53.742	83.8139	93.6786	99.8784	83.8794	81.3172	
230	1	1	1	1	1	60.5469	46.4409	41.4079	43.9489	53.7417	83.8109	93.6762	99.8715	83.8774	81.3159	
231	1	1	1	1	1	60.5448	46.439	41.4061	43.9481	53.7413	83.808	93.6738	99.8645	83.8753	81.3146	
232	1	1	1	1	1	60.5426	46.437	41.4043	43.9473	53.7409	83.805	93.6714	99.8574	83.8731	81.3133	
233	1	1	1	1	1	60.5405	46.4351	41.4024	43.9465	53.7405	83.8019	93.669	99.8502	83.871	81.312	
234	1	1	1	1	1	60.5383	46.4331	41.4005	43.9457	53.7401	83.7989	93.6665	99.843	83.8688	81.3106	
235	1	1	1	1	1	60.5361	46.431	41.3986	43.9449	53.7396	83.7958	93.664	99.8357	83.8666	81.3092	
236	1	1	1	1	1	60.5339	46.429	41.3967	43.944	53.7392	83.7927	93.6615	99.8283	83.8644	81.3078	
237	1	1	1	1	1	60.5317	46.4269	41.3947	43.9432	53.7388	83.7895	93.6589	99.8208	83.8622	81.3064	
238	1	1	1	1	1	60.5294	46.4248	41.3928	43.9423	53.7384	83.7863	93.6563	99.8133	83.8599	81.305	
239	1	1	1	1	1	60.5272	46.4227	41.3908	43.9414	53.738	83.7831	93.6537	99.8056	83.8577	81.3036	
240	1	1	1	1	1	60.5248	46.4206	41.3888	43.9406	53.7375	83.7798	93.6511	99.7979	83.8554	81.3022	
241	1	1	1	1	1	60.5225	46.4184	41.3868	43.9397	53.7371	83.7765	93.6484	99.7901	83.853	81.3007	
242	1	1	1	1	1	60.5202	46.4163	41.3847	43.9388	53.7366	83.7732	93.6457	99.7822	83.8507	81.2992	
243	1	1	1	1	1	60.5178	46.414	41.3827	43.9379	53.7362	83.7698	93.643	99.7743	83.8483	81.2977	
244	1	1	1	1	1	60.5154	46.4118	41.3806	43.937	53.7357	83.7664	93.6403	99.7662	83.8459	81.2962	
245	1	1	1	1	1	60.5129	46.4096	41.3785	43.9361	53.7353	83.763	93.6375	99.7581	83.8434	81.2947	
246	1	1	1	1	1	60.5105	46.4073	41.3763	43.9351	53.7348	83.7595	93.6347	99.7499	83.841	81.2932	
247	1	1	1	1	1	60.508	46.405	41.3742	43.9342	53.7344	83.756	93.6319	99.7416	83.8385	81.2916	
248	1	1	1	1	1	60.5055	46.4027	41.372	43.9332	53.7339	83.7524	93.629	99.7332	83.836	81.29	
249	1	1	1	1	1	60.5029	46.4003	41.3698	43.9323	53.7334	83.7489	93.6261	99.7247	83.8335	81.2885	
250	1	1	1	1	1	60.5004	46.3979	41.3676	43.9313	53.7329	83.7452	93.6232	99.7162	83.8309	81.2869	
251	1	1	1	1	1	60.4978	46.3955	41.3653	43.9303	53.7324	83.7416	93.6202	99.7075	83.8283	81.2852	
252	1	1	1	1	1	60.4952	46.3931	41.3631	43.9293	53.7319	83.7379	93.6173	99.6987	83.8257	81.2836	
253	1	1	1	1	1	60.4925	46.3907	41.3608	43.9283	53.7314	83.7341	93.6142	99.6899	83.823	81.2819	
254	1	1	1	1	1	60.4898	46.3882	41.3585	43.9273	53.7309	83.7303	93.6112	99.681	83.8204	81.2803	
255	1	1	1	1	1	60.4871	46.3857	41.3561	43.9263	53.7304	83.7265	93.6081	99.6719	83.8177	81.2786	
256	1	1	1	1	1	60.4844	46.3832	41.3538	43.9253	53.7299	83.7227	93.605	99.6628	83.8149	81.2769	
257	1	1	1	1	1	60.4816	46.3806	41.3514	43.9242	53.7294	83.7188	93.6019	99.6536	83.8122	81.2752	
258	1	1	1	1	1	60.4789	46.378	41.349	43.9232	53.7288	83.7148	93.5987	99.6442	83.8094	81.2734	
259	1	1	1	1	1	60.476	46.3754	41.3465	43.9221	53.7283	83.7108	93.5955	99.6348	83.8066	81.2716	
260	1	1	1	1	1	60.4732	46.3727	41.3441	43.921	53.7277	83.7068	93.5922	99.6253	83.8037	81.2699	
261	1	1	1	1	1	60.4703	46.3701	41.3416	43.9199	53.7272	83.7027	93.5889	99.6156	83.8008	81.2681	
262	1	1	1	1	1	60.4674	46.3674	41.339	43.9188	53.7266	83.6986	93.5856	99.6059	83.7979	81.2662	
263	1	1	1	1	1	60.4644	46.3646	41.3365	43.9177	53.7261	83.6945	93.5823	99.5961	83.795	81.2644	
264	1	1	1	1	1	60.4615	46.3619	41.3339	43.9166	53.7255	83.6903	93.5789	99.5861	83.792	81.2625	
265	1	1	1	1	1	60.4585	46.3591	41.3313	43.9155	53.7249	83.686	93.5754	99.5761	83.789	81.2607	
266	1	1	1	1	1	60.4554	46.3563	41.3287	43.9143	53.7244	83.6817	93.572	99.5659	83.786	81.2588	
267	1	1	1	1	1	60.4524	46.3534	41.3261	43.9132	53.7238	83.6774	93.5685	99.5556	83.7829	81.2568	
268	1	1	1	1	1	60.4493	46.3505	41.3234	43.912	53.7232	83.673	93.565	99.5453	83.7798	81.2549	
269	1	1	1	1	1	60.4461	46.3476	41.3207	43.9108	53.7226	83.6686	93.5614	99.5348	83.7767	81.253	
270	1	1	1	1	1	60.4429	46.3447	41.3179	43.9096	53.722	83.6641	93.5578	99.5242	83.7735	81.251	
271	1	1	1	1	1	60.4397	46.3417	41.3152	43.9084	53.7213	83.6596	93.5541	99.5135	83.7703	81.249	
272	1	1	1	1	1	60.4365	46.3387	41.3124	43.9072	53.7207	83.655	93.5504	99.5026	83.767	81.2469	
273	1	1	1	1	1	60.4332	46.3356	41.3095	43.906	53.7201	83.6504	93.5467	99.4917	83.7638	81.2449	
274	1	1	1	1	1	60.4299	46.3326	41.3067	43.9047	53.7194	83.6457	93.5429	99.4806	83.7605	81.2428	
275	1	1	1	1	1	60.4266	46.3295	41.3038	43.9035	53.7188	83.641	93.5391	99.4694	83.7571	81.2407	
276	1	1	1	1	1	60.4232	46.3263	41.3009	43.9022	53.7181	83.6362	93.5353	99.4581	83.7537	81.2386	
277	1	1	1	1	1	60.4198	46.3231	41.2979	43.9009	53.7175	83.6314	93.5314	99.4467	83.7503	81.2365	
278	1	1	1	1	1	60.4163	46.3199	41.295	43.8996	53.7168	83.6265	93.5275	99.4351	83.7469	81.2343	
279	1	1	1	1	1	60.4128	46.3167	41.292	43.8983	53.7161	83.6216	93.5235	99.4234	83.7434	81.2322	
280	1	1	1	1	1	60.4093	46.3134	41.2889	43.897	53.7154	83.6166	93.5195	99.4116	83.7398	81.23	
281	1	1	1	1	1	60.4057	46.3101	41.2858	43.8957	53.7147	83.6115	93.5154	99.3997	83.7363	81.2277	
282	1	1	1	1	1	60.4021	46.3067	41.2827	43.8943	53.714	83.6065	93.5113	99.3876	83.7327	81.2255	
283	1	1	1	1	1	60.3985	46.3033	41.2796	43.893	53.7133	83.6013	93.5072	99.3754	83.729	81.2232	
284	1	1	1	1	1	60.3948	46.2999	41.2764	43.8916	53.7126	83.5961	93.503	99.3631	83.7253	81.2209	
285	1	1	1	1	1	60.3911	46.2964	41.2732	43.8902	53.7119	83.5908	93.4987	99.3507	83.7216	81.2186	
286	1	1	1	1	1	60.3873	46.2929	41.27	43.8888	53.7112	83.5855	93.4944	99.3381	83.7179	81.2162	
287	1	1	1	1	1	60.3835	46.2893	41.2667	43.8874	53.7104	83.5802	93.4901	99.3253	83.7141	81.2139	
288	1	1	1	1	1	60.3796	46.2858	41.2634	43.8859	53.7097	83.5747	93.4857	99.3125	83.7102	81.2115	
289	1	1	1	1	1	60.3758	46.2821	41.2601	43.8845	53.7089	83.5692	93.4813	99.2994	83.7063	81.209	
290	1	1	1	1	1	60.3718	46.2785	41.2567	43.883	53.7081	83.5637	93.4768	99.2863	83.7024	81.2066	
291	1	1	1	1	1	60.3678	46.2748	41.2533	43.8815	53.7073	83.5581	93.4723	99.273	83.6984	81.2041	
292	1	1	1	1	1	60.3638	46.271	41.2498	43.88	53.7065	83.5524	93.4677	99.2595	83.6944	81.2016	
293	1	1	1	1	1	60.3598	46.2672	41.2463	43.8785	53.7057	83.5467	93.4631	99.246	83.6903	81.1991	
294	1	1	1	1	1	60.3557	46.2634	41.2428	43.877	53.7049	83.5409	93.4585	99.2322	83.6862	81.1965	
295	1	1	1	1	1	60.3515	46.2595	41.2392	43.8754	53.7041	83.535	93.4537	99.2183	83.6821	81.1939	
296	1	1	1	1	1	60.3473	46.2556	41.2356	43.8739	53.7033	83.5291	93.449	99.2043	83.6779	81.1913	
297	1	1	1	1	1	60.3431	46.2516	41.232	43.8723	53.7024	83.5231	93.4441	99.1901	83.6736	81.1887	
298	1	1	1	1	1	60.3388	46.2476	41.2283	43.8707	53.7016	83.5171	93.4393	99.1757	83.6694	81.186	
299	1	1	1	1	1	60.3344	46.2436	41.2246	43.8691	53.7007	83.511	93.4343	99.1612	83.665	81.1833	
300	1	1	1	1	1	60.3301	46.2395	41.2208	43.8675	53.6999	83.5048	93.4294	99.1465	83.6606	81.1806	
301	1	1	1	1	1	60.3256	46.2353	41.217	43.8658	53.699	83.4985	93.4243	99.1317	83.6562	81.1778	
302	1	1	1	1	1	60.3211	46.2311	41.2132	43.8642	53.6981	83.4922	93.4192	99.1167	83.6517	81.175	
303	1	1	1	1	1	60.3166	46.2269	41.2093	43.8625	53.6972	83.4858	93.4141	99.1016	83.6472	81.1722	
304	1	1	1	1	1	60.312	46.2226	41.2054	43.8608	53.6963	83.4794	93.4089	99.0862	83.6426	81.1693	
305	1	1	1	1	1	60.3074	46.2183	41.2014	43.8591	53.6953	83.4728	93.4036	99.0707	83.638	81.1664	
306	1	1	1	1	1	60.3027	46.2139	41.1974	43.8573	53.6944	83.4662	93.3983	99.0551	83.6333	81.1635	
307	1	1	1	1	1	60.298	46.2095	41.1934	43.8556	53.6935	83.4596	93.3929	99.0392	83.6286	81.1606	
308	1	1	1	1	1	60.2932	46.205	41.1893	43.8538	53.6925	83.4528	93.3875	99.0232	83.6238	81.1576	
309	1	1	1	1	1	60.2884	46.2004	41.1851	43.852	53.6915	83.446	93.382	99.007	83.619	81.1546	
310	1	1	1	1	1	60.2835	46.1959	41.181	43.8502	53.6905	83.4391	93.3764	98.9906	83.6141	81.1516	
311	1	1	1	1	1	60.2785	46.1912	41.1767	43.8484	53.6895	83.4322	93.3708	98.9741	83.6091	81.1485	
312	1	1	1	1	1	60.2735	46.1865	41.1725	43.8466	53.6885	83.4251	93.3652	98.9573	83.6041	81.1454	
313	1	1	1	1	1	60.2685	46.1818	41.1681	43.8447	53.6875	83.418	93.3594	98.9404	83.5991	81.1422	
314	1	1	1	1	1	60.2634	46.177	41.1638	43.8428	53.6865	83.4108	93.3536	98.9233	83.594	81.139	
315	1	1	1	1	1	60.2582	46.1721	41.1594	43.8409	53.6854	83.4035	93.3477	98.906	83.5888	81.1358	
316	1	1	1	1	1	60.253	46.1672	41.1549	43.839	53.6844	83.3961	93.3418	98.8884	83.5836	81.1326	
317	1	1	1	1	1	60.2477	46.1623	41.1504	43.8371	53.6833	83.3887	93.3358	98.8707	83.5783	81.1293	
318	1	1	1	1	1	60.2423	46.1572	41.1458	43.8351	53.6822	83.3812	93.3298	98.8529	83.5729	81.126	
319	1	1	1	1	1	60.2369	46.1522	41.1412	43.8331	53.6811	83.3736	93.3236	98.8348	83.5675	81.1226	
320	1	1	1	1	1	60.2315	46.147	41.1366	43.8311	53.68	83.3659	93.3174	98.8165	83.5621	81.1192	
321	1	1	1	1	1	60.2259	46.1418	41.1319	43.8291	53.6789	83.3581	93.3112	98.7979	83.5565	81.1158	
322	1	1	1	1	1	60.2203	46.1366	41.1271	43.827	53.6777	83.3502	93.3048	98.7792	83.551	81.1123	
323	1	1	1	1	1	60.2147	46.1313	41.1223	43.825	53.6766	83.3423	93.2984	98.7603	83.5453	81.1088	
324	1	1	1	1	1	60.209	46.1259	41.1174	43.8229	53.6754	83.3342	93.2919	98.7412	83.5396	81.1052	
325	1	1	1	1	1	60.2032	46.1205	41.1125	43.8208	53.6742	83.3261	93.2854	98.7218	83.5338	81.1016	
326	1	1	1	1	1	60.1974	46.115	41.1076	43.8186	53.673	83.3179	93.2788	98.7022	83.528	81.098	
327	1	1	1	1	1	60.1915	46.1094	41.1025	43.8165	53.6718	83.3096	93.2721	98.6824	83.5221	81.0943	
328	1	1	1	1	1	60.1855	46.1038	41.0975	43.8143	53.6705	83.3011	93.2653	98.6624	83.5161	81.0906	
329	1	1	1	1	1	60.1794	46.0981	41.0923	43.8121	53.6693	83.2926	93.2585	98.6422	83.5101	81.0869	
330	1	1	1	1	1	60.1733	46.0923	41.0871	43.8099	53.668	83.2841	93.2515	98.6217	83.504	81.0831	
331	1	1	1	1	1	60.1671	46.0865	41.0819	43.8076	53.6667	83.2754	93.2445	98.601	83.4978	81.0793	
332	1	1	1	1	1	60.1609	46.0806	41.0766	43.8053	53.6654	83.2666	93.2374	98.58	83.4915	81.0754	
333	1	1	1	1	1	60.1546	46.0746	41.0712	43.803	53.6641	83.2577	93.2303	98.5589	83.4852	81.0715	
334	1	1	1	1	1	60.1482	46.0686	41.0658	43.8007	53.6628	83.2487	93.223	98.5374	83.4788	81.0675	
335	1	1	1	1	1	60.1417	46.0625	41.0603	43.7984	53.6614	83.2396	93.2157	98.5158	83.4724	81.0635	
336	1	1	1	1	1	60.1352	46.0563	41.0548	43.796	53.6601	83.2304	93.2083	98.4938	83.4658	81.0594	
337	1	1	1	1	1	60.1286	46.05	41.0492	43.7936	53.6587	83.2211	93.2008	98.4717	83.4592	81.0553	
338	1	1	1	1	1	60.1219	46.0437	41.0436	43.7912	53.6573	83.2117	93.1933	98.4493	83.4525	81.0512	
339	1	1	1	1	1	60.1151	46.0373	41.0378	43.7887	53.6558	83.2022	93.1856	98.4266	83.4458	81.047	
340	1	1	1	1	1	60.1083	46.0309	41.032	43.7863	53.6544	83.1926	93.1779	98.4036	83.4389	81.0427	
341	1	1	1	1	1	60.1013	46.0243	41.0262	43.7838	53.6529	83.1829	93.17	98.3804	83.432	81.0384	
342	1	1	1	1	1	60.0943	46.0177	41.0203	43.7812	53.6515	83.173	93.1621	98.357	83.425	81.0341	
343	1	1	1	1	1	60.0873	46.011	41.0143	43.7787	53.65	83.1631	93.1541	98.3332	83.4179	81.0297	
344	1	1	1	1	1	60.0801	46.0042	41.0083	43.7761	53.6484	83.153	93.146	98.3092	83.4108	81.0253	
345	1	1	1	1	1	60.0728	45.9973	41.0022	43.7735	53.6469	83.1429	93.1378	98.2849	83.4035	81.0208	
346	1	1	1	1	1	60.0655	45.9904	40.996	43.7709	53.6453	83.1326	93.1295	98.2603	83.3962	81.0163	
347	1	1	1	1	1	60.0581	45.9833	40.9897	43.7682	53.6437	83.1222	93.1212	98.2355	83.3888	81.0117	
348	1	1	1	1	1	60.0506	45.9762	40.9834	43.7655	53.6421	83.1116	93.1127	98.2103	83.3813	81.007	
349	1	1	1	1	1	60.043	45.969	40.977	43.7628	53.6405	83.101	93.1041	98.1849	83.3737	81.0023	
350	1	1	1	1	1	60.0353	45.9617	40.9706	43.76	53.6389	83.0902	93.0954	98.1591	83.366	80.9976	
351	1	1	1	1	1	60.0276	45.9544	40.964	43.7573	53.6372	83.0793	93.0867	98.1331	83.3583	80.9928	
352	1	1	1	1	1	60.0197	45.9469	40.9574	43.7544	53.6355	83.0683	93.0778	98.1068	83.3504	80.9879	
353	1	1	1	1	1	60.0118	45.9394	40.9508	43.7516	53.6338	83.0572	93.0688	98.0801	83.3425	80.983	
354	1	1	1	1	1	60.0037	45.9317	40.944	43.7487	53.632	83.0459	93.0597	98.0531	83.3345	80.9781	
355	1	1	1	1	1	59.9956	45.924	40.9372	43.7458	53.6303	83.0345	93.0506	98.0259	83.3263	80.973	
356	1	1	1	1	1	59.9874	45.9162	40.9303	43.7429	53.6285	83.023	93.0413	97.9983	83.3181	80.9679	
357	1	1	1	1	1	59.9791	45.9082	40.9233	43.7399	53.6267	83.0113	93.0319	97.9703	83.3098	80.9628	
358	1	1	1	1	1	59.9706	45.9002	40.9163	43.7369	53.6248	82.9995	93.0224	97.9421	83.3014	80.9576	
359	1	1	1	1	1	59.9621	45.8921	40.9091	43.7339	53.623	82.9876	93.0128	97.9135	83.2929	80.9523	
360	1	1	1	1	1	59.9535	45.8839	40.9019	43.7309	53.6211	82.9755	93.0031	97.8846	83.2843	80.947	
361	1	1	1	1	1	59.9448	45.8756	40.8946	43.7278	53.6192	82.9633	92.9932	97.8553	83.2755	80.9416	
362	1	1	1	1	1	59.936	45.8672	40.8872	43.7246	53.6172	82.951	92.9833	97.8257	83.2667	80.9362	
363	1	1	1	1	1	59.927	45.8586	40.8798	43.7215	53.6152	82.9385	92.9732	97.7957	83.2578	80.9307	
364	1	1	1	1	1	59.918	45.85	40.8722	43.7183	53.6132	82.9258	92.963	97.7654	83.2488	80.9251	
365	1	1	1	1	1	59.9088	45.8413	40.8646	43.7151	53.6112	82.913	92.9527	97.7347	83.2396	80.9195	
366	1	1	1	1	1	59.8996	45.8324	40.8569	43.7118	53.6092	82.9001	92.9423	97.7036	83.2304	80.9138	
367	1	1	1	1	1	59.8902	45.8235	40.8491	43.7085	53.6071	82.887	92.9318	97.6722	83.2211	80.908	
368	1	1	1	1	1	59.8808	45.8144	40.8412	43.7052	53.605	82.8737	92.9211	97.6404	83.2116	80.9022	
369	1	1	1	1	1	59.8712	45.8053	40.8332	43.7018	53.6028	82.8603	92.9103	97.6082	83.202	80.8962	
370	1	1	1	1	1	59.8615	45.796	40.8251	43.6984	53.6006	82.8468	92.8994	97.5756	83.1923	80.8903	
371	1	1	1	1	1	59.8517	45.7866	40.817	43.695	53.5984	82.8331	92.8883	97.5427	83.1825	80.8842	
372	1	1	1	1	1	59.8417	45.777	40.8087	43.6915	53.5962	82.8192	92.8772	97.5093	83.1726	80.8781	
373	1	1	1	1	1	59.8317	45.7674	40.8004	43.688	53.5939	82.8051	92.8659	97.4755	83.1625	80.8719	
374	1	1	1	1	1	59.8215	45.7577	40.7919	43.6844	53.5916	82.7909	92.8544	97.4414	83.1524	80.8657	
375	1	1	1	1	1	59.8112	45.7478	40.7834	43.6808	53.5893	82.7766	92.8428	97.4068	83.1421	80.8593	
376	1	1	1	1	1	59.8008	45.7378	40.7748	43.6772	53.5869	82.762	92.8311	97.3718	83.1317	80.8529	
377	1	1	1	1	1	59.7902	45.7276	40.766	43.6735	53.5845	82.7473	92.8193	97.3363	83.1211	80.8464	
378	1	1	1	1	1	59.7795	45.7174	40.7572	43.6698	53.5821	82.7324	92.8073	97.3005	83.1105	80.8399	
379	1	1	1	1	1	59.7687	45.707	40.7482	43.666	53.5796	82.7173	92.7951	97.2641	83.0997	80.8332	
380	1	1	1	1	1	59.7578	45.6965	40.7392	43.6623	53.5771	82.7021	92.7828	97.2274	83.0888	80.8265	
381	1	1	1	1	1	59.7467	45.6858	40.7301	43.6584	53.5745	82.6866	92.7704	97.1902	83.0777	80.8197	
382	1	1	1	1	1	59.7355	45.675	40.7208	43.6545	53.5719	82.671	92.7578	97.1525	83.0665	80.8128	
383	1	1	1	1	1	59.7242	45.6641	40.7115	43.6506	53.5693	82.6552	92.7451	97.1144	83.0552	80.8059	
384	1	1	1	1	1	59.7127	45.653	40.702	43.6467	53.5666	82.6392	92.7322	97.0758	83.0437	80.7988	
385	1	1	1	1	1	59.7011	45.6418	40.6924	43.6427	53.5639	82.623	92.7192	97.0367	83.0321	80.7917	
386	1	1	1	1	1	59.6893	45.6305	40.6827	43.6386	53.5612	82.6067	92.706	96.9971	83.0204	80.7845	
387	1	1	1	1	1	59.6774	45.619	40.673	43.6345	53.5584	82.5901	92.6926	96.9571	83.0085	80.7772	
388	1	1	1	1	1	59.6653	45.6073	40.663	43.6304	53.5556	82.5733	92.6791	96.9165	82.9964	80.7698	
389	1	1	1	1	1	59.6531	45.5955	40.653	43.6262	53.5527	82.5563	92.6654	96.8755	82.9842	80.7623	
390	1	1	1	1	1	59.6407	45.5836	40.6429	43.622	53.5498	82.5391	92.6516	96.8339	82.9719	80.7547	
391	1	1	1	1	1	59.6282	45.5715	40.6326	43.6177	53.5468	82.5217	92.6376	96.7918	82.9594	80.7471	
392	1	1	1	1	1	59.6155	45.5592	40.6223	43.6134	53.5438	82.5041	92.6234	96.7492	82.9467	80.7393	
393	1	1	1	1	1	59.6027	45.5468	40.6118	43.609	53.5408	82.4863	92.609	96.706	82.9339	80.7315	
394	1	1	1	1	1	59.5897	45.5342	40.6011	43.6046	53.5377	82.4683	92.5945	96.6623	82.921	80.7235	
395	1	1	1	1	1	59.5765	45.5214	40.5904	43.6001	53.5345	82.45	92.5798	96.618	82.9078	80.7155	
396	1	1	1	1	1	59.5632	45.5085	40.5795	43.5956	53.5313	82.4315	92.5649	96.5732	82.8945	80.7073	
397	1	1	1	1	1	59.5497	45.4954	40.5685	43.591	53.5281	82.4128	92.5498	96.5278	82.8811	80.6991	
398	1	1	1	1	1	59.5361	45.4821	40.5574	43.5864	53.5248	82.3939	92.5345	96.4818	82.8674	80.6908	
399	1	1	1	1	1	59.5222	45.4687	40.5461	43.5818	53.5214	82.3747	92.5191	96.4353	82.8536	80.6823	
400	1	1	1	1	1	59.5082	45.4551	40.5348	43.577	53.518	82.3553	92.5034	96.3881	82.8396	80.6738	
401	1	1	1	1	1	59.494	45.4413	40.5232	43.5723	53.5146	82.3357	92.4876	96.3404	82.8255	80.6651	
402	1	1	1	1	1	59.4796	45.4273	40.5116	43.5675	53.5111	82.3158	92.4716	96.292	82.8111	80.6564	
403	1	1	1	1	1	59.4651	45.4131	40.4998	43.5626	53.5075	82.2956	92.4553	96.243	82.7966	80.6475	
404	1	1	1	1	1	59.4503	45.3988	40.4878	43.5577	53.5039	82.2753	92.4389	96.1933	82.7819	80.6385	
405	1	1	1	1	1	59.4354	45.3842	40.4758	43.5527	53.5002	82.2546	92.4222	96.1431	82.767	80.6294	
406	1	1	1	1	1	59.4203	45.3694	40.4635	43.5476	53.4964	82.2337	92.4054	96.0921	82.7519	80.6202	
407	1	1	1	1	1	59.4049	45.3545	40.4512	43.5425	53.4926	82.2126	92.3883	96.0405	82.7366	80.6109	
408	1	1	1	1	1	59.3894	45.3393	40.4387	43.5374	53.4888	82.1911	92.371	95.9883	82.7212	80.6015	
409	1	1	1	1	1	59.3737	45.324	40.426	43.5322	53.4848	82.1695	92.3535	95.9353	82.7055	80.5919	
410	1	1	1	1	1	59.3577	45.3084	40.4132	43.5269	53.4809	82.1475	92.3358	95.8817	82.6896	80.5822	
411	1	1	1	1	1	59.3416	45.2926	40.4002	43.5216	53.4768	82.1253	92.3179	95.8273	82.6735	80.5724	
412	1	1	1	1	1	59.3252	45.2766	40.3871	43.5162	53.4727	82.1027	92.2997	95.7722	82.6572	80.5625	
413	1	1	1	1	1	59.3087	45.2604	40.3738	43.5107	53.4685	82.0799	92.2813	95.7164	82.6407	80.5525	
414	1	1	1	1	1	59.2919	45.2439	40.3603	43.5052	53.4642	82.0569	92.2627	95.6599	82.624	80.5423	
415	1	1	1	1	1	59.2749	45.2272	40.3467	43.4997	53.4599	82.0335	92.2438	95.6026	82.607	80.532	
416	1	1	1	1	1	59.2576	45.2103	40.333	43.494	53.4555	82.0098	92.2247	95.5445	82.5899	80.5216	
417	1	1	1	1	1	59.2402	45.1932	40.319	43.4883	53.451	81.9858	92.2053	95.4857	82.5725	80.511	
418	1	1	1	1	1	59.2225	45.1758	40.3049	43.4826	53.4465	81.9615	92.1857	95.426	82.5548	80.5003	
419	1	1	1	1	1	59.2045	45.1582	40.2906	43.4768	53.4418	81.9369	92.1658	95.3656	82.537	80.4895	
420	1	1	1	1	1	59.1863	45.1403	40.2762	43.4709	53.4371	81.912	92.1457	95.3043	82.5189	80.4785	
421	1	1	1	1	1	59.1679	45.1222	40.2616	43.4649	53.4323	81.8868	92.1253	95.2422	82.5005	80.4674	
422	1	1	1	1	1	59.1492	45.1038	40.2468	43.4589	53.4275	81.8612	92.1046	95.1793	82.4819	80.4561	
423	1	1	1	1	1	59.1303	45.0851	40.2318	43.4528	53.4225	81.8354	92.0837	95.1155	82.4631	80.4447	
424	1	1	1	1	1	59.1111	45.0662	40.2166	43.4466	53.4175	81.8091	92.0625	95.0509	82.444	80.4331	
425	1	1	1	1	1	59.0917	45.047	40.2012	43.4404	53.4123	81.7826	92.041	94.9853	82.4246	80.4214	
426	1	1	1	1	1	59.0719	45.0276	40.1857	43.4341	53.4071	81.7557	92.0193	94.9189	82.405	80.4096	
427	1	1	1	1	1	59.052	45.0078	40.17	43.4277	53.4018	81.7284	91.9972	94.8515	82.3851	80.3975	
428	1	1	1	1	1	59.0317	44.9878	40.154	43.4213	53.3964	81.7008	91.9749	94.7832	82.365	80.3854	
429	1	1	1	1	1	59.0111	44.9675	40.1379	43.4148	53.3909	81.6729	91.9523	94.714	82.3446	80.373	
430	1	1	1	1	1	58.9903	44.9469	40.1216	43.4082	53.3853	81.6445	91.9293	94.6437	82.3238	80.3605	
431	1	1	1	1	1	58.9692	44.926	40.105	43.4015	53.3796	81.6159	91.9061	94.5725	82.3029	80.3479	
432	1	1	1	1	1	58.9478	44.9047	40.0883	43.3948	53.3738	81.5868	91.8825	94.5003	82.2816	80.335	
433	1	1	1	1	1	58.9261	44.8832	40.0714	43.388	53.368	81.5573	91.8586	94.4271	82.26	80.322	
434	1	1	1	1	1	58.904	44.8614	40.0542	43.3811	53.3619	81.5275	91.8344	94.3529	82.2381	80.3089	
435	1	1	1	1	1	58.8817	44.8392	40.0368	43.3741	53.3558	81.4972	91.8099	94.2776	82.2159	80.2955	
436	1	1	1	1	1	58.8591	44.8167	40.0192	43.367	53.3496	81.4666	91.7851	94.2012	82.1934	80.282	
437	1	1	1	1	1	58.8361	44.7939	40.0014	43.3599	53.3433	81.4356	91.7599	94.1238	82.1706	80.2683	
438	1	1	1	1	1	58.8128	44.7707	39.9834	43.3527	53.3368	81.4041	91.7344	94.0452	82.1475	80.2544	
439	1	1	1	1	1	58.7892	44.7472	39.9651	43.3454	53.3303	81.3722	91.7085	93.9655	82.124	80.2403	
440	1	1	1	1	1	58.7652	44.7233	39.9466	43.338	53.3236	81.3399	91.6822	93.8846	82.1002	80.226	
441	1	1	1	1	1	58.7409	44.6991	39.9279	43.3305	53.3167	81.3072	91.6556	93.8026	82.0761	80.2116	
442	1	1	1	1	1	58.7162	44.6745	39.9089	43.323	53.3098	81.274	91.6287	93.7194	82.0516	80.1969	
443	1	1	1	1	1	58.6911	44.6495	39.8897	43.3153	53.3027	81.2404	91.6013	93.635	82.0268	80.182	
444	1	1	1	1	1	58.6657	44.6242	39.8702	43.3076	53.2955	81.2063	91.5736	93.5493	82.0016	80.167	
445	1	1	1	1	1	58.64	44.5984	39.8505	43.2998	53.2882	81.1718	91.5455	93.4624	81.9761	80.1517	
446	1	1	1	1	1	58.6138	44.5723	39.8306	43.2918	53.2807	81.1368	91.517	93.3742	81.9501	80.1362	
447	1	1	1	1	1	58.5873	44.5457	39.8104	43.2838	53.2731	81.1013	91.4881	93.2847	81.9238	80.1205	
448	1	1	1	1	1	58.5603	44.5188	39.7899	43.2757	53.2653	81.0654	91.4588	93.1939	81.8972	80.1046	
449	1	1	1	1	1	58.533	44.4914	39.7692	43.2675	53.2574	81.0289	91.4291	93.1017	81.8701	80.0884	
450	1	1	1	1	1	58.5052	44.4636	39.7481	43.2592	53.2493	80.992	91.399	93.0081	81.8426	80.0721	
451	1	1	1	1	1	58.4771	44.4354	39.7269	43.2509	53.2411	80.9545	91.3684	92.9131	81.8147	80.0555	
452	1	1	1	1	1	58.4485	44.4067	39.7053	43.2424	53.2327	80.9166	91.3374	92.8167	81.7864	80.0386	
453	1	1	1	1	1	58.4194	44.3776	39.6835	43.2338	53.2241	80.8781	91.306	92.7188	81.7577	80.0216	
454	1	1	1	1	1	58.3899	44.348	39.6613	43.2251	53.2154	80.8391	91.2741	92.6194	81.7286	80.0043	
455	1	1	1	1	1	58.36	44.3179	39.6389	43.2163	53.2065	80.7995	91.2417	92.5185	81.699	79.9867	
456	1	1	1	1	1	58.3296	44.2874	39.6162	43.2074	53.1974	80.7594	91.2089	92.4161	81.669	79.9689	
457	1	1	1	1	1	58.2988	44.2563	39.5932	43.1984	53.1882	80.7188	91.1756	92.3121	81.6385	79.9508	
458	1	1	1	1	1	58.2674	44.2248	39.5699	43.1893	53.1787	80.6776	91.1418	92.2065	81.6075	79.9325	
459	1	1	1	1	1	58.2356	44.1927	39.5463	43.1801	53.1691	80.6358	91.1075	92.0992	81.5761	79.9139	
460	1	1	1	1	1	58.2033	44.1602	39.5224	43.1707	53.1593	80.5934	91.0727	91.9902	81.5442	79.8951	
461	1	1	1	1	1	58.1704	44.1271	39.4981	43.1613	53.1492	80.5505	91.0374	91.8796	81.5118	79.876	
462	1	1	1	1	1	58.137	44.0935	39.4735	43.1518	53.139	80.5069	91.0016	91.7672	81.4789	79.8565	
463	1	1	1	1	1	58.1031	44.0593	39.4486	43.1421	53.1285	80.4627	90.9652	91.653	81.4455	79.8369	
464	1	1	1	1	1	58.0687	44.0245	39.4234	43.1323	53.1179	80.4179	90.9283	91.537	81.4116	79.8169	
465	1	1	1	1	1	58.0337	43.9892	39.3978	43.1224	53.107	80.3725	90.8909	91.4192	81.3771	79.7966	
466	1	1	1	1	1	57.9981	43.9533	39.3719	43.1124	53.0959	80.3264	90.8528	91.2994	81.3421	79.776	
467	1	1	1	1	1	57.962	43.9168	39.3456	43.1022	53.0845	80.2797	90.8142	91.1778	81.3066	79.7552	
468	1	1	1	1	1	57.9252	43.8796	39.319	43.092	53.0729	80.2323	90.7751	91.0542	81.2704	79.734	
469	1	1	1	1	1	57.8879	43.8419	39.292	43.0816	53.0611	80.1843	90.7353	90.9285	81.2337	79.7125	
470	1	1	1	1	1	57.8499	43.8035	39.2647	43.0711	53.049	80.1355	90.6949	90.8008	81.1964	79.6906	
471	1	1	1	1	1	57.8113	43.7644	39.2369	43.0604	53.0367	80.0861	90.6539	90.671	81.1585	79.6685	
472	1	1	1	1	1	57.7721	43.7247	39.2088	43.0496	53.0241	80.0359	90.6122	90.5391	81.12	79.646	
473	1	1	1	1	1	57.651	44.0611	38.992	42.7731	53.2112	80.1342	89.0684	95.1151	81.7333	79.0885	
474	1	1	1	1	1	57.6283	43.8949	38.9989	42.8148	53.1721	79.9554	90.2199	91.4639	81.1812	79.4672	
475	1	1	1	1	1	57.6249	43.6965	39.0627	42.9305	53.0545	79.8826	90.4175	90.4538	81.0306	79.5419	
476	1	1	1	1	1	57.5995	43.5902	39.0725	42.9749	52.9946	79.8272	90.4242	90.0805	80.9659	79.5431	
477	1	1	1	1	1	57.4744	43.935	38.8533	42.6936	53.1781	79.9253	88.8437	94.7834	81.596	78.9688	
478	1	1	1	1	1	57.4519	43.7493	38.8646	42.7448	53.1336	79.7408	90.0203	91.0091	81.0262	79.3583	
479	1	1	1	1	1	57.4488	43.5348	38.9336	42.8713	53.0069	79.6646	90.2291	89.9216	80.8655	79.4391	
480	1	1	1	1	1	57.3315	43.8499	38.7367	42.6176	53.1569	79.7611	88.6541	94.5675	81.492	78.8689	
481	1	1	1	1	1	57.3101	43.6393	38.7556	42.684	53.1051	79.571	89.8592	90.6643	80.9042	79.2703	
482	1	1	1	1	1	57.3079	43.4083	38.8307	42.8223	52.9695	79.4923	90.0789	89.5049	80.7346	79.3569	
483	1	1	1	1	1	57.1835	43.7427	38.6238	42.5531	53.1261	79.588	88.4722	94.2797	81.3758	78.7705	
484	1	1	1	1	1	57.1617	43.5173	38.6452	42.6255	53.0712	79.3935	89.6939	90.2858	80.7746	79.1795	
485	1	1	1	1	1	57.1595	43.2732	38.7242	42.7727	52.9285	79.3123	89.922	89.0628	80.5966	79.271	
486	1	1	1	1	1	57.0272	43.6298	38.5059	42.4853	53.0929	79.4067	88.2832	93.9733	81.2528	78.6675	
487	1	1	1	1	1	57.0048	43.3889	38.5298	42.5639	53.0348	79.2078	89.5206	89.8885	80.6381	79.0841	
488	1	1	1	1	1	57.0025	43.131	38.6128	42.7202	52.8846	79.1241	89.7571	88.5989	80.4513	79.1807	
489	1	1	1	1	1	56.8618	43.5114	38.3825	42.4134	53.0572	79.2167	88.0862	93.648	81.1226	78.5596	
490	1	1	1	1	1	56.8389	43.2537	38.409	42.4987	52.9957	79.0133	89.3388	89.4712	80.4941	78.9836	
491	1	1	1	1	1	56.8364	42.9813	38.4962	42.6646	52.8378	78.927	89.5837	88.1118	80.2982	79.0854	
492	1	1	1	1	1	56.6865	43.3871	38.2533	42.337	53.0188	79.0174	87.8808	93.3024	80.9846	78.4464	
493	1	1	1	1	1	56.663	43.1114	38.2827	42.4295	52.9536	78.8096	89.1479	89.0326	80.3421	78.8778	
494	1	1	1	1	1	56.5567	43.3842	38.13	42.218	53.008	78.8867	87.6487	93.421	80.9313	78.3302	
495	1	1	1	1	1	56.5338	43.0498	38.1769	42.3486	52.9384	78.667	88.9932	88.8496	80.247	78.7914	
496	1	1	1	1	1	56.4272	43.3099	38.0314	42.1479	52.9829	78.7436	87.4907	93.224	80.8362	78.2432	
497	1	1	1	1	1	56.4044	42.9544	38.0833	42.2911	52.9095	78.5203	88.8529	88.5565	80.1385	78.7127	
498	1	1	1	1	1	56.2933	43.224	37.9335	42.083	52.9542	78.5959	87.335	92.9897	80.7343	78.1562	
499	1	1	1	1	1	56.2702	42.8518	37.9884	42.2345	52.8778	78.3692	88.7095	88.2433	80.0252	78.6319	
500	1	1	1	1	1	56.1537	43.1342	37.8329	42.0163	52.9237	78.4434	87.1754	92.7427	80.628	78.0664	
501	1	1	1	1	1	56.1302	42.7451	37.8907	42.1759	52.8442	78.2133	88.5613	87.9183	79.9073	78.5483	
502	1	1	1	1	1	56.0082	43.0412	37.729	41.9467	52.8915	78.2858	87.011	92.4852	80.5172	77.9735	
503	1	1	1	1	1	55.9842	42.6346	37.7899	42.1145	52.8088	78.0522	88.408	87.582	79.7848	78.4613	
504	1	1	1	1	1	55.8562	42.945	37.6218	41.8739	52.8574	78.1229	86.8415	92.2168	80.4016	77.8771	
505	1	1	1	1	1	55.8318	42.52	37.6857	42.0503	52.7714	77.8858	88.2492	87.2339	79.6573	78.371	
506	1	1	1	1	1	55.6975	42.8454	37.5111	41.7975	52.8212	77.9544	86.6667	91.9369	80.281	77.7772	
507	1	1	1	1	1	55.6725	42.4011	37.5782	41.983	52.7318	77.7139	88.0848	86.8734	79.5247	78.277	
508	1	1	1	1	1	55.5315	42.7422	37.3967	41.7174	52.7829	77.7801	86.4863	91.6449	80.155	77.6735	
509	1	1	1	1	1	55.5059	42.2779	37.4671	41.9124	52.6899	77.5362	87.9145	86.5	79.3864	78.1793	
510	1	1	1	1	1	55.3578	42.6354	37.2785	41.6333	52.7422	77.5998	86.3001	91.3402	80.0233	77.5658	
511	1	1	1	1	1	55.3314	42.1499	37.3524	41.8382	52.6454	77.3525	87.7379	86.1129	79.2423	78.0775	
512	1	1	1	1	1	55.1758	42.5246	37.1564	41.545	52.6989	77.4133	86.1078	91.0219	79.8855	77.454	
513	1	1	1	1	1	55.1487	42.0171	37.2338	41.7603	52.5981	77.1625	87.5547	85.7113	79.0919	77.9715	
514	1	1	1	1	1	54.985	42.4097	37.0302	41.4522	52.6527	77.2203	85.909	90.6893	79.7413	77.3377	
515	1	1	1	1	1	54.957	41.8792	37.1113	41.6784	52.5479	76.966	87.3646	85.2946	78.9349	77.8609	
516	1	1	1	1	1	54.7848	42.2906	36.8998	41.3546	52.6035	77.0205	85.7035	90.3415	79.5902	77.2167	
517	1	1	1	1	1	54.7557	41.7358	36.9847	41.5921	52.4943	76.7629	87.1673	84.8618	78.7708	77.7455	
518	1	1	1	1	1	56.7528	43.6811	39.0966	40.0214	52.2558	77.8725	86.0227	90.5647	80.194	77.8325	
519	1	1	1	1	1	55.4799	42.1754	37.7085	41.1333	52.3659	77.0095	87.1951	84.5552	78.8827	77.9319	
520	1	1	1	1	1	54.7934	42.3127	36.9361	41.0255	52.4851	76.7911	85.3453	89.6478	79.3776	77.1079	
521	1	1	1	1	1	54.5273	41.5375	36.8545	41.3796	52.3833	76.4117	86.7937	83.9593	78.4702	77.5684	
522	1	1	1	1	1	56.4814	43.5076	38.9438	39.7522	52.1323	77.5125	85.5927	89.7914	79.8903	77.614	
523	1	1	1	1	1	55.1524	41.9186	37.5184	40.9128	52.2423	76.6154	86.7878	83.6061	78.5454	77.7117	
524	1	1	1	1	1	54.4016	42.0837	36.6872	40.7786	52.3643	76.366	84.8978	88.8366	79.038	76.8547	
525	1	1	1	1	1	54.0987	41.2298	36.5956	41.1694	52.2538	75.9672	86.3543	82.9689	78.0965	77.3158	
526	1	1	1	1	1	56.1044	43.2774	38.7302	39.4593	51.9911	77.0899	85.1182	88.9292	79.5349	77.345	
527	1	1	1	1	1	54.756	41.6239	37.2931	40.6665	52.0997	76.181	86.3395	82.5732	78.1656	77.457	
528	1	1	1	1	1	53.9527	41.829	36.4131	40.5026	52.224	75.906	84.4136	87.941	78.6583	76.5731	
529	1	1	1	1	1	56.0234	42.4168	38.9381	39.5887	51.7736	76.6447	86.433	82.4356	78.505	77.7785	
530	1	1	1	1	1	54.4312	42.1919	36.9146	40.0143	52.0505	76.0264	84.2405	87.591	78.6541	76.6616	
531	1	1	1	1	1	53.7192	40.9244	36.4337	40.7075	52.0125	75.4096	85.6856	81.3496	77.5479	77.0066	
532	1	1	1	1	1	55.6157	42.9859	38.4855	38.9324	51.729	76.4764	84.3446	87.4721	78.9534	76.9545	
533	1	1	1	1	1	54.1611	41.1735	36.9773	40.2366	51.8494	75.5047	85.6077	80.8459	77.5352	77.0582	
534	1	1	1	1	1	53.2361	41.4349	35.9933	40.0206	51.9722	75.1667	83.6233	86.4179	78.0161	76.1193	
535	1	1	1	1	1	55.375	41.9107	38.621	39.1087	51.4908	75.9298	85.6321	80.6065	77.8299	77.3244	
536	1	1	1	1	1	53.7102	41.8039	36.5049	39.4739	51.7671	75.2772	83.4138	85.9849	77.9777	76.1861	
537	1	1	1	1	1	52.9248	40.3781	36.0006	40.253	51.7266	74.6277	84.8687	79.4644	76.8185	76.5319	
538	1	1	1	1	1	54.8675	42.5562	38.0941	38.3348	51.412	75.7013	83.4534	85.74	78.2224	76.4338	
539	1	1	1	1	1	53.3751	40.6198	36.573	39.7249	51.5358	74.7177	84.7583	78.8584	76.7738	76.5607	
540	1	1	1	1	1	52.3493	40.9699	35.5077	39.4435	51.6494	74.3298	82.7225	84.6274	77.2445	75.5799	
541	1	1	1	1	1	54.5698	41.3155	38.2425	38.5327	51.1362	75.113	84.7038	78.4918	77.0199	76.7761	
542	1	1	1	1	1	52.8353	41.3567	36.0381	38.8221	51.4029	74.4314	82.4683	84.088	77.1624	75.6242	
543	1	1	1	1	1	51.9749	39.7559	35.5172	39.6977	51.363	73.7571	83.9297	77.2883	75.9524	75.9737	
544	1	1	1	1	1	53.9514	42.0545	37.6389	37.6158	51.004	74.816	82.4245	83.6798	77.3324	75.8131	
545	1	1	1	1	1	52.4217	39.9809	36.1128	39.1	51.1357	73.8344	83.7729	76.5494	75.8599	75.9678	
546	1	1	1	1	1	54.0401	42.1124	37.8163	37.2551	50.8081	74.738	82.1205	82.9455	77.0981	75.7305	
547	1	1	1	1	1	52.3328	39.8746	36.1299	38.8317	50.9804	73.6336	83.4736	75.7021	75.5853	75.8321	
548	1	1	1	1	1	51.0654	40.3409	34.863	38.4594	51.0681	73.1109	81.3466	81.7159	76.0001	74.7687	
549	1	1	1	1	1	53.2997	40.3993	37.6892	37.5741	50.5169	73.8942	83.2365	75.1012	75.6918	75.9028	
550	1	1	1	1	1	51.4299	40.6833	35.3443	37.726	50.7387	73.1474	80.9812	80.9733	75.8009	74.7259	
551	1	1	1	1	1	53.123	42.3501	37.3327	35.9996	50.0592	73.8916	80.4066	84.3399	76.5467	74.8141	
552	1	1	1	1	1	51.2817	39.7652	35.5465	37.7028	50.5122	72.6706	82.2626	75.3633	74.7792	75.0378	
553	1	1	1	1	1	52.8352	41.7245	37.2706	35.8932	50.0488	73.5557	80.5298	80.9053	75.8527	74.795	
554	1	1	1	1	1	51.0045	39.2063	35.5242	37.6525	50.2816	72.3979	82.031	72.978	74.2677	74.922	
555	1	1	1	1	1	52.4772	41.3771	37.1366	35.6586	49.8278	73.2467	80.1513	79.1501	75.3324	74.5668	
556	1	1	1	1	1	50.4513	41.1009	34.819	36.0532	49.7426	72.1855	78.9967	81.9966	74.9812	73.6854	
557	1	1	1	1	1	52.129	40.2046	37.2892	35.6587	49.5306	72.6443	81.2149	73.2353	74.2501	74.7734	
558	1	1	1	1	1	49.9753	40.359	34.709	35.8865	49.6365	71.6973	79.0169	78.2987	74.1859	73.5974	
559	1	1	1	1	1	51.479	41.8329	36.6525	34.1077	48.798	72.3657	78.2505	81.2112	74.7118	73.5699	
560	1	1	1	1	1	49.4572	38.9021	34.7635	36.0091	49.3719	71.0505	80.2854	71.6565	72.9015	73.7835	
561	1	1	1	1	1	50.9025	40.9108	36.4463	33.9973	48.7311	71.8836	78.2868	76.8618	73.7765	73.4127	
562	1	1	1	1	1	48.777	40.6379	34.1006	34.3657	48.5423	70.7927	77.177	79.4616	73.3689	72.5437	
563	1	1	1	1	1	50.4142	39.4058	36.5734	34.0602	48.3567	71.2172	79.3063	70.0365	72.5146	73.5455	
564	1	1	1	1	1	48.1572	39.7483	33.928	34.1695	48.3411	70.2406	77.1106	75.0041	72.3813	72.3769	
565	1	1	1	1	1	49.5591	41.1568	35.8528	32.2406	47.3059	70.8169	76.1095	77.6607	72.7012	72.2206	
566	1	1	1	1	1	47.4674	38.0164	33.9304	34.275	47.974	69.5234	78.2891	67.8776	70.918	72.4507	
567	1	1	1	1	1	48.8127	40.0924	35.5562	32.0345	47.0944	70.2545	75.9887	72.7641	71.5584	71.9328	
568	1	1	1	1	1	46.5826	39.9767	33.1807	32.2628	46.7108	69.1224	74.8616	75.4362	71.1079	71.0585	
569	1	1	1	1	1	48.1461	38.3358	35.6101	32.0012	46.5441	69.493	76.7862	65.534	70.1279	71.9103	
570	1	1	1	1	1	45.7935	39.0012	32.8996	31.8951	46.2751	68.4634	74.57	70.5332	69.8959	70.7271	
571	1	1	1	1	1	47.0235	40.2937	34.7483	29.7498	44.8807	68.8554	73.1986	72.7762	69.8814	70.3743	
572	1	1	1	1	1	44.7431	39.8554	32.4083	30.0306	44.2828	67.6393	72.365	74.1756	69.2671	69.5831	
573	1	1	1	1	1	46.1517	37.8811	34.62	29.7894	44.3263	67.8526	74.2917	63.233	68.0515	70.3353	
574	1	1	1	1	1	43.7971	38.59	31.9207	29.5739	43.7853	66.8182	72.0634	67.7563	67.7341	69.1485	
575	1	1	1	1	1	44.8862	39.6903	33.6725	27.3266	42.0249	67.0776	70.3346	69.3414	67.3645	68.6563	
576	1	1	1	1	1	42.5942	39.3236	31.2791	27.4535	41.0881	65.778	69.4235	70.5478	66.6969	67.8104	
577	1	1	1	1	1	43.8863	37.1438	33.2518	27.1617	41.0983	65.9188	71.118	59.2744	65.2933	68.3772	
578	1	1	1	1	1	41.5586	38.0852	30.4763	26.6537	40.0867	64.7586	68.7424	63.7499	64.8535	67.0774	
579	1	1	1	1	1	42.462	38.9862	32.0085	24.2467	37.7125	64.7947	66.4608	64.747	64.0022	66.3921	
580	1	1	1	1	1	40.2213	38.7392	29.4569	24.0775	36.1768	63.2616	65.2813	65.7779	63.2651	65.3992	
581	1	1	1	1	1	41.3584	36.4588	30.9837	23.6214	35.9931	63.2883	66.626	54.5209	61.5937	65.701	
582	1	1	1	1	1	39.1293	37.637	27.9794	22.6518	34.0814	61.7875	63.8216	59.0175	60.9599	64.1064	
583	1	1	1	1	1	39.7133	37.7436	28.637	20.4958	31.9887	61.2327	64.6805	60.2812	59.2218	56.8771	
584	1	1	1	1	1	37.7103	37.6309	25.7362	19.891	29.7002	59.4937	61.1188	60.4533	58.7594	57.549	
585	1	1	1	1	1	36.545	37.5056	24.0704	18.6923	26.705	58.1128	58.3994	60.4956	58.0177	57.5673	
586	1	1	1	1	1	37.706	35.8935	24.6189	17.42	25.0851	57.6754	58.6131	49.2341	55.1928	57.8771	
587	1	1	1	1	1	35.8794	37.0004	21.4669	15.9494	21.3124	55.8008	54.412	53.2929	54.41	56.4309	
588	1	1	1	1	1	34.905	36.6851	19.5782	14.6085	18.7248	54.0221	57.5704	55.5452	53.1775	47.3406	
589	1	1	1	1	1	35.5285	36.9829	19.7054	12.7546	15.1534	53.5471	49.9124	53.512	51.2661	48.9599	
590	1	1	1	1	1	34.0387	36.4045	17.4401	12.5563	14.5355	46.6013	52.7686	52.7945	50.3401	48.4334	
591	1	1	1	1	1	34.9112	35.6092	18.1747	12.0024	13.5293	49.0661	50.3104	44.0894	48.9096	50.0127	
592	1	1	1	1	1	33.7302	36.4083	16.7052	11.4015	11.6027	49.0725	45.8952	48.7654	49.8678	50.4591	
593	1	1	1	1	1	34.4067	36.6818	17.0729	11.1681	11.5721	48.6821	50.8559	50.4355	50.1837	40.2983	
594	1	1	1	1	1	33.4252	36.3044	16.2917	10.8819	10.4402	48.2973	44.3448	49.9673	50.3228	43.6257	
595	1	1	1	1	1	32.734	35.984	15.8453	10.7171	10.9256	48.204	47.9947	49.5273	44.4703	44.9377	
596	1	1	1	1	1	33.0013	35.1269	15.8312	10.9386	11.1837	48.2481	47.2491	42.2564	47.1506	45.4667	
597	1	1	1	1	1	32.7812	35.8737	15.364	10.4282	10.664	43.1273	45.1708	45.5468	47.5859	43.6704	
598	1	1	1	1	1	32.7591	36.0553	16.215	9.70571	9.742	45.0685	40.5378	45.0602	43.8749	42.933	
599	1	1	1	1	1	32.7497	35.9448	15.0596	9.91404	10.0008	41.2874	39.4098	44.5692	46.9922	40.9425	
600	1	1	1	1	1	32.0288	35.7483	15.3317	9.90114	9.54964	42.9007	37.9701	43.9194	45.0527	39.2792	
601	1	1	1	1	1	31.8684	35.7428	15.3128	9.83899	9.28346	42.688	36.1232	42.8845	45.126	37.6959	