DELTA MATRIX:
-------------

 0 	55.1783 21.3341 22.0318 25.5115 17.6249 33.1974 16.8395 42.3966 8.14163 24.9269 11.3196 16.8048 27.4793 45.2197 31.1291 12.6168 49.6507 51.6274 37.0864 38.8669 51.7938 16.1481 34.4446  49.324   28.84 25.4437 19.7723
55.1083       0 35.5208 39.2216 54.3704 43.1551 22.0194 44.0211 15.3868 46.8159 31.5651 52.7247 38.2735 41.6624 17.8321 29.8789 53.2246 22.0463 41.6924 48.6746 24.6638 7.81764 40.1476 41.1419 8.26731 27.3557 49.9822 64.9155
21.2679 35.6133       0 21.8294 22.7413 18.5459 16.6884 9.23925 21.1755 13.4142 4.24275 17.2223 9.22089 15.4327 23.8974 10.5122 28.5269 29.0275 34.8767 27.6607 26.9307 34.2475  5.1396 17.4979 28.4633 16.8559 33.7036 29.5522
22.0161 39.3197 21.7322       0 38.6571 4.42691 18.1128  25.212 28.5154 19.9858 20.9776 28.4093 13.1849 32.4279 36.6383 31.7897 15.4964 44.0651 55.6769 48.0146 17.3303 34.3888 19.7399  38.957 36.2337      12 14.3362 38.8093
25.5221 54.3852 22.7652  38.659       0   34.82 38.4656  14.055 40.3565 19.6638  26.189   14.19  27.047 14.2254 40.0359 24.5242 36.0839 41.9462 32.1581 15.2446 47.4821 56.0417 20.0464 20.5507 46.8202 36.6928 48.9591 15.2242
17.6319 43.3531 18.5347 4.43796  34.829       0 21.4818 21.3845 31.2993 16.1579 21.0555 24.0281 9.35724 31.2371 38.1358   28.73 12.4764 45.4562 53.1274 44.2263 21.7186 38.4497 15.9126 36.0318  39.276 16.3894 13.6084  34.196
33.1927 22.1064 16.6826 18.1713 38.4476 21.4041       0 25.8313 10.6686 27.0162 12.4472 33.3237 16.3575 27.9529 19.3452 17.2945 33.0149  28.598 41.1453 37.9313 12.3676 18.7594 21.1159 27.6504 18.3856 6.16999 32.1151 45.8083
17.0836 44.0823  9.2448  25.256 14.0558 21.4186 25.8497       0 29.7599  9.0059  15.208 9.75912 13.1725 11.8709 31.9865 16.7016  26.673 35.5823 35.9133 22.8156 33.4516 43.4111       6 18.7131 36.9318 23.3777 36.5894 21.1053
 42.418 14.3743 21.1681 28.7106 40.3418 31.4055 10.7536 29.7486       0 34.8071 16.9986 38.4043  25.574 28.3233 8.69958 17.0431 42.9994 18.7977 35.1917 37.7044 20.1229 16.0258 26.7471 27.8064 8.37515 16.7201 42.6207 50.6339
8.17389 48.1605 13.5793 19.9825 19.6578 16.1363  27.037  8.9743 34.7896       0 17.3073 7.09023 10.9991 20.0585 37.4047 23.2164 17.6995 41.8033 44.1321 30.2355 32.8925 45.7401 8.37515 26.6931 41.8997 22.8463  30.575  19.163
24.6886 31.6712 4.24285 21.1066 26.1828 21.0526 12.4532 13.4372 17.0342 17.2109       0 21.4052 10.6246 18.0593 20.3506 9.78663 29.7535 25.7112  34.201  34.965 23.9516 30.0223  8.9743 18.0941   24.52 15.6214 35.2713 33.7511
11.3452 52.8006 17.2291 28.4473 14.2163 24.0344 33.3951  9.7339  39.096 7.08915 21.4128       0 17.4908 18.3605 41.1172 25.8347 21.9096 44.7317  42.485 26.7713 39.2541 51.3237 12.7285 25.3561 45.6505 29.1901 34.7891  12.642
16.8314 38.3921 9.22091 13.1762 27.0463  9.3361 16.4079 13.1709 25.5848 11.0231 10.4913 17.5054       0 22.4358 30.3306 19.4107 19.3199  36.045 43.8462 35.9252 22.0913 35.0114 7.29926 26.7021 33.6791 12.0636 24.5021 29.9021
27.7597 41.0817 15.4604 35.0801 14.2064 31.2342 27.9678 11.9278 28.3494 20.1441 18.0686 18.5771 22.6258       0 27.3172 11.7979 37.5221 30.2463 24.1786  13.483 39.4809 44.6374 15.3506       7 34.0969 31.1465 46.3852  26.389
44.8843 17.8367 23.7245 36.7486 40.0068 38.4315 19.4562 31.8872 8.70347 37.1287  20.291 40.7858 30.5892  27.298       0 15.5549 50.0315 15.4936 29.8769 33.3797 28.6896 21.9407 28.8492 26.7755 10.1728 25.3026 50.6858 51.9355
31.1717 29.4317 10.6105 31.7949 24.4942 28.7254 17.2979 16.6491 17.0559 23.2354 9.78793 25.6343 19.4799 11.7847 15.6039       0 38.7064 18.9205 24.4716 21.5454 28.9588  32.837  15.315 14.2169 22.2993 20.6363 44.9115 36.4025
12.6154 53.2669 28.5223 15.4982 36.0973  12.474 33.0586 26.5871 42.9202 17.6898 29.5983 21.9059 19.3458 37.4785 49.7751  38.717       0 54.8742 61.5285 47.2327 30.5267 48.3033 25.6538 44.3199 50.8626 26.9399 13.0586 31.4038
 49.697  22.047 29.1354  44.197  41.923 45.7362 28.7362 35.4803 18.8426 41.7737 25.8487 44.4609 36.3263 30.1303 15.5978 18.9945 55.1354       0 19.8505 29.6614 38.2459 27.9527 33.8981 23.9732 14.3385 32.7619 58.1756  54.753
51.9899 41.6929  34.909 55.6904 32.1731 53.1783 41.1757 35.4473 35.2074  44.247 34.2618 42.8232 43.8904 24.2554 29.8837  24.485 61.7304 19.8563       0 17.3937 52.8518 47.0831  38.046 17.4953 33.5976 43.0735 69.3772 47.3948
37.0891 48.6854 27.6552 48.0059  15.356 44.1677 37.9295 22.7773  37.706 30.2471 32.8999 26.8317 35.9012 13.5032 33.4062 21.5506 47.2226 29.9076 17.5179       0  49.542  51.833 28.6776 10.3529 41.0635  41.216  57.013 30.5609
38.8846 24.5393 26.9149 17.3298 47.4827 21.7177 12.3741  33.449 20.1139 32.8981 23.9488 39.2446 22.0982 39.4548 28.6689 28.9438 30.4183 38.1424 52.8248 49.5364       0 18.1694 27.5114 39.2556 26.5069 10.3921 25.4071 51.7179
51.7487 7.81563 34.2663 34.2862 56.0301 38.3121 18.7078 43.4164 16.0064 45.6536 30.0286  51.342 34.9469 44.6288 21.9243 32.8443 48.0274  27.938 47.0468 51.8227 18.1366       0 38.7007 44.1057  13.635 23.0801 43.5242 63.7295
16.1383 40.1134  5.1691 19.7792  20.047 15.9374 21.1284       6 26.7355 8.28784 9.00339 12.7286 7.30188 15.3333 29.0632  15.261 25.6365 33.7869 37.9929 28.6909 27.5214 38.6883       0 20.5972 33.4518 17.4471 31.0959  25.361
34.3001 41.1341 17.5031 39.0638 20.4851 36.0073 27.6641 18.8836 27.8378 26.7888 18.1077 25.5571 26.7025       7 26.7983 11.2784 44.4721 23.9714 16.6459 10.3496 39.2761 44.1089 20.6018       0 33.5727 30.9495 51.1735 33.3885
49.0698 8.26538 28.3349 36.2873 46.7889 39.2544 18.1711 36.1221 8.28784 41.6421 24.3956 45.5106 33.5971   34.08 10.1561  22.297 50.8645 14.3362 33.5814 41.0341 26.5322 13.6485 33.3768 33.5565       0 24.2873 49.6187  57.736
28.8534 27.4215 16.8487      12 37.4193 15.9496 6.13761 23.3876 16.5782 22.8555 15.6227 29.1876 12.0637 31.1292 25.2177 20.6248 27.0225   32.62 43.4039 41.2165 10.3915 23.1469  17.447 30.9358 24.2455       0 25.8479 41.6649
25.4315 49.9396 33.6916 14.3114 48.9575 15.3377 31.8698 36.5412 42.2856 30.5437 35.2465 34.7666 24.5133 46.3929 50.5226 44.8943 13.0577 57.8953 69.3253 60.0948 25.4363 43.6225 31.0689 51.1427 48.2649 25.7545       0 44.1913
19.7624 64.9356 29.5475 38.8286 15.1996 34.4179 45.8536 21.1017 50.4442 19.1516 33.7523 12.6574 29.8894 26.4287 52.0118 36.4603 31.3862  54.873 47.0188 30.4285 51.7314 63.7228 25.3797 33.4287 57.7873 41.6718  43.047       0

-----------------------------------------------------------------------------------------------------------------------------------------------------------

THE SOLUTION is: 

0 0 0 0 0 0 0 0 0 1 0 0 0 0 0 0 0 0 0 0 0 0 0 0 0 0 0 0
0 0 0 0 0 0 0 0 0 0 0 0 0 0 0 0 0 1 0 0 0 0 0 0 0 0 0 0
0 0 0 0 0 0 0 0 0 0 1 0 0 0 0 0 0 0 0 0 0 0 0 0 0 0 0 0
0 0 0 0 0 1 0 0 0 0 0 0 0 0 0 0 0 0 0 0 0 0 0 0 0 0 0 0
0 0 0 0 0 0 0 0 0 0 0 0 0 0 0 0 0 0 0 1 0 0 0 0 0 0 0 0
0 0 0 0 0 0 0 0 0 0 0 0 0 0 0 0 1 0 0 0 0 0 0 0 0 0 0 0
0 0 0 0 0 0 0 0 0 0 0 0 0 0 0 0 0 0 0 0 1 0 0 0 0 0 0 0
0 0 0 0 0 0 0 0 0 0 0 0 0 0 0 0 0 0 0 0 0 0 1 0 0 0 0 0
0 0 0 0 0 0 1 0 0 0 0 0 0 0 0 0 0 0 0 0 0 0 0 0 0 0 0 0
0 0 0 0 0 0 0 0 0 0 0 1 0 0 0 0 0 0 0 0 0 0 0 0 0 0 0 0
0 0 0 0 0 0 0 0 0 0 0 0 0 0 0 1 0 0 0 0 0 0 0 0 0 0 0 0
0 0 0 0 0 0 0 1 0 0 0 0 0 0 0 0 0 0 0 0 0 0 0 0 0 0 0 0
0 0 0 0 0 0 0 0 0 0 0 0 0 0 0 0 0 0 0 0 0 0 0 0 0 1 0 0
0 0 0 0 0 0 0 0 0 0 0 0 0 0 0 0 0 0 0 0 0 0 0 0 0 0 0 1
0 0 0 0 0 0 0 0 1 0 0 0 0 0 0 0 0 0 0 0 0 0 0 0 0 0 0 0
0 0 0 0 0 0 0 0 0 0 0 0 0 1 0 0 0 0 0 0 0 0 0 0 0 0 0 0
0 0 0 0 0 0 0 0 0 0 0 0 0 0 0 0 0 0 0 0 0 0 0 0 0 0 1 0
0 0 0 0 0 0 0 0 0 0 0 0 0 0 1 0 0 0 0 0 0 0 0 0 0 0 0 0
0 0 0 0 0 0 0 0 0 0 0 0 0 0 0 0 0 0 0 0 0 0 0 1 0 0 0 0
0 0 0 0 0 0 0 0 0 0 0 0 0 0 0 0 0 0 1 0 0 0 0 0 0 0 0 0
0 0 0 0 0 0 0 0 0 0 0 0 0 0 0 0 0 0 0 0 0 1 0 0 0 0 0 0
0 0 0 0 0 0 0 0 0 0 0 0 0 0 0 0 0 0 0 0 0 0 0 0 1 0 0 0
0 0 0 0 0 0 0 0 0 0 0 0 1 0 0 0 0 0 0 0 0 0 0 0 0 0 0 0
0 0 0 0 0 0 0 0 0 0 0 0 0 0 0 0 0 0 0 0 0 0 0 0 0 0 0 0
0 0 0 0 0 0 0 0 0 0 0 0 0 0 0 0 0 0 0 0 0 0 0 0 0 0 0 0
0 0 0 0 0 0 0 0 0 0 0 0 0 0 0 0 0 0 0 0 0 0 0 0 0 0 0 0
0 0 0 0 0 0 0 0 0 0 0 0 0 0 0 0 0 0 0 0 0 0 0 0 0 0 0 0
0 0 0 0 0 0 0 0 0 0 0 0 0 0 0 0 0 0 0 0 0 0 0 0 0 0 0 0
The tasks are ordered as:

SA -> e -> g -> c -> r -> h -> EC & SB -> m -> j -> d -> b -> p -> q -> EB & SC -> f -> k -> i -> EE & SD -> a -> l -> ED & SE -> o -> n -> EA

max(1.000000 + 8.141632 + 1.000000 + 7.090230 + 1.000000 + 9.733902 + 1.000000 + 6.000000 + 1.000000 + 7.301878 + 1.000000 + 12.063629 + 1.000000 = 57.331270, 1.000000 + 22.046305 + 1.000000 + 15.597768 + 1.000000 + 8.703468 + 1.000000 + 10.753586 + 1.000000 + 12.367632 + 1.000000 + 18.169431 + 1.000000 + 13.635035 + 1.000000 = 109.273225, 1.000000 + 4.242748 + 1.000000 + 9.786626 + 1.000000 + 11.784669 + 1.000000 + 26.388983 + 1.000000 = 57.203026, 1.000000 + 4.426909 + 1.000000 + 12.476365 + 1.000000 + 13.058644 + 1.000000 = 33.961918, 1.000000 + 15.244594 + 1.000000 + 17.517937 + 1.000000 + 17.495279 + 1.000000 = 54.257810)

109.273
A e g c r h C 
B m j d b p q B 
C f k i E 
D a l D 
E o n A 

-----------------------------------------------------------------------------------------------------------------------------------------------------------

DETERMINISTIC ANNEALING SOLUTION:
---------------------------------

SA->e->c->b->p->EC    turtlebot0 -> task5 -> task3 -> task2 -> task16 -> dropoff21    (54,23,90)->(46,22,0)->(38,18,0)->(26,39,0)->(30,50,0)->(32,40,0)
SB->q->d->j->m->EB    turtlebot1 -> task17 -> task4 -> task10 -> task13 -> dropoff20  (06,46,90)->(12,51,0)->(16,36,0)->(10,30,0)->(5,24,0)->(8,38,0)
SC->f->k->g->EE       turtlebot2 -> task6 -> task11 -> task7 -> dropoff23             (33,25,90)->(30,28,0)->(23,22,0)->(47,15,0)->(54,5,0) 
SD->a->r->h->l->ED    turtlebot3 -> task1 -> task18 -> task8 -> task12 -> dropoff22   (44,40,90)->(47,37,0)->(38,24,0)->(40,31,0)->(54,35,0)->(55,48,0)
SE->i->o->n->EA       turtlebot4 -> task9 -> task15 -> task14 -> dropoff19            (39,04,90)->(29,12,0)->(24,2,0)->(7,5,0)->(22,12,0) 

max(1.000000 + 8.141630 + 1.000000 + 8.974300 + 1.000000 + 25.849700 + 1.000000 + 12.367600 + 1.000000 + 10.392100 + 1.000000 = 71.725330, 
1.000000 + 7.817640 + 1.000000 + 16.006400 + 1.000000 + 8.699580 + 1.000000 + 15.493600 + 1.000000 + 14.338500 + 1.000000 = 68.355720, 
1.000000 + 4.242750 + 1.000000 + 9.786630 + 1.000000 + 25.634300 + 1.000000 + 12.642000 + 1.000000 = 57.305680,
1.000000 + 4.426910 + 1.000000 + 15.912600 + 1.000000 + 7.301880 + 1.000000 + 19.319900 + 1.000000 + 13.058600 + 1.000000 = 66.019890,
1.000000 + 14.225400 + 1.000000 + 13.483000 + 1.000000 + 17.517900 + 1.000000 + 17.495300 + 1.000000 = 67.721600)

71.7253

The input parameters are for : 5 vehicles 18 tasks taken for -read values to find the -max cost with gamma = 1 and eta = 1 and Tkappa as 1 with kT_fac as 0.99 and kT_start as 100 and kT_stop as 0.001

Total computational time taken:42.466

-----------------------------------------------------------------------------------------------------------------------------------------------------------















