
1	1	1	1	1	1	1	1	1	1	1	260.091	264.336	263.119	262.289	262.273	259.143	262.689	261.677	255.355	255.856	257.352	261.811	262.909	257.219	262.767	265.226	264.78	264.672	260.184	267.513	253.818	261.195	255.138	260.226	260.734	255.737	264.842	261.367	261.248	256.588	262.529	261.928	263.987	262.04	265.213	257.639	264.34	259.414	267.32	261.199	266.493	263.97	265.039	258.249	268.578	264.407	263.529	261.322	260.071	260.923	304.561	310.095	309.05	309.444	308.278	309.489	318.157	310	310.682	310.945	
2	1	1	1	1	1	1	1	1	1	1	260.087	264.334	263.117	262.286	262.27	259.14	262.686	261.676	255.353	255.854	257.349	261.807	262.906	257.217	262.765	265.224	264.777	264.67	260.18	267.512	253.816	261.193	255.134	260.224	260.731	255.735	264.839	261.364	261.246	256.586	262.525	261.926	263.984	262.036	265.21	257.637	264.337	259.412	267.316	261.197	266.49	263.966	265.036	258.246	268.576	264.405	263.526	261.319	260.068	260.923	304.559	310.094	309.048	309.443	308.276	309.487	318.154	309.998	310.68	310.943	
3	1	1	1	1	1	1	1	1	1	1	260.084	264.331	263.114	262.283	262.268	259.138	262.683	261.673	255.35	255.851	257.346	261.804	262.904	257.215	262.762	265.221	264.774	264.666	260.177	267.509	253.813	261.19	255.131	260.221	260.729	255.732	264.836	261.361	261.243	256.584	262.522	261.923	263.98	262.034	265.207	257.634	264.334	259.409	267.313	261.195	266.487	263.963	265.032	258.243	268.573	264.402	263.523	261.316	260.065	260.921	304.557	310.092	309.046	309.441	308.274	309.486	318.151	309.997	310.679	310.941	
4	1	1	1	1	1	1	1	1	1	1	260.082	264.328	263.111	262.28	262.265	259.135	262.679	261.67	255.346	255.848	257.343	261.801	262.901	257.212	262.759	265.217	264.771	264.663	260.174	267.506	253.81	261.187	255.128	260.218	260.725	255.729	264.832	261.358	261.239	256.581	262.519	261.921	263.977	262.031	265.204	257.631	264.331	259.406	267.311	261.192	266.484	263.96	265.029	258.24	268.57	264.399	263.52	261.314	260.062	260.918	304.555	310.09	309.044	309.439	308.272	309.484	318.147	309.995	310.677	310.939	
5	1	1	1	1	1	1	1	1	1	1	260.078	264.324	263.108	262.277	262.261	259.132	262.675	261.667	255.342	255.845	257.34	261.798	262.898	257.209	262.756	265.214	264.768	264.659	260.171	267.503	253.806	261.183	255.124	260.215	260.722	255.725	264.828	261.354	261.235	256.578	262.516	261.918	263.973	262.029	265.201	257.628	264.328	259.402	267.308	261.189	266.481	263.957	265.025	258.236	268.566	264.395	263.517	261.311	260.058	260.915	304.553	310.088	309.042	309.437	308.27	309.482	318.143	309.993	310.675	310.937	
6	1	1	1	1	1	1	1	1	1	1	260.075	264.32	263.104	262.273	262.258	259.128	262.671	261.663	255.338	255.841	257.337	261.794	262.894	257.205	262.753	265.21	264.765	264.654	260.167	267.5	253.803	261.179	255.12	260.212	260.718	255.721	264.824	261.35	261.231	256.575	262.512	261.915	263.968	262.025	265.197	257.624	264.324	259.399	267.304	261.185	266.478	263.954	265.02	258.232	268.563	264.391	263.513	261.308	260.054	260.912	304.551	310.086	309.04	309.435	308.268	309.479	318.138	309.99	310.673	310.935	
7	1	1	1	1	1	1	1	1	1	1	260.071	264.316	263.099	262.269	262.253	259.124	262.666	261.659	255.333	255.837	257.333	261.79	262.89	257.201	262.749	265.205	264.761	264.649	260.162	267.496	253.798	261.174	255.116	260.208	260.714	255.716	264.819	261.346	261.226	256.571	262.508	261.911	263.963	262.022	265.193	257.62	264.321	259.394	267.3	261.181	266.474	263.95	265.015	258.227	268.559	264.386	263.508	261.304	260.049	260.908	304.548	310.083	309.037	309.432	308.265	309.477	318.133	309.988	310.67	310.933	
8	1	1	1	1	1	1	1	1	1	1	260.067	264.311	263.095	262.264	262.249	259.12	262.661	261.654	255.328	255.832	257.329	261.785	262.886	257.197	262.745	265.2	264.756	264.644	260.157	267.492	253.793	261.169	255.111	260.204	260.709	255.711	264.814	261.341	261.22	256.567	262.503	261.907	263.958	262.018	265.188	257.616	264.316	259.39	267.296	261.177	266.469	263.945	265.009	258.222	268.554	264.381	263.504	261.3	260.044	260.904	304.545	310.08	309.034	309.429	308.262	309.474	318.128	309.985	310.667	310.93	
9	1	1	1	1	1	1	1	1	1	1	260.062	264.306	263.089	262.259	262.244	259.115	262.655	261.649	255.322	255.827	257.324	261.78	262.881	257.192	262.74	265.195	264.751	264.638	260.152	267.487	253.788	261.164	255.105	260.199	260.704	255.706	264.808	261.335	261.214	256.562	262.498	261.903	263.951	262.014	265.183	257.611	264.311	259.384	267.291	261.172	266.464	263.94	265.003	258.216	268.549	264.375	263.498	261.296	260.039	260.899	304.542	310.077	309.031	309.426	308.259	309.471	318.122	309.982	310.664	310.927	
10	1	1	1	1	1	1	1	1	1	1	260.057	264.3	263.083	262.253	262.238	259.11	262.648	261.644	255.316	255.822	257.319	261.774	262.876	257.187	262.735	265.188	264.746	264.631	260.146	267.482	253.782	261.157	255.099	260.194	260.699	255.699	264.801	261.329	261.207	256.557	262.493	261.898	263.944	262.009	265.177	257.605	264.306	259.378	267.286	261.166	266.459	263.935	264.996	258.209	268.543	264.368	263.493	261.291	260.032	260.894	304.539	310.074	309.027	309.423	308.255	309.467	318.115	309.978	310.661	310.923	
11	1	1	1	1	1	1	1	1	1	1	260.045	264.291	263.079	262.234	262.224	259.108	262.655	261.628	255.309	255.813	257.311	261.771	262.862	257.175	262.733	265.172	264.733	264.633	260.146	267.475	253.768	261.155	255.091	260.176	260.687	255.685	264.805	261.33	261.212	256.537	262.481	261.886	263.953	261.99	265.171	257.598	264.301	259.378	267.266	261.15	266.449	263.931	264.997	258.216	268.542	264.362	263.488	261.279	260.039	260.889	304.534	310.069	309.023	309.419	308.251	309.462	318.107	309.973	310.656	310.919	
12	1	1	1	1	1	1	1	1	1	1	260.044	264.286	263.07	262.24	262.224	259.097	262.633	261.63	255.301	255.808	257.306	261.761	262.863	257.174	262.722	265.174	264.733	264.615	260.131	267.47	253.768	261.143	255.085	260.181	260.685	255.684	264.785	261.314	261.191	256.546	262.479	261.887	263.928	261.998	265.164	257.592	264.293	259.364	267.274	261.154	266.446	263.922	264.98	258.194	268.53	264.353	263.479	261.279	260.017	260.882	304.53	310.065	309.019	309.415	308.247	309.459	318.099	309.97	310.652	310.915	
13	1	1	1	1	1	1	1	1	1	1	260.03	264.275	263.064	262.216	262.208	259.095	262.641	261.611	255.292	255.798	257.297	261.757	262.847	257.159	262.721	265.154	264.718	264.618	260.132	267.461	253.75	261.14	255.075	260.159	260.671	255.667	264.79	261.316	261.197	256.521	262.465	261.872	263.938	261.975	265.156	257.584	264.287	259.364	267.249	261.134	266.433	263.918	264.981	258.202	268.528	264.345	263.474	261.264	260.025	260.876	304.525	310.06	309.014	309.409	308.241	309.453	318.089	309.964	310.647	310.909	
14	1	1	1	1	1	1	1	1	1	1	260.029	264.269	263.053	262.223	262.208	259.081	262.613	261.614	255.282	255.792	257.291	261.745	262.847	257.159	262.707	265.156	264.717	264.596	260.114	267.454	253.751	261.124	255.067	260.166	260.668	255.666	264.766	261.296	261.171	256.531	262.463	261.873	263.908	261.984	265.147	257.576	264.278	259.347	267.259	261.138	266.43	263.907	264.96	258.175	268.513	264.335	263.462	261.265	259.999	260.867	304.52	310.055	309.009	309.405	308.237	309.448	318.079	309.959	310.642	310.905	
15	1	1	1	1	1	1	1	1	1	1	260.011	264.256	263.045	262.194	262.187	259.079	262.623	261.589	255.271	255.779	257.28	261.74	262.827	257.14	262.705	265.131	264.698	264.599	260.114	267.444	253.729	261.121	255.055	260.138	260.65	255.645	264.772	261.298	261.178	256.5	262.445	261.854	263.921	261.955	265.137	257.565	264.27	259.347	267.227	261.114	266.415	263.901	264.961	258.185	268.511	264.325	263.455	261.246	260.009	260.86	304.513	310.048	309.002	309.398	308.23	309.441	318.067	309.952	310.636	310.898	
16	1	1	1	1	1	1	1	1	1	1	260.009	264.248	263.031	262.202	262.187	259.062	262.59	261.594	255.259	255.772	257.272	261.724	262.828	257.139	262.688	265.134	264.697	264.572	260.092	267.436	253.729	261.102	255.045	260.147	260.648	255.644	264.741	261.274	261.147	256.513	262.442	261.855	263.883	261.966	265.127	257.556	264.258	259.326	267.24	261.118	266.411	263.888	264.935	258.151	268.492	264.312	263.441	261.247	259.976	260.849	304.507	310.043	308.996	309.392	308.224	309.436	318.055	309.946	310.63	310.892	
17	1	1	1	1	1	1	1	1	1	1	259.988	264.231	263.022	262.166	262.162	259.059	262.602	261.563	255.245	255.756	257.258	261.719	262.803	257.117	262.685	265.103	264.674	264.576	260.093	267.423	253.703	261.098	255.03	260.113	260.626	255.618	264.75	261.276	261.155	256.475	262.421	261.833	263.899	261.931	265.114	257.543	264.249	259.325	267.201	261.088	266.392	263.88	264.937	258.163	268.49	264.299	263.433	261.224	259.988	260.84	304.498	310.034	308.988	309.384	308.215	309.427	318.039	309.938	310.622	310.884	
18	1	1	1	1	1	1	1	1	1	1	259.986	264.222	263.005	262.176	262.162	259.038	262.56	261.569	255.231	255.747	257.249	261.699	262.804	257.116	262.665	265.106	264.672	264.542	260.065	267.413	253.703	261.074	255.018	260.124	260.622	255.616	264.712	261.247	261.116	256.491	262.417	261.834	263.853	261.945	265.102	257.531	264.234	259.3	267.216	261.094	266.387	263.864	264.905	258.122	268.467	264.283	263.415	261.225	259.948	260.827	304.491	310.027	308.981	309.377	308.208	309.42	318.024	309.931	310.614	310.877	
19	1	1	1	1	1	1	1	1	1	1	259.959	264.201	262.994	262.132	262.13	259.034	262.575	261.531	255.214	255.727	257.232	261.692	262.773	257.088	262.661	265.068	264.644	264.547	260.066	267.396	253.67	261.069	255	260.082	260.595	255.584	264.722	261.249	261.126	256.444	262.391	261.806	263.872	261.902	265.086	257.515	264.223	259.299	267.169	261.057	266.363	263.855	264.907	258.137	268.465	264.268	263.405	261.197	259.963	260.816	304.48	310.017	308.97	309.367	308.197	309.409	318.005	309.92	310.604	310.867	
20	1	1	1	1	1	1	1	1	1	1	259.956	264.189	262.973	262.144	262.13	259.009	262.524	261.538	255.195	255.716	257.22	261.668	262.775	257.086	262.636	265.072	264.642	264.505	260.031	267.384	253.67	261.039	254.984	260.095	260.591	255.581	264.675	261.213	261.078	256.463	262.386	261.807	263.815	261.918	265.07	257.5	264.205	259.267	267.188	261.065	266.357	263.834	264.867	258.086	268.436	264.248	263.382	261.198	259.913	260.799	304.471	310.008	308.961	309.358	308.188	309.4	317.987	309.911	310.595	310.858	
21	1	1	1	1	1	1	1	1	1	1	259.924	264.164	262.959	262.09	262.091	259.004	262.543	261.492	255.174	255.692	257.199	261.659	262.736	257.052	262.632	265.025	264.607	264.511	260.033	267.364	253.629	261.033	254.962	260.043	260.557	255.542	264.687	261.216	261.091	256.405	262.353	261.773	263.838	261.865	265.051	257.481	264.191	259.266	267.129	261.019	266.328	263.823	264.869	258.105	268.432	264.229	263.37	261.163	259.931	260.785	304.458	309.995	308.948	309.346	308.175	309.387	317.964	309.898	310.583	310.845	
22	1	1	1	1	1	1	1	1	1	1	259.92	264.149	262.933	262.105	262.092	258.973	262.479	261.5	255.152	255.677	257.184	261.629	262.738	257.05	262.6	265.03	264.605	264.459	259.99	267.349	253.63	260.996	254.942	260.059	260.552	255.539	264.629	261.171	261.032	256.429	262.348	261.774	263.768	261.886	265.032	257.462	264.168	259.227	267.152	261.028	266.32	263.798	264.82	258.042	268.397	264.204	263.343	261.164	259.869	260.764	304.447	309.984	308.937	309.335	308.164	309.376	317.941	309.887	310.572	310.834	
23	1	1	1	1	1	1	1	1	1	1	259.88	264.118	262.915	262.038	262.043	258.966	262.502	261.442	255.126	255.647	257.158	261.618	262.69	257.007	262.595	264.972	264.561	264.466	259.991	267.324	253.579	260.989	254.915	259.995	260.51	255.49	264.644	261.175	261.047	256.357	262.307	261.732	263.797	261.82	265.008	257.438	264.151	259.226	267.079	260.971	266.284	263.784	264.823	258.065	268.393	264.181	263.327	261.121	259.892	260.747	304.431	309.969	308.922	309.319	308.148	309.36	317.912	309.871	310.556	310.819	
24	1	1	1	1	1	1	1	1	1	1	259.875	264.1	262.884	262.057	262.043	258.928	262.424	261.452	255.098	255.63	257.14	261.581	262.692	257.005	262.556	264.978	264.559	264.402	259.939	267.305	253.579	260.943	254.891	260.014	260.503	255.486	264.573	261.119	260.974	256.387	262.3	261.733	263.71	261.845	264.984	257.414	264.123	259.177	267.108	260.982	266.275	263.752	264.762	257.987	268.349	264.15	263.293	261.122	259.816	260.722	304.417	309.955	308.908	309.306	308.134	309.347	317.884	309.857	310.543	310.805	
25	1	1	1	1	1	1	1	1	1	1	259.826	264.061	262.862	261.974	261.984	258.919	262.452	261.382	255.066	255.593	257.108	261.568	262.634	256.952	262.549	264.906	264.505	264.411	259.941	267.274	253.517	260.934	254.857	259.935	260.452	255.425	264.591	261.123	260.993	256.298	262.249	261.681	263.746	261.764	264.954	257.385	264.102	259.176	267.018	260.912	266.23	263.736	264.766	258.015	268.344	264.121	263.275	261.069	259.844	260.701	304.397	309.936	308.888	309.287	308.114	309.327	317.848	309.838	310.524	310.786	
26	1	1	1	1	1	1	1	1	1	1	259.82	264.038	262.823	261.996	261.984	258.872	262.355	261.394	255.031	255.571	257.085	261.522	262.636	256.949	262.501	264.914	264.501	264.332	259.875	267.25	253.517	260.878	254.827	259.959	260.443	255.421	264.503	261.055	260.903	256.334	262.241	261.683	263.638	261.795	264.925	257.356	264.067	259.116	267.053	260.926	266.218	263.697	264.69	257.919	268.289	264.084	263.232	261.071	259.75	260.669	304.38	309.919	308.872	309.271	308.097	309.31	317.813	309.821	310.507	310.769	
27	1	1	1	1	1	1	1	1	1	1	259.758	263.99	262.795	261.894	261.91	258.861	262.39	261.306	254.991	255.525	257.045	261.505	262.563	256.884	262.492	264.825	264.435	264.343	259.877	267.212	253.44	260.867	254.785	259.862	260.379	255.345	264.526	261.06	260.926	256.225	262.178	261.618	263.682	261.694	264.888	257.319	264.04	259.113	266.942	260.839	266.162	263.676	264.695	257.953	268.283	264.047	263.209	261.005	259.784	260.643	304.355	309.895	308.847	309.247	308.072	309.286	317.769	309.796	310.483	310.745	
28	1	1	1	1	1	1	1	1	1	1	259.751	263.962	262.747	261.922	261.91	258.802	262.27	261.321	254.948	255.498	257.017	261.449	262.566	256.88	262.433	264.834	264.43	264.245	259.797	267.183	253.44	260.796	254.748	259.891	260.369	255.34	264.416	260.975	260.814	256.269	262.167	261.62	263.55	261.732	264.851	257.283	263.997	259.04	266.985	260.855	266.148	263.627	264.601	257.835	268.216	264.001	263.157	261.007	259.667	260.604	304.334	309.874	308.827	309.227	308.051	309.265	317.726	309.775	310.463	310.725	
29	1	1	1	1	1	1	1	1	1	1	259.675	263.903	262.713	261.795	261.819	258.789	262.313	261.213	254.899	255.441	256.967	261.428	262.476	256.799	262.422	264.724	264.348	264.259	259.799	267.136	253.345	260.783	254.696	259.77	260.29	255.246	264.444	260.982	260.843	256.134	262.09	261.54	263.604	261.608	264.806	257.238	263.964	259.036	266.848	260.748	266.079	263.601	264.607	257.877	268.208	263.956	263.128	260.925	259.71	260.571	304.304	309.845	308.797	309.197	308.02	309.235	317.672	309.745	310.433	310.695	
30	1	1	1	1	1	1	1	1	1	1	259.665	263.868	262.653	261.829	261.818	258.716	262.165	261.231	254.845	255.407	256.932	261.357	262.48	256.794	262.348	264.734	264.342	264.137	259.699	267.1	253.345	260.696	254.65	259.806	260.277	255.239	264.309	260.876	260.705	256.188	262.076	261.542	263.439	261.655	264.76	257.194	263.911	258.945	266.901	260.768	266.061	263.541	264.491	257.73	268.124	263.899	263.063	260.927	259.566	260.522	304.278	309.819	308.771	309.172	307.994	309.209	317.618	309.719	310.408	310.67	
31	1	1	1	1	1	1	1	1	1	1	259.571	263.794	262.611	261.672	261.705	258.7	262.217	261.097	254.784	255.337	256.871	261.332	262.368	256.694	262.334	264.598	264.24	264.154	259.702	267.041	253.226	260.678	254.585	259.657	260.179	255.123	264.343	260.884	260.74	256.02	261.981	261.444	263.506	261.501	264.704	257.137	263.87	258.941	266.731	260.636	265.976	263.509	264.497	257.782	268.114	263.843	263.026	260.827	259.617	260.482	304.24	309.783	308.734	309.136	307.957	309.172	317.551	309.682	310.372	310.634	
32	1	1	1	1	1	1	1	1	1	1	259.559	263.751	262.536	261.714	261.704	258.61	262.034	261.119	254.718	255.295	256.827	261.244	262.372	256.688	262.243	264.611	264.232	264.004	259.578	266.996	253.226	260.57	254.528	259.701	260.162	255.114	264.176	260.754	260.569	256.087	261.963	261.446	263.303	261.558	264.646	257.082	263.803	258.827	266.796	260.66	265.953	263.434	264.354	257.601	268.011	263.771	262.946	260.828	259.439	260.422	304.208	309.751	308.702	309.105	307.924	309.14	317.485	309.65	310.341	310.602	
33	1	1	1	1	1	1	1	1	1	1	259.443	263.66	262.484	261.52	261.564	258.588	262.098	260.953	254.641	255.208	256.751	261.212	262.234	256.564	262.226	264.442	264.105	264.024	259.581	266.923	253.08	260.548	254.448	259.516	260.041	254.97	264.218	260.763	260.612	255.88	261.845	261.323	263.384	261.368	264.577	257.012	263.752	258.821	266.586	260.496	265.848	263.394	264.362	257.664	267.997	263.702	262.901	260.704	259.502	260.371	304.161	309.706	308.657	309.06	307.878	309.094	317.402	309.604	310.295	310.557	
34	1	1	1	1	1	1	1	1	1	1	259.426	263.605	262.391	261.571	261.562	258.477	261.871	260.98	254.559	255.155	256.696	261.104	262.238	256.555	262.113	264.458	264.095	263.837	259.428	266.867	253.079	260.415	254.377	259.57	260.019	254.959	264.01	260.601	260.4	255.962	261.822	261.325	263.133	261.437	264.506	256.943	263.669	258.681	266.666	260.525	265.819	263.302	264.184	257.44	267.87	263.613	262.801	260.705	259.281	260.296	304.121	309.667	308.617	309.022	307.838	309.054	317.32	309.564	310.257	310.518	
35	1	1	1	1	1	1	1	1	1	1	259.283	263.492	262.325	261.331	261.389	258.449	261.95	260.775	254.464	255.047	256.602	261.063	262.066	256.401	262.09	264.248	263.938	263.861	259.43	266.777	252.897	260.387	254.277	259.341	259.869	254.779	264.062	260.612	260.453	255.705	261.675	261.174	263.233	261.202	264.419	256.855	263.606	258.673	266.405	260.322	265.688	263.251	264.193	257.517	267.852	263.527	262.744	260.551	259.359	260.233	304.064	309.611	308.561	308.967	307.78	308.997	317.217	309.507	310.201	310.463	
36	1	1	1	1	1	1	1	1	1	1	259.261	263.424	262.21	261.393	261.386	258.311	261.669	260.807	254.361	254.98	256.534	260.929	262.07	256.39	261.949	264.267	263.924	263.63	259.241	266.706	252.895	260.221	254.189	259.407	259.841	254.765	263.805	260.412	260.189	255.805	261.646	261.175	262.922	261.287	264.33	256.769	263.503	258.499	266.503	260.357	265.652	263.136	263.973	257.239	267.694	263.417	262.62	260.552	259.085	260.14	304.014	309.563	308.512	308.92	307.731	308.948	317.116	309.458	310.154	310.415	
37	1	1	1	1	1	1	1	1	1	1	259.083	263.283	262.128	261.096	261.17	258.276	261.766	260.552	254.243	254.846	256.417	260.878	261.858	256.2	261.92	264.007	263.73	263.659	259.243	266.594	252.669	260.186	254.065	259.123	259.654	254.542	263.867	260.423	260.254	255.486	261.464	260.987	263.045	260.995	264.222	256.661	263.423	258.487	266.18	260.105	265.489	263.073	263.982	257.334	267.672	263.309	262.549	260.361	259.18	260.061	303.943	309.493	308.443	308.851	307.66	308.878	316.988	309.388	310.084	310.346	
38	1	1	1	1	1	1	1	1	1	1	259.055	263.198	261.985	261.171	261.165	258.103	261.417	260.59	254.115	254.762	256.33	260.71	261.861	256.184	261.746	264.029	263.711	263.372	259.007	266.506	252.666	259.979	253.955	259.203	259.619	254.523	263.548	260.175	259.927	255.609	261.427	260.987	262.658	261.098	264.111	256.553	263.294	258.272	266.299	260.146	265.443	262.93	263.71	256.989	267.475	263.172	262.395	260.36	258.841	259.945	303.882	309.434	308.382	308.792	307.598	308.818	316.863	309.327	310.026	310.286	
39	1	1	1	1	1	1	1	1	1	1	258.834	263.023	261.882	260.802	260.897	258.058	261.535	260.275	253.967	254.594	256.185	260.645	261.597	255.947	261.707	263.705	263.469	263.405	259.008	266.366	252.385	259.934	253.8	258.851	259.386	254.245	263.624	260.188	260.006	255.213	261.201	260.754	262.809	260.736	263.976	256.417	263.194	258.255	265.899	259.833	265.241	262.85	263.72	257.104	267.445	263.037	262.305	260.124	258.955	259.845	303.794	309.348	308.296	308.708	307.51	308.731	316.704	309.24	309.94	310.201	
40	1	1	1	1	1	1	1	1	1	1	258.798	262.916	261.703	260.894	260.889	257.843	261.101	260.32	253.807	254.489	256.076	260.437	261.598	255.926	261.49	263.731	263.444	263.048	258.715	266.255	252.379	259.676	253.661	258.947	259.34	254.219	263.228	259.879	259.599	255.363	261.152	260.752	262.329	260.861	263.837	256.282	263.033	257.987	266.043	259.882	265.181	262.672	263.381	256.677	267.201	262.866	262.112	260.12	258.534	259.701	303.717	309.274	308.221	308.635	307.434	308.655	316.55	309.164	309.867	310.128	
41	1	1	1	1	1	1	1	1	1	1	258.523	262.697	261.574	260.435	260.556	257.785	261.245	259.928	253.622	254.28	255.894	260.355	261.27	255.632	261.439	263.327	263.142	263.088	258.713	266.081	252.029	259.618	253.468	258.511	259.05	253.872	263.319	259.893	259.695	254.871	260.87	260.463	262.513	260.412	263.667	256.111	262.907	257.963	265.546	259.493	264.93	262.571	263.391	256.817	267.162	262.697	261.999	259.826	258.673	259.576	303.609	309.168	308.114	308.53	307.325	308.548	316.352	309.057	309.761	310.022	
42	1	1	1	1	1	1	1	1	1	1	258.474	262.562	261.35	260.546	260.542	257.517	260.706	259.981	253.421	254.147	255.756	260.094	261.268	255.602	261.169	263.358	263.108	262.643	258.35	265.941	252.02	259.297	253.294	258.626	258.99	253.838	262.827	259.509	259.189	255.052	260.806	260.455	261.918	260.562	263.493	255.941	262.705	257.63	265.721	259.55	264.853	262.349	262.97	256.286	266.858	262.482	261.758	259.819	258.15	259.394	303.514	309.077	308.022	308.44	307.231	308.455	316.16	308.962	309.671	309.931	
43	1	1	1	1	1	1	1	1	1	1	258.131	262.289	261.186	259.975	260.126	257.44	260.881	259.493	253.189	253.884	255.528	259.989	260.859	255.237	261.101	262.853	262.732	262.689	258.342	265.723	251.582	259.222	253.051	258.083	258.628	253.403	262.936	259.522	259.304	254.44	260.455	260.096	262.142	260.003	263.28	255.727	262.546	257.595	265.103	259.066	264.54	262.22	262.978	256.454	266.806	262.271	261.614	259.454	258.317	259.237	303.38	308.945	307.889	308.31	307.096	308.321	315.914	308.83	309.539	309.8	
44	1	1	1	1	1	1	1	1	1	1	258.066	262.117	260.906	260.109	260.105	257.104	260.21	259.555	252.935	253.715	255.354	259.663	260.851	255.194	260.764	262.887	262.684	262.134	257.889	265.545	251.567	258.819	252.833	258.221	258.548	253.358	262.324	259.043	258.674	254.659	260.371	260.082	261.401	260.184	263.06	255.512	262.292	257.181	265.315	259.13	264.439	261.943	262.453	255.795	266.428	262.001	261.312	259.438	257.666	259.009	303.262	308.831	307.774	308.199	306.979	308.206	315.676	308.712	309.428	309.687	
45	1	1	1	1	1	1	1	1	1	1	257.639	261.775	260.698	259.398	259.586	257.004	260.422	258.947	252.643	253.385	255.068	259.527	260.34	254.739	260.673	262.255	262.214	262.185	257.874	265.271	251.02	258.722	252.528	257.546	258.094	252.811	262.454	259.053	258.812	253.896	259.932	259.634	261.674	259.488	262.792	255.242	262.089	257.13	264.545	258.526	264.049	261.778	262.457	255.997	266.357	261.736	261.128	258.984	257.866	258.809	303.095	308.668	307.61	308.037	306.811	308.04	315.369	308.548	309.264	309.524	
46	1	1	1	1	1	1	1	1	1	1	257.55	261.556	260.346	259.558	259.552	256.582	259.585	259.017	252.321	253.168	254.845	259.118	260.322	254.678	260.25	262.293	262.146	261.491	257.309	265.045	250.995	258.216	252.251	257.709	257.987	252.75	261.69	258.456	258.024	254.16	259.819	259.609	260.75	259.702	262.513	254.969	261.768	256.613	264.799	258.598	263.915	261.431	261.803	255.176	265.884	261.395	260.749	258.957	257.055	258.522	302.948	308.527	307.467	307.899	306.666	307.896	315.072	308.402	309.126	309.384	
47	1	1	1	1	1	1	1	1	1	1	257.017	261.126	260.081	258.669	258.902	256.448	259.84	258.258	251.953	252.752	254.485	258.943	259.683	254.111	260.127	261.499	261.557	261.546	257.28	264.701	250.309	258.088	251.866	256.867	257.417	252.059	261.844	258.46	258.19	253.205	259.268	259.05	261.08	258.834	262.175	254.628	261.509	256.539	263.837	257.843	263.429	261.218	261.799	255.417	265.787	261.06	260.511	258.391	257.292	258.268	302.742	308.324	307.264	307.698	306.458	307.691	314.689	308.199	308.923	309.182	
48	1	1	1	1	1	1	1	1	1	1	256.895	260.846	259.636	258.86	258.85	255.917	258.793	258.335	251.544	252.473	254.199	258.427	259.646	254.023	259.597	261.539	261.461	260.675	256.573	264.411	250.27	257.451	251.514	257.057	257.273	251.976	260.888	257.712	257.201	253.522	259.116	259.006	259.927	259.086	261.82	254.279	261.102	255.892	264.141	257.919	263.251	260.782	260.981	254.392	265.197	260.628	260.033	258.345	256.279	257.904	302.558	308.149	307.086	307.526	306.278	307.512	314.318	308.017	308.752	309.009	
49	1	1	1	1	1	1	1	1	1	1	256.227	260.304	259.296	257.747	258.032	255.736	259.099	257.385	251.077	251.946	253.743	258.199	258.845	253.314	259.427	260.538	260.72	260.732	256.522	263.977	249.406	257.281	251.027	256.005	256.555	251.1	261.068	257.704	257.398	252.324	258.424	258.308	260.325	257.999	261.389	253.845	260.768	255.783	262.936	256.971	262.641	260.507	260.963	254.677	265.063	260.204	259.726	257.638	256.558	257.579	302.303	307.897	306.833	307.276	306.018	307.258	313.837	307.765	308.498	308.757	
50	1	1	1	1	1	1	1	1	1	1	256.058	259.942	258.733	257.971	257.952	255.064	257.785	257.466	250.553	251.584	253.374	257.547	258.78	253.188	258.759	260.576	260.584	259.635	255.636	263.604	249.346	256.474	250.577	256.224	256.358	250.985	259.87	256.765	256.155	252.701	258.217	258.235	258.88	258.292	260.935	253.397	260.248	254.971	263.296	257.046	262.402	259.956	259.937	253.396	264.322	259.654	259.12	257.563	255.287	257.117	302.072	307.679	306.611	307.063	305.794	307.034	313.372	307.537	308.286	308.541	
51	1	1	1	1	1	1	1	1	1	1	255.219	259.255	258.293	256.573	256.921	254.819	258.15	256.274	249.957	250.914	252.795	257.247	257.771	252.298	258.525	259.309	259.648	259.688	255.552	263.052	248.254	256.247	249.958	254.905	255.448	249.869	260.077	256.737	256.387	251.192	257.344	257.359	259.359	256.927	260.386	252.842	259.816	254.812	261.783	255.854	261.635	259.598	259.895	253.728	264.136	259.113	258.719	256.678	255.611	256.697	301.755	307.365	306.296	306.751	305.471	306.718	312.767	307.225	307.969	308.229	
52	1	1	1	1	1	1	1	1	1	1	254.984	258.786	257.576	256.834	256.799	253.964	256.497	256.353	249.283	250.44	252.314	256.419	257.661	252.115	257.679	259.34	259.452	258.302	254.435	262.569	248.159	255.222	249.378	255.152	255.176	249.708	258.57	255.553	254.817	251.636	257.057	257.242	257.543	257.261	259.8	252.262	259.149	253.788	262.203	255.919	261.311	258.899	258.604	252.122	263.203	258.41	257.948	256.557	254.013	256.107	301.466	307.093	306.019	306.485	305.192	306.438	312.182	306.939	307.706	307.959	
53	1	1	1	1	1	1	1	1	1	1	253.925	257.912	257.004	255.072	255.492	253.628	256.928	254.852	248.519	249.583	251.575	256.021	256.384	250.996	257.351	257.727	258.264	258.342	254.299	261.866	246.773	254.916	248.587	253.495	254.018	248.275	258.803	255.491	255.085	249.727	255.951	256.141	258.114	255.541	259.095	251.549	258.584	253.554	260.296	254.41	260.345	258.429	258.523	252.503	262.942	257.716	257.42	255.446	254.382	255.564	301.072	306.701	305.627	306.096	304.787	306.044	311.417	306.552	307.309	307.569	
54	1	1	1	1	1	1	1	1	1	1	253.595	257.298	256.086	255.369	255.305	252.534	254.838	254.918	247.644	248.958	250.945	254.965	256.203	250.73	256.274	257.743	257.98	256.58	252.888	261.236	246.628	253.603	247.835	253.764	253.638	248.048	256.898	253.993	253.094	250.243	255.553	255.955	255.824	255.911	258.335	250.793	257.722	252.259	260.781	254.449	259.901	257.538	256.892	250.482	261.765	256.811	256.433	255.255	252.364	254.805	300.708	306.361	305.279	305.764	304.439	305.694	310.677	306.191	306.983	307.233	
55	1	1	1	1	1	1	1	1	1	1	252.255	256.181	255.336	253.14	253.641	252.067	255.342	253.022	246.657	247.855	249.996	254.431	254.579	249.318	255.814	255.676	256.463	256.591	252.672	260.334	244.858	253.187	246.819	251.674	252.153	246.194	257.153	253.874	253.4	247.814	254.143	254.565	256.501	253.731	257.423	249.868	256.978	251.911	258.364	252.53	258.678	256.917	256.747	250.912	261.396	255.917	255.733	253.856	252.775	254.096	300.218	305.872	304.791	305.278	303.933	305.203	309.701	305.711	306.485	306.746	
56	1	1	1	1	1	1	1	1	1	1	251.787	255.371	254.154	253.471	253.357	250.656	252.687	253.057	245.512	247.021	249.163	253.076	254.286	248.928	254.434	255.661	256.049	254.338	250.878	259.505	244.635	251.495	245.836	251.953	251.617	245.872	254.736	251.969	250.858	248.405	253.582	254.275	253.597	254.126	256.429	248.876	255.854	250.264	258.911	252.513	258.065	255.776	254.678	248.356	259.903	254.742	254.459	253.558	250.211	253.115	299.757	305.446	304.354	304.862	303.497	304.762	308.759	305.256	306.079	306.325	
57	1	1	1	1	1	1	1	1	1	1	253.502	257.398	256.583	254.127	254.687	253.337	256.667	254.124	247.691	248.998	251.313	255.752	255.635	250.562	257.119	256.514	257.531	257.736	253.938	261.732	245.833	254.354	247.972	252.751	253.151	246.929	258.433	255.153	254.635	248.72	255.233	255.894	257.787	254.761	258.666	251.058	258.235	253.114	259.311	253.504	259.956	258.32	257.884	252.213	262.789	257.077	256.916	255.197	254.015	255.542	299.206	304.829	303.752	304.257	302.88	304.153	307.651	304.651	305.441	305.702	
58	1	1	1	1	1	1	1	1	1	1	253.539	257.065	255.811	255.154	254.965	252.271	254.129	254.785	246.947	248.609	250.928	254.773	255.865	250.691	256.108	257.156	257.63	255.667	252.451	261.357	246.207	252.955	247.434	253.678	253.108	247.195	256.196	253.529	252.222	250.026	255.16	256.127	254.957	255.801	258.106	250.486	257.508	251.796	260.562	254.07	259.816	257.603	256.071	249.826	261.676	256.317	256.027	255.425	251.591	255.003	298.603	304.26	303.171	303.706	302.305	303.568	306.47	304.039	304.903	305.138	
59	1	1	1	1	1	1	1	1	1	1	252.294	256.126	255.357	252.543	253.185	252.17	255.549	252.701	246.175	247.646	250.215	254.64	254.145	249.352	255.989	254.697	256.057	256.351	252.745	260.72	244.242	253.02	246.63	251.308	251.561	244.981	257.242	253.985	253.38	247.025	253.777	254.816	256.615	253.236	257.442	249.783	257.037	251.844	257.651	251.89	258.758	257.327	256.492	251.069	261.758	255.712	255.615	254.116	252.79	254.615	297.84	303.475	302.392	302.924	301.492	302.783	304.9	303.277	304.09	304.353	
60	1	1	1	1	1	1	1	1	1	1	252.311	255.72	254.428	253.817	253.513	250.846	252.425	253.504	245.237	247.146	249.732	253.454	254.372	249.478	254.76	255.518	256.139	253.791	250.951	260.256	244.709	251.283	245.971	252.416	251.465	245.323	254.506	252.012	250.388	248.605	253.645	255.061	253.135	254.455	256.752	249.064	256.13	250.252	259.157	252.537	258.551	256.475	254.295	248.165	260.441	254.783	254.531	254.353	249.807	253.968	297.089	302.775	301.676	302.248	300.788	302.061	303.42	302.515	303.436	303.661	
61	1	1	1	1	1	1	1	1	1	1	250.646	254.092	253.492	250.013	251.371	251.55	253.634	250.295	243.593	246.307	248.604	253.11	253.097	247.523	255.207	252.362	254.821	254.765	251.237	258.841	241.951	251.517	244.403	249.356	250.455	243	255.118	252.191	251.209	245.604	252.374	253.372	254.494	252.155	255.85	248.49	256.155	250.636	255.927	250.757	256.796	255.572	254.253	249.126	260.062	253.328	254.216	252.326	251.511	253.003	296.107	301.758	300.673	301.204	299.725	301.033	308.933	301.566	302.395	296.108	
62	1	1	1	1	1	1	1	1	1	1	250.422	253.586	252.214	251.488	251.966	249.548	249.863	251.614	242.646	245.368	248.382	251.422	253.112	247.437	253.343	253.338	254.924	251.271	248.909	258.084	242.37	249.467	243.941	250.442	250.174	243.285	251.981	249.82	247.399	247.565	251.916	253.568	250.172	253.407	255.151	247.401	254.991	248.628	257.396	251.246	256.597	254.431	251.638	245.561	258.446	252.326	253.024	252.468	247.903	252.085	295.112	300.833	299.721	300.334	298.804	300.087	300.668	300.538	301.522	300.926	
63	1	1	1	1	1	1	1	1	1	1	249.801	252.356	251.237	250.188	251.761	250.237	251.576	247.131	243.485	245.42	243.928	251.28	250.719	246.149	253.584	253.389	254.415	249.961	248.122	256.087	240.92	249.984	243.626	249.46	248.105	244.618	252.84	246.782	248.702	247.138	249.861	249.485	251.969	253.41	254.059	247.764	254.729	245.948	254.795	251.209	253.378	252.925	251.886	244.503	256.787	250.401	248.692	250.879	247.587	250.655	294.088	299.827	298.715	299.322	297.73	298.991	306.668	299.59	293.54	300.629	
64	1	1	1	1	1	1	1	1	1	1	247.488	250.957	249.932	246.109	247.8	248.597	251.224	246.494	239.81	242.673	245.523	250.199	249.444	244.21	252.048	247.807	251.584	250.623	247.756	255.954	237.492	248.14	241.378	245.567	246.373	238.572	252.497	248.649	247.958	241.617	248.544	250.328	251.582	248.571	252.826	245.121	253.011	246.882	251.575	246.808	253.414	252.709	250.35	245.886	257.365	249.628	250.809	249.568	248.227	250.151	292.586	298.305	297.157	297.808	296.189	297.558	296.136	298.06	297.888	299.193	
65	1	1	1	1	1	1	1	1	1	1	247.069	249.548	248.198	247.416	247.899	247.296	244.861	246.971	237.043	242.124	244.364	248.07	250.263	243.873	250.909	248.898	251.698	246.79	245.096	254.52	237.975	245.221	239.209	246.903	246.987	239.098	246.769	245.326	242.02	244.39	248.492	250.428	244.738	250.845	251.35	244.123	252.126	245.059	254.131	248.42	252.352	250.894	246.311	240.706	254.866	247.326	249.182	249.055	243.558	248.788	291.189	296.969	295.835	296.507	294.865	296.164	303.304	296.638	297.566	288.182	
66	1	1	1	1	1	1	1	1	1	1	245.833	248.425	246.681	246.215	248.167	245.878	247.773	242.41	239.513	240.687	239.544	247.278	245.808	242.094	249.171	248.863	250.51	243.666	243.426	252.205	235.907	245.719	240.411	245.351	242.837	239.962	249.167	241.327	243.932	243.343	244.754	244.999	247.494	249.394	250.348	243.586	250.822	240.498	249.739	246.572	248.998	249.165	246.92	239.46	252.901	245.682	243.183	247.337	242.65	247.003	289.733	295.424	294.356	295.03	293.265	294.585	291.373	295.098	296.075	294.529	
67	1	1	1	1	1	1	1	1	1	1	242.59	245.266	244.824	238.827	242.622	245.372	245.704	239.732	233.637	238.432	240.666	245.365	244.836	239.222	248.679	240.879	246.952	245.468	243.313	250.6	231.252	244.219	235.685	239.917	242.072	231.233	246.608	242.999	242.158	236.393	243.559	245.495	245.901	244.271	248.258	241.22	250.018	242.46	245.262	242.616	247.921	247.665	244.68	240.151	252.222	243.623	245.182	244.341	243.825	245.855	287.433	293.269	292.039	292.807	290.999	292.411	298.51	293.02	283.554	293.823	
68	1	1	1	1	1	1	1	1	1	1	241.759	244.497	242.01	242.468	242.284	241.284	238.251	242.254	229.914	235.606	239.703	242.63	244.42	238.384	244.788	242.038	246.342	238.602	238.758	249.561	231.139	238.667	234.147	241.182	240.118	231.845	240.575	239.014	234.241	238.3	242.031	246.003	237.194	244.851	246.217	238.054	246.35	238.551	248.018	241.649	246.819	245.929	238.914	233.873	250.183	241.232	243.911	244.554	236.407	243.914	285.204	291.146	289.93	290.812	288.924	290.235	284.372	290.658	289.746	292.04	
69	1	1	1	1	1	1	1	1	1	1	239.576	241.321	239.329	239.397	240.595	242.587	239.75	232.705	230.357	234.974	230.859	241.482	240.341	235.598	245.124	241.427	245.112	235.435	236.774	245.637	227.867	238.827	232.243	238.996	236.832	234.048	240.503	231.958	235.39	237.926	238.321	237.886	239.004	245.189	243.464	238.115	245.984	233.174	243.475	242.003	240.76	242.645	237.601	230.906	246.479	236.438	234.511	241.075	235.266	240.864	283.057	288.766	287.726	288.479	286.453	287.807	292.788	288.37	288.94	275.696	
70	1	1	1	1	1	1	1	1	1	1	237.441	240.609	238.482	232.757	237.162	238.803	241.027	234.412	227.241	231.605	237.153	240.224	238.116	233.94	241.948	232.568	241.321	237.252	237.182	245.832	223.682	238.776	231.738	233.812	234.364	222.141	242.397	236.66	235.675	228.459	236.625	240.747	239.844	237.077	243.896	235.417	244.49	235.288	237.394	235	242.745	242.917	237.639	233.822	247.886	238.144	239.454	239.964	237.474	241.223	279.833	285.543	284.34	285.19	283.135	284.769	274.839	285.29	286.037	282.487	
71	1	1	1	1	1	1	1	1	1	1	234.92	236.54	234.52	232.423	236.091	237.478	228.22	233.262	220.404	230.136	233.659	235.716	239.182	231.467	240.681	233.036	240.764	230.232	232.56	241.571	222.91	233.371	226.493	233.827	236.167	221.462	230.91	230.589	223.615	233.107	235.34	239.223	226.378	241.188	240.278	233.182	243.315	232.726	239.807	238.197	238.714	238.631	230.21	224.507	242.979	232.95	236.025	236.714	229.223	237.869	275.917	282.008	280.707	281.862	279.664	280.982	284.388	281.405	268.378	281.771	
72	1	1	1	1	1	1	1	1	1	1	232.219	235.372	230.725	233.521	233.39	232.957	232.495	224.703	221.835	225.385	223.717	234.381	230.896	228.246	235.486	232.359	238.053	223.113	228.75	238.87	218.492	231.226	227.463	231.258	225.515	226.004	234.315	222.013	225.249	228.898	228.834	230.218	229.508	235.667	237.31	230.2	237.829	222.831	234.142	231.393	233.044	236.065	227.901	221.81	240.893	228.728	224.039	235.056	225.569	234.656	272.206	277.98	276.917	277.966	275.431	276.727	264.658	277.508	273.583	278.528	
73	1	1	1	1	1	1	1	1	1	1	225.412	228.278	224.978	228.594	226.186	232.952	226.695	217.925	213.143	222.439	219.824	229.974	233.304	213.143	232.56	226.002	230.564	218.931	226.098	234.254	212.465	227.893	219.76	223.852	225.585	221.574	224.673	217.982	220.423	227.654	223.705	229.922	224.466	232.486	227.838	227.446	237.018	224.273	234.346	224.236	227.457	231.45	212.304	219.414	230.744	220.078	223.078	230.048	225.294	230.662	267.168	272.734	271.502	272.893	270.278	271.845	271.885	272.369	271.83	253.765	
74	1	1	1	1	1	1	1	1	1	1	219.653	224.117	217.29	212.839	220.059	227.606	221.158	216.032	204.557	215.135	223.594	223.346	225.695	209.861	227.714	209.896	226.754	214.648	218.36	227.022	201.37	223.704	215.823	215.422	222.487	200.826	223.745	215.64	213.407	212.092	217.279	225.202	216.944	224.134	227.287	220.236	231.773	218.829	219.756	219.099	223.272	225.766	210.695	212.862	228.719	216.59	222.656	223.101	221.179	223.931	260.788	266.381	265.201	250.909	263.561	265.726	268.69	266.042	265.962	258.506	
75	1	1	1	1	1	1	1	1	1	1	215.781	217.452	209.954	212.872	217.694	215.107	203.693	213.265	194.698	206.376	218.308	215.824	219.256	205.402	217.94	204.067	220.432	200.722	212.674	221.093	197.524	212.468	209.271	211.803	211.244	193.455	208.732	205.837	193.984	208.755	215.393	224.063	197.447	215.635	220.939	213.359	225.14	209.134	215.959	212.742	215.96	218.275	197.923	199.298	223.283	210.727	216.404	216.85	205.026	218.223	252.181	258.213	256.951	251.232	255.568	257.33	240.913	257.444	258.994	254.255	
76	1	1	1	1	1	1	1	1	1	1	204.718	206.518	198.314	199.729	207.67	213.43	193.491	191.674	188.245	198.185	198.229	206.83	208.166	194.197	213.33	191.72	212.268	189.217	205.477	209.388	186.057	208.404	201.122	202.06	204.457	184.922	200.299	187.404	185.363	204.762	205.303	204.052	185.067	216.931	211.218	207.306	220.68	195.243	203.222	211.496	201.977	207.478	187.116	188.646	212.539	197.957	190.888	205.243	198.155	208.906	242.065	247.828	246.997	243.459	244.572	246.276	241.15	246.761	227.483	244.043	
77	1	1	1	1	1	1	1	1	1	1	190.376	197.463	177.792	191.736	194.989	201.019	179.412	183.817	175.723	183.636	193.96	195.017	200.805	175.031	199.477	169.489	197.283	177.8	192.124	196.369	171.836	193.249	190.511	185.576	196.717	166.562	188.307	176.226	162.528	195.334	194.998	198.044	148.45	194.575	197.698	180.291	208.173	180.104	197.187	188.652	191.01	185.757	166.027	178.971	202.552	186.942	186.18	193.954	187.135	196.603	227	210.076	232.069	229.705	229.813	231.399	217.035	232.07	218.118	229.725	
78	1	1	1	1	1	1	1	1	1	1	169.662	172.336	143.598	166.087	170.243	170.964	164.08	164.719	156.425	157.205	162.769	166.599	174.541	162.042	171.005	101.537	170.533	150.199	164.303	172.437	148.916	156.258	166.483	164.792	175.203	144.546	172.567	145.32	144.582	172.814	158.927	174.947	40.7647	191.765	173.892	149.698	185.156	157.667	175.247	175.379	161.14	166.292	130.693	153.569	183.51	161.209	158.875	171.882	167.04	169.995	200.756	191.097	205.924	201.524	202.166	205.482	200.384	179.214	187.691	192.566	
79	1	1	1	1	1	1	1	1	1	1	134.249	139.952	104.097	118.887	128.916	134.621	130.876	126.032	124.572	119.666	142.144	124.866	140.221	111.548	131.162	4.57318	133.709	113.342	119.391	136.71	110.912	113.077	129.56	137.724	135.195	137.204	134.192	93.8598	103.737	134.242	91.8598	143.645	6.25296	132.752	139.6	65.1296	141.818	120.012	142.665	140.052	128.274	138.078	71.7894	120.47	135.427	126.534	113.062	134.64	122.852	130.391	163.745	144.544	97.7629	155.14	162.477	165.332	141.07	149.093	144.875	146.767	
80	1	1	1	1	1	1	1	1	1	1	56.6493	68.1538	35.9107	27.7748	48.3691	83.9881	56.45	68.1448	51.2931	44.8892	87.8114	51.3921	56.1542	48.3095	56.2103	3.51657	62.6295	63.4998	28.4982	81.2201	38.7878	44.7848	51.122	69.0793	64.677	73.5635	69.808	17.7457	31.1499	58.8325	23.5316	77.9867	5.75934	79.7404	63.9268	4.01626	64.2841	61.4702	82.9606	61.839	70.3375	62.3312	10.8594	62.3521	73.6747	58.4178	62.504	52.5268	59.5531	48.4886	90.3844	59.792	51.6505	84.016	87.6064	61.7019	87.3018	64.855	81.387	92.3528	
81	1	1	1	1	1	1	1	1	1	1	30.5476	37.8467	8.68181	18.7699	14.5254	56.9364	54.4461	61.9625	19.3895	13.3157	44.2967	34.4127	40.8191	75.9409	27.5628	3.21132	61.4605	44.6325	7.23835	63.2411	11.4801	36.5422	37.2242	39.9947	63.769	14.5314	64.0061	13.6105	3.94149	21.7788	15.2353	61.3184	5.29569	49.7252	44.2091	3.60605	32.9021	31.0408	53.5803	58.4141	39.996	32.9984	7.69463	39.3901	42.8173	29.3634	45.3905	20.3214	48.4694	16.6251	76.0433	81.3628	43.9666	66.6967	53.6607	52.0781	56.4876	35.4296	21.7746	47.8861	
82	1	1	1	1	1	1	1	1	1	1	29.156	24.5817	8.59157	19.0496	14.3629	36.1975	48.805	47.7882	14.945	4.81557	24.458	33.008	41.9989	65.8606	25.7419	3.19643	64.6062	59.5026	5.96052	78.095	9.70534	14.4704	38.5354	19.3985	66.8936	11.0593	49.8189	13.595	3.82587	20.484	15.1946	43.0357	5.25957	58.7872	35.6543	3.59079	19.6538	40.7581	32.946	52.7339	49.5138	23.9491	7.68381	37.545	52.1208	20.5828	32.1151	11.6782	54.7977	8.05929	52.1977	72.5153	66.2775	48.2025	48.2487	81.8939	65.3349	26.1455	18.1056	28.0462	
83	1	1	1	1	1	1	1	1	1	1	29.156	24.5844	8.59157	19.0483	14.3624	29.3101	48.8036	48.259	14.945	4.79923	21.9898	33.008	41.9968	66.3364	25.7418	3.19578	64.5682	59.332	5.95747	77.9244	9.70533	7.59685	38.5338	12.5172	66.8549	11.0533	50.2897	13.595	3.82556	20.484	15.1937	36.1429	5.25685	99.9619	35.6541	3.58973	19.6566	81.9369	26.0616	52.7308	90.6922	23.9271	7.68347	37.5449	93.2975	20.5617	32.1174	11.6603	54.7974	8.04191	51.147	72.9912	69.7908	41.3066	48.245	10.1137	106.509	26.1179	18.0967	25.5772	