
1	315.121	314.058	311.919	311.869	309.385	315.138	306.627	309.447	312.776	309.588	265.678	260.589	264.95	268.089	261.418	255.822	262.616	260.906	255.433	266.918	260.57	260.849	258.639	258.948	264.002	262.466	256.027	272.041	268.604	260.725	257.656	262.373	266.997	264.407	261.974	250.651	258.244	255.74	260.087	259.725	258.584	255.326	261.221	263.496	256.117	258.567	259.927	268.064	260.534	262.44	258.868	259.756	261.111	258.678	264.408	260.989	259.099	262.419	260.252	262.824	1	1	1	1	1	1	1	1	1	1	
2	315.119	314.055	311.916	311.866	309.383	315.134	306.624	309.445	312.774	309.586	265.678	260.587	264.947	268.086	261.415	255.818	262.613	260.904	255.43	266.916	260.568	260.848	258.636	258.944	264	262.465	256.024	272.039	268.602	260.722	257.655	262.369	266.996	264.403	261.972	250.647	258.24	255.739	260.083	259.723	258.582	255.322	261.219	263.495	256.116	258.563	259.925	268.061	260.532	262.437	258.866	259.756	261.108	258.675	264.405	260.987	259.099	262.416	260.249	262.821	1	1	1	1	1	1	1	1	1	1	
3	315.116	314.053	311.913	311.863	309.38	315.13	306.622	309.442	312.771	309.583	265.675	260.584	264.945	268.083	261.413	255.815	262.61	260.901	255.428	266.914	260.565	260.845	258.633	258.941	263.997	262.462	256.021	272.036	268.6	260.72	257.653	262.366	266.993	264.401	261.969	250.644	258.237	255.737	260.081	259.72	258.579	255.32	261.217	263.492	256.113	258.561	259.921	268.058	260.529	262.434	258.863	259.754	261.106	258.673	264.402	260.984	259.096	262.414	260.247	262.819	1	1	1	1	1	1	1	1	1	1	
4	315.113	314.05	311.91	311.86	309.377	315.126	306.619	309.439	312.768	309.58	265.672	260.582	264.942	268.081	261.41	255.812	262.608	260.898	255.426	266.911	260.562	260.843	258.629	258.939	263.994	262.459	256.017	272.033	268.597	260.718	257.651	262.363	266.991	264.398	261.965	250.642	258.235	255.734	260.078	259.717	258.576	255.317	261.214	263.489	256.11	258.558	259.918	268.055	260.527	262.43	258.861	259.751	261.103	258.67	264.399	260.982	259.092	262.412	260.244	262.816	1	1	1	1	1	1	1	1	1	1	
5	315.109	314.046	311.907	311.857	309.374	315.121	306.615	309.435	312.764	309.577	265.669	260.579	264.94	268.078	261.406	255.808	262.605	260.895	255.423	266.908	260.559	260.84	258.626	258.936	263.99	262.456	256.014	272.03	268.593	260.715	257.648	262.359	266.988	264.395	261.961	250.638	258.232	255.732	260.075	259.713	258.572	255.314	261.211	263.485	256.107	258.554	259.914	268.051	260.523	262.427	258.858	259.748	261.1	258.667	264.396	260.979	259.089	262.409	260.24	262.813	1	1	1	1	1	1	1	1	1	1	
6	315.106	314.043	311.903	311.853	309.37	315.115	306.612	309.432	312.761	309.573	265.666	260.575	264.936	268.074	261.403	255.804	262.602	260.892	255.42	266.904	260.555	260.836	258.621	258.932	263.986	262.452	256.009	272.026	268.59	260.712	257.645	262.355	266.984	264.392	261.957	250.635	258.229	255.729	260.072	259.709	258.569	255.31	261.208	263.48	256.103	258.551	259.91	268.047	260.52	262.422	258.854	259.745	261.097	258.664	264.393	260.976	259.085	262.406	260.237	262.81	1	1	1	1	1	1	1	1	1	1	
7	315.101	314.039	311.899	311.849	309.366	315.109	306.607	309.428	312.757	309.568	265.662	260.572	264.933	268.07	261.399	255.799	262.598	260.888	255.417	266.9	260.551	260.833	258.617	258.929	263.982	262.448	256.005	272.022	268.586	260.708	257.642	262.351	266.98	264.388	261.953	250.631	258.225	255.725	260.069	259.705	258.564	255.306	261.205	263.476	256.099	258.547	259.905	268.043	260.516	262.417	258.851	259.742	261.094	258.661	264.389	260.972	259.081	262.403	260.233	262.807	1	1	1	1	1	1	1	1	1	1	
8	315.097	314.034	311.894	311.844	309.361	315.102	306.603	309.423	312.752	309.564	265.658	260.568	264.929	268.066	261.394	255.794	262.594	260.884	255.413	266.896	260.546	260.829	258.611	258.924	263.977	262.444	256	272.018	268.581	260.704	257.639	262.346	266.976	264.384	261.947	250.626	258.221	255.721	260.065	259.7	258.56	255.302	261.201	263.47	256.094	258.542	259.899	268.038	260.511	262.412	258.847	259.738	261.09	258.657	264.384	260.968	259.076	262.399	260.228	262.803	1	1	1	1	1	1	1	1	1	1	
9	315.092	314.029	311.889	311.839	309.356	315.094	306.598	309.418	312.747	309.559	265.653	260.563	264.924	268.062	261.389	255.788	262.59	260.88	255.409	266.891	260.541	260.824	258.606	258.92	263.972	262.439	255.994	272.013	268.576	260.7	257.635	262.34	266.972	264.379	261.942	250.621	258.217	255.717	260.061	259.694	258.554	255.297	261.197	263.464	256.089	258.537	259.893	268.032	260.506	262.406	258.842	259.734	261.085	258.653	264.38	260.963	259.07	262.395	260.223	262.799	1	1	1	1	1	1	1	1	1	1	
10	315.086	314.023	311.884	311.833	309.35	315.085	306.592	309.412	312.741	309.553	265.648	260.558	264.92	268.056	261.383	255.782	262.585	260.875	255.404	266.885	260.535	260.819	258.599	258.915	263.966	262.434	255.988	272.008	268.571	260.695	257.63	262.334	266.966	264.374	261.935	250.615	258.212	255.712	260.056	259.688	258.549	255.292	261.192	263.458	256.084	258.532	259.887	268.026	260.501	262.399	258.837	259.73	261.08	258.648	264.374	260.959	259.064	262.39	260.218	262.794	1	1	1	1	1	1	1	1	1	1	
11	315.041	314.017	311.877	311.827	309.344	315.108	306.585	309.406	312.735	309.546	265.642	260.553	264.914	268.051	261.377	255.775	262.58	260.869	255.4	266.88	260.529	260.814	258.592	258.909	263.96	262.428	255.981	272.002	268.565	260.69	257.626	262.328	266.961	264.368	261.928	250.61	258.206	255.707	260.051	259.681	258.542	255.286	261.187	263.45	256.078	258.526	259.879	268.02	260.495	262.392	258.832	259.725	261.075	258.643	264.368	260.953	259.057	262.385	260.212	262.789	1	1	1	1	1	1	1	1	1	1	
12	315.072	314.01	311.87	311.819	309.337	315.065	306.578	309.399	312.728	309.539	265.635	260.546	264.908	268.044	261.37	255.767	262.574	260.863	255.394	266.872	260.522	260.808	258.584	258.903	263.952	262.421	255.973	271.995	268.557	260.684	257.62	262.32	266.954	264.361	261.92	250.602	258.2	255.701	260.045	259.674	258.535	255.279	261.181	263.442	256.071	258.519	259.871	268.012	260.488	262.384	258.825	259.719	261.069	258.637	264.361	260.947	259.05	262.379	260.205	262.783	1	1	1	1	1	1	1	1	1	1	
13	315.017	314.002	311.863	311.812	309.329	315.094	306.57	309.391	312.72	309.531	265.628	260.54	264.902	268.038	261.363	255.758	262.568	260.856	255.388	266.865	260.514	260.801	258.576	258.896	263.944	262.413	255.965	271.987	268.55	260.678	257.614	262.312	266.948	264.354	261.912	250.595	258.194	255.695	260.039	259.665	258.527	255.272	261.174	263.433	256.064	258.512	259.862	268.004	260.48	262.375	258.819	259.713	261.062	258.631	264.354	260.94	259.042	262.373	260.197	262.777	1	1	1	1	1	1	1	1	1	1	
14	315.056	313.994	311.854	311.802	309.32	315.04	306.562	309.382	312.711	309.522	265.62	260.532	264.894	268.029	261.354	255.748	262.56	260.848	255.38	266.857	260.505	260.793	258.565	258.888	263.935	262.405	255.955	271.979	268.541	260.671	257.607	262.302	266.94	264.346	261.902	250.586	258.186	255.688	260.032	259.656	258.518	255.264	261.167	263.423	256.055	258.503	259.851	267.995	260.472	262.364	258.811	259.706	261.055	258.624	264.346	260.932	259.032	262.366	260.188	262.77	1	1	1	1	1	1	1	1	1	1	
15	314.987	313.984	311.844	311.793	309.31	315.075	306.552	309.373	312.702	309.512	265.611	260.524	264.886	268.021	261.345	255.738	262.552	260.84	255.373	266.848	260.496	260.785	258.555	258.88	263.925	262.396	255.945	271.97	268.532	260.663	257.6	262.292	266.931	264.338	261.891	250.577	258.178	255.679	260.024	259.646	258.508	255.255	261.159	263.412	256.046	258.494	259.841	267.985	260.463	262.353	258.803	259.699	261.047	258.616	264.337	260.924	259.022	262.358	260.179	262.762	1	1	1	1	1	1	1	1	1	1	
16	315.035	313.973	311.833	311.781	309.299	315.009	306.541	309.362	312.69	309.501	265.601	260.513	264.876	268.011	261.334	255.725	262.543	260.83	255.364	266.837	260.485	260.775	258.542	258.87	263.914	262.386	255.933	271.959	268.521	260.654	257.592	262.28	266.921	264.328	261.879	250.566	258.168	255.671	260.015	259.634	258.497	255.245	261.15	263.399	256.035	258.483	259.827	267.973	260.452	262.341	258.793	259.69	261.038	258.607	264.326	260.915	259.011	262.349	260.168	262.753	1	1	1	1	1	1	1	1	1	1	
17	314.95	313.962	311.822	311.77	309.287	315.053	306.529	309.35	312.679	309.489	265.59	260.504	264.866	268.001	261.322	255.712	262.533	260.82	255.355	266.826	260.473	260.765	258.529	258.859	263.902	262.374	255.92	271.948	268.51	260.644	257.582	262.268	266.911	264.317	261.866	250.555	258.158	255.661	260.006	259.621	258.485	255.234	261.14	263.386	256.024	258.472	259.814	267.961	260.441	262.327	258.783	259.681	261.028	258.598	264.315	260.904	258.998	262.34	260.157	262.743	1	1	1	1	1	1	1	1	1	1	
18	315.01	313.948	311.808	311.756	309.274	314.971	306.516	309.336	312.665	309.476	265.578	260.491	264.855	267.988	261.309	255.696	262.522	260.808	255.344	266.813	260.46	260.753	258.513	258.847	263.888	262.362	255.905	271.935	268.496	260.633	257.572	262.253	266.898	264.305	261.851	250.542	258.147	255.65	259.995	259.606	258.471	255.221	261.129	263.37	256.01	258.459	259.798	267.946	260.428	262.311	258.771	259.669	261.016	258.587	264.302	260.893	258.984	262.329	260.144	262.732	1	1	1	1	1	1	1	1	1	1	
19	314.905	313.934	311.794	311.742	309.259	315.024	306.501	309.322	312.651	309.46	265.565	260.479	264.842	267.976	261.295	255.681	262.51	260.795	255.333	266.799	260.445	260.741	258.498	258.834	263.872	262.347	255.889	271.921	268.482	260.62	257.561	262.238	266.885	264.291	261.835	250.528	258.134	255.637	259.983	259.591	258.456	255.208	261.117	263.353	255.996	258.446	259.781	267.931	260.414	262.294	258.758	259.658	261.004	258.575	264.288	260.88	258.968	262.317	260.13	262.72	1	1	1	1	1	1	1	1	1	1	
20	314.978	313.917	311.777	311.724	309.243	314.924	306.485	309.305	312.634	309.444	265.549	260.463	264.828	267.96	261.278	255.661	262.496	260.78	255.319	266.783	260.429	260.726	258.478	258.82	263.855	262.332	255.871	271.905	268.466	260.607	257.548	262.22	266.87	264.276	261.816	250.511	258.12	255.624	259.969	259.573	258.439	255.191	261.103	263.334	255.98	258.429	259.761	267.913	260.398	262.275	258.743	259.644	260.99	258.561	264.273	260.865	258.951	262.304	260.113	262.706	1	1	1	1	1	1	1	1	1	1	
21	314.848	313.899	311.759	311.706	309.224	314.99	306.466	309.287	312.616	309.425	265.533	260.448	264.813	267.944	261.261	255.642	262.481	260.764	255.305	266.766	260.411	260.711	258.458	258.803	263.836	262.314	255.851	271.888	268.448	260.592	257.534	262.201	266.854	264.259	261.796	250.494	258.104	255.608	259.955	259.553	258.421	255.175	261.088	263.313	255.963	258.412	259.741	267.894	260.38	262.254	258.728	259.631	260.974	258.547	264.255	260.85	258.931	262.289	260.096	262.691	1	1	1	1	1	1	1	1	1	1	
22	314.939	313.879	311.738	311.684	309.204	314.865	306.446	309.266	312.595	309.405	265.513	260.429	264.795	267.925	261.24	255.618	262.463	260.745	255.288	266.746	260.39	260.692	258.434	258.785	263.815	262.295	255.829	271.868	268.428	260.575	257.518	262.179	266.835	264.241	261.773	250.473	258.086	255.592	259.938	259.531	258.4	255.155	261.07	263.289	255.942	258.392	259.716	267.872	260.36	262.23	258.709	259.614	260.957	258.53	264.236	260.832	258.91	262.272	260.075	262.674	1	1	1	1	1	1	1	1	1	1	
23	314.779	313.857	311.716	311.663	309.181	314.947	306.423	309.244	312.573	309.381	265.493	260.41	264.776	267.906	261.218	255.593	262.445	260.726	255.271	266.725	260.368	260.673	258.41	258.765	263.792	262.273	255.804	271.847	268.406	260.556	257.501	262.155	266.816	264.22	261.748	250.452	258.067	255.573	259.92	259.507	258.377	255.135	261.052	263.263	255.921	258.371	259.69	267.849	260.339	262.204	258.691	259.596	260.938	258.512	264.215	260.812	258.886	262.254	260.054	262.656	1	1	1	1	1	1	1	1	1	1	
24	314.891	313.832	311.69	311.636	309.155	314.793	306.398	309.218	312.547	309.356	265.469	260.387	264.754	267.881	261.192	255.564	262.423	260.703	255.249	266.7	260.343	260.651	258.38	258.742	263.765	262.25	255.776	271.822	268.381	260.535	257.481	262.128	266.792	264.197	261.719	250.427	258.045	255.552	259.898	259.479	258.351	255.11	261.03	263.234	255.896	258.346	259.66	267.821	260.314	262.174	258.667	259.575	260.916	258.491	264.191	260.79	258.859	262.234	260.028	262.635	1	1	1	1	1	1	1	1	1	1	
25	314.693	313.804	311.663	311.609	309.127	314.894	306.369	309.191	312.52	309.326	265.444	260.363	264.73	267.858	261.166	255.534	262.4	260.679	255.228	266.675	260.315	260.627	258.35	258.718	263.737	262.223	255.746	271.796	268.354	260.512	257.46	262.098	266.768	264.172	261.689	250.401	258.021	255.529	259.877	259.449	258.323	255.085	261.007	263.201	255.869	258.32	259.628	267.793	260.287	262.142	258.644	259.554	260.893	258.468	264.164	260.766	258.829	262.211	260.002	262.612	1	1	1	1	1	1	1	1	1	1	
26	314.831	313.773	311.631	311.575	309.096	314.704	306.339	309.159	312.487	309.296	265.414	260.334	264.703	267.828	261.134	255.497	262.373	260.65	255.202	266.643	260.283	260.599	258.313	258.69	263.704	262.193	255.712	271.765	268.323	260.486	257.436	262.064	266.739	264.143	261.653	250.369	257.994	255.503	259.85	259.416	258.291	255.055	260.981	263.165	255.838	258.289	259.59	267.758	260.257	262.105	258.615	259.528	260.866	258.442	264.135	260.739	258.797	262.186	259.97	262.586	1	1	1	1	1	1	1	1	1	1	
27	314.587	313.739	311.597	311.542	309.061	314.828	306.303	309.125	312.455	309.259	265.383	260.305	264.674	267.798	261.101	255.46	262.345	260.62	255.176	266.612	260.249	260.57	258.276	258.659	263.668	262.16	255.674	271.733	268.29	260.457	257.409	262.028	266.708	264.111	261.615	250.337	257.965	255.474	259.823	259.378	258.256	255.024	260.952	263.125	255.805	258.257	259.551	267.723	260.224	262.065	258.586	259.502	260.837	258.415	264.102	260.709	258.76	262.158	259.938	262.558	1	1	1	1	1	1	1	1	1	1	
28	314.757	313.7	311.558	311.5	309.022	314.594	306.265	309.085	312.413	309.221	265.347	260.269	264.64	267.761	261.061	255.414	262.311	260.585	255.143	266.573	260.21	260.535	258.23	258.624	263.628	262.123	255.631	271.694	268.251	260.425	257.379	261.986	266.673	264.076	261.571	250.297	257.931	255.442	259.79	259.336	258.216	254.986	260.919	263.081	255.766	258.218	259.504	267.681	260.186	262.02	258.551	259.469	260.804	258.382	264.065	260.675	258.719	262.126	259.898	262.525	1	1	1	1	1	1	1	1	1	1	
29	314.455	313.658	311.516	311.459	308.978	314.746	306.221	309.043	312.373	309.176	265.308	260.233	264.604	267.725	261.021	255.368	262.276	260.547	255.11	266.534	260.168	260.499	258.183	258.586	263.584	262.082	255.584	271.654	268.21	260.389	257.346	261.94	266.635	264.037	261.524	250.257	257.894	255.406	259.757	259.29	258.172	254.947	260.884	263.03	255.726	258.179	259.456	267.637	260.145	261.97	258.515	259.437	260.768	258.348	264.024	260.638	258.673	262.092	259.859	262.491	1	1	1	1	1	1	1	1	1	1	
30	314.666	313.61	311.467	311.407	308.93	314.457	306.174	308.994	312.322	309.128	265.262	260.188	264.561	267.679	260.972	255.312	262.234	260.504	255.07	266.486	260.12	260.455	258.127	258.543	263.533	262.037	255.532	271.607	268.162	260.349	257.309	261.889	266.591	263.993	261.469	250.209	257.852	255.367	259.715	259.238	258.123	254.9	260.843	262.975	255.678	258.131	259.398	267.584	260.098	261.914	258.471	259.396	260.726	258.308	263.979	260.595	258.623	262.052	259.809	262.45	1	1	1	1	1	1	1	1	1	1	
31	314.292	313.558	311.415	311.357	308.876	314.645	306.119	308.942	312.272	309.072	265.215	260.144	264.517	267.633	260.921	255.254	262.192	260.457	255.029	266.438	260.067	260.41	258.069	258.496	263.479	261.985	255.473	271.557	268.111	260.304	257.268	261.832	266.544	263.944	261.411	250.159	257.807	255.322	259.674	259.181	258.069	254.852	260.8	262.913	255.628	258.081	259.338	267.53	260.047	261.852	258.426	259.356	260.682	258.265	263.928	260.549	258.566	262.01	259.76	262.407	1	1	1	1	1	1	1	1	1	1	
32	314.551	313.498	311.354	311.292	308.817	314.288	306.061	308.881	312.208	309.013	265.158	260.088	264.464	267.576	260.86	255.184	262.139	260.404	254.979	266.378	260.007	260.357	257.999	258.442	263.416	261.929	255.408	271.498	268.051	260.255	257.222	261.768	266.489	263.89	261.343	250.099	257.754	255.273	259.623	259.117	258.008	254.794	260.748	262.845	255.568	258.022	259.265	267.464	259.989	261.783	258.372	259.305	260.63	258.215	263.871	260.497	258.503	261.96	259.699	262.356	1	1	1	1	1	1	1	1	1	1	
33	314.09	313.433	311.29	311.229	308.749	314.519	305.993	308.816	312.146	308.944	265.099	260.033	264.409	267.52	260.797	255.113	262.086	260.345	254.929	266.318	259.942	260.301	257.927	258.384	263.348	261.865	255.336	271.437	267.988	260.199	257.17	261.698	266.431	263.829	261.271	250.037	257.698	255.217	259.571	259.045	257.941	254.734	260.694	262.767	255.506	257.961	259.191	267.398	259.925	261.705	258.316	259.255	260.575	258.163	263.809	260.44	258.433	261.908	259.637	262.303	1	1	1	1	1	1	1	1	1	1	
34	314.409	313.359	311.214	311.149	308.675	314.078	305.92	308.74	312.067	308.871	265.028	259.963	264.344	267.449	260.722	255.026	262.02	260.279	254.866	266.243	259.867	260.234	257.841	258.317	263.27	261.796	255.255	271.363	267.914	260.137	257.113	261.618	266.362	263.762	261.187	249.962	257.633	255.156	259.507	258.965	257.865	254.662	260.63	262.682	255.431	257.887	259.101	267.316	259.854	261.62	258.248	259.193	260.51	258.1	263.738	260.374	258.355	261.846	259.561	262.24	1	1	1	1	1	1	1	1	1	1	
35	313.84	313.278	311.134	311.071	308.592	314.362	305.835	308.659	311.99	308.784	264.954	259.894	264.275	267.378	260.643	254.938	261.955	260.206	254.803	266.169	259.786	260.164	257.751	258.244	263.186	261.716	255.165	271.287	267.835	260.069	257.049	261.531	266.29	263.686	261.097	249.885	257.564	255.087	259.444	258.876	257.781	254.588	260.563	262.585	255.354	257.811	259.008	267.233	259.774	261.523	258.179	259.13	260.442	258.035	263.66	260.303	258.267	261.78	259.485	262.173	1	1	1	1	1	1	1	1	1	1	
36	314.232	313.186	311.039	310.971	308.499	313.817	305.745	308.565	311.892	308.693	264.867	259.808	264.193	267.29	260.549	254.829	261.872	260.123	254.725	266.076	259.693	260.081	257.643	258.161	263.088	261.63	255.064	271.195	267.742	259.991	256.978	261.431	266.204	263.602	260.992	249.792	257.481	255.011	259.364	258.777	257.687	254.498	260.483	262.481	255.261	257.718	258.896	267.13	259.685	261.417	258.095	259.052	260.362	257.957	263.572	260.221	258.17	261.704	259.39	262.095	1	1	1	1	1	1	1	1	1	1	
37	313.529	313.085	310.939	310.873	308.395	314.166	305.64	308.464	311.795	308.585	264.775	259.722	264.108	267.202	260.451	254.719	261.791	260.032	254.647	265.983	259.591	259.994	257.531	258.07	262.983	261.53	254.951	271.101	267.645	259.905	256.898	261.324	266.114	263.507	260.879	249.695	257.395	254.925	259.285	258.665	257.583	254.405	260.4	262.359	255.165	257.624	258.781	267.028	259.586	261.296	258.008	258.974	260.276	257.876	263.475	260.133	258.061	261.622	259.296	262.012	1	1	1	1	1	1	1	1	1	1	
38	314.011	312.971	310.821	310.749	308.28	313.493	305.527	308.347	311.673	308.471	264.666	259.614	264.005	267.093	260.335	254.583	261.688	259.929	254.549	265.868	259.476	259.89	257.398	257.967	262.862	261.423	254.826	270.985	267.529	259.809	256.809	261.199	266.007	263.403	260.749	249.58	257.292	254.829	259.184	258.543	257.465	254.293	260.299	262.229	255.049	257.509	258.641	266.9	259.475	261.164	257.903	258.876	260.176	257.777	263.365	260.031	257.94	261.526	259.176	261.914	1	1	1	1	1	1	1	1	1	1	
39	313.141	312.844	310.697	310.627	308.15	313.921	305.395	308.221	311.552	308.337	264.55	259.506	263.899	266.982	260.212	254.446	261.586	259.815	254.451	265.751	259.349	259.782	257.257	257.852	262.731	261.298	254.685	270.868	267.408	259.701	256.709	261.065	265.895	263.284	260.608	249.459	257.185	254.722	259.086	258.402	257.335	254.176	260.196	262.077	254.929	257.39	258.498	266.772	259.35	261.013	257.794	258.778	260.07	257.677	263.244	259.92	257.804	261.423	259.059	261.81	1	1	1	1	1	1	1	1	1	1	
40	313.734	312.701	310.549	310.471	308.006	313.09	305.254	308.075	311.399	308.195	264.414	259.372	263.771	266.846	260.067	254.276	261.456	259.687	254.329	265.607	259.205	259.651	257.091	257.724	262.579	261.164	254.529	270.723	267.262	259.58	256.598	260.909	265.761	263.155	260.445	249.315	257.055	254.601	258.959	258.25	257.188	254.037	260.069	261.915	254.785	257.247	258.323	266.611	259.213	260.849	257.663	258.655	259.943	257.553	263.106	259.792	257.652	261.304	258.909	261.686	1	1	1	1	1	1	1	1	1	1	
41	312.659	312.543	310.393	310.318	307.843	313.615	305.089	307.916	311.248	308.026	264.269	259.237	263.637	266.705	259.913	254.105	261.33	259.543	254.206	265.461	259.046	259.516	256.914	257.579	262.415	261.008	254.353	270.578	267.111	259.445	256.472	260.742	265.62	263.004	260.269	249.163	256.922	254.469	258.836	258.073	257.025	253.89	259.941	261.723	254.634	257.098	258.144	266.452	259.056	260.659	257.526	258.533	259.811	257.428	262.955	259.654	257.483	261.174	258.764	261.556	1	1	1	1	1	1	1	1	1	1	
42	313.387	312.364	310.208	310.124	307.663	312.587	304.912	307.733	311.056	307.848	264.099	259.068	263.476	266.536	259.731	253.891	261.166	259.383	254.052	265.281	258.866	259.352	256.707	257.419	262.223	260.841	254.157	270.395	266.928	259.292	256.333	260.546	265.453	262.844	260.066	248.983	256.758	254.316	258.677	257.883	256.842	253.717	259.779	261.521	254.453	256.918	257.924	266.25	258.885	260.454	257.362	258.378	259.651	257.271	262.781	259.493	257.293	261.025	258.574	261.401	1	1	1	1	1	1	1	1	1	1	
43	312.057	312.165	310.013	309.932	307.459	313.229	304.706	307.535	310.867	307.637	263.916	258.898	263.309	266.358	259.537	253.676	261.009	259.201	253.897	265.097	258.666	259.183	256.484	257.237	262.019	260.644	253.935	270.214	266.739	259.122	256.174	260.337	265.275	262.653	259.844	248.793	256.592	254.15	258.523	257.66	256.637	253.531	259.62	261.28	254.264	256.732	257.7	266.051	258.686	260.215	257.19	258.224	259.487	257.115	262.593	259.319	257.081	260.86	258.394	261.237	1	1	1	1	1	1	1	1	1	1	
44	312.948	311.939	309.78	309.687	307.231	311.959	304.483	307.304	310.626	307.412	263.703	258.686	263.105	266.147	259.31	253.407	260.8	259.001	253.704	264.871	258.439	258.975	256.225	257.036	261.777	260.435	253.691	269.983	266.508	258.93	255.999	260.09	265.065	262.453	259.589	248.567	256.384	253.956	258.321	257.422	256.407	253.314	259.414	261.028	254.037	256.506	257.424	265.796	258.473	259.959	256.984	258.028	259.284	256.915	262.373	259.117	256.841	260.673	258.153	261.041	1	1	1	1	1	1	1	1	1	1	
45	311.304	311.689	309.534	309.445	306.975	312.743	304.223	307.054	310.387	307.147	263.471	258.471	262.895	265.92	259.064	253.137	260.603	258.769	253.508	264.639	258.188	258.762	255.944	256.805	261.52	260.186	253.41	269.756	266.272	258.715	255.797	259.829	264.841	262.211	259.31	248.327	256.176	253.748	258.129	257.139	256.148	253.078	259.215	260.721	253.799	256.271	257.142	265.547	258.221	259.657	256.765	257.833	259.078	256.721	262.137	258.897	256.575	260.463	257.928	260.833	1	1	1	1	1	1	1	1	1	1	
46	312.394	311.405	309.24	309.137	306.688	311.173	303.942	306.764	310.083	306.864	263.204	258.203	262.637	265.656	258.78	252.796	260.337	258.518	253.263	264.354	257.902	258.499	255.618	256.553	261.213	259.925	253.103	269.463	265.979	258.471	255.577	259.516	264.575	261.961	258.989	248.043	255.91	253.5	257.87	256.842	255.86	252.806	258.951	260.405	253.512	255.986	256.794	265.224	257.954	259.335	256.507	257.585	258.82	256.465	261.857	258.642	256.272	260.228	257.622	260.585	1	1	1	1	1	1	1	1	1	1	
47	310.358	311.088	308.929	308.83	306.363	312.127	303.614	306.447	309.781	306.528	262.909	257.93	262.371	265.365	258.468	252.456	260.091	258.222	253.014	264.06	257.583	258.23	255.26	256.259	260.89	259.608	252.747	269.178	265.683	258.197	255.319	259.189	264.291	261.651	258.635	247.738	255.65	253.239	257.629	256.481	255.531	252.505	258.703	260.014	253.212	255.689	256.438	264.911	257.632	258.951	256.228	257.338	258.561	256.223	261.56	258.363	255.937	259.96	257.341	260.322	1	1	1	1	1	1	1	1	1	1	
48	311.688	310.727	308.557	308.44	305.999	310.186	303.257	306.079	309.397	306.169	262.572	257.591	262.043	265.034	258.11	252.022	259.748	257.907	252.702	263.7	257.222	257.895	254.851	255.941	260.498	259.279	252.36	268.805	265.309	257.886	255.041	258.791	263.955	261.337	258.23	247.381	255.307	252.922	257.297	256.109	255.168	252.162	258.362	259.618	252.848	255.327	255.997	264.5	257.298	258.547	255.902	257.02	258.231	255.892	261.203	258.038	255.553	259.663	256.95	260.005	1	1	1	1	1	1	1	1	1	1	
49	309.169	310.326	308.161	308.051	305.587	311.343	302.841	305.677	309.011	305.744	262.194	257.242	261.705	264.659	257.71	251.591	259.439	257.526	252.384	263.326	256.817	257.554	254.394	255.563	260.089	258.875	251.906	268.447	264.937	257.536	254.711	258.378	263.593	260.94	257.778	246.991	254.982	252.592	256.993	255.644	254.75	251.777	258.052	259.116	252.467	254.95	255.546	264.106	256.884	258.056	255.545	256.705	257.905	255.589	260.828	257.684	255.13	259.318	256.598	259.669	1	1	1	1	1	1	1	1	1	1	
50	310.786	309.866	307.687	307.554	305.123	308.941	302.386	305.209	308.523	305.286	261.769	256.812	261.286	264.242	257.258	251.036	258.994	257.127	251.986	262.868	256.357	257.125	253.877	255.161	259.588	258.46	251.416	267.968	264.456	257.138	254.357	257.87	263.163	260.545	257.266	246.54	254.538	252.182	256.564	255.176	254.29	251.343	257.607	258.617	252.004	254.489	254.984	263.58	256.465	257.547	255.131	256.296	257.479	255.159	260.369	257.268	254.639	258.941	256.093	259.262	1	1	1	1	1	1	1	1	1	1	
51	307.665	309.353	307.181	307.056	304.597	310.338	301.854	304.695	308.03	304.744	261.282	256.363	260.854	263.753	256.744	250.487	258.607	256.633	251.576	262.389	255.84	256.69	253.289	254.674	259.068	257.941	250.833	267.516	263.987	256.688	253.93	257.347	262.7	260.03	256.686	246.039	254.128	251.765	256.18	254.574	253.754	250.845	257.218	257.968	251.517	254.007	254.409	263.082	255.929	256.914	254.67	255.892	257.067	254.779	259.895	256.815	254.103	258.494	255.651	258.831	1	1	1	1	1	1	1	1	1	1	
52	309.625	308.763	306.574	306.421	304.002	307.367	301.271	304.095	307.405	304.156	260.74	255.812	260.314	263.227	256.171	249.772	258.024	256.128	251.063	261.805	255.252	256.136	252.634	254.163	258.421	257.415	250.211	266.897	263.366	256.174	253.479	256.694	262.149	259.531	256.035	245.467	253.547	251.231	255.619	253.985	253.171	250.295	256.634	257.338	250.926	253.418	253.691	262.404	255.401	256.27	254.142	255.363	256.514	254.216	259.3	256.279	253.473	258.012	254.996	258.305	1	1	1	1	1	1	1	1	1	1	
53	305.757	308.104	305.923	305.779	303.327	309.043	300.589	303.436	306.771	303.461	260.109	255.231	259.759	262.586	255.506	249.07	257.536	255.483	250.533	261.188	254.586	255.579	251.872	253.53	257.758	256.742	249.457	266.325	262.771	255.59	252.922	256.03	261.552	258.859	255.285	244.818	253.03	250.7	255.132	253.199	252.479	249.647	256.145	256.492	250.3	252.797	252.954	261.771	254.702	255.448	253.544	254.841	255.991	253.737	258.696	255.695	252.789	257.428	254.441	257.747	1	1	1	1	1	1	1	1	1	1	
54	308.12	307.343	305.141	304.962	302.559	305.366	299.835	302.662	305.966	302.702	259.416	254.52	259.06	261.919	254.776	248.142	256.767	254.839	249.868	260.438	253.83	254.859	251.038	252.875	256.917	256.075	248.662	265.519	261.963	254.923	252.343	255.183	260.84	258.227	254.452	244.089	252.264	249.999	254.394	252.453	251.734	248.944	255.368	255.692	249.539	252.038	252.028	260.891	254.036	254.63	252.867	254.149	255.267	252.992	257.92	255	251.974	256.808	253.582	257.062	1	1	1	1	1	1	1	1	1	1	
55	303.321	306.491	304.298	304.13	301.685	307.361	298.954	301.808	305.144	301.805	258.591	253.762	258.34	261.068	253.906	247.237	256.148	253.987	249.176	259.636	252.968	254.14	250.043	252.045	256.064	255.196	247.681	264.791	261.205	254.159	251.612	254.337	260.063	257.341	253.475	243.243	251.607	249.32	253.774	251.417	250.835	248.094	254.753	254.579	248.73	251.234	251.079	260.084	253.115	253.555	252.084	253.469	254.599	252.387	257.146	254.243	251.099	256.04	252.882	256.335	1	1	1	1	1	1	1	1	1	1	
56	306.151	305.501	303.282	303.07	300.686	302.808	297.973	300.803	304.1	300.817	257.698	252.84	257.427	260.221	252.972	246.022	255.122	253.163	248.306	258.667	251.989	253.197	248.974	251.202	254.962	254.344	246.659	263.733	260.144	253.283	250.863	253.231	259.137	256.538	252.403	242.309	250.586	248.389	252.791	250.468	249.879	247.192	253.71	253.557	247.743	250.25	249.876	258.933	252.271	252.509	251.209	252.558	253.642	251.391	256.124	253.333	250.038	255.237	251.748	255.435	1	1	1	1	1	1	1	1	1	1	
57	303.056	307.258	305.048	304.849	302.416	308.027	299.694	302.557	305.89	302.519	259.481	254.719	259.325	261.959	254.699	247.733	257.195	254.903	250.241	260.451	253.777	255.113	250.55	252.984	256.711	256.055	248.261	265.657	262.051	255.129	252.715	255.056	261.002	258.221	253.996	244.056	252.628	250.369	254.831	251.953	251.579	248.956	255.796	254.957	249.578	252.057	251.55	260.774	253.891	253.995	253.039	254.51	255.627	253.471	258.027	255.221	251.808	257.045	253.721	257.332	1	1	1	1	1	1	1	1	1	1	
58	307.043	306.579	304.337	304.086	301.723	302.999	299.022	301.859	305.148	301.838	258.945	254.132	258.737	261.497	254.116	246.756	256.428	254.457	249.704	259.805	253.124	254.486	249.795	252.51	255.877	255.577	247.56	264.87	261.266	254.587	252.354	254.22	260.402	257.812	253.224	243.47	251.87	249.739	254.121	251.36	250.963	248.416	254.997	254.265	248.912	251.39	250.602	259.879	253.433	253.273	252.519	253.919	254.961	252.743	257.291	254.635	251.037	256.612	252.828	256.759	1	1	1	1	1	1	1	1	1	1	
59	300.373	305.865	303.63	303.392	300.974	306.481	298.264	301.14	304.47	301.058	258.246	253.549	258.241	260.69	253.337	245.964	256.167	253.674	249.231	259.159	252.402	254.001	248.799	251.797	255.182	254.778	246.604	264.419	260.763	253.992	251.787	253.574	259.803	256.975	252.269	242.728	251.546	249.352	253.833	250.251	250.158	247.665	254.753	253.03	248.279	250.754	249.741	259.286	252.535	252.133	251.888	253.473	254.593	252.503	256.748	254.074	250.327	255.98	252.446	256.233	1	1	1	1	1	1	1	1	1	1	
60	305.206	305.024	302.749	302.449	300.113	300.362	297.428	300.276	303.553	300.211	257.61	252.835	257.508	260.182	252.658	244.71	255.152	253.168	248.568	258.373	251.605	253.212	247.894	251.24	254.117	254.245	245.76	263.413	259.766	253.312	251.374	252.52	259.068	256.525	251.328	242.048	250.549	248.537	252.902	249.566	249.43	247.028	253.685	252.205	247.464	249.933	248.553	258.152	252.033	251.276	251.265	252.72	253.739	251.543	255.809	253.346	249.367	255.461	251.288	255.507	1	1	1	1	1	1	1	1	1	1	
61	297.17	304.16	301.941	301.655	299.271	304.509	296.546	299.398	302.759	299.281	257.048	251.51	257.079	258.958	249.89	247.193	253.633	249.485	245.93	259.151	247.915	253.301	248.258	250.596	256.194	253.144	244.668	264.346	259.811	252.656	250.791	251.335	255.365	255.866	251.84	242.244	248.153	247.386	252.498	248.389	249.647	245.895	253.005	252.565	245.504	250.255	248.529	258.424	252.464	252.031	249.532	252.092	252.537	251.21	255.058	251.383	247.502	254.487	251.018	254.883	1	1	1	1	1	1	1	1	1	1	
62	302.857	303.017	300.716	300.364	298.051	296.88	295.374	298.236	301.522	298.092	255.932	251.13	255.963	258.544	250.534	242.513	253.328	251.23	246.879	256.661	249.258	251.619	245.607	249.653	252.166	252.503	243.421	261.651	257.865	251.705	250.151	250.225	256.991	254.922	249.079	240.314	248.622	246.886	251.294	247.299	247.575	245.202	251.941	249.824	245.434	248.155	246.008	255.974	250.385	248.962	249.565	251.195	252.081	249.989	253.902	251.606	247.047	253.98	249.251	253.913	1	1	1	1	1	1	1	1	1	1	
63	302.659	295.341	299.617	299.304	297.069	301.963	294.266	297.185	300.477	297.038	254.664	248.708	255.616	254.211	249.663	243.67	251.068	247.749	246.575	257.467	247.369	250.434	244.168	248.616	253.686	251.384	241.583	262.421	258.119	249.626	249.813	251.171	254.512	253.636	250.017	237.505	246.259	246.029	250.897	247.107	246.947	242.614	251.146	250.225	244.347	249.051	247.538	256.441	248.254	250.166	248.038	249.688	252.211	249.273	251.448	250.572	243.925	251.209	249.86	253.193	1	1	1	1	1	1	1	1	1	1	
64	290.503	299.548	298.201	297.85	295.444	301.28	292.779	295.695	299.059	295.429	253.401	248.89	254.152	255.413	247.937	239.322	251.495	249.118	245.184	254.336	247.507	249.542	242.283	247.335	249.518	249.796	240.038	260.023	255.991	249.582	248.429	247.978	254.793	252.223	246.16	237.174	246.812	245.691	249.711	243.899	245.065	243	250.3	245.834	243.28	245.884	243.067	253.987	247.496	245.305	247.743	249.406	250.547	248.849	251.728	249.885	244.777	251.673	247.691	252.037	1	1	1	1	1	1	1	1	1	1	
65	297.991	298.814	296.711	296.206	294.002	290.423	291.334	294.128	297.44	293.93	252.79	247.011	252.998	254.893	244.042	241.659	248.359	244.158	241.243	255.023	241.275	248.946	243.098	246.639	251.337	249.118	238.815	259.738	254.851	248.351	247.906	245.331	249.263	252.126	246.824	238.367	242.417	242.998	248.029	242.994	245.367	241.419	248.001	247.347	240.035	245.902	242.2	252.985	249.021	247.05	245.157	247.899	247.983	246.858	249.878	246.779	241.308	250.674	245.605	250.61	1	1	1	1	1	1	1	1	1	1	
66	297.429	288.123	294.63	294.22	292.01	296.312	289.281	292.291	295.544	291.952	250.744	246.108	251.378	252.967	244.624	235.448	249.372	245.109	242.752	251.468	242.385	247.001	238.014	244.459	245.976	247.387	236.391	256.835	252.643	246.427	246.217	244.372	251.658	249.606	241.82	235.413	244.316	242.512	247.58	239.96	241.641	239.159	248.056	241.795	239.781	243.014	238.401	249.619	244.596	241.385	244.176	246.451	248.058	246.189	248.342	246.772	240.348	249.081	244.223	248.892	1	1	1	1	1	1	1	1	1	1	
67	281.34	293.466	293.011	292.532	290.304	295.834	287.514	290.462	293.864	290.068	248.535	242.532	250.614	246.405	242.641	236.459	244.84	241.313	241.106	251.898	241.423	244.84	236.5	243.013	247.68	244.985	232.986	257.703	252.594	244.105	245.509	244.444	247.484	247.492	243.737	229.54	239.838	241.754	245.745	239.446	241.225	236.677	245.643	241.867	238.176	243.183	240.204	251.067	241.843	242.549	243.067	244.621	247.113	244.996	245.1	245.364	236.49	245.404	244.736	247.862	1	1	1	1	1	1	1	1	1	1	
68	289.903	292.254	290.227	289.58	287.333	281.101	284.829	287.719	290.995	287.266	246.901	242.1	247.846	248.949	241.114	229.137	243.911	242.525	239.488	247.535	239.467	242.793	232.922	241.111	240.888	244.107	231.052	252.673	248.259	242.611	243.853	239.541	247.73	246.378	237.284	230.471	239.191	239.064	242.888	235.762	237.963	235.719	242.758	236.25	235.975	238.859	233.014	245.286	241.072	236.221	241.324	242.647	244.11	242.1	243.532	243.37	235.699	245.494	239.684	245.089	1	1	1	1	1	1	1	1	1	1	
69	289.645	277.68	287.407	286.707	284.759	287.379	282.01	284.893	288.187	284.487	244.913	239.031	245.974	246.021	234.065	232.447	241.713	233.267	233.89	247.674	228.504	241.641	232.414	238.593	243.112	241.565	228.172	252.775	247.005	239.927	241.73	236.324	239.2	243.962	236.989	231.49	234.589	235.712	242.303	232.155	236.892	231.654	242.008	236.514	230.819	238.511	231.511	243.746	240.371	237.076	236.597	240.291	241.589	240.806	241.016	238.847	229.94	242.907	238.101	242.555	1	1	1	1	1	1	1	1	1	1	
70	269.232	285.279	285.862	285.302	283.025	288.316	280.39	283.548	286.872	282.807	242.878	238.755	245.217	244.064	234.662	224.034	242.156	237.977	235.169	243.922	234.665	239.91	227.752	237.15	236.863	239.075	225.26	251.094	245.725	239.35	240.877	235.203	242.189	241.494	231.635	226.871	236.649	237.846	241.132	227.916	234.383	232.711	241.14	228.104	231.778	235.189	227.027	242.326	237.113	229.025	238.267	239.893	241.962	241.439	240.874	240.346	233.14	242.198	237.682	241.82	1	1	1	1	1	1	1	1	1	1	
71	279.1	283.823	282.592	281.648	279.784	269.504	277.051	279.945	283.306	279.232	240.29	233.454	242.603	236.28	233.663	224.17	233.94	232.134	233.593	243.716	230.126	235.999	224.593	235.054	237.484	238.374	220.569	248.249	242.344	235.133	240.109	233.018	237.06	240.295	233.698	218.874	228.78	233.365	236.614	230.265	232.916	227.146	235.443	230.931	228.533	234.303	227.416	240.254	233.781	232.652	235.011	235.85	238.703	236.391	234.027	236.987	223.617	237.277	234.564	238.466	1	1	1	1	1	1	1	1	1	1	
72	278.459	264.334	277.868	276.987	274.927	275.779	272.509	275.611	278.74	274.774	236.873	231.669	238.924	235.986	230.47	214.044	236.676	229.169	232.235	237.936	224.899	233.553	216.158	230.678	228.799	235.251	216.214	243.422	237.785	231.474	236.118	228.594	237.089	235.917	222.058	219.783	231.221	229.813	236.16	221.892	226.836	222.072	236.098	219.259	225.113	229.023	217.571	232.251	229.133	221.095	230.603	232.327	236.792	234.784	231.306	233.61	220.207	235.144	230.539	233.914	1	1	1	1	1	1	1	1	1	1	
73	275.083	268.754	272.947	271.717	270.102	273.317	267.391	270.302	255.156	269.43	231.409	226.123	235.071	231.202	217.456	213.553	230.228	218.682	222.038	235.813	210.682	229.097	217.882	224.853	227.62	229.535	209.774	242.632	235.421	227.439	232.63	221.752	222.896	230.62	222.504	217.896	220.977	226.622	231.819	215.514	225.169	220.368	231.03	215.842	216.254	226.113	214.331	232.792	230	218.643	225.619	228.183	230.121	232.078	225.969	227.567	215.687	231.282	227.699	230.131	1	1	1	1	1	1	1	1	1	1	
74	242.919	267.165	267.624	266.303	264.379	268.961	261.822	265.051	261.365	263.368	224.137	222.475	229.886	222.411	212.622	208.416	222.283	219.815	215.919	230.523	210.73	223.517	208.418	222.415	224.173	223.692	207.589	239.05	223.95	221.275	226.739	217.115	221.71	225.779	220.901	206.521	221.426	224.728	226.762	208.567	211.913	205.568	219.768	212.664	215.927	219.061	202.592	227.988	222	215.17	222.758	223.248	231.676	227.708	223.647	224.354	213.313	226.193	224.852	223.675	1	1	1	1	1	1	1	1	1	1	
75	247.006	260.148	258.542	257.547	255.416	240.093	253.136	256.188	255.544	254.883	219.184	214.522	224.079	221.371	209.363	189.324	213.505	215.08	213.67	221.347	200.086	215.213	197.04	218.051	210.342	220.909	198.44	228.736	217.217	214.368	223.464	206.183	215.165	220.605	204.665	205.57	210.828	215.707	216.14	200.993	206.789	200.115	210.888	192.512	208.096	211.033	190.195	215.556	216.899	200.684	216.859	214.291	223.41	218.667	214.428	218.486	205.843	219.664	212.47	215.981	1	1	1	1	1	1	1	1	1	1	
76	239.236	226.397	248.31	246.573	245.805	237.529	242.933	245.569	246.278	244.306	209.811	202.669	215.816	201.85	200.5	183.502	206.218	197.025	209.312	214.915	180.947	206.49	182.869	208.523	206.584	214.014	183.822	222.165	208.62	203.503	214.715	199.856	203.644	210.213	197.828	187.872	200.94	205.065	212.128	194.668	197.393	181.685	210.378	172.384	197.837	203.592	182.339	206.278	202.657	194.407	205.674	203.86	217.191	211.791	200.159	208.917	181.512	207.927	208.089	205.215	1	1	1	1	1	1	1	1	1	1	
77	225.855	222.128	200.579	232.14	231.77	221.932	228.557	230.963	231.658	229.691	193.813	191.781	201.728	183.879	185.747	172.629	196.769	183.313	196.625	201.688	167.113	193.385	166.571	179.655	197.442	205.276	172.045	213.812	192.985	190.719	202.281	183.692	190.993	194.329	191.647	174.067	182.59	198.953	198.131	187.231	186.329	173.311	199.441	91.4976	184.011	187.964	165.418	196.848	197.645	169.568	195.223	176.938	204.529	202.403	180.394	198.841	180.836	197.175	191.286	193.026	1	1	1	1	1	1	1	1	1	1	
78	192.231	196.912	190.042	171.765	205.028	190.17	203.121	206.009	206.141	204.043	169.994	163.915	178.27	158.451	160.835	147.835	180.442	163.928	171.345	176.217	103.866	165.525	138.437	158.22	178.706	183.1	149.948	191.253	169.045	166.007	180.111	156.181	166.548	164.164	170.826	134.636	160.788	166.868	176.261	168.402	158.967	141.468	183.025	7.59871	156.608	171.94	134.107	176.756	174.657	156.972	165.655	142.927	182.066	171.766	148.021	169.932	159.822	175.56	172.338	168.77	1	1	1	1	1	1	1	1	1	1	
79	149.45	154.637	144.927	143.481	162.145	117.512	161.392	164.658	110.203	161.221	129.099	130.1	145.335	136.114	120.199	106.255	139.425	126.421	130.333	137.345	5.68098	129.088	104.733	97.0464	143.867	147.448	122.874	151.786	133.16	128.346	143.346	119.453	127.966	132.837	125.997	47.8377	114.756	133.666	136.24	133.063	128.582	69.5773	113.255	7.54691	123.323	135.088	90.9798	127.823	133.941	109.2	107.342	86.8451	126.295	138.605	93.9358	122.414	132.826	135.68	138.133	136.087	1	1	1	1	1	1	1	1	1	1	
80	80.6438	83.6603	70.511	82.8236	83.0333	47.9647	93.0428	66.7402	64.2231	86.4184	60.675	69.2322	77.456	75.8588	63.3292	33.3457	51.5082	61.924	62.9596	41.2843	4.58739	65.5666	50.731	25.1191	82.0922	78.448	62.2229	74.2544	55.3918	54.7881	83.3613	48.7029	54.6408	54.0422	58.3529	8.04332	59.8453	71.04	50.7262	67.2073	65.084	6.16807	43.7078	7.54691	63.2771	67.9214	69.5355	28.2492	40.4298	43.6768	19.1263	4.80364	69.5289	75.8838	16.5209	15.5347	72.0967	34.37	76.3094	37.9884	1	1	1	1	1	1	1	1	1	1	
81	55.5824	79.3071	20.6791	57.7389	57.2934	30.4036	93.3944	29.1084	57.2409	54.1488	53.5796	46.7065	50.3023	38.6199	43.8765	12.9445	40.2721	36.5483	30.1847	22.3186	4.58739	49.7344	15.3731	8.59705	82.4203	53.3867	29.7958	52.4439	14.3476	33.8515	98.4491	32.2825	18.8377	29.7373	27.5092	8.04332	34.5176	66.7121	26.1683	62.2516	41.3888	6.16363	26.1468	7.54691	50.3902	18.0894	51.6343	25.5719	16.1929	36.345	16.8167	3.19078	50.5577	70.6172	14.2114	6.55617	39.1755	15.4575	59.1764	19.0759	1	1	1	1	1	1	1	1	1	1	
82	48.245	71.3271	18.0966	28.2305	72.7686	39.905	129.822	21.272	51.6483	26.1339	43.1711	28.072	20.6389	30.1967	38.2858	12.9965	23.5235	25.7349	14.2855	22.3186	4.58739	39.3191	7.24819	7.65474	105.08	46.0492	7.7589	71.4903	13.1392	52.8979	121.117	34.7097	10.7112	29.7893	5.47226	8.04332	23.7042	58.7321	18.4464	51.8431	34.0513	6.16363	35.6481	7.54691	36.673	15.5069	32.9998	25.5719	16.2449	19.5963	16.8167	3.19078	44.9648	93.2773	14.2114	6.55617	20.5391	15.4575	76.0248	19.0759	1	1	1	1	1	1	1	1	1	1	
83	48.245	69.7907	18.0966	25.5771	72.9912	41.3065	107.385	9.47751	51.1469	26.1178	41.6348	27.5626	17.9855	30.1967	37.7845	12.9965	21.9871	25.7322	11.6321	22.3186	4.58739	37.7828	7.24819	7.65474	82.6435	46.0492	6.22254	49.0533	13.1392	30.4609	98.68	34.7097	10.7112	29.7893	3.9359	8.04332	23.7014	57.1957	6.65195	50.3068	34.0513	6.16363	37.0497	7.54691	35.1366	15.5069	32.4903	25.5719	16.2449	18.0599	16.8167	3.19078	44.4635	70.8404	14.2113	6.55617	20.0296	15.4575	53.5879	19.0759	1	1	1	1	1	1	1	1	1	1	