
1	318.157
2	318.157
3	318.156
4	318.156
5	318.156
6	318.155
7	318.155
8	318.155
9	318.155
10	318.154
11	318.154
12	318.154
13	318.153
14	318.153
15	318.153
16	318.152
17	318.152
18	318.152
19	318.152
20	318.151
21	318.151
22	318.151
23	318.15
24	318.15
25	318.15
26	318.149
27	318.149
28	318.149
29	318.148
30	318.148
31	318.147
32	318.147
33	318.147
34	318.146
35	318.146
36	318.146
37	318.145
38	318.145
39	318.144
40	318.144
41	318.144
42	318.143
43	318.143
44	318.142
45	318.142
46	318.142
47	318.141
48	318.141
49	318.14
50	318.14
51	318.139
52	318.139
53	318.139
54	318.138
55	318.138
56	318.137
57	318.137
58	318.136
59	318.136
60	318.135
61	318.135
62	318.134
63	318.134
64	318.133
65	318.133
66	318.132
67	318.132
68	318.131
69	318.131
70	318.13
71	318.13
72	318.129
73	318.129
74	318.128
75	318.127
76	318.127
77	318.126
78	318.126
79	318.125
80	318.125
81	318.124
82	318.123
83	318.123
84	318.122
85	318.122
86	318.121
87	318.12
88	318.12
89	318.119
90	318.118
91	318.118
92	318.117
93	318.116
94	318.116
95	318.115
96	318.114
97	318.113
98	318.113
99	318.112
100	318.112
101	318.11
102	318.11
103	318.109
104	318.109
105	318.107
106	318.107
107	318.106
108	318.106
109	318.104
110	318.104
111	318.103
112	318.102
113	318.101
114	318.101
115	318.099
116	318.099
117	318.098
118	318.097
119	318.096
120	318.096
121	318.094
122	318.094
123	318.092
124	318.092
125	318.09
126	318.09
127	318.088
128	318.088
129	318.087
130	318.086
131	318.085
132	318.084
133	318.083
134	318.082
135	318.08
136	318.08
137	318.078
138	318.078
139	318.076
140	318.076
141	318.074
142	318.074
143	318.072
144	318.072
145	318.07
146	318.069
147	318.067
148	318.067
149	318.065
150	318.065
151	318.063
152	318.062
153	318.06
154	318.06
155	318.058
156	318.057
157	318.055
158	318.055
159	318.052
160	318.052
161	318.05
162	318.049
163	318.047
164	318.047
165	318.044
166	318.044
167	318.041
168	318.041
169	318.039
170	318.038
171	318.036
172	318.035
173	318.033
174	318.032
175	318.03
176	318.029
177	318.026
178	318.026
179	318.023
180	318.023
181	318.02
182	318.019
183	318.017
184	318.016
185	318.013
186	318.013
187	318.01
188	318.009
189	318.006
190	318.006
191	318.003
192	318.002
193	317.999
194	317.998
195	317.995
196	317.995
197	317.991
198	317.991
199	317.988
200	317.987
201	317.984
202	317.983
203	317.979
204	317.979
205	317.975
206	317.975
207	317.971
208	317.97
209	317.967
210	317.966
211	317.962
212	317.962
213	317.958
214	317.957
215	317.953
216	317.953
217	317.949
218	317.948
219	317.944
220	317.943
221	317.939
222	317.938
223	317.934
224	317.933
225	317.929
226	317.928
227	317.924
228	317.923
229	317.918
230	317.918
231	317.913
232	317.912
233	317.908
234	317.907
235	317.902
236	317.901
237	317.896
238	317.895
239	317.89
240	317.889
241	317.884
242	317.884
243	317.878
244	317.877
245	317.872
246	317.871
247	317.866
248	317.865
249	317.859
250	317.858
251	317.853
252	317.852
253	317.846
254	317.845
255	317.839
256	317.838
257	317.832
258	317.831
259	317.825
260	317.824
261	317.818
262	317.817
263	317.81
264	317.809
265	317.803
266	317.801
267	317.795
268	317.794
269	317.787
270	317.786
271	317.779
272	317.778
273	317.771
274	317.769
275	317.762
276	317.761
277	317.754
278	317.752
279	317.745
280	317.744
281	317.736
282	317.735
283	317.727
284	317.725
285	317.718
286	317.716
287	317.708
288	317.707
289	317.698
290	317.697
291	317.688
292	317.687
293	317.678
294	317.677
295	317.668
296	317.667
297	317.658
298	317.656
299	317.647
300	317.645
301	317.636
302	317.634
303	317.625
304	317.623
305	317.613
306	317.612
307	317.602
308	317.6
309	317.59
310	317.588
311	317.578
312	317.576
313	317.565
314	317.564
315	317.553
316	317.551
317	317.54
318	317.538
319	317.527
320	317.525
321	317.513
322	317.511
323	317.5
324	317.498
325	317.486
326	317.484
327	317.471
328	317.469
329	317.457
330	317.455
331	317.442
332	317.44
333	317.427
334	317.425
335	317.411
336	317.409
337	317.396
338	317.393
339	317.38
340	317.377
341	317.363
342	317.361
343	317.346
344	317.344
345	317.329
346	317.327
347	317.312
348	317.309
349	317.294
350	317.291
351	317.276
352	317.273
353	317.257
354	317.254
355	317.238
356	317.235
357	317.219
358	317.216
359	317.199
360	317.196
361	317.179
362	317.176
363	317.158
364	317.155
365	317.137
366	317.134
367	317.116
368	317.113
369	317.094
370	317.091
371	317.072
372	317.068
373	317.049
374	317.046
375	317.026
376	317.022
377	317.002
378	316.998
379	316.978
380	316.974
381	316.953
382	316.949
383	316.928
384	316.924
385	316.902
386	316.898
387	316.876
388	316.872
389	316.849
390	316.845
391	316.821
392	316.817
393	316.793
394	316.789
395	316.765
396	316.761
397	316.736
398	316.731
399	316.706
400	316.702
401	316.675
402	316.671
403	316.644
404	316.64
405	316.613
406	316.608
407	316.58
408	316.576
409	316.547
410	316.543
411	316.514
412	316.509
413	316.479
414	316.474
415	316.444
416	316.439
417	316.408
418	316.403
419	316.372
420	316.366
421	316.334
422	316.329
423	316.296
424	316.291
425	316.257
426	316.252
427	316.217
428	316.212
429	316.177
430	316.171
431	316.135
432	316.129
433	316.093
434	316.087
435	316.049
436	316.043
437	316.005
438	315.999
439	315.96
440	315.954
441	315.914
442	315.908
443	315.867
444	315.861
445	315.819
446	315.812
447	315.77
448	315.763
449	315.72
450	315.713
451	315.669
452	315.662
453	315.616
454	315.609
455	315.563
456	315.556
457	315.508
458	315.501
459	315.453
460	315.445
461	315.396
462	315.388
463	315.338
464	315.33
465	315.278
466	315.271
467	315.218
468	315.21
469	315.156
470	315.148
471	315.093
472	315.084
473	315.028
474	315.02
475	314.962
476	314.953
477	314.895
478	314.886
479	314.826
480	314.817
481	314.755
482	314.746
483	314.683
484	314.674
485	314.61
486	314.601
487	314.535
488	314.525
489	314.458
490	314.448
491	314.38
492	314.37
493	314.3
494	314.29
495	314.218
496	314.208
497	314.134
498	314.124
499	314.049
500	314.038
501	313.961
502	313.95
503	313.872
504	313.861
505	313.781
506	313.77
507	313.688
508	313.676
509	313.592
510	313.58
511	313.495
512	313.483
513	313.395
514	313.383
515	313.293
516	313.281
517	313.189
518	313.176
519	313.082
520	313.07
521	312.974
522	312.961
523	312.862
524	312.849
525	312.748
526	312.735
527	312.632
528	312.618
529	312.513
530	312.499
531	312.391
532	312.377
533	312.266
534	312.252
535	312.139
536	312.125
537	312.009
538	311.994
539	311.875
540	311.86
541	311.739
542	311.724
543	311.599
544	311.584
545	311.456
546	311.441
547	311.31
548	311.294
549	311.161
550	311.145
551	311.008
552	310.991
553	310.851
554	310.834
555	310.691
556	310.674
557	310.527
558	310.509
559	310.359
560	310.341
561	310.187
562	310.169
563	310.01
564	309.992
565	309.83
566	309.812
567	309.645
568	309.627
569	309.456
570	309.437
571	309.262
572	309.243
573	309.064
574	309.044
575	308.86
576	308.84
577	308.652
578	308.632
579	308.438
580	308.536
581	308.32
582	308.304
583	308.101
584	308.086
585	307.878
586	307.863
587	307.649
588	307.634
589	307.415
590	307.401
591	307.175
592	307.161
593	306.93
594	306.916
595	306.678
596	306.665
597	306.421
598	306.407
599	306.157
600	306.144
601	305.886
602	305.874
603	305.609
604	305.597
605	305.325
606	305.314
607	305.034
608	305.023
609	304.735
610	304.725
611	304.429
612	304.42
613	304.115
614	304.107
615	303.838
616	310.347
617	304.286
618	303.634
619	309.906
620	303.972
621	303.278
622	309.775
623	303.368
624	303.124
625	309.284
626	303.032
627	302.743
628	309.144
629	302.384
630	302.575
631	308.849
632	302.104
633	308.63
634	302.116
635	308.414
636	301.876
637	307.995
638	301.836
639	307.964
640	301.278
641	307.655
642	301.503
643	307.215
644	300.987
645	307.173
646	300.854
647	306.856
648	300.578
649	306.372
650	300.491
651	306.322
652	299.887
653	305.97
654	300.095
655	305.444
656	299.545
657	305.382
658	299.348
659	305.02
660	299.054
661	304.443
662	298.914
663	304.366
664	298.254
665	303.967
666	298.438
667	303.332
668	297.849
669	303.244
670	297.573
671	302.829
672	297.254
673	302.137
674	297.047
675	302.022
676	296.32
677	301.569
678	296.468
679	300.797
680	295.834
681	300.673
682	295.463
683	300.195
684	295.106
685	299.358
686	294.818
687	299.191
688	294.008
689	298.677
690	294.103
691	297.727
692	293.417
693	297.553
694	292.925
695	297
696	292.513
697	295.977
698	292.122
699	295.736
700	291.206
701	295.153
702	291.221
703	293.968
704	290.473
705	293.724
706	289.824
707	293.079
708	289.334
709	291.81
710	288.806
711	291.467
712	287.752
713	290.798
714	287.643
715	289.296
716	286.819
717	288.953
718	285.959
719	288.184
720	285.353
721	286.58
722	284.68
723	285.951
724	283.358
725	285.107
726	283.048
727	283.132
728	282.105
729	282.617
730	281.279
731	280.67
732	280.214
733	280.063
734	278.982
735	278.999
736	278.087
737	277.288
738	276.813
739	275.947
740	279.553
741	275.594
742	274.125
743	277.952
744	273.064
745	272.457
746	274.736
747	271.454
748	270.181
749	272.003
750	268.627
751	267.534
752	267.599
753	268.103
754	265.459
755	266.976
756	264.892
757	260.98
758	265.963
759	270.145
760	271.573
761	269.24
762	265.282
763	261.863
764	259.768
765	253.072
766	241.789
767	220.738
768	201.931
769	171.636
770	126.821
771	95.2913
772	95.0682
773	136.563
774	146.225