
1	318.157
2	318.157
3	318.156
4	318.156
5	318.156
6	318.155
7	318.155
8	318.155
9	318.155
10	318.154
11	318.154
12	318.154
13	318.153
14	318.153
15	318.153
16	318.152
17	318.152
18	318.152
19	318.152
20	318.151
21	318.151
22	318.151
23	318.15
24	318.15
25	318.15
26	318.149
27	318.149
28	318.149
29	318.148
30	318.148
31	318.147
32	318.147
33	318.147
34	318.146
35	318.146
36	318.146
37	318.145
38	318.145
39	318.144
40	318.144
41	318.144
42	318.143
43	318.143
44	318.142
45	318.142
46	318.142
47	318.141
48	318.141
49	318.14
50	318.14
51	318.139
52	318.139
53	318.139
54	318.138
55	318.138
56	318.137
57	318.137
58	318.136
59	318.136
60	318.135
61	318.135
62	318.134
63	318.134
64	318.133
65	318.133
66	318.132
67	318.132
68	318.131
69	318.131
70	318.13
71	318.13
72	318.129
73	318.129
74	318.128
75	318.127
76	318.127
77	318.126
78	318.126
79	318.125
80	318.125
81	318.124
82	318.123
83	318.123
84	318.122
85	318.122
86	318.121
87	318.12
88	318.12
89	318.119
90	318.118
91	318.118
92	318.117
93	318.116
94	318.116
95	318.115
96	318.114
97	318.113
98	318.113
99	318.112
100	318.111
101	318.11
102	318.11
103	318.109
104	318.109
105	318.107
106	318.107
107	318.106
108	318.105
109	318.104
110	318.104
111	318.103
112	318.102
113	318.101
114	318.101
115	318.099
116	318.099
117	318.097
118	318.097
119	318.096
120	318.095
121	318.094
122	318.094
123	318.092
124	318.092
125	318.09
126	318.09
127	318.088
128	318.088
129	318.086
130	318.086
131	318.085
132	318.084
133	318.082
134	318.082
135	318.08
136	318.08
137	318.078
138	318.078
139	318.076
140	318.076
141	318.074
142	318.074
143	318.072
144	318.071
145	318.07
146	318.069
147	318.067
148	318.067
149	318.065
150	318.065
151	318.062
152	318.062
153	318.06
154	318.06
155	318.058
156	318.057
157	318.055
158	318.055
159	318.052
160	318.052
161	318.05
162	318.049
163	318.047
164	318.047
165	318.044
166	318.044
167	318.041
168	318.041
169	318.038
170	318.038
171	318.036
172	318.035
173	318.033
174	318.032
175	318.029
176	318.029
177	318.026
178	318.026
179	318.023
180	318.023
181	318.02
182	318.019
183	318.017
184	318.016
185	318.013
186	318.013
187	318.01
188	318.009
189	318.006
190	318.006
191	318.003
192	318.002
193	317.999
194	317.998
195	317.995
196	317.995
197	317.991
198	317.991
199	317.987
200	317.987
201	317.983
202	317.983
203	317.979
204	317.979
205	317.975
206	317.975
207	317.971
208	317.97
209	317.967
210	317.966
211	317.962
212	317.962
213	317.958
214	317.957
215	317.953
216	317.952
217	317.948
218	317.948
219	317.944
220	317.943
221	317.939
222	317.938
223	317.934
224	317.933
225	317.929
226	317.928
227	317.924
228	317.923
229	317.918
230	317.918
231	317.913
232	317.912
233	317.907
234	317.907
235	317.902
236	317.901
237	317.896
238	317.895
239	317.89
240	317.889
241	317.884
242	317.883
243	317.878
244	317.877
245	317.872
246	317.871
247	317.866
248	317.865
249	317.859
250	317.858
251	317.853
252	317.852
253	317.846
254	317.845
255	317.839
256	317.838
257	317.832
258	317.831
259	317.825
260	317.824
261	317.817
262	317.816
263	317.81
264	317.809
265	317.802
266	317.801
267	317.795
268	317.793
269	317.787
270	317.786
271	317.779
272	317.777
273	317.77
274	317.769
275	317.762
276	317.761
277	317.753
278	317.752
279	317.745
280	317.743
281	317.736
282	317.734
283	317.727
284	317.725
285	317.717
286	317.716
287	317.708
288	317.706
289	317.698
290	317.697
291	317.688
292	317.687
293	317.678
294	317.677
295	317.668
296	317.666
297	317.657
298	317.656
299	317.647
300	317.645
301	317.636
302	317.634
303	317.624
304	317.623
305	317.613
306	317.611
307	317.601
308	317.6
309	317.59
310	317.588
311	317.577
312	317.576
313	317.565
314	317.563
315	317.552
316	317.551
317	317.54
318	317.538
319	317.526
320	317.524
321	317.513
322	317.511
323	317.499
324	317.497
325	317.485
326	317.483
327	317.471
328	317.469
329	317.457
330	317.454
331	317.442
332	317.439
333	317.427
334	317.424
335	317.411
336	317.409
337	317.395
338	317.393
339	317.379
340	317.377
341	317.363
342	317.36
343	317.346
344	317.343
345	317.329
346	317.326
347	317.311
348	317.309
349	317.293
350	317.291
351	317.275
352	317.273
353	317.257
354	317.254
355	317.238
356	317.235
357	317.218
358	317.216
359	317.199
360	317.196
361	317.178
362	317.175
363	317.158
364	317.155
365	317.137
366	317.134
367	317.115
368	317.112
369	317.094
370	317.09
371	317.071
372	317.068
373	317.048
374	317.045
375	317.025
376	317.022
377	317.001
378	316.998
379	316.977
380	316.974
381	316.952
382	316.949
383	316.927
384	316.923
385	316.901
386	316.898
387	316.875
388	316.871
389	316.848
390	316.844
391	316.821
392	316.817
393	316.793
394	316.789
395	316.764
396	316.76
397	316.735
398	316.731
399	316.705
400	316.701
401	316.675
402	316.67
403	316.644
404	316.639
405	316.612
406	316.607
407	316.58
408	316.575
409	316.546
410	316.542
411	316.513
412	316.508
413	316.478
414	316.473
415	316.443
416	316.438
417	316.407
418	316.402
419	316.371
420	316.365
421	316.333
422	316.328
423	316.295
424	316.29
425	316.256
426	316.251
427	316.216
428	316.211
429	316.176
430	316.17
431	316.134
432	316.128
433	316.092
434	316.086
435	316.048
436	316.042
437	316.004
438	315.998
439	315.959
440	315.953
441	315.913
442	315.907
443	315.866
444	315.859
445	315.818
446	315.811
447	315.769
448	315.762
449	315.719
450	315.712
451	315.667
452	315.66
453	315.615
454	315.608
455	315.562
456	315.554
457	315.507
458	315.5
459	315.451
460	315.444
461	315.394
462	315.387
463	315.336
464	315.329
465	315.277
466	315.269
467	315.216
468	315.208
469	315.154
470	315.146
471	315.091
472	315.083
473	315.026
474	315.018
475	314.96
476	314.952
477	314.893
478	314.884
479	314.824
480	314.815
481	314.754
482	314.744
483	314.682
484	314.672
485	314.608
486	314.599
487	314.533
488	314.523
489	314.456
490	314.446
491	314.378
492	314.368
493	314.298
494	314.288
495	314.216
496	314.206
497	314.132
498	314.122
499	314.047
500	314.036
501	313.959
502	313.948
503	313.87
504	313.859
505	313.779
506	313.767
507	313.685
508	313.674
509	313.59
510	313.578
511	313.492
512	313.48
513	313.393
514	313.38
515	313.291
516	313.278
517	313.186
518	313.174
519	313.08
520	313.067
521	312.971
522	312.958
523	312.859
524	312.846
525	312.746
526	312.732
527	312.629
528	312.616
529	312.51
530	312.496
531	312.388
532	312.374
533	312.263
534	312.249
535	312.136
536	312.121
537	312.005
538	311.991
539	311.872
540	311.857
541	311.736
542	311.72
543	311.596
544	311.581
545	311.453
546	311.437
547	311.307
548	311.291
549	311.157
550	311.141
551	311.004
552	310.988
553	310.847
554	310.831
555	310.687
556	310.67
557	310.523
558	310.505
559	310.355
560	310.337
561	310.182
562	310.165
563	310.006
564	309.988
565	309.826
566	309.807
567	309.641
568	309.622
569	309.452
570	309.433
571	309.258
572	309.238
573	309.059
574	309.039
575	308.856
576	308.836
577	308.647
578	308.627
579	308.433
580	308.531
581	308.315
582	308.299
583	308.096
584	308.081
585	307.872
586	307.858
587	307.644
588	307.629
589	307.409
590	307.395
591	307.17
592	307.156
593	306.924
594	306.91
595	306.672
596	306.659
597	306.415
598	306.401
599	306.15
600	306.138
601	305.88
602	305.868
603	305.602
604	305.591
605	305.318
606	305.307
607	305.027
608	305.016
609	304.728
610	304.718
611	304.422
612	304.413
613	304.108
614	304.1
615	303.834
616	310.344
617	304.279
618	303.63
619	309.902
620	303.965
621	303.275
622	309.771
623	303.361
624	303.12
625	309.28
626	303.025
627	302.739
628	309.14
629	302.376
630	302.571
631	308.844
632	302.099
633	308.625
634	302.111
635	308.409
636	301.872
637	307.99
638	301.831
639	307.959
640	301.273
641	307.65
642	301.498
643	307.209
644	300.982
645	307.167
646	300.849
647	306.851
648	300.573
649	306.366
650	300.486
651	306.316
652	299.882
653	305.964
654	300.09
655	305.437
656	299.54
657	305.376
658	299.342
659	305.013
660	299.049
661	304.436
662	298.908
663	304.359
664	298.248
665	303.96
666	298.431
667	303.325
668	297.842
669	303.237
670	297.567
671	302.821
672	297.247
673	302.129
674	297.04
675	302.014
676	296.313
677	301.561
678	296.461
679	300.788
680	295.827
681	300.664
682	295.455
683	300.186
684	295.098
685	299.349
686	294.81
687	299.182
688	293.999
689	298.668
690	294.094
691	297.717
692	293.408
693	297.543
694	292.916
695	296.99
696	292.504
697	295.966
698	292.112
699	295.725
700	291.196
701	295.142
702	291.211
703	293.956
704	290.463
705	293.712
706	289.814
707	293.067
708	289.324
709	291.797
710	288.795
711	291.454
712	287.741
713	290.785
714	287.632
715	289.281
716	286.807
717	288.939
718	285.947
719	288.17
720	285.341
721	286.565
722	284.667
723	285.935
724	283.344
725	285.092
726	283.034
727	283.115
728	282.091
729	282.6
730	281.264
731	280.652
732	280.199
733	280.044
734	278.966
735	278.98
736	278.07
737	277.267
738	276.796
739	275.93
740	279.532
741	275.577
742	274.106
743	277.931
744	273.046
745	272.438
746	274.712
747	271.434
748	270.16
749	271.974
750	268.607
751	267.511
752	267.526
753	268.125
754	265.448
755	267.129
756	265.373
757	262.193
758	266.324
759	269.824
760	271.363
761	269.169
762	265.215
763	261.807
764	258.927
765	252.943
766	241.318
767	219.947
768	205.916
769	176.488
770	128.586
771	94.6486
772	103.476
773	102.448
774	112.608