
1	76.1685	63.8403	101.972	111.417	92.5628	33.9813	44.2185	52.9832	46.0772	31.3404	1	1	1	1	1	
2	76.1685	63.8399	101.971	111.416	92.5645	33.9816	44.2173	52.9831	46.0781	31.3391	1	1	1	1	1	
3	76.1683	63.8397	101.971	111.416	92.5642	33.9815	44.217	52.9829	46.0779	31.339	1	1	1	1	1	
4	76.1682	63.8394	101.971	111.415	92.5639	33.9814	44.2167	52.9827	46.0777	31.3388	1	1	1	1	1	
5	76.168	63.8392	101.971	111.414	92.5635	33.9813	44.2164	52.9826	46.0776	31.3387	1	1	1	1	1	
6	76.1678	63.8389	101.97	111.414	92.5632	33.9812	44.216	52.9824	46.0774	31.3385	1	1	1	1	1	
7	76.1676	63.8386	101.97	111.413	92.5629	33.9811	44.2157	52.9822	46.0772	31.3384	1	1	1	1	1	
8	76.1674	63.8384	101.97	111.413	92.5626	33.981	44.2153	52.9821	46.0771	31.3382	1	1	1	1	1	
9	76.1672	63.8381	101.97	111.412	92.5623	33.9809	44.215	52.9819	46.0769	31.3381	1	1	1	1	1	
10	76.167	63.8379	101.969	111.411	92.5619	33.9808	44.2147	52.9817	46.0767	31.3379	1	1	1	1	1	
11	76.1668	63.8376	101.969	111.411	92.5616	33.9807	44.2143	52.9815	46.0765	31.3378	1	1	1	1	1	
12	76.1666	63.8373	101.969	111.41	92.5612	33.9806	44.2139	52.9814	46.0763	31.3376	1	1	1	1	1	
13	76.1664	63.837	101.968	111.409	92.5609	33.9805	44.2136	52.9812	46.0761	31.3374	1	1	1	1	1	
14	76.1662	63.8368	101.968	111.409	92.5606	33.9804	44.2132	52.981	46.076	31.3373	1	1	1	1	1	
15	76.166	63.8365	101.968	111.408	92.5602	33.9803	44.2129	52.9808	46.0758	31.3371	1	1	1	1	1	
16	76.1658	63.8362	101.968	111.407	92.5599	33.9802	44.2125	52.9807	46.0756	31.3369	1	1	1	1	1	
17	76.1656	63.8359	101.967	111.407	92.5595	33.9801	44.2121	52.9805	46.0754	31.3368	1	1	1	1	1	
18	76.1654	63.8356	101.967	111.406	92.5591	33.98	44.2117	52.9803	46.0752	31.3366	1	1	1	1	1	
19	76.1652	63.8353	101.967	111.405	92.5588	33.9799	44.2114	52.9801	46.075	31.3364	1	1	1	1	1	
20	76.165	63.835	101.967	111.405	92.5584	33.9798	44.211	52.9799	46.0748	31.3362	1	1	1	1	1	
21	76.1648	63.8347	101.966	111.404	92.558	33.9797	44.2106	52.9797	46.0746	31.3361	1	1	1	1	1	
22	76.1645	63.8344	101.966	111.403	92.5577	33.9796	44.2102	52.9795	46.0744	31.3359	1	1	1	1	1	
23	76.1643	63.8341	101.966	111.402	92.5573	33.9795	44.2098	52.9793	46.0742	31.3357	1	1	1	1	1	
24	76.1641	63.8338	101.965	111.402	92.5569	33.9794	44.2094	52.9791	46.074	31.3355	1	1	1	1	1	
25	76.1639	63.8335	101.965	111.401	92.5565	33.9792	44.209	52.9789	46.0738	31.3353	1	1	1	1	1	
26	76.1636	63.8332	101.965	111.4	92.5561	33.9791	44.2086	52.9787	46.0735	31.3351	1	1	1	1	1	
27	76.1634	63.8329	101.965	111.4	92.5557	33.979	44.2082	52.9785	46.0733	31.335	1	1	1	1	1	
28	76.1632	63.8326	101.964	111.399	92.5553	33.9789	44.2078	52.9783	46.0731	31.3348	1	1	1	1	1	
29	76.163	63.8323	101.964	111.398	92.5549	33.9788	44.2073	52.9781	46.0729	31.3346	1	1	1	1	1	
30	76.1627	63.8319	101.964	111.397	92.5545	33.9787	44.2069	52.9779	46.0727	31.3344	1	1	1	1	1	
31	76.1625	63.8316	101.963	111.396	92.5541	33.9785	44.2065	52.9777	46.0724	31.3342	1	1	1	1	1	
32	76.1622	63.8313	101.963	111.396	92.5537	33.9784	44.2061	52.9775	46.0722	31.334	1	1	1	1	1	
33	76.162	63.8309	101.963	111.395	92.5533	33.9783	44.2056	52.9772	46.072	31.3338	1	1	1	1	1	
34	76.1617	63.8306	101.962	111.394	92.5529	33.9782	44.2052	52.977	46.0718	31.3336	1	1	1	1	1	
35	76.1615	63.8302	101.962	111.393	92.5524	33.978	44.2047	52.9768	46.0715	31.3334	1	1	1	1	1	
36	76.1612	63.8299	101.962	111.392	92.552	33.9779	44.2043	52.9766	46.0713	31.3332	1	1	1	1	1	
37	76.161	63.8295	101.961	111.392	92.5516	33.9778	44.2038	52.9763	46.0711	31.333	1	1	1	1	1	
38	76.1607	63.8292	101.961	111.391	92.5511	33.9777	44.2034	52.9761	46.0708	31.3327	1	1	1	1	1	
39	76.1605	63.8288	101.961	111.39	92.5507	33.9775	44.2029	52.9759	46.0706	31.3325	1	1	1	1	1	
40	76.1602	63.8285	101.96	111.389	92.5502	33.9774	44.2024	52.9757	46.0703	31.3323	1	1	1	1	1	
41	76.1599	63.8281	101.96	111.388	92.5498	33.9773	44.2019	52.9754	46.0701	31.3321	1	1	1	1	1	
42	76.1597	63.8277	101.96	111.387	92.5493	33.9771	44.2015	52.9752	46.0698	31.3319	1	1	1	1	1	
43	76.1594	63.8274	101.959	111.386	92.5489	33.977	44.201	52.9749	46.0696	31.3317	1	1	1	1	1	
44	76.1591	63.827	101.959	111.385	92.5484	33.9768	44.2005	52.9747	46.0693	31.3314	1	1	1	1	1	
45	76.1589	63.8266	101.959	111.385	92.5479	33.9767	44.2	52.9744	46.0691	31.3312	1	1	1	1	1	
46	76.1586	63.8262	101.958	111.384	92.5474	33.9766	44.1995	52.9742	46.0688	31.331	1	1	1	1	1	
47	76.1583	63.8258	101.958	111.383	92.547	33.9764	44.199	52.974	46.0686	31.3307	1	1	1	1	1	
48	76.158	63.8255	101.957	111.382	92.5465	33.9763	44.1985	52.9737	46.0683	31.3305	1	1	1	1	1	
49	76.1577	63.8251	101.957	111.381	92.546	33.9761	44.198	52.9734	46.068	31.3303	1	1	1	1	1	
50	76.1574	63.8247	101.957	111.38	92.5455	33.976	44.1974	52.9732	46.0677	31.33	1	1	1	1	1	
51	76.1571	63.8243	101.956	111.379	92.545	33.9758	44.1969	52.9729	46.0675	31.3298	1	1	1	1	1	
52	76.1568	63.8239	101.956	111.378	92.5445	33.9757	44.1964	52.9727	46.0672	31.3296	1	1	1	1	1	
53	76.1565	63.8234	101.956	111.377	92.544	33.9755	44.1959	52.9724	46.0669	31.3293	1	1	1	1	1	
54	76.1562	63.823	101.955	111.376	92.5434	33.9754	44.1953	52.9721	46.0666	31.3291	1	1	1	1	1	
55	76.1559	63.8226	101.955	111.375	92.5429	33.9752	44.1948	52.9719	46.0664	31.3288	1	1	1	1	1	
56	76.1556	63.8222	101.954	111.374	92.5424	33.9751	44.1942	52.9716	46.0661	31.3286	1	1	1	1	1	
57	76.1553	63.8218	101.954	111.373	92.5418	33.9749	44.1936	52.9713	46.0658	31.3283	1	1	1	1	1	
58	76.155	63.8213	101.954	111.372	92.5413	33.9748	44.1931	52.971	46.0655	31.328	1	1	1	1	1	
59	76.1547	63.8209	101.953	111.371	92.5408	33.9746	44.1925	52.9707	46.0652	31.3278	1	1	1	1	1	
60	76.1544	63.8204	101.953	111.37	92.5402	33.9744	44.1919	52.9705	46.0649	31.3275	1	1	1	1	1	
61	76.154	63.82	101.952	111.369	92.5397	33.9743	44.1914	52.9702	46.0646	31.3273	1	1	1	1	1	
62	76.1537	63.8195	101.952	111.368	92.5391	33.9741	44.1908	52.9699	46.0643	31.327	1	1	1	1	1	
63	76.1534	63.8191	101.951	111.367	92.5385	33.974	44.1902	52.9696	46.064	31.3267	1	1	1	1	1	
64	76.153	63.8186	101.951	111.365	92.538	33.9738	44.1896	52.9693	46.0637	31.3264	1	1	1	1	1	
65	76.1527	63.8182	101.951	111.364	92.5374	33.9736	44.189	52.969	46.0633	31.3262	1	1	1	1	1	
66	76.1524	63.8177	101.95	111.363	92.5368	33.9734	44.1884	52.9687	46.063	31.3259	1	1	1	1	1	
67	76.152	63.8172	101.95	111.362	92.5362	33.9733	44.1877	52.9684	46.0627	31.3256	1	1	1	1	1	
68	76.1517	63.8167	101.949	111.361	92.5356	33.9731	44.1871	52.9681	46.0624	31.3253	1	1	1	1	1	
69	76.1513	63.8163	101.949	111.36	92.535	33.9729	44.1865	52.9677	46.0621	31.325	1	1	1	1	1	
70	76.151	63.8158	101.948	111.359	92.5344	33.9727	44.1859	52.9674	46.0617	31.3247	1	1	1	1	1	
71	76.1506	63.8153	101.948	111.357	92.5338	33.9726	44.1852	52.9671	46.0614	31.3244	1	1	1	1	1	
72	76.1502	63.8148	101.947	111.356	92.5332	33.9724	44.1846	52.9668	46.0611	31.3241	1	1	1	1	1	
73	76.1499	63.8143	101.947	111.355	92.5325	33.9722	44.1839	52.9665	46.0607	31.3238	1	1	1	1	1	
74	76.1495	63.8138	101.946	111.354	92.5319	33.972	44.1832	52.9661	46.0604	31.3235	1	1	1	1	1	
75	76.1491	63.8133	101.946	111.353	92.5313	33.9718	44.1826	52.9658	46.06	31.3232	1	1	1	1	1	
76	76.1488	63.8127	101.945	111.351	92.5306	33.9716	44.1819	52.9655	46.0597	31.3229	1	1	1	1	1	
77	76.1484	63.8122	101.945	111.35	92.53	33.9714	44.1812	52.9651	46.0593	31.3226	1	1	1	1	1	
78	76.148	63.8117	101.944	111.349	92.5293	33.9712	44.1805	52.9648	46.059	31.3223	1	1	1	1	1	
79	76.1476	63.8111	101.944	111.348	92.5286	33.971	44.1798	52.9644	46.0586	31.322	1	1	1	1	1	
80	76.1472	63.8106	101.943	111.346	92.528	33.9708	44.1791	52.9641	46.0582	31.3216	1	1	1	1	1	
81	76.1468	63.8101	101.943	111.345	92.5273	33.9706	44.1784	52.9637	46.0579	31.3213	1	1	1	1	1	
82	76.1464	63.8095	101.942	111.344	92.5266	33.9704	44.1777	52.9634	46.0575	31.321	1	1	1	1	1	
83	76.146	63.809	101.942	111.342	92.5259	33.9702	44.177	52.963	46.0571	31.3207	1	1	1	1	1	
84	76.1456	63.8084	101.941	111.341	92.5252	33.97	44.1762	52.9627	46.0567	31.3203	1	1	1	1	1	
85	76.1452	63.8078	101.941	111.34	92.5245	33.9698	44.1755	52.9623	46.0563	31.32	1	1	1	1	1	
86	76.1448	63.8072	101.94	111.338	92.5238	33.9696	44.1747	52.9619	46.0559	31.3196	1	1	1	1	1	
87	76.1443	63.8067	101.94	111.337	92.523	33.9694	44.174	52.9615	46.0555	31.3193	1	1	1	1	1	
88	76.1439	63.8061	101.939	111.335	92.5223	33.9692	44.1732	52.9612	46.0552	31.3189	1	1	1	1	1	
89	76.1435	63.8055	101.938	111.334	92.5216	33.969	44.1724	52.9608	46.0547	31.3186	1	1	1	1	1	
90	76.1431	63.8049	101.938	111.333	92.5208	33.9687	44.1717	52.9604	46.0543	31.3182	1	1	1	1	1	
91	76.1426	63.8043	101.937	111.331	92.5201	33.9685	44.1709	52.96	46.0539	31.3179	1	1	1	1	1	
92	76.1422	63.8037	101.937	111.33	92.5193	33.9683	44.1701	52.9596	46.0535	31.3175	1	1	1	1	1	
93	76.1417	63.8031	101.936	111.328	92.5185	33.9681	44.1693	52.9592	46.0531	31.3171	1	1	1	1	1	
94	76.1413	63.8024	101.936	111.327	92.5178	33.9678	44.1685	52.9588	46.0527	31.3168	1	1	1	1	1	
95	76.1408	63.8018	101.935	111.325	92.517	33.9676	44.1676	52.9584	46.0523	31.3164	1	1	1	1	1	
96	76.1403	63.8012	101.934	111.324	92.5162	33.9674	44.1668	52.958	46.0518	31.316	1	1	1	1	1	
97	76.1399	63.8005	101.934	111.322	92.5154	33.9671	44.166	52.9576	46.0514	31.3156	1	1	1	1	1	
98	76.1394	63.7999	101.933	111.321	92.5146	33.9669	44.1651	52.9572	46.0509	31.3152	1	1	1	1	1	
99	76.1389	63.7992	101.932	111.319	92.5138	33.9667	44.1643	52.9567	46.0505	31.3149	1	1	1	1	1	
100	76.1384	63.7986	101.932	111.318	92.5129	33.9664	44.1634	52.9563	46.0501	31.3145	1	1	1	1	1	
101	76.138	63.7979	101.931	111.316	92.5121	33.9662	44.1625	52.9559	46.0496	31.3141	1	1	1	1	1	
102	76.1375	63.7972	101.931	111.314	92.5113	33.9659	44.1616	52.9554	46.0491	31.3137	1	1	1	1	1	
103	76.137	63.7965	101.93	111.313	92.5104	33.9657	44.1608	52.955	46.0487	31.3132	1	1	1	1	1	
104	76.1365	63.7958	101.929	111.311	92.5095	33.9654	44.1599	52.9545	46.0482	31.3128	1	1	1	1	1	
105	76.136	63.7951	101.929	111.309	92.5087	33.9652	44.1589	52.9541	46.0477	31.3124	1	1	1	1	1	
106	76.1355	63.7944	101.928	111.308	92.5078	33.9649	44.158	52.9536	46.0473	31.312	1	1	1	1	1	
107	76.1349	63.7937	101.927	111.306	92.5069	33.9647	44.1571	52.9532	46.0468	31.3116	1	1	1	1	1	
108	76.1344	63.793	101.927	111.304	92.506	33.9644	44.1562	52.9527	46.0463	31.3111	1	1	1	1	1	
109	76.1339	63.7923	101.926	111.303	92.5051	33.9641	44.1552	52.9522	46.0458	31.3107	1	1	1	1	1	
110	76.1333	63.7915	101.925	111.301	92.5042	33.9639	44.1543	52.9518	46.0453	31.3103	1	1	1	1	1	
111	76.1328	63.7908	101.924	111.299	92.5033	33.9636	44.1533	52.9513	46.0448	31.3098	1	1	1	1	1	
112	76.1323	63.7901	101.924	111.297	92.5023	33.9633	44.1523	52.9508	46.0443	31.3094	1	1	1	1	1	
113	76.1317	63.7893	101.923	111.295	92.5014	33.963	44.1513	52.9503	46.0438	31.3089	1	1	1	1	1	
114	76.1312	63.7885	101.922	111.294	92.5004	33.9627	44.1503	52.9498	46.0433	31.3085	1	1	1	1	1	
115	76.1306	63.7878	101.922	111.292	92.4995	33.9625	44.1493	52.9493	46.0427	31.308	1	1	1	1	1	
116	76.13	63.787	101.921	111.29	92.4985	33.9622	44.1483	52.9488	46.0422	31.3076	1	1	1	1	1	
117	76.1295	63.7862	101.92	111.288	92.4975	33.9619	44.1473	52.9483	46.0417	31.3071	1	1	1	1	1	
118	76.1289	63.7854	101.919	111.286	92.4965	33.9616	44.1463	52.9478	46.0411	31.3066	1	1	1	1	1	
119	76.1283	63.7846	101.919	111.284	92.4955	33.9613	44.1452	52.9473	46.0406	31.3061	1	1	1	1	1	
120	76.1277	63.7838	101.918	111.282	92.4945	33.961	44.1442	52.9468	46.04	31.3057	1	1	1	1	1	
121	76.1271	63.783	101.917	111.28	92.4935	33.9607	44.1431	52.9462	46.0395	31.3052	1	1	1	1	1	
122	76.1265	63.7821	101.916	111.278	92.4925	33.9604	44.142	52.9457	46.0389	31.3047	1	1	1	1	1	
123	76.1259	63.7813	101.915	111.276	92.4914	33.9601	44.1409	52.9452	46.0384	31.3042	1	1	1	1	1	
124	76.1253	63.7804	101.915	111.274	92.4904	33.9598	44.1398	52.9446	46.0378	31.3037	1	1	1	1	1	
125	76.1247	63.7796	101.914	111.272	92.4893	33.9595	44.1387	52.9441	46.0372	31.3032	1	1	1	1	1	
126	76.124	63.7787	101.913	111.27	92.4882	33.9591	44.1376	52.9435	46.0366	31.3026	1	1	1	1	1	
127	76.1234	63.7779	101.912	111.268	92.4871	33.9588	44.1364	52.9429	46.036	31.3021	1	1	1	1	1	
128	76.1228	63.777	101.911	111.266	92.486	33.9585	44.1353	52.9424	46.0354	31.3016	1	1	1	1	1	
129	76.1221	63.7761	101.91	111.264	92.4849	33.9582	44.1341	52.9418	46.0348	31.3011	1	1	1	1	1	
130	76.1215	63.7752	101.91	111.262	92.4838	33.9578	44.133	52.9412	46.0342	31.3005	1	1	1	1	1	
131	76.1208	63.7743	101.909	111.26	92.4827	33.9575	44.1318	52.9406	46.0336	31.3	1	1	1	1	1	
132	76.1201	63.7734	101.908	111.257	92.4815	33.9572	44.1306	52.94	46.033	31.2994	1	1	1	1	1	
133	76.1195	63.7724	101.907	111.255	92.4804	33.9568	44.1294	52.9394	46.0323	31.2989	1	1	1	1	1	
134	76.1188	63.7715	101.906	111.253	92.4792	33.9565	44.1281	52.9388	46.0317	31.2983	1	1	1	1	1	
135	76.1181	63.7705	101.905	111.251	92.478	33.9561	44.1269	52.9382	46.0311	31.2978	1	1	1	1	1	
136	76.1174	63.7696	101.904	111.248	92.4768	33.9558	44.1257	52.9376	46.0304	31.2972	1	1	1	1	1	
137	76.1167	63.7686	101.903	111.246	92.4756	33.9554	44.1244	52.937	46.0298	31.2966	1	1	1	1	1	
138	76.116	63.7676	101.902	111.244	92.4744	33.9551	44.1231	52.9364	46.0291	31.296	1	1	1	1	1	
139	76.1153	63.7667	101.901	111.241	92.4732	33.9547	44.1219	52.9357	46.0284	31.2955	1	1	1	1	1	
140	76.1145	63.7657	101.9	111.239	92.472	33.9543	44.1206	52.9351	46.0278	31.2949	1	1	1	1	1	
141	76.1138	63.7647	101.9	111.237	92.4707	33.954	44.1192	52.9344	46.0271	31.2943	1	1	1	1	1	
142	76.1131	63.7636	101.899	111.234	92.4694	33.9536	44.1179	52.9338	46.0264	31.2937	1	1	1	1	1	
143	76.1123	63.7626	101.898	111.232	92.4682	33.9532	44.1166	52.9331	46.0257	31.293	1	1	1	1	1	
144	76.1116	63.7616	101.897	111.229	92.4669	33.9528	44.1152	52.9324	46.025	31.2924	1	1	1	1	1	
145	76.1108	63.7605	101.896	111.227	92.4656	33.9525	44.1139	52.9318	46.0243	31.2918	1	1	1	1	1	
146	76.11	63.7595	101.895	111.224	92.4642	33.9521	44.1125	52.9311	46.0236	31.2912	1	1	1	1	1	
147	76.1093	63.7584	101.894	111.222	92.4629	33.9517	44.1111	52.9304	46.0228	31.2905	1	1	1	1	1	
148	76.1085	63.7573	101.893	111.219	92.4616	33.9513	44.1097	52.9297	46.0221	31.2899	1	1	1	1	1	
149	76.1077	63.7562	101.891	111.217	92.4602	33.9509	44.1083	52.929	46.0214	31.2892	1	1	1	1	1	
150	76.1069	63.7551	101.89	111.214	92.4588	33.9505	44.1068	52.9283	46.0206	31.2886	1	1	1	1	1	
151	76.1061	63.754	101.889	111.211	92.4574	33.9501	44.1054	52.9276	46.0199	31.2879	1	1	1	1	1	
152	76.1052	63.7529	101.888	111.209	92.456	33.9496	44.1039	52.9268	46.0191	31.2872	1	1	1	1	1	
153	76.1044	63.7517	101.887	111.206	92.4546	33.9492	44.1024	52.9261	46.0183	31.2866	1	1	1	1	1	
154	76.1036	63.7506	101.886	111.203	92.4532	33.9488	44.1009	52.9254	46.0175	31.2859	1	1	1	1	1	
155	76.1027	63.7494	101.885	111.2	92.4517	33.9484	44.0994	52.9246	46.0168	31.2852	1	1	1	1	1	
156	76.1019	63.7482	101.884	111.198	92.4503	33.9479	44.0979	52.9239	46.016	31.2845	1	1	1	1	1	
157	76.101	63.7471	101.883	111.195	92.4488	33.9475	44.0963	52.9231	46.0152	31.2838	1	1	1	1	1	
158	76.1002	63.7459	101.882	111.192	92.4473	33.9471	44.0948	52.9223	46.0143	31.2831	1	1	1	1	1	
159	76.0993	63.7446	101.88	111.189	92.4458	33.9466	44.0932	52.9216	46.0135	31.2824	1	1	1	1	1	
160	76.0984	63.7434	101.879	111.186	92.4443	33.9462	44.0916	52.9208	46.0127	31.2816	1	1	1	1	1	
161	76.0975	63.7422	101.878	111.183	92.4427	33.9457	44.09	52.92	46.0119	31.2809	1	1	1	1	1	
162	76.0966	63.7409	101.877	111.18	92.4412	33.9453	44.0884	52.9192	46.011	31.2801	1	1	1	1	1	
163	76.0957	63.7397	101.876	111.177	92.4396	33.9448	44.0867	52.9184	46.0102	31.2794	1	1	1	1	1	
164	76.0947	63.7384	101.875	111.174	92.438	33.9443	44.0851	52.9175	46.0093	31.2786	1	1	1	1	1	
165	76.0938	63.7371	101.873	111.171	92.4364	33.9439	44.0834	52.9167	46.0084	31.2779	1	1	1	1	1	
166	76.0929	63.7358	101.872	111.168	92.4348	33.9434	44.0817	52.9159	46.0075	31.2771	1	1	1	1	1	
167	76.0919	63.7345	101.871	111.165	92.4332	33.9429	44.08	52.915	46.0067	31.2763	1	1	1	1	1	
168	76.0909	63.7332	101.87	111.162	92.4315	33.9424	44.0783	52.9142	46.0058	31.2755	1	1	1	1	1	
169	76.09	63.7318	101.868	111.158	92.4298	33.9419	44.0765	52.9133	46.0048	31.2747	1	1	1	1	1	
170	76.089	63.7305	101.867	111.155	92.4282	33.9414	44.0748	52.9124	46.0039	31.2739	1	1	1	1	1	
171	76.088	63.7291	101.866	111.152	92.4264	33.9409	44.073	52.9116	46.003	31.2731	1	1	1	1	1	
172	76.087	63.7277	101.864	111.149	92.4247	33.9404	44.0712	52.9107	46.0021	31.2723	1	1	1	1	1	
173	76.086	63.7263	101.863	111.145	92.423	33.9399	44.0694	52.9098	46.0011	31.2714	1	1	1	1	1	
174	76.0849	63.7249	101.862	111.142	92.4212	33.9394	44.0675	52.9089	46.0002	31.2706	1	1	1	1	1	
175	76.0839	63.7235	101.86	111.139	92.4194	33.9388	44.0657	52.9079	45.9992	31.2698	1	1	1	1	1	
176	76.0829	63.722	101.859	111.135	92.4177	33.9383	44.0638	52.907	45.9982	31.2689	1	1	1	1	1	
177	76.0818	63.7206	101.858	111.132	92.4158	33.9378	44.0619	52.9061	45.9972	31.268	1	1	1	1	1	
178	76.0807	63.7191	101.856	111.128	92.414	33.9372	44.06	52.9051	45.9962	31.2672	1	1	1	1	1	
179	76.0796	63.7176	101.855	111.125	92.4122	33.9367	44.058	52.9042	45.9952	31.2663	1	1	1	1	1	
180	76.0786	63.7161	101.853	111.121	92.4103	33.9361	44.0561	52.9032	45.9942	31.2654	1	1	1	1	1	
181	76.0775	63.7146	101.852	111.117	92.4084	33.9356	44.0541	52.9022	45.9932	31.2645	1	1	1	1	1	
182	76.0763	63.7131	101.85	111.114	92.4065	33.935	44.0521	52.9012	45.9921	31.2636	1	1	1	1	1	
183	76.0752	63.7115	101.849	111.11	92.4046	33.9344	44.0501	52.9003	45.9911	31.2626	1	1	1	1	1	
184	76.0741	63.7099	101.847	111.106	92.4026	33.9338	44.0481	52.8992	45.99	31.2617	1	1	1	1	1	
185	76.0729	63.7084	101.846	111.103	92.4006	33.9333	44.046	52.8982	45.989	31.2608	1	1	1	1	1	
186	76.0718	63.7068	101.844	111.099	92.3986	33.9327	44.0439	52.8972	45.9879	31.2598	1	1	1	1	1	
187	76.0706	63.7051	101.843	111.095	92.3966	33.9321	44.0418	52.8962	45.9868	31.2589	1	1	1	1	1	
188	76.0694	63.7035	101.841	111.091	92.3946	33.9315	44.0397	52.8951	45.9857	31.2579	1	1	1	1	1	
189	76.0682	63.7019	101.84	111.087	92.3926	33.9309	44.0376	52.8941	45.9846	31.2569	1	1	1	1	1	
190	76.067	63.7002	101.838	111.083	92.3905	33.9303	44.0354	52.893	45.9834	31.2559	1	1	1	1	1	
191	76.0658	63.6985	101.837	111.079	92.3884	33.9296	44.0332	52.8919	45.9823	31.2549	1	1	1	1	1	
192	76.0645	63.6968	101.835	111.075	92.3863	33.929	44.031	52.8908	45.9811	31.2539	1	1	1	1	1	
193	76.0633	63.6951	101.833	111.071	92.3841	33.9284	44.0288	52.8897	45.98	31.2529	1	1	1	1	1	
194	76.062	63.6933	101.832	111.067	92.382	33.9277	44.0265	52.8886	45.9788	31.2519	1	1	1	1	1	
195	76.0608	63.6916	101.83	111.063	92.3798	33.9271	44.0242	52.8875	45.9776	31.2508	1	1	1	1	1	
196	76.0595	63.6898	101.828	111.059	92.3776	33.9264	44.0219	52.8863	45.9764	31.2498	1	1	1	1	1	
197	76.0582	63.688	101.827	111.054	92.3753	33.9258	44.0196	52.8852	45.9752	31.2487	1	1	1	1	1	
198	76.0569	63.6862	101.825	111.05	92.3731	33.9251	44.0172	52.884	45.974	31.2476	1	1	1	1	1	
199	76.0555	63.6844	101.823	111.046	92.3708	33.9244	44.0149	52.8829	45.9727	31.2465	1	1	1	1	1	
200	76.0542	63.6825	101.821	111.041	92.3685	33.9237	44.0125	52.8817	45.9715	31.2454	1	1	1	1	1	
201	76.0528	63.6807	101.82	111.037	92.3662	33.923	44.01	52.8805	45.9702	31.2443	1	1	1	1	1	
202	76.0515	63.6788	101.818	111.032	92.3638	33.9224	44.0076	52.8793	45.9689	31.2432	1	1	1	1	1	
203	76.0501	63.6769	101.816	111.028	92.3615	33.9216	44.0051	52.878	45.9676	31.2421	1	1	1	1	1	
204	76.0487	63.6749	101.814	111.023	92.3591	33.9209	44.0026	52.8768	45.9663	31.2409	1	1	1	1	1	
205	76.0473	63.673	101.812	111.019	92.3566	33.9202	44.0001	52.8756	45.965	31.2398	1	1	1	1	1	
206	76.0458	63.671	101.811	111.014	92.3542	33.9195	43.9975	52.8743	45.9637	31.2386	1	1	1	1	1	
207	76.0444	63.669	101.809	111.009	92.3517	33.9188	43.9949	52.873	45.9623	31.2374	1	1	1	1	1	
208	76.0429	63.667	101.807	111.004	92.3492	33.918	43.9923	52.8717	45.961	31.2362	1	1	1	1	1	
209	76.0415	63.665	101.805	110.999	92.3467	33.9173	43.9897	52.8704	45.9596	31.235	1	1	1	1	1	
210	76.04	63.6629	101.803	110.995	92.3442	33.9165	43.987	52.8691	45.9582	31.2338	1	1	1	1	1	
211	76.0385	63.6609	101.801	110.99	92.3416	33.9157	43.9843	52.8678	45.9568	31.2326	1	1	1	1	1	
212	76.037	63.6588	101.799	110.985	92.339	33.915	43.9816	52.8665	45.9554	31.2314	1	1	1	1	1	
213	76.0354	63.6566	101.797	110.98	92.3363	33.9142	43.9789	52.8651	45.9539	31.2301	1	1	1	1	1	
214	76.0339	63.6545	101.795	110.975	92.3337	33.9134	43.9761	52.8637	45.9525	31.2288	1	1	1	1	1	
215	76.0323	63.6523	101.793	110.969	92.331	33.9126	43.9733	52.8624	45.951	31.2275	1	1	1	1	1	
216	76.0307	63.6501	101.791	110.964	92.3283	33.9118	43.9704	52.861	45.9496	31.2263	1	1	1	1	1	
217	76.0291	63.6479	101.789	110.959	92.3255	33.911	43.9676	52.8595	45.9481	31.2249	1	1	1	1	1	
218	76.0275	63.6457	101.786	110.954	92.3228	33.9101	43.9647	52.8581	45.9466	31.2236	1	1	1	1	1	
219	76.0259	63.6435	101.784	110.948	92.32	33.9093	43.9618	52.8567	45.945	31.2223	1	1	1	1	1	
220	76.0242	63.6412	101.782	110.943	92.3171	33.9085	43.9588	52.8552	45.9435	31.2209	1	1	1	1	1	
221	76.0225	63.6389	101.78	110.937	92.3143	33.9076	43.9558	52.8537	45.9419	31.2196	1	1	1	1	1	
222	76.0209	63.6365	101.778	110.932	92.3114	33.9068	43.9528	52.8523	45.9403	31.2182	1	1	1	1	1	
223	76.0191	63.6342	101.776	110.926	92.3084	33.9059	43.9497	52.8508	45.9388	31.2168	1	1	1	1	1	
224	76.0174	63.6318	101.773	110.921	92.3055	33.905	43.9467	52.8492	45.9372	31.2154	1	1	1	1	1	
225	76.0157	63.6294	101.771	110.915	92.3025	33.9041	43.9436	52.8477	45.9355	31.214	1	1	1	1	1	
226	76.0139	63.627	101.769	110.909	92.2995	33.9032	43.9404	52.8462	45.9339	31.2125	1	1	1	1	1	
227	76.0121	63.6245	101.766	110.903	92.2965	33.9023	43.9372	52.8446	45.9322	31.2111	1	1	1	1	1	
228	76.0104	63.6221	101.764	110.898	92.2934	33.9014	43.934	52.843	45.9305	31.2096	1	1	1	1	1	
229	76.0085	63.6195	101.762	110.892	92.2903	33.9005	43.9308	52.8414	45.9289	31.2081	1	1	1	1	1	
230	76.0067	63.617	101.759	110.886	92.2871	33.8995	43.9275	52.8398	45.9271	31.2066	1	1	1	1	1	
231	76.0049	63.6145	101.757	110.88	92.2839	33.8986	43.9242	52.8382	45.9254	31.2051	1	1	1	1	1	
232	76.003	63.6119	101.754	110.873	92.2807	33.8976	43.9208	52.8365	45.9237	31.2036	1	1	1	1	1	
233	76.0011	63.6093	101.752	110.867	92.2775	33.8967	43.9174	52.8349	45.9219	31.2021	1	1	1	1	1	
234	75.9992	63.6066	101.749	110.861	92.2742	33.8957	43.914	52.8332	45.9201	31.2005	1	1	1	1	1	
235	75.9972	63.604	101.747	110.855	92.2709	33.8947	43.9106	52.8315	45.9183	31.1989	1	1	1	1	1	
236	75.9953	63.6013	101.744	110.848	92.2676	33.8937	43.9071	52.8298	45.9165	31.1973	1	1	1	1	1	
237	75.9933	63.5985	101.742	110.842	92.2642	33.8927	43.9035	52.828	45.9146	31.1957	1	1	1	1	1	
238	75.9913	63.5958	101.739	110.835	92.2607	33.8917	43.9	52.8263	45.9128	31.1941	1	1	1	1	1	
239	75.9893	63.593	101.737	110.829	92.2573	33.8906	43.8964	52.8245	45.9109	31.1924	1	1	1	1	1	
240	75.9873	63.5902	101.734	110.822	92.2538	33.8896	43.8927	52.8227	45.909	31.1908	1	1	1	1	1	
241	75.9852	63.5873	101.731	110.815	92.2503	33.8885	43.889	52.8209	45.9071	31.1891	1	1	1	1	1	
242	75.9831	63.5845	101.728	110.808	92.2467	33.8875	43.8853	52.8191	45.9051	31.1874	1	1	1	1	1	
243	75.981	63.5816	101.726	110.802	92.2431	33.8864	43.8816	52.8172	45.9032	31.1857	1	1	1	1	1	
244	75.9789	63.5786	101.723	110.795	92.2395	33.8853	43.8778	52.8154	45.9012	31.184	1	1	1	1	1	
245	75.9768	63.5757	101.72	110.788	92.2358	33.8842	43.8739	52.8135	45.8992	31.1822	1	1	1	1	1	
246	75.9746	63.5727	101.717	110.78	92.2321	33.8831	43.8701	52.8116	45.8971	31.1804	1	1	1	1	1	
247	75.9724	63.5696	101.714	110.773	92.2283	33.882	43.8661	52.8096	45.8951	31.1787	1	1	1	1	1	
248	75.9702	63.5666	101.712	110.766	92.2245	33.8808	43.8622	52.8077	45.893	31.1769	1	1	1	1	1	
249	75.9679	63.5635	101.709	110.759	92.2207	33.8797	43.8582	52.8057	45.8909	31.175	1	1	1	1	1	
250	75.9657	63.5604	101.706	110.751	92.2168	33.8785	43.8541	52.8037	45.8888	31.1732	1	1	1	1	1	
251	75.9634	63.5572	101.703	110.744	92.2129	33.8774	43.85	52.8017	45.8867	31.1713	1	1	1	1	1	
252	75.9611	63.554	101.7	110.736	92.2089	33.8762	43.8459	52.7997	45.8845	31.1694	1	1	1	1	1	
253	75.9587	63.5508	101.697	110.729	92.2049	33.875	43.8417	52.7977	45.8823	31.1675	1	1	1	1	1	
254	75.9564	63.5475	101.693	110.721	92.2009	33.8738	43.8375	52.7956	45.8801	31.1656	1	1	1	1	1	
255	75.954	63.5442	101.69	110.713	92.1968	33.8725	43.8332	52.7935	45.8779	31.1637	1	1	1	1	1	
256	75.9516	63.5409	101.687	110.705	92.1926	33.8713	43.8289	52.7914	45.8757	31.1617	1	1	1	1	1	
257	75.9492	63.5375	101.684	110.697	92.1885	33.87	43.8246	52.7892	45.8734	31.1597	1	1	1	1	1	
258	75.9467	63.5341	101.681	110.689	92.1842	33.8688	43.8202	52.7871	45.8711	31.1577	1	1	1	1	1	
259	75.9442	63.5307	101.678	110.681	92.18	33.8675	43.8157	52.7849	45.8688	31.1557	1	1	1	1	1	
260	75.9417	63.5272	101.674	110.673	92.1757	33.8662	43.8112	52.7827	45.8664	31.1536	1	1	1	1	1	
261	75.9391	63.5237	101.671	110.664	92.1713	33.8649	43.8067	52.7805	45.864	31.1516	1	1	1	1	1	
262	75.9366	63.5201	101.668	110.656	92.1669	33.8636	43.8021	52.7782	45.8616	31.1495	1	1	1	1	1	
263	75.934	63.5165	101.664	110.648	92.1624	33.8622	43.7975	52.776	45.8592	31.1474	1	1	1	1	1	
264	75.9314	63.5129	101.661	110.639	92.1579	33.8609	43.7928	52.7737	45.8567	31.1452	1	1	1	1	1	
265	75.9287	63.5092	101.657	110.63	92.1534	33.8595	43.788	52.7713	45.8543	31.1431	1	1	1	1	1	
266	75.926	63.5055	101.654	110.621	92.1488	33.8581	43.7832	52.769	45.8518	31.1409	1	1	1	1	1	
267	75.9233	63.5018	101.65	110.613	92.1441	33.8567	43.7784	52.7666	45.8492	31.1387	1	1	1	1	1	
268	75.9206	63.498	101.647	110.604	92.1394	33.8553	43.7735	52.7642	45.8467	31.1364	1	1	1	1	1	
269	75.9178	63.4941	101.643	110.595	92.1347	33.8539	43.7685	52.7618	45.8441	31.1342	1	1	1	1	1	
270	75.915	63.4903	101.639	110.585	92.1299	33.8525	43.7635	52.7593	45.8415	31.1319	1	1	1	1	1	
271	75.9122	63.4863	101.636	110.576	92.125	33.851	43.7585	52.7569	45.8388	31.1296	1	1	1	1	1	
272	75.9093	63.4824	101.632	110.567	92.1201	33.8495	43.7534	52.7544	45.8361	31.1273	1	1	1	1	1	
273	75.9064	63.4784	101.628	110.557	92.1152	33.848	43.7482	52.7518	45.8334	31.1249	1	1	1	1	1	
274	75.9035	63.4743	101.624	110.548	92.1102	33.8465	43.743	52.7493	45.8307	31.1226	1	1	1	1	1	
275	75.9006	63.4703	101.62	110.538	92.1051	33.845	43.7377	52.7467	45.828	31.1202	1	1	1	1	1	
276	75.8976	63.4661	101.617	110.528	92.1	33.8435	43.7324	52.7441	45.8252	31.1177	1	1	1	1	1	
277	75.8946	63.4619	101.613	110.519	92.0948	33.8419	43.727	52.7415	45.8223	31.1153	1	1	1	1	1	
278	75.8915	63.4577	101.609	110.509	92.0896	33.8403	43.7216	52.7388	45.8195	31.1128	1	1	1	1	1	
279	75.8884	63.4535	101.605	110.499	92.0843	33.8387	43.7161	52.7361	45.8166	31.1103	1	1	1	1	1	
280	75.8853	63.4491	101.601	110.488	92.079	33.8371	43.7105	52.7334	45.8137	31.1078	1	1	1	1	1	
281	75.8822	63.4448	101.596	110.478	92.0736	33.8355	43.7049	52.7307	45.8108	31.1052	1	1	1	1	1	
282	75.879	63.4404	101.592	110.468	92.0681	33.8339	43.6992	52.7279	45.8078	31.1026	1	1	1	1	1	
283	75.8758	63.4359	101.588	110.457	92.0626	33.8322	43.6935	52.7251	45.8048	31.1	1	1	1	1	1	
284	75.8725	63.4314	101.584	110.446	92.057	33.8305	43.6877	52.7222	45.8017	31.0974	1	1	1	1	1	
285	75.8692	63.4269	101.58	110.436	92.0514	33.8288	43.6818	52.7194	45.7987	31.0947	1	1	1	1	1	
286	75.8659	63.4223	101.575	110.425	92.0457	33.8271	43.6759	52.7165	45.7956	31.092	1	1	1	1	1	
287	75.8625	63.4176	101.571	110.414	92.0399	33.8254	43.6699	52.7135	45.7924	31.0893	1	1	1	1	1	
288	75.8591	63.4129	101.566	110.403	92.0341	33.8236	43.6638	52.7106	45.7892	31.0865	1	1	1	1	1	
289	75.8557	63.4081	101.562	110.392	92.0282	33.8218	43.6577	52.7076	45.786	31.0837	1	1	1	1	1	
290	75.8522	63.4033	101.557	110.38	92.0223	33.82	43.6515	52.7046	45.7828	31.0809	1	1	1	1	1	
291	75.8487	63.3985	101.553	110.369	92.0163	33.8182	43.6452	52.7015	45.7795	31.0781	1	1	1	1	1	
292	75.8452	63.3935	101.548	110.357	92.0102	33.8164	43.6389	52.6984	45.7762	31.0752	1	1	1	1	1	
293	75.8416	63.3886	101.544	110.346	92.004	33.8145	43.6325	52.6953	45.7728	31.0723	1	1	1	1	1	
294	75.838	63.3836	101.539	110.334	91.9978	33.8126	43.626	52.6922	45.7694	31.0694	1	1	1	1	1	
295	75.8343	63.3785	101.534	110.322	91.9915	33.8107	43.6195	52.689	45.766	31.0664	1	1	1	1	1	
296	75.8306	63.3733	101.529	110.31	91.9852	33.8088	43.6129	52.6858	45.7625	31.0634	1	1	1	1	1	
297	75.8269	63.3681	101.524	110.297	91.9788	33.8068	43.6062	52.6825	45.759	31.0603	1	1	1	1	1	
298	75.8231	63.3629	101.519	110.285	91.9723	33.8049	43.5994	52.6792	45.7555	31.0573	1	1	1	1	1	
299	75.8193	63.3576	101.514	110.273	91.9657	33.8029	43.5926	52.6759	45.7519	31.0542	1	1	1	1	1	
300	75.8154	63.3522	101.509	110.26	91.9591	33.8009	43.5857	52.6725	45.7483	31.051	1	1	1	1	1	
301	75.8115	63.3468	101.504	110.247	91.9524	33.7988	43.5787	52.6691	45.7446	31.0479	1	1	1	1	1	
302	75.8075	63.3413	101.499	110.234	91.9456	33.7968	43.5717	52.6657	45.7409	31.0447	1	1	1	1	1	
303	75.8035	63.3358	101.494	110.221	91.9388	33.7947	43.5646	52.6622	45.7372	31.0414	1	1	1	1	1	
304	75.7995	63.3301	101.489	110.208	91.9318	33.7926	43.5574	52.6587	45.7334	31.0382	1	1	1	1	1	
305	75.7954	63.3245	101.483	110.195	91.9248	33.7905	43.5501	52.6552	45.7296	31.0349	1	1	1	1	1	
306	75.7913	63.3187	101.478	110.181	91.9177	33.7883	43.5427	52.6516	45.7257	31.0315	1	1	1	1	1	
307	75.7871	63.3129	101.472	110.167	91.9106	33.7861	43.5353	52.648	45.7218	31.0281	1	1	1	1	1	
308	75.7829	63.3071	101.467	110.154	91.9033	33.7839	43.5277	52.6443	45.7179	31.0247	1	1	1	1	1	
309	75.7786	63.3011	101.461	110.14	91.896	33.7817	43.5201	52.6406	45.7139	31.0213	1	1	1	1	1	
310	75.7743	63.2951	101.456	110.126	91.8886	33.7794	43.5124	52.6369	45.7098	31.0178	1	1	1	1	1	
311	75.7699	63.2891	101.45	110.111	91.8811	33.7772	43.5046	52.6331	45.7057	31.0142	1	1	1	1	1	
312	75.7655	63.283	101.444	110.097	91.8736	33.7749	43.4968	52.6293	45.7016	31.0107	1	1	1	1	1	
313	75.7611	63.2768	101.438	110.082	91.8659	33.7725	43.4888	52.6254	45.6974	31.0071	1	1	1	1	1	
314	75.7566	63.2705	101.433	110.068	91.8582	33.7702	43.4808	52.6215	45.6932	31.0034	1	1	1	1	1	
315	75.752	63.2641	101.427	110.053	91.8504	33.7678	43.4727	52.6176	45.6889	30.9997	1	1	1	1	1	
316	75.7474	63.2577	101.421	110.038	91.8424	33.7654	43.4644	52.6136	45.6846	30.996	1	1	1	1	1	
317	75.7427	63.2513	101.414	110.023	91.8345	33.7629	43.4561	52.6095	45.6803	30.9923	1	1	1	1	1	
318	75.738	63.2447	101.408	110.007	91.8264	33.7605	43.4477	52.6055	45.6758	30.9884	1	1	1	1	1	
319	75.7332	63.2381	101.402	109.992	91.8182	33.758	43.4392	52.6014	45.6714	30.9846	1	1	1	1	1	
320	75.7284	63.2314	101.396	109.976	91.8099	33.7554	43.4306	52.5972	45.6669	30.9807	1	1	1	1	1	
321	75.7235	63.2246	101.389	109.96	91.8016	33.7529	43.422	52.593	45.6623	30.9768	1	1	1	1	1	
322	75.7186	63.2177	101.383	109.944	91.7931	33.7503	43.4132	52.5887	45.6577	30.9728	1	1	1	1	1	
323	75.7136	63.2108	101.377	109.928	91.7846	33.7477	43.4043	52.5844	45.653	30.9688	1	1	1	1	1	
324	75.7086	63.2038	101.37	109.911	91.7759	33.745	43.3953	52.5801	45.6483	30.9647	1	1	1	1	1	
325	75.7035	63.1967	101.363	109.895	91.7672	33.7423	43.3862	52.5757	45.6435	30.9606	1	1	1	1	1	
326	75.6983	63.1895	101.357	109.878	91.7583	33.7396	43.3771	52.5712	45.6387	30.9564	1	1	1	1	1	
327	75.6931	63.1823	101.35	109.861	91.7494	33.7369	43.3678	52.5668	45.6338	30.9522	1	1	1	1	1	
328	75.6879	63.1749	101.343	109.844	91.7404	33.7341	43.3584	52.5622	45.6289	30.948	1	1	1	1	1	
329	75.6825	63.1675	101.336	109.826	91.7312	33.7313	43.3489	52.5576	45.6239	30.9437	1	1	1	1	1	
330	75.6771	63.16	101.329	109.809	91.722	33.7285	43.3393	52.553	45.6188	30.9394	1	1	1	1	1	
331	75.6717	63.1524	101.322	109.791	91.7126	33.7256	43.3296	52.5483	45.6137	30.935	1	1	1	1	1	
332	75.6662	63.1447	101.315	109.773	91.7032	33.7227	43.3198	52.5436	45.6085	30.9305	1	1	1	1	1	
333	75.6606	63.1369	101.307	109.755	91.6936	33.7197	43.3099	52.5388	45.6033	30.926	1	1	1	1	1	
334	75.655	63.1291	101.3	109.736	91.6839	33.7168	43.2998	52.5339	45.598	30.9215	1	1	1	1	1	
335	75.6493	63.1211	101.293	109.718	91.6741	33.7138	43.2897	52.529	45.5927	30.9169	1	1	1	1	1	
336	75.6435	63.1131	101.285	109.699	91.6643	33.7107	43.2794	52.5241	45.5873	30.9123	1	1	1	1	1	
337	75.6377	63.105	101.278	109.68	91.6543	33.7076	43.269	52.5191	45.5818	30.9076	1	1	1	1	1	
338	75.6318	63.0967	101.27	109.661	91.6441	33.7045	43.2585	52.514	45.5763	30.9029	1	1	1	1	1	
339	75.6258	63.0884	101.262	109.641	91.6339	33.7013	43.2479	52.5089	45.5707	30.8981	1	1	1	1	1	
340	75.6198	63.08	101.254	109.622	91.6235	33.6981	43.2372	52.5037	45.565	30.8932	1	1	1	1	1	
341	75.6137	63.0715	101.246	109.602	91.6131	33.6949	43.2263	52.4985	45.5593	30.8883	1	1	1	1	1	
342	75.6075	63.0629	101.238	109.582	91.6025	33.6916	43.2153	52.4932	45.5535	30.8833	1	1	1	1	1	
343	75.6013	63.0542	101.23	109.561	91.5918	33.6883	43.2042	52.4878	45.5477	30.8783	1	1	1	1	1	
344	75.5949	63.0453	101.222	109.541	91.5809	33.685	43.193	52.4824	45.5417	30.8733	1	1	1	1	1	
345	75.5886	63.0364	101.214	109.52	91.57	33.6816	43.1816	52.477	45.5357	30.8681	1	1	1	1	1	
346	75.5821	63.0274	101.205	109.499	91.5589	33.6781	43.1701	52.4714	45.5297	30.863	1	1	1	1	1	
347	75.5756	63.0183	101.197	109.478	91.5477	33.6747	43.1585	52.4658	45.5235	30.8577	1	1	1	1	1	
348	75.5689	63.009	101.188	109.456	91.5363	33.6712	43.1467	52.4602	45.5173	30.8524	1	1	1	1	1	
349	75.5623	62.9997	101.179	109.434	91.5249	33.6676	43.1349	52.4545	45.5111	30.8471	1	1	1	1	1	
350	75.5555	62.9902	101.171	109.412	91.5133	33.664	43.1228	52.4487	45.5047	30.8416	1	1	1	1	1	
351	75.5487	62.9807	101.162	109.39	91.5015	33.6603	43.1107	52.4429	45.4983	30.8362	1	1	1	1	1	
352	75.5417	62.971	101.153	109.368	91.4896	33.6567	43.0983	52.437	45.4918	30.8306	1	1	1	1	1	
353	75.5347	62.9612	101.144	109.345	91.4776	33.6529	43.0859	52.431	45.4852	30.825	1	1	1	1	1	
354	75.5276	62.9513	101.134	109.322	91.4655	33.6491	43.0733	52.425	45.4786	30.8194	1	1	1	1	1	
355	75.5205	62.9413	101.125	109.298	91.4532	33.6453	43.0606	52.4188	45.4719	30.8136	1	1	1	1	1	
356	75.5132	62.9311	101.116	109.275	91.4407	33.6414	43.0477	52.4127	45.4651	30.8078	1	1	1	1	1	
357	75.5059	62.9209	101.106	109.251	91.4281	33.6375	43.0346	52.4064	45.4582	30.802	1	1	1	1	1	
358	75.4985	62.9105	101.096	109.227	91.4154	33.6335	43.0215	52.4001	45.4512	30.796	1	1	1	1	1	
359	75.491	62.9	101.087	109.202	91.4025	33.6295	43.0081	52.3937	45.4441	30.79	1	1	1	1	1	
360	75.4834	62.8893	101.077	109.178	91.3895	33.6254	42.9946	52.3873	45.437	30.784	1	1	1	1	1	
361	75.4757	62.8786	101.067	109.153	91.3763	33.6213	42.981	52.3808	45.4298	30.7778	1	1	1	1	1	
362	75.4679	62.8677	101.057	109.127	91.363	33.6171	42.9672	52.3742	45.4225	30.7716	1	1	1	1	1	
363	75.46	62.8567	101.047	109.102	91.3495	33.6129	42.9532	52.3675	45.4151	30.7654	1	1	1	1	1	
364	75.4521	62.8455	101.036	109.076	91.3358	33.6086	42.939	52.3607	45.4076	30.759	1	1	1	1	1	
365	75.444	62.8342	101.026	109.05	91.322	33.6043	42.9247	52.3539	45.4001	30.7526	1	1	1	1	1	
366	75.4359	62.8228	101.015	109.023	91.308	33.5999	42.9103	52.347	45.3924	30.7461	1	1	1	1	1	
367	75.4276	62.8112	101.004	108.997	91.2939	33.5955	42.8956	52.34	45.3847	30.7395	1	1	1	1	1	
368	75.4193	62.7995	100.994	108.969	91.2795	33.591	42.8808	52.3329	45.3768	30.7329	1	1	1	1	1	
369	75.4108	62.7877	100.983	108.942	91.265	33.5864	42.8658	52.3258	45.3689	30.7262	1	1	1	1	1	
370	75.4023	62.7757	100.972	108.914	91.2504	33.5818	42.8507	52.3186	45.3609	30.7194	1	1	1	1	1	
371	75.3937	62.7636	100.96	108.886	91.2355	33.5771	42.8353	52.3113	45.3527	30.7125	1	1	1	1	1	
372	75.3849	62.7513	100.949	108.858	91.2205	33.5724	42.8198	52.3039	45.3445	30.7056	1	1	1	1	1	
373	75.3761	62.7388	100.937	108.829	91.2053	33.5676	42.8041	52.2964	45.3362	30.6985	1	1	1	1	1	
374	75.3671	62.7263	100.926	108.8	91.19	33.5627	42.7882	52.2889	45.3278	30.6914	1	1	1	1	1	
375	75.358	62.7135	100.914	108.77	91.1744	33.5578	42.7721	52.2812	45.3193	30.6842	1	1	1	1	1	
376	75.3489	62.7006	100.902	108.741	91.1586	33.5529	42.7558	52.2735	45.3106	30.677	1	1	1	1	1	
377	75.3396	62.6876	100.89	108.711	91.1427	33.5478	42.7393	52.2657	45.3019	30.6696	1	1	1	1	1	
378	75.3302	62.6744	100.878	108.68	91.1266	33.5427	42.7227	52.2578	45.2931	30.6622	1	1	1	1	1	
379	75.3207	62.661	100.866	108.649	91.1102	33.5375	42.7058	52.2498	45.2841	30.6546	1	1	1	1	1	
380	75.311	62.6474	100.853	108.618	91.0937	33.5323	42.6887	52.2417	45.2751	30.647	1	1	1	1	1	
381	75.3013	62.6337	100.84	108.586	91.077	33.527	42.6714	52.2335	45.2659	30.6393	1	1	1	1	1	
382	75.2914	62.6198	100.828	108.554	91.0601	33.5216	42.6539	52.2252	45.2566	30.6315	1	1	1	1	1	
383	75.2814	62.6058	100.815	108.522	91.0429	33.5162	42.6362	52.2168	45.2472	30.6236	1	1	1	1	1	
384	75.2713	62.5916	100.802	108.489	91.0256	33.5106	42.6183	52.2083	45.2377	30.6156	1	1	1	1	1	
385	75.2611	62.5772	100.788	108.456	91.008	33.505	42.6002	52.1998	45.2281	30.6076	1	1	1	1	1	
386	75.2507	62.5626	100.775	108.422	90.9902	33.4994	42.5818	52.1911	45.2184	30.5994	1	1	1	1	1	
387	75.2403	62.5478	100.761	108.388	90.9722	33.4936	42.5633	52.1823	45.2085	30.5911	1	1	1	1	1	
388	75.2296	62.5328	100.748	108.354	90.954	33.4878	42.5445	52.1735	45.1985	30.5828	1	1	1	1	1	
389	75.2189	62.5177	100.734	108.319	90.9356	33.4819	42.5254	52.1645	45.1884	30.5743	1	1	1	1	1	
390	75.208	62.5024	100.72	108.284	90.9169	33.476	42.5062	52.1554	45.1782	30.5657	1	1	1	1	1	
391	75.197	62.4868	100.705	108.248	90.898	33.4699	42.4867	52.1462	45.1678	30.5571	1	1	1	1	1	
392	75.1859	62.4711	100.691	108.212	90.8789	33.4638	42.4669	52.1369	45.1573	30.5483	1	1	1	1	1	
393	75.1746	62.4552	100.676	108.176	90.8595	33.4576	42.4469	52.1275	45.1467	30.5394	1	1	1	1	1	
394	75.1632	62.439	100.662	108.139	90.8399	33.4513	42.4267	52.118	45.136	30.5305	1	1	1	1	1	
395	75.1516	62.4227	100.647	108.101	90.82	33.4449	42.4062	52.1084	45.1251	30.5214	1	1	1	1	1	
396	75.1399	62.4061	100.632	108.063	90.7999	33.4384	42.3855	52.0986	45.1141	30.5122	1	1	1	1	1	
397	75.128	62.3894	100.616	108.025	90.7796	33.4319	42.3645	52.0888	45.1029	30.5029	1	1	1	1	1	
398	75.116	62.3724	100.601	107.986	90.759	33.4252	42.3432	52.0788	45.0916	30.4935	1	1	1	1	1	
399	75.1039	62.3552	100.585	107.946	90.7381	33.4185	42.3217	52.0687	45.0801	30.484	1	1	1	1	1	
400	75.0915	62.3378	100.569	107.907	90.7169	33.4117	42.2999	52.0585	45.0686	30.4744	1	1	1	1	1	
401	75.0791	62.3201	100.553	107.866	90.6955	33.4047	42.2778	52.0482	45.0568	30.4646	1	1	1	1	1	
402	75.0664	62.3023	100.537	107.825	90.6738	33.3977	42.2555	52.0377	45.0449	30.4548	1	1	1	1	1	
403	75.0537	62.2842	100.52	107.784	90.6519	33.3906	42.2329	52.0271	45.0329	30.4448	1	1	1	1	1	
404	75.0407	62.2658	100.503	107.742	90.6297	33.3834	42.21	52.0164	45.0207	30.4347	1	1	1	1	1	
405	75.0276	62.2472	100.486	107.7	90.6071	33.3761	42.1867	52.0056	45.0083	30.4245	1	1	1	1	1	
406	75.0143	62.2284	100.469	107.657	90.5843	33.3687	42.1633	51.9946	44.9958	30.4141	1	1	1	1	1	
407	75.0008	62.2093	100.452	107.613	90.5612	33.3612	42.1395	51.9836	44.9831	30.4037	1	1	1	1	1	
408	74.9872	62.19	100.434	107.569	90.5378	33.3536	42.1154	51.9723	44.9703	30.3931	1	1	1	1	1	
409	74.9734	62.1704	100.416	107.525	90.5141	33.3458	42.091	51.961	44.9573	30.3824	1	1	1	1	1	
410	74.9594	62.1506	100.398	107.479	90.4901	33.338	42.0662	51.9495	44.9441	30.3715	1	1	1	1	1	
411	74.9453	62.1305	100.38	107.434	90.4658	33.3301	42.0412	51.9378	44.9308	30.3605	1	1	1	1	1	
412	74.9309	62.1101	100.362	107.387	90.4412	33.322	42.0158	51.9261	44.9173	30.3494	1	1	1	1	1	
413	74.9164	62.0894	100.343	107.34	90.4162	33.3138	41.9902	51.9141	44.9036	30.3382	1	1	1	1	1	
414	74.9017	62.0685	100.324	107.293	90.3909	33.3055	41.9641	51.9021	44.8897	30.3268	1	1	1	1	1	
415	74.8868	62.0473	100.305	107.245	90.3653	33.2971	41.9378	51.8899	44.8757	30.3153	1	1	1	1	1	
416	74.8717	62.0258	100.285	107.196	90.3394	33.2886	41.9111	51.8775	44.8614	30.3036	1	1	1	1	1	
417	74.8563	62.004	100.266	107.146	90.3131	33.28	41.884	51.865	44.847	30.2918	1	1	1	1	1	
418	74.8408	61.9819	100.246	107.096	90.2865	33.2712	41.8566	51.8523	44.8324	30.2799	1	1	1	1	1	
419	74.8251	61.9596	100.225	107.046	90.2595	33.2623	41.8289	51.8395	44.8176	30.2678	1	1	1	1	1	
420	74.8092	61.9369	100.205	106.994	90.2321	33.2533	41.8008	51.8265	44.8026	30.2555	1	1	1	1	1	
421	74.7931	61.9139	100.184	106.942	90.2044	33.2441	41.7723	51.8134	44.7873	30.2431	1	1	1	1	1	
422	74.7767	61.8905	100.163	106.89	90.1763	33.2348	41.7434	51.8001	44.7719	30.2306	1	1	1	1	1	
423	74.7601	61.8669	100.142	106.836	90.1479	33.2254	41.7141	51.7866	44.7563	30.2179	1	1	1	1	1	
424	74.7434	61.8429	100.12	106.782	90.119	33.2158	41.6845	51.773	44.7405	30.205	1	1	1	1	1	
425	74.7263	61.8187	100.098	106.727	90.0898	33.2061	41.6545	51.7592	44.7245	30.192	1	1	1	1	1	
426	74.7091	61.794	100.076	106.672	90.0602	33.1962	41.624	51.7452	44.7082	30.1789	1	1	1	1	1	
427	74.6916	61.769	100.054	106.615	90.0302	33.1862	41.5932	51.7311	44.6917	30.1655	1	1	1	1	1	
428	74.6739	61.7437	100.031	106.558	89.9997	33.1761	41.5619	51.7167	44.675	30.152	1	1	1	1	1	
429	74.6559	61.718	100.008	106.5	89.9689	33.1658	41.5302	51.7022	44.6581	30.1384	1	1	1	1	1	
430	74.6377	61.692	99.9845	106.442	89.9376	33.1553	41.4981	51.6876	44.6409	30.1245	1	1	1	1	1	
431	74.6193	61.6656	99.9608	106.382	89.906	33.1447	41.4656	51.6727	44.6235	30.1105	1	1	1	1	1	
432	74.6006	61.6388	99.9368	106.322	89.8738	33.1339	41.4326	51.6576	44.6059	30.0964	1	1	1	1	1	
433	74.5816	61.6116	99.9125	106.261	89.8413	33.123	41.3991	51.6424	44.588	30.082	1	1	1	1	1	
434	74.5624	61.5841	99.8878	106.199	89.8082	33.1119	41.3652	51.6269	44.5699	30.0675	1	1	1	1	1	
435	74.5429	61.5561	99.8629	106.137	89.7748	33.1006	41.3308	51.6113	44.5515	30.0528	1	1	1	1	1	
436	74.5232	61.5278	99.8375	106.073	89.7408	33.0892	41.296	51.5955	44.5329	30.0379	1	1	1	1	1	
437	74.5031	61.499	99.8119	106.009	89.7064	33.0775	41.2607	51.5794	44.514	30.0228	1	1	1	1	1	
438	74.4828	61.4698	99.7859	105.943	89.6715	33.0657	41.2248	51.5632	44.4949	30.0075	1	1	1	1	1	
439	74.4622	61.4402	99.7595	105.877	89.6362	33.0537	41.1885	51.5467	44.4754	29.992	1	1	1	1	1	
440	74.4413	61.4102	99.7328	105.81	89.6003	33.0416	41.1517	51.5301	44.4558	29.9764	1	1	1	1	1	
441	74.4202	61.3797	99.7057	105.742	89.5639	33.0292	41.1143	51.5132	44.4358	29.9605	1	1	1	1	1	
442	74.3987	61.3488	99.6782	105.673	89.527	33.0166	41.0765	51.4961	44.4155	29.9445	1	1	1	1	1	
443	74.3769	61.3174	99.6504	105.603	89.4896	33.0039	41.0381	51.4788	44.395	29.9282	1	1	1	1	1	
444	74.3548	61.2856	99.6221	105.532	89.4516	32.9909	40.9991	51.4612	44.3742	29.9118	1	1	1	1	1	
445	74.3324	61.2532	99.5935	105.46	89.4131	32.9778	40.9596	51.4435	44.353	29.8951	1	1	1	1	1	
446	74.3096	61.2204	99.5645	105.387	89.3741	32.9644	40.9195	51.4255	44.3316	29.8783	1	1	1	1	1	
447	74.2866	61.1872	99.535	105.313	89.3344	32.9508	40.8789	51.4072	44.3099	29.8612	1	1	1	1	1	
448	74.2632	61.1534	99.5052	105.238	89.2943	32.937	40.8377	51.3888	44.2878	29.8439	1	1	1	1	1	
449	74.2395	61.1191	99.4749	105.162	89.2535	32.923	40.7958	51.37	44.2655	29.8263	1	1	1	1	1	
450	74.2154	61.0843	99.4442	105.085	89.2121	32.9087	40.7534	51.3511	44.2428	29.8086	1	1	1	1	1	
451	74.191	61.0489	99.4131	105.006	89.1702	32.8942	40.7103	51.3318	44.2198	29.7906	1	1	1	1	1	
452	74.1662	61.013	99.3815	104.927	89.1276	32.8795	40.6667	51.3124	44.1964	29.7725	1	1	1	1	1	
453	74.141	60.9766	99.3494	104.846	89.0844	32.8645	40.6223	51.2926	44.1727	29.754	1	1	1	1	1	
454	74.1155	60.9396	99.317	104.764	89.0405	32.8493	40.5773	51.2726	44.1487	29.7354	1	1	1	1	1	
455	74.0896	60.902	99.284	104.681	88.996	32.8338	40.5317	51.2524	44.1243	29.7165	1	1	1	1	1	
456	74.0633	60.8639	99.2506	104.597	88.9509	32.8181	40.4854	51.2319	44.0996	29.6974	1	1	1	1	1	
457	74.0366	60.8251	99.2167	104.512	88.905	32.8021	40.4383	51.211	44.0744	29.678	1	1	1	1	1	
458	74.0096	60.7858	99.1823	104.425	88.8585	32.7859	40.3906	51.1899	44.049	29.6584	1	1	1	1	1	
459	73.9821	60.7458	99.1474	104.337	88.8113	32.7693	40.3422	51.1686	44.0231	29.6385	1	1	1	1	1	
460	73.9542	60.7052	99.1119	104.248	88.7634	32.7525	40.293	51.1469	43.9968	29.6184	1	1	1	1	1	
461	73.9259	60.664	99.076	104.157	88.7147	32.7354	40.2431	51.1249	43.9702	29.598	1	1	1	1	1	
462	73.8971	60.6221	99.0395	104.066	88.6653	32.718	40.1924	51.1027	43.9432	29.5774	1	1	1	1	1	
463	73.8679	60.5795	99.0025	103.972	88.6152	32.7003	40.1409	51.0801	43.9157	29.5565	1	1	1	1	1	
464	73.8383	60.5363	98.965	103.877	88.5642	32.6823	40.0887	51.0572	43.8878	29.5354	1	1	1	1	1	
465	73.8082	60.4923	98.9269	103.781	88.5125	32.664	40.0356	51.034	43.8595	29.514	1	1	1	1	1	
466	73.7776	60.4476	98.8882	103.684	88.46	32.6454	39.9817	51.0105	43.8308	29.4923	1	1	1	1	1	
467	73.7466	60.4023	98.849	103.585	88.4067	32.6265	39.9269	50.9867	43.8017	29.4703	1	1	1	1	1	
468	73.7151	60.3561	98.8091	103.484	88.3526	32.6072	39.8713	50.9625	43.7721	29.4481	1	1	1	1	1	
469	73.6831	60.3092	98.7687	103.382	88.2976	32.5876	39.8149	50.938	43.742	29.4255	1	1	1	1	1	
470	73.6505	60.2616	98.7276	103.278	88.2417	32.5676	39.7575	50.9132	43.7115	29.4027	1	1	1	1	1	
471	73.6175	60.2131	98.686	103.173	88.1849	32.5473	39.6992	50.888	43.6805	29.3796	1	1	1	1	1	
472	74.3306	60.9414	99.2928	103.726	88.8096	33.3032	39.8456	51.9753	44.9373	29.4768	1	1	1	1	1	
473	73.7614	60.3681	98.7534	103.09	88.2365	32.6956	39.6899	51.1143	43.9344	29.3562	1	1	1	1	1	
474	73.5789	60.1424	98.596	102.874	88.0529	32.5306	39.5623	50.8865	43.6723	29.3125	1	1	1	1	1	
475	73.4997	60.0355	98.5232	102.74	87.9605	32.4739	39.4717	50.8058	43.5777	29.2845	1	1	1	1	1	
476	74.234	60.7823	99.1481	103.31	88.6037	33.2507	39.6319	51.9222	44.8691	29.3832	1	1	1	1	1	
477	73.6421	60.185	98.5895	102.649	88.0088	32.6243	39.4585	51.0328	43.8314	29.2596	1	1	1	1	1	
478	73.4447	59.9414	98.4203	102.418	87.8114	32.4472	39.3168	50.7882	43.5496	29.2136	1	1	1	1	1	
479	74.1673	60.6666	99.0394	102.985	88.446	33.2154	39.4675	51.8927	44.8286	29.3103	1	1	1	1	1	
480	73.5513	60.0434	98.4618	102.301	87.8302	32.5693	39.278	50.9729	43.7548	29.1838	1	1	1	1	1	
481	73.3397	59.7832	98.2819	102.057	87.6205	32.3813	39.1234	50.7123	43.4543	29.1361	1	1	1	1	1	
482	74.0858	60.5316	98.9185	102.637	88.2736	33.1691	39.2916	51.8467	44.769	29.2339	1	1	1	1	1	
483	73.4529	59.8906	98.3263	101.934	87.6411	32.5092	39.0871	50.9065	43.6699	29.1052	1	1	1	1	1	
484	73.2289	59.6156	98.1367	101.677	87.4197	32.3113	38.92	50.6322	43.3534	29.0558	1	1	1	1	1	
485	73.9999	60.3892	98.7914	102.272	88.0922	33.1193	39.1077	51.7981	44.7055	29.1545	1	1	1	1	1	
486	73.3501	59.73	98.1845	101.549	87.4425	32.4456	38.8874	50.8376	43.5811	29.0236	1	1	1	1	1	
487	73.1129	59.4395	97.9846	101.279	87.2088	32.2374	38.7068	50.5491	43.2479	28.9724	1	1	1	1	1	
488	73.9097	60.2388	98.6579	101.888	87.9011	33.0658	38.9153	51.747	44.6384	29.072	1	1	1	1	1	
489	73.2426	59.561	98.036	101.144	87.234	32.3784	38.6783	50.7661	43.4884	28.939	1	1	1	1	1	
490	72.9916	59.2542	97.8253	100.86	86.9874	32.1594	38.4831	50.4627	43.1379	28.886	1	1	1	1	1	
491	73.815	60.0801	98.5174	101.483	87.6998	33.0083	38.7139	51.6934	44.5674	28.9863	1	1	1	1	1	
492	73.1303	59.3832	97.8804	100.718	87.0149	32.3072	38.4594	50.692	43.3917	28.8511	1	1	1	1	1	
493	73.8183	60.04	98.4689	101.248	87.6056	33.0236	38.6136	51.7448	44.6166	28.9325	1	1	1	1	1	
494	73.0779	59.2871	97.7879	100.434	86.8772	32.274	38.3284	50.6696	43.3583	28.7907	1	1	1	1	1	
495	73.7623	59.9369	98.3748	100.961	87.4664	32.9885	38.4781	51.7204	44.5811	28.8717	1	1	1	1	1	
496	73.0029	59.164	97.6792	100.129	86.7219	32.2249	38.1767	50.6225	43.2959	28.7284	1	1	1	1	1	
497	73.6983	59.8237	98.274	100.66	87.3194	32.9477	38.3351	51.6877	44.5358	28.8095	1	1	1	1	1	
498	72.9234	59.0343	97.5658	99.8118	86.5602	32.1726	38.0184	50.572	43.2287	28.6648	1	1	1	1	1	
499	73.6316	59.7057	98.1694	100.349	87.1667	32.9044	38.1875	51.6534	44.4879	28.746	1	1	1	1	1	
500	72.8414	58.8997	97.4487	99.4832	86.3929	32.1182	37.8549	50.5201	43.1593	28.5998	1	1	1	1	1	
501	73.5628	59.5831	98.0612	100.025	87.0085	32.859	38.0353	51.618	44.4382	28.6809	1	1	1	1	1	
502	72.7568	58.7601	97.3277	99.1426	86.2196	32.0615	37.6862	50.4669	43.0879	28.5333	1	1	1	1	1	
503	73.4917	59.4558	97.9491	99.6897	86.8442	32.8112	37.8784	51.5815	44.3867	28.6142	1	1	1	1	1	
504	72.6699	58.6155	97.2027	98.7893	86.04	32.0024	37.5122	50.4126	43.0144	28.4653	1	1	1	1	1	
505	73.4184	59.3235	97.833	99.3408	86.6738	32.7609	37.7165	51.544	44.3333	28.5459	1	1	1	1	1	
506	72.5803	58.4654	97.0735	98.4225	85.854	31.9409	37.3326	50.357	42.939	28.3958	1	1	1	1	1	
507	73.3427	59.1859	97.7126	98.9782	86.4968	32.7079	37.5495	51.5053	44.278	28.476	1	1	1	1	1	
508	72.4881	58.3096	96.94	98.0416	85.661	31.8768	37.1471	50.3001	42.8614	28.3247	1	1	1	1	1	
509	73.2645	59.0427	97.5879	98.601	86.3129	32.6521	37.377	51.4655	44.2207	28.4046	1	1	1	1	1	
510	72.3931	58.1478	96.8018	97.6458	85.4609	31.8098	36.9555	50.2419	42.7816	28.2522	1	1	1	1	1	
511	73.1837	58.8937	97.4586	98.2085	86.1217	32.5932	37.1989	51.4246	44.1614	28.3316	1	1	1	1	1	
512	72.2952	57.9798	96.659	97.2344	85.2532	31.74	36.7575	50.1823	42.6996	28.1782	1	1	1	1	1	
513	73.1004	58.7384	97.3243	97.7997	85.9229	32.5312	37.0148	51.3824	44.0998	28.2571	1	1	1	1	1	
514	72.1944	57.805	96.511	96.8063	85.0376	31.667	36.5528	50.1214	42.6152	28.1027	1	1	1	1	1	
515	73.0142	58.5766	97.185	97.3736	85.716	32.4657	36.8245	51.339	44.036	28.181	1	1	1	1	1	
516	72.0906	57.6231	96.3579	96.3606	84.8135	31.5907	36.3411	50.059	42.5284	28.0259	1	1	1	1	1	
517	72.9252	58.4077	97.0403	96.9294	85.5006	32.3966	36.6275	51.2943	43.9699	28.1036	1	1	1	1	1	
518	71.2303	58.1047	93.9415	101.058	85.4325	31.8662	35.4873	49.4164	42.3235	28.0905	1	1	1	1	1	
519	72.465	58.4748	95.99	98.5799	85.5696	32.6017	36.0232	50.8534	43.7322	28.1289	1	1	1	1	1	
520	71.6983	57.3316	95.6838	96.3103	84.4504	31.5479	35.7051	49.6958	42.2918	27.9025	1	1	1	1	1	
521	72.6549	58.0855	96.587	96.3902	85.0801	32.3174	36.1181	51.0871	43.7821	27.9463	1	1	1	1	1	
522	70.9343	57.7479	93.4106	100.425	84.9916	31.7461	34.9207	49.1821	42.1194	27.9378	1	1	1	1	1	
523	72.2199	58.129	95.5545	97.8451	85.1234	32.4823	35.536	50.6917	43.5626	27.9672	1	1	1	1	1	
524	71.4347	56.9294	95.2735	95.4332	83.9535	31.3893	35.1928	49.5181	42.0874	27.7364	1	1	1	1	1	
525	72.4349	57.7014	96.2216	95.4483	84.5894	32.1646	35.652	50.9624	43.6199	27.7766	1	1	1	1	1	
526	70.6443	57.3395	92.8854	99.5917	84.4894	31.604	34.3462	48.9678	41.9005	27.7728	1	1	1	1	1	
527	71.9685	57.7439	95.098	96.9795	84.6296	32.3393	35.0255	50.5341	43.3833	27.8005	1	1	1	1	1	
528	71.158	56.4893	94.8341	94.4535	83.4118	31.2113	34.6467	49.3369	41.8721	27.567	1	1	1	1	1	
529	71.3396	58.0403	93.1884	100.042	85.0094	32.4442	34.331	50.0909	43.3284	27.7945	1	1	1	1	1	
530	70.7483	56.461	93.8876	95.5023	83.3814	31.2454	34.1144	48.9028	41.7862	27.5547	1	1	1	1	1	
531	71.9319	57.1431	95.293	94.5994	83.8691	32.0003	34.7392	50.5691	43.3128	27.539	1	1	1	1	1	
532	70.1105	56.7021	91.8641	98.4945	83.709	31.3829	33.3126	48.5346	41.5612	27.5316	1	1	1	1	1	
533	71.518	57.1148	94.2626	95.6815	83.8245	32.1109	34.1387	50.2259	43.0794	27.5387	1	1	1	1	1	
534	70.6843	55.7619	94.0649	92.9028	82.5187	30.9208	33.7206	49.0157	41.5171	27.2997	1	1	1	1	1	
535	70.8691	57.3717	92.2386	98.6265	84.159	32.2216	33.3586	49.7472	43.009	27.5321	1	1	1	1	1	
536	70.2403	55.7116	93.006	93.9497	82.464	30.9511	33.1244	48.5474	41.4177	27.2915	1	1	1	1	1	
537	71.496	56.4129	94.516	92.9079	82.9448	31.7019	33.8378	50.304	42.999	27.265	1	1	1	1	1	
538	69.5677	55.9188	90.8168	96.9114	82.7541	31.1106	32.209	48.1235	41.1654	27.2626	1	1	1	1	1	
539	71.0362	56.3649	93.3417	94.0298	82.8735	31.818	33.159	49.9132	42.7381	27.2668	1	1	1	1	1	
540	70.1674	54.9176	93.1946	91.0577	81.4895	30.5743	32.6804	48.6774	41.1283	27.0304	1	1	1	1	1	
541	70.3405	56.5791	91.1385	96.9204	83.1608	31.9524	32.2478	49.3591	42.6416	27.2567	1	1	1	1	1	
542	69.6731	54.841	91.9818	92.1282	81.4063	30.6069	31.9941	48.1542	41.0087	27.0249	1	1	1	1	1	
543	70.9999	55.5587	93.6001	90.9418	81.8743	31.3427	32.7986	50.0022	42.6415	26.9888	1	1	1	1	1	
544	68.9578	55.0005	89.593	95.0361	81.6436	30.7937	30.9388	47.6608	40.723	26.9845	1	1	1	1	1	
545	70.4864	55.4811	92.2505	92.0829	81.7634	31.4631	32.0237	49.5535	42.3487	26.9915	1	1	1	1	1	
546	68.5651	54.8249	88.6061	95.2554	81.4529	30.724	30.1957	47.3023	40.615	26.9467	1	1	1	1	1	
547	70.1673	55.2304	91.5665	91.8997	81.4505	31.3888	31.456	49.2883	42.1871	26.9069	1	1	1	1	1	
548	69.2962	53.6147	91.6356	88.4466	79.9148	30.0524	30.95	48.0715	40.5278	26.667	1	1	1	1	1	
549	69.4733	55.3115	89.2485	94.2904	81.5793	31.5139	30.406	48.7027	42.0573	26.8834	1	1	1	1	1	
550	68.7712	53.4572	90.2604	89.2922	79.7412	30.0607	30.1592	47.5241	40.3821	26.6712	1	1	1	1	1	
551	69.0726	55.1034	88.182	94.3584	81.3361	31.4375	29.641	48.3266	41.9456	26.8495	1	1	1	1	1	
552	70.299	54.9856	90.9667	90.5261	80.8495	31.5655	31.0534	49.7598	42.7607	26.7014	1	1	1	1	1	
553	68.0305	54.0213	86.805	93.2072	80.2143	30.5879	28.899	46.9417	40.5339	26.6239	1	1	1	1	1	
554	69.5483	54.209	89.8853	89.4657	80.01	31.041	30.1165	48.921	41.9136	26.5662	1	1	1	1	1	
555	67.4516	53.3358	85.8184	92.2884	79.5488	30.2311	27.8266	46.4159	40.011	26.5543	1	1	1	1	1	
556	69.0966	53.6505	89.0974	88.5588	79.408	30.7621	29.2829	48.5503	41.5376	26.4844	1	1	1	1	1	
557	68.9287	54.6974	86.5338	92.9703	80.4586	31.6919	28.7911	48.5179	42.4215	26.5518	1	1	1	1	1	
558	68.0045	52.4093	87.8486	86.8354	78.1451	29.7903	28.5676	47.0139	40.2541	26.2989	1	1	1	1	1	
559	68.1239	53.7881	85.3293	91.4506	79.4933	31.0675	27.5662	47.6128	41.5656	26.4893	1	1	1	1	1	
560	69.3764	53.5277	88.4376	87.2182	78.8444	31.021	29.1649	49.183	42.3278	26.3283	1	1	1	1	1	
561	66.9221	52.3839	83.7603	89.6835	78.0798	30.0601	26.5171	46.0888	39.9547	26.2784	1	1	1	1	1	
562	68.4639	52.4943	87.0937	85.6504	77.7579	30.3461	27.9052	48.2022	41.2999	26.2263	1	1	1	1	1	
563	68.1444	53.3964	84.0742	89.921	78.6626	31.3074	27.0897	47.9724	42.0631	26.2788	1	1	1	1	1	
564	67.1691	51.0049	85.5609	83.5838	76.2901	29.2589	26.8943	46.4553	39.8391	26.0814	1	1	1	1	1	
565	67.1685	52.2771	82.4983	88.0404	77.5006	30.5689	25.5014	46.9146	41.0331	26.2558	1	1	1	1	1	
566	68.4548	51.9766	85.8119	83.6413	76.7747	30.3729	27.2804	48.6163	41.8369	26.1314	1	1	1	1	1	
567	65.8631	50.7187	80.5965	85.9925	75.9239	29.5104	24.2013	45.3241	39.3846	26.0825	1	1	1	1	1	
568	67.4128	50.7903	84.0986	81.7787	75.5062	29.6304	25.749	47.5423	40.7239	26.0676	1	1	1	1	1	
569	66.9649	51.562	80.46	85.8238	76.2113	30.6659	24.5957	47.1605	41.4118	26.0821	1	1	1	1	1	
570	66.0025	49.1563	82.2238	79.4137	73.8693	28.5246	24.5623	45.721	39.2388	25.9827	1	1	1	1	1	
571	65.8726	50.3053	78.3891	83.6116	74.857	29.8733	22.7176	46.0524	40.3071	26.1192	1	1	1	1	1	
572	67.162	49.9472	81.8795	79.0598	73.9824	29.485	24.7233	47.867	41.1599	26.0516	1	1	1	1	1	
573	66.3645	50.3282	77.5965	82.8069	74.2392	30.4315	23.2819	47.0348	41.4717	25.9966	1	1	1	1	1	
574	65.2919	47.9101	79.3876	76.1843	71.7962	28.0912	23.3646	45.4378	39.1515	25.9688	1	1	1	1	1	
575	64.943	48.8266	74.8088	80.1521	72.4496	29.4173	20.9443	45.6014	40.0031	26.1016	1	1	1	1	1	
576	66.1594	48.3544	78.2611	75.4816	71.3749	28.8356	23.0231	47.4377	40.8194	26.0876	1	1	1	1	1	
577	65.1451	48.4871	73.2617	78.9783	71.2169	29.7949	21.1075	46.4638	40.9942	26.026	1	1	1	1	1	
578	64.0621	46.1721	75.2289	72.4458	68.7533	27.4052	21.5025	44.9214	38.7344	26.0778	1	1	1	1	1	
579	63.5697	46.8967	69.7525	76.1647	68.9507	28.727	18.5423	45.0396	39.459	26.2254	1	1	1	1	1	
580	64.6787	46.1871	73.0781	71.4446	67.4706	27.9746	20.7607	46.8706	40.2627	26.2131	1	1	1	1	1	
581	63.4416	45.9359	67.2915	74.6261	66.6461	28.9051	18.3588	45.8238	40.3061	26.1783	1	1	1	1	1	
582	63.1028	44.0733	72.1269	69.0896	64.6142	27.5739	24.0337	44.6365	40.0763	24.9671	1	1	1	1	1	
583	61.7231	43.4517	64.9172	71.9519	63.3122	28.4396	18.3728	44.0875	40.0425	25.3796	1	1	1	1	1	
584	60.5358	41.263	66.8581	65.8966	60.3336	25.9854	19.1327	42.9496	37.8618	25.7509	1	1	1	1	1	
585	59.9691	41.1484	60.0444	68.9248	59.3212	27.2694	15.0455	43.4266	38.4412	26.2046	1	1	1	1	1	
586	59.7187	35.609	65.062	63.6691	56.2467	26.308	20.7832	44.9081	37.6744	19.5913	1	1	1	1	1	
587	59.0328	35.7478	57.3054	66.335	54.6969	27.2472	14.8603	44.5502	38.1471	22.9396	1	1	1	1	1	
588	58.0758	33.3801	62.121	61.3561	52.2543	25.5747	20.3087	43.3075	38.1834	22.8863	1	1	1	1	1	
589	56.8625	33.1481	53.856	63.0444	50.7887	26.2365	13.8421	42.8478	38.0565	24.2916	1	1	1	1	1	
590	56.0357	32.5504	56.4914	58.2786	48.1884	23.9748	15.7543	42.2215	36.167	25.2662	1	1	1	1	1	
591	58.113	32.3084	55.4859	57.0747	47.6945	23.6686	15.0989	44.7674	37.217	25.7608	1	1	1	1	1	
592	52.3046	27.4515	57.5263	60.9186	46.5394	26.1917	18.084	38.8623	36.2559	19.9993	1	1	1	1	1	
593	53.529	29.464	55.5775	56.6811	44.9308	23.5792	16.1234	40.1305	34.6538	23.1024	1	1	1	1	1	
594	55.8666	30.2662	53.1328	55.5496	44.9643	22.9596	13.993	42.7323	35.6837	24.539	1	1	1	1	1	
595	50.1639	29.7863	53.1166	58.6723	44.1182	24.8921	14.2905	36.8136	34.741	23.805	1	1	1	1	1	
596	50.7832	30.4123	52.1624	54.5077	42.0179	22.0408	13.4352	37.457	32.4406	25.0538	1	1	1	1	1	
597	51.0529	26.7868	52.8164	53.0757	41.1186	21.1922	14.6936	37.9368	31.9911	21.0266	1	1	1	1	1	
598	50.3294	28.3137	50.9748	51.6722	40.2598	20.1042	13.019	37.1601	31.4559	23.111	1	1	1	1	1	
599	47.0956	28.9258	48.9874	50.3429	38.416	18.6335	10.9942	33.8638	29.4498	24.1335	1	1	1	1	1	
600	45.7876	28.2709	47.906	49.4209	37.7056	18.1359	10.2188	32.4638	29.1225	23.5451	1	1	1	1	1	
601	44.3564	27.6221	46.8268	48.7621	36.8916	17.6361	9.35984	31.0109	28.5381	23.0187	1	1	1	1	1	