
1	353.145
2	353.145
3	353.144
4	353.144
5	353.143
6	353.143
7	353.143
8	353.142
9	353.142
10	353.141
11	353.141
12	353.14
13	353.14
14	353.139
15	353.139
16	353.138
17	353.138
18	353.137
19	353.137
20	353.136
21	353.136
22	353.135
23	353.135
24	353.134
25	353.134
26	353.133
27	353.133
28	353.132
29	353.132
30	353.131
31	353.13
32	353.13
33	353.129
34	353.129
35	353.128
36	353.128
37	353.127
38	353.126
39	353.126
40	353.125
41	353.124
42	353.124
43	353.123
44	353.123
45	353.122
46	353.121
47	353.121
48	353.12
49	353.119
50	353.119
51	353.118
52	353.117
53	353.116
54	353.116
55	353.115
56	353.114
57	353.114
58	353.113
59	353.112
60	353.111
61	353.111
62	353.11
63	353.109
64	353.108
65	353.107
66	353.107
67	353.106
68	353.105
69	353.104
70	353.103
71	353.102
72	353.102
73	353.101
74	353.1
75	353.099
76	353.098
77	353.097
78	353.096
79	353.095
80	353.095
81	353.094
82	353.093
83	353.092
84	353.091
85	353.09
86	353.089
87	353.088
88	353.087
89	353.086
90	353.085
91	353.084
92	353.083
93	353.082
94	353.081
95	353.079
96	353.078
97	353.077
98	353.076
99	353.075
100	353.074
101	353.073
102	353.072
103	353.07
104	353.069
105	353.068
106	353.067
107	353.066
108	353.064
109	353.063
110	353.062
111	353.061
112	353.059
113	353.058
114	353.057
115	353.056
116	353.054
117	353.053
118	353.052
119	353.05
120	353.049
121	353.047
122	353.046
123	353.045
124	353.043
125	353.042
126	353.04
127	353.039
128	353.037
129	353.036
130	353.034
131	353.033
132	353.031
133	353.029
134	353.028
135	353.026
136	353.025
137	353.023
138	353.021
139	353.02
140	353.018
141	353.016
142	353.015
143	353.013
144	353.011
145	353.009
146	353.007
147	353.006
148	353.004
149	353.002
150	353
151	352.998
152	352.996
153	352.994
154	352.992
155	352.99
156	352.988
157	352.986
158	352.984
159	352.982
160	352.98
161	352.978
162	352.976
163	352.974
164	352.972
165	352.97
166	352.967
167	352.965
168	352.963
169	352.961
170	352.958
171	352.956
172	352.954
173	352.951
174	352.949
175	352.947
176	352.944
177	352.942
178	352.939
179	352.937
180	352.934
181	352.932
182	352.929
183	352.926
184	352.924
185	352.921
186	352.919
187	352.916
188	352.913
189	352.91
190	352.907
191	352.905
192	352.902
193	352.899
194	352.896
195	352.893
196	352.89
197	352.887
198	352.884
199	352.881
200	352.878
201	352.875
202	352.872
203	352.868
204	352.865
205	352.862
206	352.859
207	352.855
208	352.852
209	352.849
210	352.845
211	352.842
212	352.838
213	352.835
214	352.831
215	352.827
216	352.824
217	352.82
218	352.816
219	352.813
220	352.809
221	352.805
222	352.801
223	352.797
224	352.793
225	352.789
226	352.785
227	352.781
228	352.777
229	352.773
230	352.769
231	352.765
232	352.76
233	352.756
234	352.752
235	352.747
236	352.743
237	352.738
238	352.734
239	352.729
240	352.724
241	352.72
242	352.715
243	352.71
244	352.705
245	352.7
246	352.696
247	352.691
248	352.686
249	352.68
250	352.675
251	352.67
252	352.665
253	352.66
254	352.654
255	352.649
256	352.643
257	352.638
258	352.632
259	352.627
260	352.621
261	352.615
262	352.609
263	352.604
264	352.598
265	352.592
266	352.586
267	352.58
268	352.573
269	352.567
270	352.561
271	352.555
272	352.548
273	352.542
274	352.535
275	352.528
276	352.522
277	352.515
278	352.508
279	352.501
280	352.494
281	352.487
282	352.48
283	352.473
284	352.466
285	352.458
286	352.451
287	352.444
288	352.436
289	352.428
290	352.421
291	352.413
292	352.405
293	352.397
294	352.389
295	352.381
296	352.373
297	352.365
298	352.356
299	352.348
300	352.339
301	352.331
302	352.322
303	352.313
304	352.304
305	352.295
306	352.286
307	352.277
308	352.268
309	352.258
310	352.249
311	352.239
312	352.23
313	352.22
314	352.21
315	352.2
316	352.19
317	352.18
318	352.17
319	352.159
320	352.149
321	352.138
322	352.128
323	352.117
324	352.106
325	352.095
326	352.084
327	352.073
328	352.061
329	352.05
330	352.038
331	352.026
332	352.015
333	352.003
334	351.991
335	351.978
336	351.966
337	351.954
338	351.941
339	351.928
340	351.916
341	351.903
342	351.889
343	351.876
344	351.863
345	351.849
346	351.836
347	351.822
348	351.808
349	351.794
350	351.78
351	351.765
352	351.751
353	351.736
354	351.721
355	351.706
356	351.691
357	351.676
358	351.66
359	351.645
360	351.629
361	351.613
362	351.597
363	351.581
364	351.564
365	351.548
366	351.531
367	351.514
368	351.497
369	351.479
370	351.462
371	351.444
372	351.426
373	351.408
374	351.39
375	351.372
376	351.353
377	351.334
378	351.315
379	351.296
380	351.277
381	351.257
382	351.237
383	351.217
384	351.197
385	351.177
386	351.156
387	351.135
388	351.114
389	351.093
390	351.072
391	351.05
392	351.028
393	351.006
394	350.983
395	350.961
396	350.938
397	350.915
398	350.891
399	350.868
400	350.844
401	350.82
402	350.795
403	350.771
404	350.746
405	350.72
406	350.695
407	350.669
408	350.643
409	350.617
410	350.591
411	350.564
412	350.537
413	350.509
414	350.482
415	350.454
416	350.426
417	350.465
418	350.371
419	350.339
420	350.38
421	350.282
422	350.322
423	350.222
424	350.262
425	350.16
426	350.201
427	350.097
428	350.139
429	350.033
430	350.075
431	349.968
432	350.01
433	349.9
434	349.944
435	349.832
436	349.876
437	349.762
438	349.807
439	349.691
440	349.736
441	349.618
442	349.664
443	349.543
444	349.591
445	349.467
446	349.515
447	349.389
448	349.438
449	349.309
450	349.36
451	349.228
452	349.279
453	349.145
454	349.197
455	349.061
456	349.113
457	348.974
458	349.028
459	348.885
460	348.94
461	348.795
462	348.851
463	348.703
464	348.759
465	348.608
466	348.666
467	348.512
468	348.57
469	348.413
470	348.472
471	348.312
472	348.373
473	348.209
474	348.271
475	348.104
476	348.166
477	347.996
478	348.06
479	347.886
480	347.951
481	347.774
482	347.84
483	347.659
484	347.726
485	347.542
486	347.609
487	347.422
488	347.49
489	347.299
490	347.369
491	347.173
492	347.244
493	347.045
494	347.117
495	346.914
496	346.987
497	346.78
498	346.854
499	346.643
500	346.718
501	346.502
502	346.578
503	346.359
504	346.436
505	346.212
506	346.29
507	346.062
508	346.141
509	345.908
510	345.989
511	345.751
512	345.833
513	345.59
514	345.673
515	345.426
516	345.51
517	345.258
518	345.343
519	345.086
520	345.172
521	344.909
522	344.997
523	344.729
524	344.818
525	344.545
526	344.665
527	344.363
528	344.453
529	344.169
530	344.262
531	343.973
532	344.067
533	343.772
534	343.867
535	343.566
536	343.662
537	343.355
538	343.453
539	343.14
540	343.238
541	342.919
542	343.019
543	342.693
544	342.794
545	342.462
546	342.564
547	342.225
548	342.328
549	341.983
550	342.086
551	341.735
552	341.839
553	341.48
554	341.586
555	341.22
556	341.326
557	340.953
558	341.06
559	340.68
560	340.788
561	340.4
562	340.509
563	340.113
564	340.223
565	339.819
566	339.929
567	339.518
568	339.629
569	339.209
570	339.321
571	338.893
572	339.005
573	338.568
574	338.681
575	338.236
576	338.348
577	337.895
578	338.007
579	337.545
580	337.658
581	337.186
582	337.299
583	336.818
584	336.931
585	336.44
586	336.553
587	336.053
588	336.165
589	335.655
590	335.767
591	335.247
592	335.359
593	334.828
594	334.939
595	334.398
596	334.508
597	333.956
598	334.065
599	333.502
600	333.609
601	333.036
602	333.142
603	332.556
604	332.661
605	332.064
606	332.167
607	331.609
608	337.96
609	332.169
610	331.37
611	330.919
612	337.185
613	331.193
614	330.578
615	336.204
616	330.801
617	329.727
618	335.952
619	329.634
620	329.443
621	334.877
622	329.188
623	328.538
624	334.58
625	327.941
626	328.204
627	333.423
628	327.437
629	327.24
630	333.074
631	326.102
632	326.848
633	331.827
634	325.534
635	325.819
636	331.415
637	324.426
638	331.062
639	323.837
640	330.477
641	323.262
642	329.863
643	322.67
644	329.227
645	322.059
646	328.57
647	321.426
648	327.89
649	320.772
650	327.186
651	320.096
652	326.457
653	319.395
654	325.702
655	318.694
656	325.114
657	319.486
658	324.117
659	317.244
660	323.264
661	316.505
662	322.595
663	317.243
664	321.494
665	314.751
666	320.534
667	314.082
668	319.771
669	315.667
670	318.134
671	312.55
672	317.22
673	313.119
674	317.12
675	310.184
676	315.591
677	310.83
678	314.039
679	309.021
680	312.518
681	309.111
682	312.248
683	306.348
684	310.349
685	307.42
686	308.187
687	303.552
688	308.135
689	303.727
690	305.568
691	301.715
692	303.479
693	300.911
694	302.938
695	297.885
696	300.34
697	298.568
698	297.724
699	294.001
700	296.913
701	293.793
702	293.653
703	291.428
704	290.954
705	289.258
706	289.519
707	285.395
708	285.277
709	285.401
710	281.608
711	283.87
712	279.329
713	276.403
714	274.422
715	272.632
716	269.665
717	265.116
718	258.336
719	243.497
720	229.961
721	219.427
722	182.473
723	154.39
724	111.45
725	101.777
726	87.7128
727	100.548