      1e+20 2.09347e+12 1.52634e+12     131.529     115.879     134.063     111.364     98.0051     116.675     49.2037     134.974     98.8989     89.2693     77.4919     122.066     125.355     87.9659     148.003     119.365     74.5453     112.414     117.154      78.721     103.097     109.142     82.8734     90.4434     79.9812     104.317       1e+20 2.09347e+12 1.52634e+12
2.09347e+12       1e+20 2.40917e+12     131.856     115.109     77.1038     146.014     112.929     92.6984     160.863     128.561     122.984     143.265     146.373     148.788     109.636     122.147     77.1298     98.8433     158.761     99.2018     92.8493     138.438     142.636     130.943     140.064     121.828     129.402     111.517 2.09347e+12       1e+20 2.40917e+12
1.52634e+12 2.40917e+12       1e+20     109.165     131.973      177.37     98.8585     180.499     177.054      146.24     112.361     134.373     115.109     122.654     93.0215     134.183     156.732     165.027     152.594     110.018     189.114     185.586     133.933     106.301       116.4     125.718     149.603     163.719      194.24 1.52634e+12 2.40917e+12       1e+20
1.31529e+12 1.31856e+12 1.09165e+12       1e+10     31.1127     72.6154     21.9545      93.086     79.2023     91.5478     4.24264     45.1774          43     56.0803     17.8885      28.178     73.0616     56.0803     50.4777     57.0701     95.5877     89.0225     60.6383     28.4429     24.7386     52.6118     64.4981     85.4225     106.217     131.529     131.856     109.165
1.15879e+12 1.15109e+12 1.31973e+12     31.1127       1e+10     45.3982     33.1361     62.2013     48.5489     70.0357     31.4006     18.0278     30.4138     38.9487     40.4969     9.48683     43.6578     38.9487     20.8806     47.3814     64.5368     58.2495      37.855     27.6586     16.1245     33.1059     35.4401     56.6127     75.1665     115.879     115.109     131.973
1.34063e+12 7.71038e+11  1.7737e+12     72.6154     45.3982       1e+10     78.5175     44.7214     20.3961     84.9588     71.1126     47.5395     68.6586      69.857     85.3756     44.5982     46.0977      27.313          25     82.8734     36.2215     27.1662     61.4003          72      61.131     63.6946     44.8219     55.5698     51.1566     134.063     77.1038      177.37
1.11364e+12 1.46014e+12 9.88585e+11     21.9545     33.1361     78.5175       1e+10     87.8009     79.4796          75     26.0768     38.2753     26.4008     39.5601      12.083     36.4966     65.1153      68.884     53.7587          37     93.5361     88.6397     47.1699     10.8167       17.72     38.0789     56.7274     75.8222     101.607     111.364     146.014     98.8585
9.80051e+11 1.12929e+12 1.80499e+12      93.086     62.2013     44.7214     87.8009       1e+10     24.3311     52.5547     93.6002      49.679     65.7419     58.2409     98.5951     68.0955     23.7697     69.0652     47.1699     71.8053     14.4222     20.2485     46.8402      77.666     71.5052     54.7814     31.3847     20.3961     13.8924     98.0051     112.929     180.499
1.16675e+12 9.26984e+11 1.77054e+12     79.2023     48.5489     20.3961     79.4796     24.3311       1e+10     68.2495     78.7464     42.7551     63.1981      60.531     88.5494     51.6624     30.0167     45.5412          29     74.4312     17.8885     9.89949     50.2195     70.8802     61.8466     55.1453     32.0156     36.8782     32.0156     116.675     92.6984     177.054
4.92037e+11 1.60863e+12  1.4624e+12     91.5478     70.0357     84.9588          75     52.5547     68.2495       1e+10     94.2603     52.1728     49.0306     35.6931      86.977     79.4292     38.8973     99.2975     70.6612     40.8167     66.7083     69.9714      32.249     64.7611     67.1193     39.0512     41.3401     32.6497     62.1691     49.2037     160.863      146.24
1.34974e+12 1.28561e+12 1.12361e+12     4.24264     31.4006     71.1126     26.0768     93.6002     78.7464     94.2603       1e+10     46.6154     46.0977          59     21.9545     27.2029     74.2428     53.3385     49.8197     60.6383      95.462     88.6172     62.9682     32.0156     27.1662     55.2268     65.7419     86.8159     106.527     134.974     128.561     112.361
9.88989e+11 1.22984e+12 1.34373e+12     45.1774     18.0278     47.5395     38.2753      49.679     42.7551     52.1728     46.6154       1e+10     21.2132     24.0832     48.9183     27.2947     28.0179     50.9313     24.1868     35.7771     55.4617     51.2445     20.2485     28.6356     21.9317     17.6918     19.4165     40.2492     63.4114     98.8989     122.984     134.373
8.92693e+11 1.43265e+12 1.15109e+12          43     30.4138     68.6586     26.4008     65.7419     63.1981     49.0306     46.0977     21.2132       1e+10     13.3417     38.4838     39.0512     42.0595     68.8186     44.5982     17.0294     74.0405     71.0211     21.2603     15.8114     19.9249     12.0416     34.5398     51.0882     79.6053     89.2693     143.265     115.109
7.74919e+11 1.46373e+12 1.22654e+12     56.0803     38.9487      69.857     39.5601     58.2409      60.531     35.6931          59     24.0832     13.3417       1e+10     51.6236     48.3011     34.7131     74.9533     48.0104          14      68.469     67.0075     11.4018     29.1204     32.1403     6.40312          29     41.1825     71.7844     77.4919     146.373     122.654
1.22066e+12 1.48788e+12 9.30215e+11     17.8885     40.4969     85.3756      12.083     98.5951     88.5494      86.977     21.9545     48.9183     38.4838     51.6236       1e+10     41.3038     76.3806     72.1734     61.3514     48.2597     103.465     98.0051     59.1692     22.8254     27.2029     50.1199     67.8823     87.4586     112.294     122.066     148.788     93.0215
1.25355e+12 1.09636e+12 1.34183e+12      28.178     9.48683     44.5982     36.4966     68.0955     51.6624     79.4292     27.2029     27.2947     39.0512     48.3011     41.3038       1e+10     51.4198      32.573     22.6716     56.0803     68.6804     61.5549     47.2969      33.541     21.9545     42.5441      43.566     64.5368     80.4487     125.355     109.636     134.183
8.79659e+11 1.22147e+12 1.56732e+12     73.0616     43.6578     46.0977     65.1153     23.7697     30.0167     38.8973     74.2428     28.0179     42.0595     34.7131     76.3806     51.4198       1e+10     62.9365     35.3553     48.5077     34.0147     33.9559     23.3452     54.6717     49.8197     31.0161     8.60233     13.1529     37.5766     87.9659     122.147     156.732
1.48003e+12 7.71298e+11 1.65027e+12     56.0803     38.9487      27.313      68.884     69.0652     45.5412     99.2975     53.3385     50.9313     68.8186     74.9533     72.1734      32.573     62.9365       1e+10     28.6531     85.4283     62.8172     53.8516          70     65.9242      54.231      68.593     58.1808     74.9533     77.4661     148.003     77.1298     165.027
1.19365e+12 9.88433e+11 1.52594e+12     50.4777     20.8806          25     53.7587     47.1699          29     70.6612     49.8197     24.1868     44.5982     48.0104     61.3514     22.6716     35.3553     28.6531       1e+10     59.9416     46.2277     38.8973     41.7732          47     36.2215     41.6173     29.7321     48.0937     58.6686     119.365     98.8433     152.594
7.45453e+11 1.58761e+12 1.10018e+12     57.0701     47.3814     82.8734          37     71.8053     74.4312     40.8167     60.6383     35.7771     17.0294          14     48.2597     56.0803     48.5077     85.4283     59.9416       1e+10     82.3893     81.0062     25.1794     28.6356     36.2353     19.4165          43     53.8516     85.1645     74.5453     158.761     110.018
1.12414e+12 9.92018e+11 1.89114e+12     95.5877     64.5368     36.2215     93.5361     14.4222     17.8885     66.7083      95.462     55.4617     74.0405      68.469     103.465     68.6804     34.0147     62.8172     46.2277     82.3893       1e+10     9.05539     57.2189     84.0952     76.3217     64.1327     39.8121      34.176          15     112.414     99.2018     189.114
1.17154e+12 9.28493e+11 1.85586e+12     89.0225     58.2495     27.1662     88.6397     20.2485     9.89949     69.9714     88.6172     51.2445     71.0211     67.0075     98.0051     61.5549     33.9559     53.8516     38.8973     81.0062     9.05539       1e+10     56.1427      79.712     71.1126     62.0725     38.0132     37.4433     24.0208     117.154     92.8493     185.586
 7.8721e+11 1.38438e+12 1.33933e+12     60.6383      37.855     61.4003     47.1699     46.8402     50.2195      32.249     62.9682     20.2485     21.2603     11.4018     59.1692     47.2969     23.3452          70     41.7732     25.1794     57.2189     56.1427       1e+10     36.3593     35.9026     9.21954     18.2483     30.2324      60.407      78.721     138.438     133.933
1.03097e+12 1.42636e+12 1.06301e+12     28.4429     27.6586          72     10.8167      77.666     70.8802     64.7611     32.0156     28.6356     15.8114     29.1204     22.8254      33.541     54.6717     65.9242          47     28.6356     84.0952      79.712     36.3593       1e+10     11.7047     27.2947     46.4004     65.1153      91.526     103.097     142.636     106.301
1.09142e+12 1.30943e+12   1.164e+12     24.7386     16.1245      61.131       17.72     71.5052     61.8466     67.1193     27.1662     21.9317     19.9249     32.1403     27.2029     21.9545     49.8197      54.231     36.2215     36.2353     76.3217     71.1126     35.9026     11.7047       1e+10     28.0713     41.2311     61.5873     85.1469     109.142     130.943       116.4
8.28734e+11 1.40064e+12 1.25718e+12     52.6118     33.1059     63.6946     38.0789     54.7814     55.1453     39.0512     55.2268     17.6918     12.0416     6.40312     50.1199     42.5441     31.0161      68.593     41.6173     19.4165     64.1327     62.0725     9.21954     27.2947     28.0713       1e+10     24.3311     39.2046      68.542     82.8734     140.064     125.718
9.04434e+11 1.21828e+12 1.49603e+12     64.4981     35.4401     44.8219     56.7274     31.3847     32.0156     41.3401     65.7419     19.4165     34.5398          29     67.8823      43.566     8.60233     58.1808     29.7321          43     39.8121     38.0132     18.2483     46.4004     41.2311     24.3311       1e+10     21.1896     45.2769     90.4434     121.828     149.603
7.99812e+11 1.29402e+12 1.63719e+12     85.4225     56.6127     55.5698     75.8222     20.3961     36.8782     32.6497     86.8159     40.2492     51.0882     41.1825     87.4586     64.5368     13.1529     74.9533     48.0937     53.8516      34.176     37.4433     30.2324     65.1153     61.5873     39.2046     21.1896       1e+10     32.1403     79.9812     129.402     163.719
1.04317e+12 1.11517e+12  1.9424e+12     106.217     75.1665     51.1566     101.607     13.8924     32.0156     62.1691     106.527     63.4114     79.6053     71.7844     112.294     80.4487     37.5766     77.4661     58.6686     85.1645          15     24.0208      60.407      91.526     85.1469      68.542     45.2769     32.1403       1e+10     104.317     111.517      194.24
      1e+20 2.09347e+12 1.52634e+12 1.31529e+12 1.15879e+12 1.34063e+12 1.11364e+12 9.80051e+11 1.16675e+12 4.92037e+11 1.34974e+12 9.88989e+11 8.92693e+11 7.74919e+11 1.22066e+12 1.25355e+12 8.79659e+11 1.48003e+12 1.19365e+12 7.45453e+11 1.12414e+12 1.17154e+12  7.8721e+11 1.03097e+12 1.09142e+12 8.28734e+11 9.04434e+11 7.99812e+11 1.04317e+12       1e+20 2.09347e+12 1.52634e+12
2.09347e+12       1e+20 2.40917e+12 1.31856e+12 1.15109e+12 7.71038e+11 1.46014e+12 1.12929e+12 9.26984e+11 1.60863e+12 1.28561e+12 1.22984e+12 1.43265e+12 1.46373e+12 1.48788e+12 1.09636e+12 1.22147e+12 7.71298e+11 9.88433e+11 1.58761e+12 9.92018e+11 9.28493e+11 1.38438e+12 1.42636e+12 1.30943e+12 1.40064e+12 1.21828e+12 1.29402e+12 1.11517e+12 2.09347e+12       1e+20 2.40917e+12
1.52634e+12 2.40917e+12       1e+20 1.09165e+12 1.31973e+12  1.7737e+12 9.88585e+11 1.80499e+12 1.77054e+12  1.4624e+12 1.12361e+12 1.34373e+12 1.15109e+12 1.22654e+12 9.30215e+11 1.34183e+12 1.56732e+12 1.65027e+12 1.52594e+12 1.10018e+12 1.89114e+12 1.85586e+12 1.33933e+12 1.06301e+12   1.164e+12 1.25718e+12 1.49603e+12 1.63719e+12  1.9424e+12 1.52634e+12 2.40917e+12       1e+20
