
1	1	1	1	1	1	1	69.6733	74.7994	69.9535	78.9603	83.1242	48.4111	52.1847	115.096	111.758	131.51	110.501	108.385	122.28	
2	1	1	1	1	1	1	69.6731	74.8011	69.9529	78.9603	83.1248	48.4102	52.1854	115.097	111.759	131.509	110.501	108.387	122.279	
3	1	1	1	1	1	1	69.6729	74.801	69.9528	78.9602	83.1248	48.41	52.1853	115.096	111.759	131.508	110.501	108.387	122.279	
4	1	1	1	1	1	1	69.6728	74.8009	69.9527	78.9602	83.1247	48.4099	52.1853	115.096	111.759	131.508	110.501	108.387	122.279	
5	1	1	1	1	1	1	69.6727	74.8008	69.9527	78.9601	83.1247	48.4098	52.1852	115.096	111.759	131.508	110.501	108.387	122.279	
6	1	1	1	1	1	1	69.6726	74.8006	69.9526	78.96	83.1246	48.4096	52.1851	115.096	111.758	131.507	110.5	108.387	122.279	
7	1	1	1	1	1	1	69.6724	74.8005	69.9525	78.96	83.1246	48.4095	52.1851	115.096	111.758	131.507	110.5	108.387	122.279	
8	1	1	1	1	1	1	69.6723	74.8004	69.9525	78.9599	83.1245	48.4093	52.185	115.096	111.758	131.507	110.5	108.386	122.279	
9	1	1	1	1	1	1	69.6722	74.8003	69.9524	78.9598	83.1245	48.4092	52.1849	115.096	111.758	131.506	110.5	108.386	122.279	
10	1	1	1	1	1	1	69.6721	74.8002	69.9523	78.9598	83.1244	48.409	52.1849	115.095	111.758	131.506	110.5	108.386	122.278	
11	1	1	1	1	1	1	69.6719	74.8	69.9522	78.9597	83.1244	48.4089	52.1848	115.095	111.758	131.506	110.5	108.386	122.278	
12	1	1	1	1	1	1	69.6718	74.7999	69.9522	78.9596	83.1243	48.4087	52.1847	115.095	111.758	131.505	110.5	108.386	122.278	
13	1	1	1	1	1	1	69.6717	74.7998	69.9521	78.9595	83.1243	48.4086	52.1846	115.095	111.758	131.505	110.5	108.386	122.278	
14	1	1	1	1	1	1	69.6715	74.7996	69.952	78.9595	83.1242	48.4084	52.1846	115.095	111.758	131.504	110.5	108.386	122.278	
15	1	1	1	1	1	1	69.6714	74.7995	69.9519	78.9594	83.1241	48.4083	52.1845	115.095	111.757	131.504	110.499	108.385	122.278	
16	1	1	1	1	1	1	69.6713	74.7994	69.9519	78.9593	83.1241	48.4081	52.1844	115.095	111.757	131.504	110.499	108.385	122.278	
17	1	1	1	1	1	1	69.6711	74.7992	69.9518	78.9593	83.124	48.4079	52.1844	115.094	111.757	131.503	110.499	108.385	122.277	
18	1	1	1	1	1	1	69.671	74.7991	69.9517	78.9592	83.124	48.4078	52.1843	115.094	111.757	131.503	110.499	108.385	122.277	
19	1	1	1	1	1	1	69.6708	74.799	69.9516	78.9591	83.1239	48.4076	52.1842	115.094	111.757	131.502	110.499	108.385	122.277	
20	1	1	1	1	1	1	69.6707	74.7988	69.9515	78.959	83.1239	48.4074	52.1841	115.094	111.757	131.502	110.499	108.385	122.277	
21	1	1	1	1	1	1	69.6705	74.7987	69.9515	78.959	83.1238	48.4073	52.1841	115.094	111.757	131.502	110.499	108.385	122.277	
22	1	1	1	1	1	1	69.6704	74.7986	69.9514	78.9589	83.1238	48.4071	52.184	115.094	111.757	131.501	110.499	108.385	122.277	
23	1	1	1	1	1	1	69.6702	74.7984	69.9513	78.9588	83.1237	48.4069	52.1839	115.093	111.757	131.501	110.499	108.384	122.277	
24	1	1	1	1	1	1	69.6701	74.7983	69.9512	78.9587	83.1236	48.4068	52.1838	115.093	111.756	131.5	110.498	108.384	122.277	
25	1	1	1	1	1	1	69.6699	74.7981	69.9511	78.9587	83.1236	48.4066	52.1838	115.093	111.756	131.5	110.498	108.384	122.276	
26	1	1	1	1	1	1	69.6698	74.798	69.9511	78.9586	83.1235	48.4064	52.1837	115.093	111.756	131.499	110.498	108.384	122.276	
27	1	1	1	1	1	1	69.6696	74.7978	69.951	78.9585	83.1234	48.4062	52.1836	115.093	111.756	131.499	110.498	108.384	122.276	
28	1	1	1	1	1	1	69.6695	74.7977	69.9509	78.9584	83.1234	48.4061	52.1835	115.093	111.756	131.498	110.498	108.384	122.276	
29	1	1	1	1	1	1	69.6693	74.7975	69.9508	78.9583	83.1233	48.4059	52.1834	115.092	111.756	131.498	110.498	108.383	122.276	
30	1	1	1	1	1	1	69.6692	74.7974	69.9507	78.9582	83.1233	48.4057	52.1833	115.092	111.756	131.498	110.498	108.383	122.276	
31	1	1	1	1	1	1	69.669	74.7972	69.9506	78.9582	83.1232	48.4055	52.1833	115.092	111.756	131.497	110.498	108.383	122.276	
32	1	1	1	1	1	1	69.6688	74.7971	69.9505	78.9581	83.1231	48.4053	52.1832	115.092	111.755	131.497	110.497	108.383	122.275	
33	1	1	1	1	1	1	69.6687	74.7969	69.9504	78.958	83.1231	48.4051	52.1831	115.092	111.755	131.496	110.497	108.383	122.275	
34	1	1	1	1	1	1	69.6685	74.7968	69.9504	78.9579	83.123	48.4049	52.183	115.091	111.755	131.496	110.497	108.383	122.275	
35	1	1	1	1	1	1	69.6683	74.7966	69.9503	78.9578	83.1229	48.4048	52.1829	115.091	111.755	131.495	110.497	108.383	122.275	
36	1	1	1	1	1	1	69.6682	74.7964	69.9502	78.9577	83.1229	48.4046	52.1828	115.091	111.755	131.495	110.497	108.382	122.275	
37	1	1	1	1	1	1	69.668	74.7963	69.9501	78.9576	83.1228	48.4044	52.1827	115.091	111.755	131.494	110.497	108.382	122.275	
38	1	1	1	1	1	1	69.6678	74.7961	69.95	78.9575	83.1227	48.4042	52.1827	115.091	111.755	131.494	110.497	108.382	122.274	
39	1	1	1	1	1	1	69.6677	74.7959	69.9499	78.9575	83.1227	48.404	52.1826	115.091	111.754	131.493	110.497	108.382	122.274	
40	1	1	1	1	1	1	69.6675	74.7958	69.9498	78.9574	83.1226	48.4038	52.1825	115.09	111.754	131.493	110.496	108.382	122.274	
41	1	1	1	1	1	1	69.6673	74.7956	69.9497	78.9573	83.1225	48.4036	52.1824	115.09	111.754	131.492	110.496	108.381	122.274	
42	1	1	1	1	1	1	69.6671	74.7954	69.9496	78.9572	83.1224	48.4033	52.1823	115.09	111.754	131.492	110.496	108.381	122.274	
43	1	1	1	1	1	1	69.6669	74.7953	69.9495	78.9571	83.1224	48.4031	52.1822	115.09	111.754	131.491	110.496	108.381	122.274	
44	1	1	1	1	1	1	69.6668	74.7951	69.9494	78.957	83.1223	48.4029	52.1821	115.089	111.754	131.491	110.496	108.381	122.273	
45	1	1	1	1	1	1	69.6666	74.7949	69.9493	78.9569	83.1222	48.4027	52.182	115.089	111.754	131.49	110.496	108.381	122.273	
46	1	1	1	1	1	1	69.6664	74.7947	69.9492	78.9568	83.1222	48.4025	52.1819	115.089	111.753	131.49	110.495	108.381	122.273	
47	1	1	1	1	1	1	69.6662	74.7945	69.9491	78.9567	83.1221	48.4023	52.1818	115.089	111.753	131.489	110.495	108.38	122.273	
48	1	1	1	1	1	1	69.666	74.7944	69.949	78.9566	83.122	48.4021	52.1817	115.089	111.753	131.488	110.495	108.38	122.273	
49	1	1	1	1	1	1	69.6658	74.7942	69.9489	78.9565	83.1219	48.4018	52.1816	115.088	111.753	131.488	110.495	108.38	122.272	
50	1	1	1	1	1	1	69.6656	74.794	69.9488	78.9564	83.1219	48.4016	52.1815	115.088	111.753	131.487	110.495	108.38	122.272	
51	1	1	1	1	1	1	69.6654	74.7938	69.9486	78.9563	83.1218	48.4014	52.1814	115.088	111.753	131.487	110.495	108.38	122.272	
52	1	1	1	1	1	1	69.6652	74.7936	69.9485	78.9562	83.1217	48.4012	52.1813	115.088	111.752	131.486	110.495	108.379	122.272	
53	1	1	1	1	1	1	69.665	74.7934	69.9484	78.9561	83.1216	48.4009	52.1812	115.088	111.752	131.486	110.494	108.379	122.272	
54	1	1	1	1	1	1	69.6648	74.7932	69.9483	78.956	83.1215	48.4007	52.1811	115.087	111.752	131.485	110.494	108.379	122.272	
55	1	1	1	1	1	1	69.6646	74.793	69.9482	78.9559	83.1215	48.4005	52.181	115.087	111.752	131.484	110.494	108.379	122.271	
56	1	1	1	1	1	1	69.6644	74.7928	69.9481	78.9558	83.1214	48.4002	52.1809	115.087	111.752	131.484	110.494	108.379	122.271	
57	1	1	1	1	1	1	69.6642	74.7926	69.948	78.9556	83.1213	48.4	52.1808	115.087	111.752	131.483	110.494	108.378	122.271	
58	1	1	1	1	1	1	69.664	74.7924	69.9479	78.9555	83.1212	48.3997	52.1807	115.086	111.751	131.483	110.494	108.378	122.271	
59	1	1	1	1	1	1	69.6638	74.7922	69.9477	78.9554	83.1211	48.3995	52.1806	115.086	111.751	131.482	110.493	108.378	122.271	
60	1	1	1	1	1	1	69.6636	74.792	69.9476	78.9553	83.121	48.3992	52.1804	115.086	111.751	131.481	110.493	108.378	122.27	
61	1	1	1	1	1	1	69.6634	74.7918	69.9475	78.9552	83.1209	48.399	52.1803	115.086	111.751	131.481	110.493	108.378	122.27	
62	1	1	1	1	1	1	69.6631	74.7916	69.9474	78.9551	83.1209	48.3987	52.1802	115.085	111.751	131.48	110.493	108.377	122.27	
63	1	1	1	1	1	1	69.6629	74.7914	69.9473	78.955	83.1208	48.3985	52.1801	115.085	111.751	131.479	110.493	108.377	122.27	
64	1	1	1	1	1	1	69.6627	74.7912	69.9471	78.9548	83.1207	48.3982	52.18	115.085	111.75	131.479	110.493	108.377	122.27	
65	1	1	1	1	1	1	69.6625	74.791	69.947	78.9547	83.1206	48.398	52.1799	115.085	111.75	131.478	110.492	108.377	122.269	
66	1	1	1	1	1	1	69.6622	74.7907	69.9469	78.9546	83.1205	48.3977	52.1797	115.084	111.75	131.477	110.492	108.377	122.269	
67	1	1	1	1	1	1	69.662	74.7905	69.9468	78.9545	83.1204	48.3974	52.1796	115.084	111.75	131.477	110.492	108.376	122.269	
68	1	1	1	1	1	1	69.6618	74.7903	69.9466	78.9544	83.1203	48.3972	52.1795	115.084	111.75	131.476	110.492	108.376	122.269	
69	1	1	1	1	1	1	69.6615	74.7901	69.9465	78.9542	83.1202	48.3969	52.1794	115.084	111.749	131.475	110.492	108.376	122.268	
70	1	1	1	1	1	1	69.6613	74.7898	69.9464	78.9541	83.1201	48.3966	52.1793	115.083	111.749	131.475	110.491	108.376	122.268	
71	1	1	1	1	1	1	69.6611	74.7896	69.9462	78.954	83.12	48.3963	52.1791	115.083	111.749	131.474	110.491	108.375	122.268	
72	1	1	1	1	1	1	69.6608	74.7894	69.9461	78.9539	83.1199	48.3961	52.179	115.083	111.749	131.473	110.491	108.375	122.268	
73	1	1	1	1	1	1	69.6606	74.7891	69.946	78.9537	83.1198	48.3958	52.1789	115.082	111.749	131.473	110.491	108.375	122.268	
74	1	1	1	1	1	1	69.6603	74.7889	69.9458	78.9536	83.1197	48.3955	52.1787	115.082	111.749	131.472	110.491	108.375	122.267	
75	1	1	1	1	1	1	69.6601	74.7887	69.9457	78.9535	83.1196	48.3952	52.1786	115.082	111.748	131.471	110.49	108.374	122.267	
76	1	1	1	1	1	1	69.6598	74.7884	69.9456	78.9533	83.1195	48.3949	52.1785	115.082	111.748	131.47	110.49	108.374	122.267	
77	1	1	1	1	1	1	69.6596	74.7882	69.9454	78.9532	83.1194	48.3946	52.1784	115.081	111.748	131.47	110.49	108.374	122.267	
78	1	1	1	1	1	1	69.6593	74.7879	69.9453	78.9531	83.1193	48.3943	52.1782	115.081	111.748	131.469	110.49	108.374	122.266	
79	1	1	1	1	1	1	69.659	74.7877	69.9451	78.9529	83.1192	48.394	52.1781	115.081	111.747	131.468	110.49	108.373	122.266	
80	1	1	1	1	1	1	69.6588	74.7874	69.945	78.9528	83.1191	48.3937	52.1779	115.08	111.747	131.467	110.489	108.373	122.266	
81	1	1	1	1	1	1	69.6585	74.7872	69.9448	78.9527	83.119	48.3934	52.1778	115.08	111.747	131.467	110.489	108.373	122.266	
82	1	1	1	1	1	1	69.6582	74.7869	69.9447	78.9525	83.1189	48.3931	52.1777	115.08	111.747	131.466	110.489	108.373	122.265	
83	1	1	1	1	1	1	69.658	74.7867	69.9445	78.9524	83.1188	48.3928	52.1775	115.08	111.747	131.465	110.489	108.372	122.265	
84	1	1	1	1	1	1	69.6577	74.7864	69.9444	78.9522	83.1187	48.3925	52.1774	115.079	111.746	131.464	110.489	108.372	122.265	
85	1	1	1	1	1	1	69.6574	74.7861	69.9442	78.9521	83.1186	48.3921	52.1772	115.079	111.746	131.464	110.488	108.372	122.265	
86	1	1	1	1	1	1	69.6571	74.7859	69.9441	78.9519	83.1185	48.3918	52.1771	115.079	111.746	131.463	110.488	108.372	122.264	
87	1	1	1	1	1	1	69.6569	74.7856	69.9439	78.9518	83.1184	48.3915	52.1769	115.078	111.746	131.462	110.488	108.371	122.264	
88	1	1	1	1	1	1	69.6566	74.7853	69.9438	78.9517	83.1182	48.3912	52.1768	115.078	111.745	131.461	110.488	108.371	122.264	
89	1	1	1	1	1	1	69.6563	74.785	69.9436	78.9515	83.1181	48.3908	52.1767	115.078	111.745	131.46	110.487	108.371	122.264	
90	1	1	1	1	1	1	69.656	74.7848	69.9434	78.9513	83.118	48.3905	52.1765	115.077	111.745	131.459	110.487	108.37	122.263	
91	1	1	1	1	1	1	69.6557	74.7845	69.9433	78.9512	83.1179	48.3902	52.1763	115.077	111.745	131.459	110.487	108.37	122.263	
92	1	1	1	1	1	1	69.6554	74.7842	69.9431	78.951	83.1178	48.3898	52.1762	115.077	111.745	131.458	110.487	108.37	122.263	
93	1	1	1	1	1	1	69.6551	74.7839	69.943	78.9509	83.1177	48.3895	52.176	115.076	111.744	131.457	110.486	108.37	122.262	
94	1	1	1	1	1	1	69.6548	74.7836	69.9428	78.9507	83.1175	48.3891	52.1759	115.076	111.744	131.456	110.486	108.369	122.262	
95	1	1	1	1	1	1	69.6545	74.7833	69.9426	78.9506	83.1174	48.3888	52.1757	115.076	111.744	131.455	110.486	108.369	122.262	
96	1	1	1	1	1	1	69.6542	74.783	69.9425	78.9504	83.1173	48.3884	52.1756	115.075	111.744	131.454	110.486	108.369	122.262	
97	1	1	1	1	1	1	69.6539	74.7827	69.9423	78.9502	83.1172	48.388	52.1754	115.075	111.743	131.453	110.486	108.368	122.261	
98	1	1	1	1	1	1	69.6536	74.7824	69.9421	78.9501	83.117	48.3877	52.1752	115.075	111.743	131.452	110.485	108.368	122.261	
99	1	1	1	1	1	1	69.6532	74.7821	69.9419	78.9499	83.1169	48.3873	52.1751	115.074	111.743	131.451	110.485	108.368	122.261	
100	1	1	1	1	1	1	69.6529	74.7818	69.9418	78.9497	83.1168	48.3869	52.1749	115.074	111.743	131.45	110.485	108.367	122.26	
101	1	1	1	1	1	1	69.6526	74.7815	69.9416	78.9496	83.1167	48.3866	52.1747	115.073	111.742	131.45	110.484	108.367	122.26	
102	1	1	1	1	1	1	69.6523	74.7812	69.9414	78.9494	83.1165	48.3862	52.1746	115.073	111.742	131.449	110.484	108.367	122.26	
103	1	1	1	1	1	1	69.6519	74.7809	69.9412	78.9492	83.1164	48.3858	52.1744	115.073	111.742	131.448	110.484	108.366	122.259	
104	1	1	1	1	1	1	69.6516	74.7805	69.941	78.949	83.1163	48.3854	52.1742	115.072	111.741	131.447	110.484	108.366	122.259	
105	1	1	1	1	1	1	69.6513	74.7802	69.9408	78.9489	83.1161	48.385	52.174	115.072	111.741	131.446	110.483	108.366	122.259	
106	1	1	1	1	1	1	69.6509	74.7799	69.9407	78.9487	83.116	48.3846	52.1739	115.072	111.741	131.445	110.483	108.365	122.258	
107	1	1	1	1	1	1	69.6506	74.7796	69.9405	78.9485	83.1158	48.3842	52.1737	115.071	111.741	131.444	110.483	108.365	122.258	
108	1	1	1	1	1	1	69.6502	74.7792	69.9403	78.9483	83.1157	48.3838	52.1735	115.071	111.74	131.443	110.483	108.365	122.258	
109	1	1	1	1	1	1	69.6499	74.7789	69.9401	78.9481	83.1156	48.3834	52.1733	115.07	111.74	131.442	110.482	108.364	122.257	
110	1	1	1	1	1	1	69.6495	74.7785	69.9399	78.948	83.1154	48.383	52.1731	115.07	111.74	131.441	110.482	108.364	122.257	
111	1	1	1	1	1	1	69.6492	74.7782	69.9397	78.9478	83.1153	48.3826	52.1729	115.07	111.739	131.44	110.482	108.364	122.257	
112	1	1	1	1	1	1	69.6488	74.7778	69.9395	78.9476	83.1151	48.3822	52.1727	115.069	111.739	131.439	110.481	108.363	122.256	
113	1	1	1	1	1	1	69.6484	74.7775	69.9393	78.9474	83.115	48.3817	52.1726	115.069	111.739	131.437	110.481	108.363	122.256	
114	1	1	1	1	1	1	69.6481	74.7771	69.9391	78.9472	83.1148	48.3813	52.1724	115.068	111.739	131.436	110.481	108.363	122.256	
115	1	1	1	1	1	1	69.6477	74.7768	69.9389	78.947	83.1147	48.3809	52.1722	115.068	111.738	131.435	110.481	108.362	122.255	
116	1	1	1	1	1	1	69.6473	74.7764	69.9387	78.9468	83.1145	48.3804	52.172	115.067	111.738	131.434	110.48	108.362	122.255	
117	1	1	1	1	1	1	69.6469	74.776	69.9384	78.9466	83.1144	48.38	52.1718	115.067	111.738	131.433	110.48	108.361	122.255	
118	1	1	1	1	1	1	69.6465	74.7757	69.9382	78.9464	83.1142	48.3795	52.1716	115.067	111.737	131.432	110.48	108.361	122.254	
119	1	1	1	1	1	1	69.6461	74.7753	69.938	78.9462	83.1141	48.3791	52.1714	115.066	111.737	131.431	110.479	108.361	122.254	
120	1	1	1	1	1	1	69.6457	74.7749	69.9378	78.946	83.1139	48.3786	52.1712	115.066	111.737	131.43	110.479	108.36	122.254	
121	1	1	1	1	1	1	69.6453	74.7745	69.9376	78.9458	83.1138	48.3782	52.171	115.065	111.736	131.429	110.479	108.36	122.253	
122	1	1	1	1	1	1	69.6449	74.7741	69.9374	78.9456	83.1136	48.3777	52.1707	115.065	111.736	131.427	110.478	108.36	122.253	
123	1	1	1	1	1	1	69.6445	74.7738	69.9371	78.9453	83.1134	48.3772	52.1705	115.064	111.736	131.426	110.478	108.359	122.252	
124	1	1	1	1	1	1	69.6441	74.7734	69.9369	78.9451	83.1133	48.3767	52.1703	115.064	111.735	131.425	110.478	108.359	122.252	
125	1	1	1	1	1	1	69.6437	74.773	69.9367	78.9449	83.1131	48.3763	52.1701	115.063	111.735	131.424	110.477	108.358	122.252	
126	1	1	1	1	1	1	69.6433	74.7726	69.9365	78.9447	83.1129	48.3758	52.1699	115.063	111.735	131.423	110.477	108.358	122.251	
127	1	1	1	1	1	1	69.6429	74.7722	69.9362	78.9445	83.1128	48.3753	52.1697	115.062	111.734	131.421	110.477	108.358	122.251	
128	1	1	1	1	1	1	69.6424	74.7717	69.936	78.9443	83.1126	48.3748	52.1694	115.062	111.734	131.42	110.476	108.357	122.25	
129	1	1	1	1	1	1	69.642	74.7713	69.9358	78.944	83.1124	48.3743	52.1692	115.061	111.734	131.419	110.476	108.357	122.25	
130	1	1	1	1	1	1	69.6416	74.7709	69.9355	78.9438	83.1123	48.3738	52.169	115.061	111.733	131.418	110.476	108.356	122.25	
131	1	1	1	1	1	1	69.6411	74.7705	69.9353	78.9436	83.1121	48.3733	52.1688	115.06	111.733	131.416	110.475	108.356	122.249	
132	1	1	1	1	1	1	69.6407	74.7701	69.935	78.9433	83.1119	48.3728	52.1685	115.06	111.733	131.415	110.475	108.355	122.249	
133	1	1	1	1	1	1	69.6402	74.7696	69.9348	78.9431	83.1117	48.3722	52.1683	115.059	111.732	131.414	110.475	108.355	122.248	
134	1	1	1	1	1	1	69.6398	74.7692	69.9345	78.9429	83.1115	48.3717	52.1681	115.059	111.732	131.412	110.474	108.354	122.248	
135	1	1	1	1	1	1	69.6393	74.7688	69.9343	78.9426	83.1114	48.3712	52.1678	115.058	111.732	131.411	110.474	108.354	122.248	
136	1	1	1	1	1	1	69.6389	74.7683	69.934	78.9424	83.1112	48.3706	52.1676	115.058	111.731	131.41	110.474	108.354	122.247	
137	1	1	1	1	1	1	69.6384	74.7679	69.9338	78.9421	83.111	48.3701	52.1673	115.057	111.731	131.408	110.473	108.353	122.247	
138	1	1	1	1	1	1	69.6379	74.7674	69.9335	78.9419	83.1108	48.3695	52.1671	115.057	111.73	131.407	110.473	108.353	122.246	
139	1	1	1	1	1	1	69.6374	74.7669	69.9332	78.9416	83.1106	48.369	52.1668	115.056	111.73	131.406	110.472	108.352	122.246	
140	1	1	1	1	1	1	69.637	74.7665	69.933	78.9414	83.1104	48.3684	52.1666	115.056	111.73	131.404	110.472	108.352	122.245	
141	1	1	1	1	1	1	69.6365	74.766	69.9327	78.9411	83.1102	48.3679	52.1663	115.055	111.729	131.403	110.472	108.351	122.245	
142	1	1	1	1	1	1	69.636	74.7655	69.9324	78.9409	83.11	48.3673	52.1661	115.055	111.729	131.401	110.471	108.351	122.244	
143	1	1	1	1	1	1	69.6355	74.7651	69.9322	78.9406	83.1098	48.3667	52.1658	115.054	111.728	131.4	110.471	108.35	122.244	
144	1	1	1	1	1	1	69.635	74.7646	69.9319	78.9403	83.1096	48.3661	52.1656	115.054	111.728	131.398	110.47	108.35	122.243	
145	1	1	1	1	1	1	69.6345	74.7641	69.9316	78.9401	83.1094	48.3655	52.1653	115.053	111.728	131.397	110.47	108.349	122.243	
146	1	1	1	1	1	1	69.634	74.7636	69.9313	78.9398	83.1092	48.3649	52.165	115.052	111.727	131.396	110.47	108.349	122.242	
147	1	1	1	1	1	1	69.6334	74.7631	69.931	78.9395	83.109	48.3643	52.1648	115.052	111.727	131.394	110.469	108.348	122.242	
148	1	1	1	1	1	1	69.6329	74.7626	69.9308	78.9393	83.1088	48.3637	52.1645	115.051	111.726	131.392	110.469	108.348	122.241	
149	1	1	1	1	1	1	69.6324	74.7621	69.9305	78.939	83.1086	48.3631	52.1642	115.051	111.726	131.391	110.468	108.347	122.241	
150	1	1	1	1	1	1	69.6319	74.7616	69.9302	78.9387	83.1084	48.3625	52.1639	115.05	111.725	131.389	110.468	108.347	122.24	
151	1	1	1	1	1	1	69.6313	74.7611	69.9299	78.9384	83.1082	48.3619	52.1637	115.049	111.725	131.388	110.468	108.346	122.24	
152	1	1	1	1	1	1	69.6308	74.7605	69.9296	78.9381	83.1079	48.3612	52.1634	115.049	111.725	131.386	110.467	108.346	122.239	
153	1	1	1	1	1	1	69.6302	74.76	69.9293	78.9379	83.1077	48.3606	52.1631	115.048	111.724	131.385	110.467	108.345	122.239	
154	1	1	1	1	1	1	69.6297	74.7595	69.929	78.9376	83.1075	48.36	52.1628	115.048	111.724	131.383	110.466	108.345	122.238	
155	1	1	1	1	1	1	69.6291	74.7589	69.9287	78.9373	83.1073	48.3593	52.1625	115.047	111.723	131.381	110.466	108.344	122.238	
156	1	1	1	1	1	1	69.6285	74.7584	69.9283	78.937	83.107	48.3586	52.1622	115.046	111.723	131.38	110.465	108.343	122.237	
157	1	1	1	1	1	1	69.628	74.7578	69.928	78.9367	83.1068	48.358	52.1619	115.046	111.722	131.378	110.465	108.343	122.237	
158	1	1	1	1	1	1	69.6274	74.7573	69.9277	78.9364	83.1066	48.3573	52.1616	115.045	111.722	131.376	110.464	108.342	122.236	
159	1	1	1	1	1	1	69.6268	74.7567	69.9274	78.9361	83.1064	48.3566	52.1613	115.044	111.721	131.375	110.464	108.342	122.236	
160	1	1	1	1	1	1	69.6262	74.7561	69.9271	78.9358	83.1061	48.3559	52.161	115.044	111.721	131.373	110.463	108.341	122.235	
161	1	1	1	1	1	1	69.6256	74.7556	69.9267	78.9354	83.1059	48.3552	52.1607	115.043	111.72	131.371	110.463	108.341	122.235	
162	1	1	1	1	1	1	69.625	74.755	69.9264	78.9351	83.1056	48.3545	52.1604	115.042	111.72	131.369	110.462	108.34	122.234	
163	1	1	1	1	1	1	69.6244	74.7544	69.9261	78.9348	83.1054	48.3538	52.1601	115.042	111.719	131.368	110.462	108.339	122.233	
164	1	1	1	1	1	1	69.6238	74.7538	69.9257	78.9345	83.1051	48.3531	52.1597	115.041	111.719	131.366	110.462	108.339	122.233	
165	1	1	1	1	1	1	69.6232	74.7532	69.9254	78.9342	83.1049	48.3524	52.1594	115.04	111.718	131.364	110.461	108.338	122.232	
166	1	1	1	1	1	1	69.6225	74.7526	69.9251	78.9338	83.1046	48.3517	52.1591	115.039	111.718	131.362	110.461	108.338	122.232	
167	1	1	1	1	1	1	69.6219	74.752	69.9247	78.9335	83.1044	48.3509	52.1588	115.039	111.717	131.36	110.46	108.337	122.231	
168	1	1	1	1	1	1	69.6213	74.7514	69.9244	78.9332	83.1041	48.3502	52.1584	115.038	111.717	131.359	110.459	108.336	122.23	
169	1	1	1	1	1	1	69.6206	74.7507	69.924	78.9328	83.1039	48.3494	52.1581	115.037	111.716	131.357	110.459	108.336	122.23	
170	1	1	1	1	1	1	69.62	74.7501	69.9236	78.9325	83.1036	48.3486	52.1577	115.036	111.716	131.355	110.458	108.335	122.229	
171	1	1	1	1	1	1	69.6193	74.7495	69.9233	78.9321	83.1034	48.3479	52.1574	115.036	111.715	131.353	110.458	108.334	122.229	
172	1	1	1	1	1	1	69.6186	74.7488	69.9229	78.9318	83.1031	48.3471	52.1571	115.035	111.715	131.351	110.457	108.334	122.228	
173	1	1	1	1	1	1	69.6179	74.7482	69.9225	78.9314	83.1028	48.3463	52.1567	115.034	111.714	131.349	110.457	108.333	122.227	
174	1	1	1	1	1	1	69.6173	74.7475	69.9222	78.9311	83.1025	48.3455	52.1563	115.033	111.714	131.347	110.456	108.332	122.227	
175	1	1	1	1	1	1	69.6166	74.7469	69.9218	78.9307	83.1023	48.3447	52.156	115.033	111.713	131.345	110.456	108.332	122.226	
176	1	1	1	1	1	1	69.6159	74.7462	69.9214	78.9304	83.102	48.3439	52.1556	115.032	111.713	131.343	110.455	108.331	122.225	
177	1	1	1	1	1	1	69.6152	74.7455	69.921	78.93	83.1017	48.3431	52.1553	115.031	111.712	131.341	110.455	108.33	122.225	
178	1	1	1	1	1	1	69.6145	74.7448	69.9206	78.9296	83.1014	48.3423	52.1549	115.03	111.711	131.339	110.454	108.33	122.224	
179	1	1	1	1	1	1	69.6138	74.7441	69.9202	78.9292	83.1011	48.3414	52.1545	115.029	111.711	131.337	110.454	108.329	122.223	
180	1	1	1	1	1	1	69.613	74.7434	69.9199	78.9289	83.1008	48.3406	52.1541	115.029	111.71	131.335	110.453	108.328	122.223	
181	1	1	1	1	1	1	69.6123	74.7427	69.9195	78.9285	83.1006	48.3397	52.1538	115.028	111.71	131.333	110.452	108.327	122.222	
182	1	1	1	1	1	1	69.6116	74.742	69.919	78.9281	83.1003	48.3389	52.1534	115.027	111.709	131.33	110.452	108.327	122.221	
183	1	1	1	1	1	1	69.6108	74.7413	69.9186	78.9277	83.1	48.338	52.153	115.026	111.708	131.328	110.451	108.326	122.221	
184	1	1	1	1	1	1	69.6101	74.7406	69.9182	78.9273	83.0997	48.3371	52.1526	115.025	111.708	131.326	110.451	108.325	122.22	
185	1	1	1	1	1	1	69.6093	74.7399	69.9178	78.9269	83.0994	48.3362	52.1522	115.024	111.707	131.324	110.45	108.325	122.219	
186	1	1	1	1	1	1	69.6085	74.7391	69.9174	78.9265	83.099	48.3353	52.1518	115.024	111.707	131.322	110.449	108.324	122.218	
187	1	1	1	1	1	1	69.6077	74.7384	69.917	78.9261	83.0987	48.3344	52.1514	115.023	111.706	131.319	110.449	108.323	122.218	
188	1	1	1	1	1	1	69.607	74.7376	69.9165	78.9257	83.0984	48.3335	52.151	115.022	111.705	131.317	110.448	108.322	122.217	
189	1	1	1	1	1	1	69.6062	74.7368	69.9161	78.9253	83.0981	48.3326	52.1506	115.021	111.705	131.315	110.447	108.321	122.216	
190	1	1	1	1	1	1	69.6054	74.7361	69.9157	78.9249	83.0978	48.3316	52.1502	115.02	111.704	131.312	110.447	108.321	122.215	
191	1	1	1	1	1	1	69.6046	74.7353	69.9152	78.9244	83.0975	48.3307	52.1497	115.019	111.703	131.31	110.446	108.32	122.215	
192	1	1	1	1	1	1	69.6037	74.7345	69.9148	78.924	83.0971	48.3297	52.1493	115.018	111.703	131.308	110.446	108.319	122.214	
193	1	1	1	1	1	1	69.6029	74.7337	69.9143	78.9236	83.0968	48.3287	52.1489	115.017	111.702	131.305	110.445	108.318	122.213	
194	1	1	1	1	1	1	69.6021	74.7329	69.9139	78.9231	83.0965	48.3278	52.1484	115.016	111.701	131.303	110.444	108.317	122.212	
195	1	1	1	1	1	1	69.6012	74.7321	69.9134	78.9227	83.0961	48.3268	52.148	115.015	111.701	131.3	110.444	108.317	122.212	
196	1	1	1	1	1	1	69.6004	74.7313	69.9129	78.9223	83.0958	48.3258	52.1476	115.014	111.7	131.298	110.443	108.316	122.211	
197	1	1	1	1	1	1	69.5995	74.7304	69.9125	78.9218	83.0954	48.3248	52.1471	115.013	111.699	131.295	110.442	108.315	122.21	
198	1	1	1	1	1	1	69.5986	74.7296	69.912	78.9213	83.0951	48.3238	52.1467	115.012	111.699	131.293	110.441	108.314	122.209	
199	1	1	1	1	1	1	69.5978	74.7287	69.9115	78.9209	83.0947	48.3227	52.1462	115.011	111.698	131.29	110.441	108.313	122.208	
200	1	1	1	1	1	1	69.5969	74.7279	69.911	78.9204	83.0944	48.3217	52.1457	115.01	111.697	131.288	110.44	108.312	122.207	
201	1	1	1	1	1	1	69.596	74.727	69.9105	78.92	83.094	48.3206	52.1453	115.009	111.696	131.285	110.439	108.311	122.207	
202	1	1	1	1	1	1	69.5951	74.7261	69.91	78.9195	83.0937	48.3196	52.1448	115.008	111.696	131.282	110.439	108.311	122.206	
203	1	1	1	1	1	1	69.5942	74.7253	69.9095	78.919	83.0933	48.3185	52.1443	115.007	111.695	131.28	110.438	108.31	122.205	
204	1	1	1	1	1	1	69.5932	74.7244	69.909	78.9185	83.0929	48.3174	52.1438	115.006	111.694	131.277	110.437	108.309	122.204	
205	1	1	1	1	1	1	69.5923	74.7235	69.9085	78.918	83.0926	48.3163	52.1434	115.005	111.693	131.274	110.436	108.308	122.203	
206	1	1	1	1	1	1	69.5914	74.7225	69.908	78.9175	83.0922	48.3152	52.1429	115.004	111.693	131.272	110.436	108.307	122.202	
207	1	1	1	1	1	1	69.5904	74.7216	69.9075	78.917	83.0918	48.3141	52.1424	115.003	111.692	131.269	110.435	108.306	122.201	
208	1	1	1	1	1	1	69.5894	74.7207	69.907	78.9165	83.0914	48.313	52.1419	115.002	111.691	131.266	110.434	108.305	122.2	
209	1	1	1	1	1	1	69.5885	74.7198	69.9064	78.916	83.091	48.3118	52.1414	115.001	111.69	131.263	110.433	108.304	122.199	
210	1	1	1	1	1	1	69.5875	74.7188	69.9059	78.9155	83.0906	48.3107	52.1408	115	111.689	131.26	110.433	108.303	122.199	
211	1	1	1	1	1	1	69.5865	74.7178	69.9054	78.915	83.0902	48.3095	52.1403	114.999	111.689	131.257	110.432	108.302	122.198	
212	1	1	1	1	1	1	69.5855	74.7169	69.9048	78.9145	83.0898	48.3083	52.1398	114.997	111.688	131.254	110.431	108.301	122.197	
213	1	1	1	1	1	1	69.5845	74.7159	69.9043	78.9139	83.0894	48.3071	52.1393	114.996	111.687	131.252	110.43	108.3	122.196	
214	1	1	1	1	1	1	69.5835	74.7149	69.9037	78.9134	83.089	48.3059	52.1387	114.995	111.686	131.249	110.429	108.299	122.195	
215	1	1	1	1	1	1	69.5824	74.7139	69.9031	78.9129	83.0886	48.3047	52.1382	114.994	111.685	131.246	110.429	108.298	122.194	
216	1	1	1	1	1	1	69.5814	74.7129	69.9026	78.9123	83.0882	48.3035	52.1377	114.993	111.684	131.242	110.428	108.297	122.193	
217	1	1	1	1	1	1	69.5803	74.7119	69.902	78.9118	83.0877	48.3022	52.1371	114.991	111.684	131.239	110.427	108.296	122.192	
218	1	1	1	1	1	1	69.5792	74.7108	69.9014	78.9112	83.0873	48.301	52.1366	114.99	111.683	131.236	110.426	108.295	122.191	
219	1	1	1	1	1	1	69.5782	74.7098	69.9008	78.9107	83.0869	48.2997	52.136	114.989	111.682	131.233	110.425	108.294	122.19	
220	1	1	1	1	1	1	69.5771	74.7087	69.9002	78.9101	83.0864	48.2984	52.1354	114.988	111.681	131.23	110.424	108.293	122.189	
221	1	1	1	1	1	1	69.576	74.7077	69.8996	78.9095	83.086	48.2971	52.1349	114.987	111.68	131.227	110.423	108.292	122.188	
222	1	1	1	1	1	1	69.5749	74.7066	69.899	78.9089	83.0856	48.2958	52.1343	114.985	111.679	131.224	110.423	108.291	122.187	
223	1	1	1	1	1	1	69.5737	74.7055	69.8984	78.9083	83.0851	48.2945	52.1337	114.984	111.678	131.22	110.422	108.29	122.185	
224	1	1	1	1	1	1	69.5726	74.7044	69.8978	78.9077	83.0847	48.2932	52.1331	114.983	111.677	131.217	110.421	108.288	122.184	
225	1	1	1	1	1	1	69.5715	74.7033	69.8972	78.9071	83.0842	48.2918	52.1325	114.981	111.676	131.214	110.42	108.287	122.183	
226	1	1	1	1	1	1	69.5703	74.7022	69.8965	78.9065	83.0837	48.2905	52.1319	114.98	111.675	131.21	110.419	108.286	122.182	
227	1	1	1	1	1	1	69.5691	74.7011	69.8959	78.9059	83.0833	48.2891	52.1313	114.979	111.675	131.207	110.418	108.285	122.181	
228	1	1	1	1	1	1	69.568	74.6999	69.8953	78.9053	83.0828	48.2877	52.1307	114.977	111.674	131.203	110.417	108.284	122.18	
229	1	1	1	1	1	1	69.5668	74.6988	69.8946	78.9047	83.0823	48.2863	52.1301	114.976	111.673	131.2	110.416	108.283	122.179	
230	1	1	1	1	1	1	69.5656	74.6976	69.894	78.9041	83.0818	48.2849	52.1294	114.975	111.672	131.196	110.415	108.281	122.178	
231	1	1	1	1	1	1	69.5643	74.6964	69.8933	78.9034	83.0813	48.2834	52.1288	114.973	111.671	131.193	110.414	108.28	122.177	
232	1	1	1	1	1	1	69.5631	74.6952	69.8926	78.9028	83.0808	48.282	52.1281	114.972	111.67	131.189	110.413	108.279	122.175	
233	1	1	1	1	1	1	69.5619	74.694	69.8919	78.9021	83.0803	48.2805	52.1275	114.97	111.669	131.186	110.412	108.278	122.174	
234	1	1	1	1	1	1	69.5606	74.6928	69.8913	78.9015	83.0798	48.279	52.1268	114.969	111.668	131.182	110.411	108.277	122.173	
235	1	1	1	1	1	1	69.5593	74.6916	69.8906	78.9008	83.0793	48.2775	52.1262	114.968	111.667	131.178	110.41	108.275	122.172	
236	1	1	1	1	1	1	69.5581	74.6903	69.8899	78.9001	83.0788	48.276	52.1255	114.966	111.666	131.174	110.409	108.274	122.171	
237	1	1	1	1	1	1	69.5568	74.6891	69.8892	78.8995	83.0783	48.2745	52.1248	114.965	111.664	131.171	110.408	108.273	122.169	
238	1	1	1	1	1	1	69.5554	74.6878	69.8885	78.8988	83.0778	48.2729	52.1242	114.963	111.663	131.167	110.407	108.271	122.168	
239	1	1	1	1	1	1	69.5541	74.6865	69.8877	78.8981	83.0772	48.2714	52.1235	114.962	111.662	131.163	110.406	108.27	122.167	
240	1	1	1	1	1	1	69.5528	74.6852	69.887	78.8974	83.0767	48.2698	52.1228	114.96	111.661	131.159	110.405	108.269	122.166	
241	1	1	1	1	1	1	69.5514	74.6839	69.8863	78.8967	83.0761	48.2682	52.1221	114.959	111.66	131.155	110.404	108.268	122.164	
242	1	1	1	1	1	1	69.5501	74.6826	69.8855	78.896	83.0756	48.2666	52.1214	114.957	111.659	131.151	110.403	108.266	122.163	
243	1	1	1	1	1	1	69.5487	74.6812	69.8848	78.8953	83.075	48.2649	52.1206	114.955	111.658	131.147	110.402	108.265	122.162	
244	1	1	1	1	1	1	69.5473	74.6799	69.884	78.8945	83.0745	48.2633	52.1199	114.954	111.657	131.143	110.401	108.263	122.16	
245	1	1	1	1	1	1	69.5459	74.6785	69.8833	78.8938	83.0739	48.2616	52.1192	114.952	111.656	131.139	110.399	108.262	122.159	
246	1	1	1	1	1	1	69.5445	74.6771	69.8825	78.8931	83.0733	48.2599	52.1184	114.951	111.654	131.135	110.398	108.261	122.158	
247	1	1	1	1	1	1	69.543	74.6758	69.8817	78.8923	83.0728	48.2582	52.1177	114.949	111.653	131.13	110.397	108.259	122.156	
248	1	1	1	1	1	1	69.5416	74.6743	69.8809	78.8915	83.0722	48.2565	52.1169	114.947	111.652	131.126	110.396	108.258	122.155	
249	1	1	1	1	1	1	69.5401	74.6729	69.8802	78.8908	83.0716	48.2548	52.1162	114.946	111.651	131.122	110.395	108.256	122.154	
250	1	1	1	1	1	1	69.5386	74.6715	69.8793	78.89	83.071	48.253	52.1154	114.944	111.65	131.118	110.394	108.255	122.152	
251	1	1	1	1	1	1	69.5371	74.67	69.8785	78.8892	83.0704	48.2512	52.1146	114.942	111.648	131.113	110.392	108.253	122.151	
252	1	1	1	1	1	1	69.5356	74.6686	69.8777	78.8884	83.0698	48.2494	52.1138	114.941	111.647	131.109	110.391	108.252	122.149	
253	1	1	1	1	1	1	69.5341	74.6671	69.8769	78.8876	83.0692	48.2476	52.113	114.939	111.646	131.104	110.39	108.25	122.148	
254	1	1	1	1	1	1	69.5326	74.6656	69.8761	78.8868	83.0685	48.2458	52.1122	114.937	111.645	131.1	110.389	108.249	122.146	
255	1	1	1	1	1	1	69.531	74.6641	69.8752	78.886	83.0679	48.2439	52.1114	114.935	111.643	131.095	110.388	108.247	122.145	
256	1	1	1	1	1	1	69.5294	74.6625	69.8744	78.8852	83.0673	48.2421	52.1106	114.933	111.642	131.091	110.386	108.246	122.143	
257	1	1	1	1	1	1	69.5278	74.661	69.8735	78.8844	83.0666	48.2402	52.1098	114.932	111.641	131.086	110.385	108.244	122.142	
258	1	1	1	1	1	1	69.5262	74.6594	69.8726	78.8835	83.066	48.2383	52.1089	114.93	111.64	131.081	110.384	108.243	122.14	
259	1	1	1	1	1	1	69.5246	74.6578	69.8718	78.8827	83.0653	48.2363	52.1081	114.928	111.638	131.076	110.382	108.241	122.139	
260	1	1	1	1	1	1	69.5229	74.6562	69.8709	78.8818	83.0647	48.2344	52.1072	114.926	111.637	131.072	110.381	108.239	122.137	
261	1	1	1	1	1	1	69.5213	74.6546	69.87	78.881	83.064	48.2324	52.1064	114.924	111.636	131.067	110.38	108.238	122.136	
262	1	1	1	1	1	1	69.5196	74.653	69.8691	78.8801	83.0633	48.2304	52.1055	114.922	111.634	131.062	110.379	108.236	122.134	
263	1	1	1	1	1	1	69.5179	74.6513	69.8682	78.8792	83.0627	48.2284	52.1046	114.92	111.633	131.057	110.377	108.234	122.133	
264	1	1	1	1	1	1	69.5162	74.6497	69.8672	78.8783	83.062	48.2263	52.1037	114.918	111.631	131.052	110.376	108.233	122.131	
265	1	1	1	1	1	1	69.5145	74.648	69.8663	78.8774	83.0613	48.2243	52.1028	114.916	111.63	131.047	110.374	108.231	122.129	
266	1	1	1	1	1	1	69.5127	74.6463	69.8654	78.8765	83.0606	48.2222	52.1019	114.914	111.629	131.042	110.373	108.229	122.128	
267	1	1	1	1	1	1	69.511	74.6446	69.8644	78.8756	83.0599	48.2201	52.101	114.912	111.627	131.037	110.372	108.228	122.126	
268	1	1	1	1	1	1	69.5092	74.6428	69.8634	78.8747	83.0591	48.218	52.1001	114.91	111.626	131.031	110.37	108.226	122.124	
269	1	1	1	1	1	1	69.5074	74.6411	69.8625	78.8737	83.0584	48.2158	52.0991	114.908	111.624	131.026	110.369	108.224	122.123	
270	1	1	1	1	1	1	69.5056	74.6393	69.8615	78.8728	83.0577	48.2136	52.0982	114.906	111.623	131.021	110.367	108.222	122.121	
271	1	1	1	1	1	1	69.5037	74.6375	69.8605	78.8718	83.0569	48.2114	52.0972	114.904	111.621	131.015	110.366	108.22	122.119	
272	1	1	1	1	1	1	69.5019	74.6357	69.8595	78.8708	83.0562	48.2092	52.0962	114.902	111.62	131.01	110.364	108.219	122.117	
273	1	1	1	1	1	1	69.5	74.6339	69.8585	78.8699	83.0554	48.207	52.0953	114.9	111.618	131.004	110.363	108.217	122.116	
274	1	1	1	1	1	1	69.4981	74.632	69.8575	78.8689	83.0547	48.2047	52.0943	114.898	111.617	130.999	110.361	108.215	122.114	
275	1	1	1	1	1	1	69.4962	74.6301	69.8564	78.8679	83.0539	48.2024	52.0933	114.895	111.615	130.993	110.36	108.213	122.112	
276	1	1	1	1	1	1	69.4942	74.6282	69.8554	78.8669	83.0531	48.2001	52.0923	114.893	111.613	130.987	110.358	108.211	122.11	
277	1	1	1	1	1	1	69.4923	74.6263	69.8543	78.8658	83.0523	48.1977	52.0912	114.891	111.612	130.982	110.357	108.209	122.108	
278	1	1	1	1	1	1	69.4903	74.6244	69.8533	78.8648	83.0515	48.1954	52.0902	114.889	111.61	130.976	110.355	108.207	122.106	
279	1	1	1	1	1	1	69.4883	74.6225	69.8522	78.8638	83.0507	48.193	52.0892	114.886	111.609	130.97	110.354	108.205	122.104	
280	1	1	1	1	1	1	69.4863	74.6205	69.8511	78.8627	83.0499	48.1905	52.0881	114.884	111.607	130.964	110.352	108.203	122.102	
281	1	1	1	1	1	1	69.4842	74.6185	69.85	78.8617	83.0491	48.1881	52.087	114.882	111.605	130.958	110.35	108.201	122.101	
282	1	1	1	1	1	1	69.4822	74.6165	69.8489	78.8606	83.0482	48.1856	52.086	114.879	111.604	130.952	110.349	108.199	122.099	
283	1	1	1	1	1	1	69.4801	74.6144	69.8478	78.8595	83.0474	48.1831	52.0849	114.877	111.602	130.946	110.347	108.197	122.097	
284	1	1	1	1	1	1	69.478	74.6124	69.8467	78.8584	83.0465	48.1806	52.0838	114.875	111.6	130.94	110.345	108.195	122.095	
285	1	1	1	1	1	1	69.4759	74.6103	69.8455	78.8573	83.0457	48.178	52.0827	114.872	111.598	130.933	110.344	108.193	122.093	
286	1	1	1	1	1	1	69.4737	74.6082	69.8444	78.8562	83.0448	48.1754	52.0816	114.87	111.597	130.927	110.342	108.191	122.091	
287	1	1	1	1	1	1	69.4715	74.6061	69.8432	78.855	83.0439	48.1728	52.0804	114.867	111.595	130.921	110.34	108.188	122.088	
288	1	1	1	1	1	1	69.4693	74.6039	69.842	78.8539	83.043	48.1702	52.0793	114.865	111.593	130.914	110.339	108.186	122.086	
289	1	1	1	1	1	1	69.4671	74.6018	69.8408	78.8527	83.0421	48.1675	52.0781	114.862	111.591	130.908	110.337	108.184	122.084	
290	1	1	1	1	1	1	69.4649	74.5996	69.8396	78.8516	83.0412	48.1648	52.077	114.86	111.589	130.901	110.335	108.182	122.082	
291	1	1	1	1	1	1	69.4626	74.5973	69.8384	78.8504	83.0403	48.1621	52.0758	114.857	111.588	130.894	110.333	108.18	122.08	
292	1	1	1	1	1	1	69.4603	74.5951	69.8372	78.8492	83.0394	48.1593	52.0746	114.854	111.586	130.888	110.331	108.177	122.078	
293	1	1	1	1	1	1	69.458	74.5928	69.836	78.848	83.0385	48.1565	52.0734	114.852	111.584	130.881	110.33	108.175	122.076	
294	1	1	1	1	1	1	69.4557	74.5906	69.8347	78.8468	83.0375	48.1537	52.0722	114.849	111.582	130.874	110.328	108.173	122.073	
295	1	1	1	1	1	1	69.4533	74.5882	69.8335	78.8456	83.0366	48.1509	52.0709	114.846	111.58	130.867	110.326	108.17	122.071	
296	1	1	1	1	1	1	69.4509	74.5859	69.8322	78.8443	83.0356	48.148	52.0697	114.844	111.578	130.86	110.324	108.168	122.069	
297	1	1	1	1	1	1	69.4485	74.5835	69.8309	78.8431	83.0346	48.1451	52.0684	114.841	111.576	130.853	110.322	108.166	122.067	
298	1	1	1	1	1	1	69.4461	74.5812	69.8296	78.8418	83.0336	48.1421	52.0672	114.838	111.574	130.846	110.32	108.163	122.064	
299	1	1	1	1	1	1	69.4436	74.5787	69.8283	78.8405	83.0326	48.1391	52.0659	114.835	111.572	130.838	110.318	108.161	122.062	
300	1	1	1	1	1	1	69.4411	74.5763	69.827	78.8392	83.0316	48.1361	52.0646	114.832	111.57	130.831	110.316	108.158	122.06	
301	1	1	1	1	1	1	69.4386	74.5738	69.8256	78.8379	83.0306	48.1331	52.0633	114.829	111.568	130.824	110.314	108.156	122.057	
302	1	1	1	1	1	1	69.4361	74.5713	69.8243	78.8366	83.0296	48.13	52.0619	114.827	111.566	130.816	110.312	108.153	122.055	
303	1	1	1	1	1	1	69.4335	74.5688	69.8229	78.8353	83.0285	48.1269	52.0606	114.824	111.564	130.808	110.31	108.151	122.052	
304	1	1	1	1	1	1	69.4309	74.5663	69.8215	78.8339	83.0275	48.1237	52.0593	114.821	111.562	130.801	110.308	108.148	122.05	
305	1	1	1	1	1	1	69.4283	74.5637	69.8201	78.8325	83.0264	48.1205	52.0579	114.818	111.559	130.793	110.306	108.145	122.047	
306	1	1	1	1	1	1	69.4257	74.5611	69.8187	78.8312	83.0253	48.1173	52.0565	114.815	111.557	130.785	110.304	108.143	122.045	
307	1	1	1	1	1	1	69.423	74.5585	69.8173	78.8298	83.0243	48.1141	52.0551	114.811	111.555	130.777	110.302	108.14	122.042	
308	1	1	1	1	1	1	69.4203	74.5558	69.8158	78.8284	83.0232	48.1108	52.0537	114.808	111.553	130.769	110.3	108.137	122.04	
309	1	1	1	1	1	1	69.4175	74.5531	69.8144	78.8269	83.022	48.1075	52.0523	114.805	111.551	130.761	110.297	108.135	122.037	
310	1	1	1	1	1	1	69.4148	74.5504	69.8129	78.8255	83.0209	48.1041	52.0508	114.802	111.548	130.753	110.295	108.132	122.034	
311	1	1	1	1	1	1	69.412	74.5476	69.8114	78.8241	83.0198	48.1007	52.0494	114.799	111.546	130.745	110.293	108.129	122.032	
312	1	1	1	1	1	1	69.4092	74.5449	69.8099	78.8226	83.0186	48.0972	52.0479	114.796	111.544	130.736	110.291	108.126	122.029	
313	1	1	1	1	1	1	69.4063	74.5421	69.8084	78.8211	83.0175	48.0938	52.0464	114.792	111.541	130.728	110.289	108.124	122.026	
314	1	1	1	1	1	1	69.4034	74.5392	69.8069	78.8196	83.0163	48.0902	52.0449	114.789	111.539	130.719	110.286	108.121	122.024	
315	1	1	1	1	1	1	69.4005	74.5364	69.8054	78.8181	83.0151	48.0867	52.0434	114.786	111.537	130.711	110.284	108.118	122.021	
316	1	1	1	1	1	1	69.3976	74.5335	69.8038	78.8166	83.0139	48.0831	52.0419	114.782	111.534	130.702	110.282	108.115	122.018	
317	1	1	1	1	1	1	69.3946	74.5305	69.8022	78.815	83.0127	48.0795	52.0403	114.779	111.532	130.693	110.279	108.112	122.015	
318	1	1	1	1	1	1	69.3916	74.5276	69.8006	78.8135	83.0115	48.0758	52.0387	114.775	111.529	130.684	110.277	108.109	122.012	
319	1	1	1	1	1	1	69.3886	74.5246	69.799	78.8119	83.0103	48.0721	52.0372	114.772	111.527	130.675	110.274	108.106	122.009	
320	1	1	1	1	1	1	69.3855	74.5215	69.7974	78.8103	83.009	48.0683	52.0356	114.768	111.524	130.666	110.272	108.103	122.006	
321	1	1	1	1	1	1	69.3824	74.5185	69.7958	78.8087	83.0078	48.0645	52.0339	114.765	111.522	130.657	110.27	108.1	122.003	
322	1	1	1	1	1	1	69.3793	74.5154	69.7941	78.8071	83.0065	48.0607	52.0323	114.761	111.519	130.648	110.267	108.097	122	
323	1	1	1	1	1	1	69.3761	74.5123	69.7924	78.8054	83.0052	48.0568	52.0307	114.757	111.517	130.638	110.265	108.093	121.997	
324	1	1	1	1	1	1	69.3729	74.5091	69.7907	78.8037	83.0039	48.0528	52.029	114.754	111.514	130.629	110.262	108.09	121.994	
325	1	1	1	1	1	1	69.3697	74.5059	69.789	78.8021	83.0026	48.0489	52.0273	114.75	111.511	130.619	110.259	108.087	121.991	
326	1	1	1	1	1	1	69.3664	74.5027	69.7873	78.8004	83.0012	48.0448	52.0256	114.746	111.509	130.609	110.257	108.084	121.988	
327	1	1	1	1	1	1	69.3631	74.4994	69.7856	78.7987	82.9999	48.0408	52.0239	114.742	111.506	130.6	110.254	108.08	121.985	
328	1	1	1	1	1	1	69.3598	74.4961	69.7838	78.7969	82.9985	48.0366	52.0221	114.738	111.503	130.59	110.252	108.077	121.982	
329	1	1	1	1	1	1	69.3564	74.4928	69.782	78.7952	82.9972	48.0325	52.0204	114.735	111.5	130.58	110.249	108.074	121.979	
330	1	1	1	1	1	1	69.353	74.4894	69.7802	78.7934	82.9958	48.0283	52.0186	114.731	111.498	130.57	110.246	108.07	121.975	
331	1	1	1	1	1	1	69.3495	74.486	69.7784	78.7916	82.9944	48.024	52.0168	114.727	111.495	130.559	110.244	108.067	121.972	
332	1	1	1	1	1	1	69.346	74.4825	69.7766	78.7898	82.9929	48.0197	52.015	114.723	111.492	130.549	110.241	108.063	121.969	
333	1	1	1	1	1	1	69.3425	74.479	69.7747	78.788	82.9915	48.0154	52.0131	114.719	111.489	130.538	110.238	108.06	121.965	
334	1	1	1	1	1	1	69.339	74.4755	69.7729	78.7861	82.9901	48.011	52.0113	114.714	111.486	130.528	110.235	108.056	121.962	
335	1	1	1	1	1	1	69.3354	74.4719	69.771	78.7843	82.9886	48.0065	52.0094	114.71	111.483	130.517	110.232	108.053	121.958	
336	1	1	1	1	1	1	69.3317	74.4683	69.7691	78.7824	82.9871	48.002	52.0075	114.706	111.48	130.506	110.229	108.049	121.955	
337	1	1	1	1	1	1	69.3281	74.4647	69.7672	78.7805	82.9856	47.9974	52.0056	114.702	111.477	130.495	110.227	108.045	121.951	
338	1	1	1	1	1	1	69.3243	74.461	69.7652	78.7786	82.9841	47.9928	52.0036	114.697	111.474	130.484	110.224	108.042	121.948	
339	1	1	1	1	1	1	69.3206	74.4573	69.7632	78.7766	82.9826	47.9882	52.0017	114.693	111.471	130.473	110.221	108.038	121.944	
340	1	1	1	1	1	1	69.3168	74.4535	69.7613	78.7746	82.981	47.9834	51.9997	114.689	111.468	130.462	110.218	108.034	121.941	
341	1	1	1	1	1	1	69.313	74.4497	69.7593	78.7727	82.9794	47.9787	51.9977	114.684	111.465	130.45	110.215	108.03	121.937	
342	1	1	1	1	1	1	69.3091	74.4458	69.7572	78.7706	82.9779	47.9739	51.9957	114.68	111.461	130.439	110.212	108.026	121.933	
343	1	1	1	1	1	1	69.3052	74.4419	69.7552	78.7686	82.9762	47.969	51.9936	114.675	111.458	130.427	110.208	108.023	121.93	
344	1	1	1	1	1	1	69.3012	74.438	69.7531	78.7666	82.9746	47.964	51.9916	114.671	111.455	130.415	110.205	108.019	121.926	
345	1	1	1	1	1	1	69.2972	74.434	69.751	78.7645	82.973	47.959	51.9895	114.666	111.451	130.403	110.202	108.015	121.922	
346	1	1	1	1	1	1	69.2932	74.43	69.7489	78.7624	82.9713	47.954	51.9874	114.661	111.448	130.391	110.199	108.01	121.918	
347	1	1	1	1	1	1	69.2891	74.4259	69.7468	78.7603	82.9697	47.9489	51.9852	114.657	111.445	130.379	110.196	108.006	121.914	
348	1	1	1	1	1	1	69.285	74.4218	69.7446	78.7581	82.968	47.9437	51.9831	114.652	111.441	130.366	110.192	108.002	121.91	
349	1	1	1	1	1	1	69.2808	74.4176	69.7425	78.756	82.9663	47.9385	51.9809	114.647	111.438	130.354	110.189	107.998	121.906	
350	1	1	1	1	1	1	69.2766	74.4134	69.7403	78.7538	82.9645	47.9332	51.9787	114.642	111.434	130.341	110.186	107.994	121.902	
351	1	1	1	1	1	1	69.2723	74.4092	69.7381	78.7516	82.9628	47.9278	51.9765	114.637	111.431	130.328	110.182	107.989	121.898	
352	1	1	1	1	1	1	69.268	74.4048	69.7358	78.7494	82.961	47.9224	51.9742	114.632	111.427	130.316	110.179	107.985	121.894	
353	1	1	1	1	1	1	69.2636	74.4005	69.7335	78.7471	82.9592	47.9169	51.9719	114.627	111.424	130.302	110.176	107.981	121.89	
354	1	1	1	1	1	1	69.2592	74.3961	69.7313	78.7448	82.9574	47.9114	51.9696	114.622	111.42	130.289	110.172	107.976	121.885	
355	1	1	1	1	1	1	69.2548	74.3916	69.729	78.7425	82.9556	47.9058	51.9673	114.617	111.416	130.276	110.169	107.972	121.881	
356	1	1	1	1	1	1	69.2503	74.3871	69.7266	78.7402	82.9537	47.9001	51.965	114.611	111.413	130.262	110.165	107.967	121.877	
357	1	1	1	1	1	1	69.2457	74.3826	69.7243	78.7378	82.9519	47.8943	51.9626	114.606	111.409	130.249	110.161	107.963	121.872	
358	1	1	1	1	1	1	69.2411	74.378	69.7219	78.7354	82.95	47.8885	51.9602	114.601	111.405	130.235	110.158	107.958	121.868	
359	1	1	1	1	1	1	69.2365	74.3733	69.7195	78.733	82.9481	47.8827	51.9578	114.595	111.401	130.221	110.154	107.953	121.864	
360	1	1	1	1	1	1	69.2318	74.3686	69.7171	78.7306	82.9461	47.8767	51.9553	114.59	111.397	130.207	110.15	107.949	121.859	
361	1	1	1	1	1	1	69.227	74.3638	69.7146	78.7282	82.9442	47.8707	51.9528	114.584	111.393	130.192	110.147	107.944	121.854	
362	1	1	1	1	1	1	69.2222	74.359	69.7121	78.7257	82.9422	47.8646	51.9503	114.579	111.389	130.178	110.143	107.939	121.85	
363	1	1	1	1	1	1	69.2174	74.3541	69.7096	78.7232	82.9402	47.8584	51.9478	114.573	111.385	130.163	110.139	107.934	121.845	
364	1	1	1	1	1	1	69.2124	74.3492	69.7071	78.7206	82.9382	47.8522	51.9452	114.567	111.381	130.149	110.135	107.929	121.84	
365	1	1	1	1	1	1	69.2075	74.3442	69.7045	78.7181	82.9361	47.8459	51.9426	114.561	111.377	130.134	110.131	107.924	121.836	
366	1	1	1	1	1	1	69.2025	74.3392	69.702	78.7155	82.9341	47.8395	51.94	114.555	111.373	130.118	110.127	107.919	121.831	
367	1	1	1	1	1	1	69.1974	74.3341	69.6994	78.7129	82.932	47.833	51.9374	114.55	111.369	130.103	110.123	107.914	121.826	
368	1	1	1	1	1	1	69.1923	74.3289	69.6967	78.7102	82.9299	47.8265	51.9347	114.543	111.364	130.088	110.119	107.909	121.821	
369	1	1	1	1	1	1	69.1871	74.3237	69.6941	78.7075	82.9277	47.8199	51.932	114.537	111.36	130.072	110.115	107.904	121.816	
370	1	1	1	1	1	1	69.1819	74.3184	69.6914	78.7048	82.9256	47.8132	51.9293	114.531	111.356	130.056	110.111	107.898	121.811	
371	1	1	1	1	1	1	69.1766	74.3131	69.6887	78.7021	82.9234	47.8064	51.9265	114.525	111.351	130.04	110.107	107.893	121.806	
372	1	1	1	1	1	1	69.1712	74.3077	69.6859	78.6993	82.9212	47.7995	51.9237	114.519	111.347	130.024	110.103	107.888	121.801	
373	1	1	1	1	1	1	69.1658	74.3022	69.6832	78.6965	82.919	47.7926	51.9209	114.512	111.342	130.008	110.098	107.882	121.795	
374	1	1	1	1	1	1	69.1603	74.2967	69.6804	78.6937	82.9167	47.7856	51.918	114.506	111.338	129.991	110.094	107.877	121.79	
375	1	1	1	1	1	1	69.1548	74.2911	69.6776	78.6909	82.9144	47.7785	51.9151	114.5	111.333	129.974	110.09	107.871	121.785	
376	1	1	1	1	1	1	69.1492	74.2855	69.6747	78.688	82.9121	47.7713	51.9122	114.493	111.329	129.957	110.085	107.865	121.779	
377	1	1	1	1	1	1	69.1435	74.2797	69.6718	78.6851	82.9098	47.764	51.9092	114.486	111.324	129.94	110.081	107.86	121.774	
378	1	1	1	1	1	1	69.1378	74.274	69.6689	78.6821	82.9074	47.7566	51.9063	114.48	111.319	129.923	110.076	107.854	121.768	
379	1	1	1	1	1	1	69.132	74.2681	69.666	78.6791	82.905	47.7491	51.9032	114.473	111.314	129.905	110.072	107.848	121.763	
380	1	1	1	1	1	1	69.1262	74.2622	69.663	78.6761	82.9026	47.7416	51.9002	114.466	111.309	129.887	110.067	107.842	121.757	
381	1	1	1	1	1	1	69.1203	74.2562	69.66	78.6731	82.9001	47.7339	51.8971	114.459	111.304	129.869	110.063	107.836	121.752	
382	1	1	1	1	1	1	69.1143	74.2501	69.657	78.67	82.8977	47.7262	51.894	114.452	111.299	129.851	110.058	107.83	121.746	
383	1	1	1	1	1	1	69.1083	74.244	69.6539	78.6669	82.8952	47.7183	51.8908	114.445	111.294	129.833	110.053	107.824	121.74	
384	1	1	1	1	1	1	69.1022	74.2378	69.6508	78.6637	82.8926	47.7104	51.8876	114.438	111.289	129.814	110.048	107.818	121.734	
385	1	1	1	1	1	1	69.096	74.2315	69.6477	78.6606	82.8901	47.7024	51.8844	114.43	111.284	129.796	110.044	107.811	121.728	
386	1	1	1	1	1	1	69.0898	74.2252	69.6446	78.6573	82.8875	47.6943	51.8812	114.423	111.279	129.776	110.039	107.805	121.722	
387	1	1	1	1	1	1	69.0835	74.2188	69.6414	78.6541	82.8849	47.686	51.8779	114.415	111.274	129.757	110.034	107.799	121.716	
388	1	1	1	1	1	1	69.0771	74.2123	69.6382	78.6508	82.8822	47.6777	51.8745	114.408	111.268	129.738	110.029	107.792	121.71	
389	1	1	1	1	1	1	69.0706	74.2057	69.6349	78.6475	82.8795	47.6692	51.8712	114.4	111.263	129.718	110.024	107.786	121.703	
390	1	1	1	1	1	1	69.0641	74.199	69.6316	78.6441	82.8768	47.6607	51.8678	114.393	111.257	129.698	110.019	107.779	121.697	
391	1	1	1	1	1	1	69.0575	74.1923	69.6283	78.6407	82.8741	47.6521	51.8643	114.385	111.252	129.678	110.013	107.772	121.691	
392	1	1	1	1	1	1	69.0508	74.1855	69.625	78.6373	82.8713	47.6433	51.8608	114.377	111.246	129.658	110.008	107.765	121.684	
393	1	1	1	1	1	1	69.0441	74.1786	69.6216	78.6338	82.8685	47.6344	51.8573	114.369	111.241	129.637	110.003	107.759	121.678	
394	1	1	1	1	1	1	69.0373	74.1716	69.6182	78.6303	82.8657	47.6254	51.8537	114.361	111.235	129.616	109.998	107.752	121.671	
395	1	1	1	1	1	1	69.0304	74.1646	69.6147	78.6268	82.8628	47.6164	51.8501	114.353	111.229	129.595	109.992	107.745	121.664	
396	1	1	1	1	1	1	69.0234	74.1574	69.6113	78.6232	82.8599	47.6071	51.8465	114.344	111.223	129.573	109.987	107.737	121.658	
397	1	1	1	1	1	1	69.0163	74.1502	69.6077	78.6196	82.857	47.5978	51.8428	114.336	111.217	129.552	109.981	107.73	121.651	
398	1	1	1	1	1	1	69.0092	74.1429	69.6042	78.6159	82.854	47.5884	51.8391	114.328	111.211	129.53	109.976	107.723	121.644	
399	1	1	1	1	1	1	69.002	74.1355	69.6006	78.6122	82.851	47.5788	51.8353	114.319	111.205	129.508	109.97	107.716	121.637	
400	1	1	1	1	1	1	68.9947	74.128	69.597	78.6085	82.848	47.5691	51.8315	114.31	111.199	129.485	109.964	107.708	121.63	
401	1	1	1	1	1	1	68.9873	74.1204	69.5933	78.6047	82.8449	47.5593	51.8277	114.301	111.193	129.463	109.959	107.701	121.623	
402	1	1	1	1	1	1	68.9799	74.1128	69.5896	78.6008	82.8418	47.5494	51.8238	114.293	111.186	129.44	109.953	107.693	121.615	
403	1	1	1	1	1	1	68.9723	74.105	69.5859	78.597	82.8386	47.5393	51.8198	114.284	111.18	129.416	109.947	107.685	121.608	
404	1	1	1	1	1	1	68.9647	74.0972	69.5821	78.5931	82.8354	47.5291	51.8158	114.275	111.174	129.393	109.941	107.678	121.601	
405	1	1	1	1	1	1	68.957	74.0892	69.5783	78.5891	82.8322	47.5188	51.8118	114.265	111.167	129.369	109.935	107.67	121.593	
406	1	1	1	1	1	1	68.9492	74.0812	69.5744	78.5851	82.8289	47.5084	51.8077	114.256	111.161	129.345	109.929	107.662	121.585	
407	1	1	1	1	1	1	68.9413	74.073	69.5706	78.5811	82.8256	47.4978	51.8036	114.247	111.154	129.321	109.923	107.654	121.578	
408	1	1	1	1	1	1	68.9333	74.0648	69.5666	78.577	82.8223	47.4871	51.7995	114.237	111.147	129.296	109.916	107.645	121.57	
409	1	1	1	1	1	1	68.9253	74.0565	69.5627	78.5728	82.8189	47.4762	51.7953	114.227	111.14	129.271	109.91	107.637	121.562	
410	1	1	1	1	1	1	68.9171	74.048	69.5587	78.5686	82.8155	47.4652	51.791	114.218	111.133	129.246	109.904	107.629	121.554	
411	1	1	1	1	1	1	68.9088	74.0395	69.5546	78.5644	82.8121	47.454	51.7867	114.208	111.126	129.22	109.897	107.62	121.546	
412	1	1	1	1	1	1	68.9005	74.0308	69.5505	78.5601	82.8086	47.4428	51.7823	114.198	111.119	129.194	109.891	107.612	121.538	
413	1	1	1	1	1	1	68.8921	74.0221	69.5464	78.5558	82.805	47.4313	51.7779	114.188	111.112	129.168	109.884	107.603	121.53	
414	1	1	1	1	1	1	68.8835	74.0132	69.5422	78.5515	82.8014	47.4197	51.7735	114.177	111.105	129.141	109.878	107.594	121.521	
415	1	1	1	1	1	1	68.8749	74.0042	69.538	78.547	82.7978	47.408	51.769	114.167	111.098	129.114	109.871	107.585	121.513	
416	1	1	1	1	1	1	68.8661	73.9952	69.5338	78.5426	82.7941	47.3961	51.7644	114.157	111.09	129.087	109.864	107.576	121.504	
417	1	1	1	1	1	1	68.8573	73.986	69.5295	78.538	82.7904	47.384	51.7598	114.146	111.083	129.06	109.857	107.567	121.496	
418	1	1	1	1	1	1	68.8484	73.9767	69.5251	78.5335	82.7867	47.3718	51.7551	114.135	111.075	129.032	109.85	107.558	121.487	
419	1	1	1	1	1	1	68.8393	73.9672	69.5208	78.5288	82.7829	47.3594	51.7504	114.124	111.067	129.004	109.843	107.549	121.478	
420	1	1	1	1	1	1	68.8302	73.9577	69.5163	78.5242	82.779	47.3469	51.7456	114.113	111.06	128.975	109.836	107.539	121.469	
421	1	1	1	1	1	1	68.8209	73.948	69.5119	78.5194	82.7751	47.3342	51.7408	114.102	111.052	128.946	109.829	107.53	121.46	
422	1	1	1	1	1	1	68.8116	73.9383	69.5074	78.5147	82.7712	47.3213	51.7359	114.091	111.044	128.917	109.822	107.52	121.451	
423	1	1	1	1	1	1	68.8021	73.9284	69.5028	78.5098	82.7672	47.3082	51.731	114.079	111.036	128.887	109.814	107.51	121.442	
424	1	1	1	1	1	1	68.7925	73.9183	69.4982	78.5049	82.7632	47.295	51.726	114.068	111.028	128.857	109.807	107.5	121.432	
425	1	1	1	1	1	1	68.7828	73.9082	69.4935	78.5	82.7591	47.2816	51.7209	114.056	111.019	128.827	109.8	107.49	121.423	
426	1	1	1	1	1	1	68.773	73.8979	69.4889	78.495	82.755	47.268	51.7158	114.044	111.011	128.796	109.792	107.48	121.413	
427	1	1	1	1	1	1	68.7631	73.8875	69.4841	78.4899	82.7508	47.2542	51.7106	114.032	111.002	128.765	109.784	107.47	121.404	
428	1	1	1	1	1	1	68.7531	73.877	69.4793	78.4848	82.7465	47.2403	51.7054	114.02	110.994	128.733	109.777	107.46	121.394	
429	1	1	1	1	1	1	68.7429	73.8663	69.4745	78.4797	82.7423	47.2261	51.7001	114.008	110.985	128.701	109.769	107.449	121.384	
430	1	1	1	1	1	1	68.7327	73.8555	69.4696	78.4744	82.7379	47.2118	51.6948	113.995	110.976	128.669	109.761	107.438	121.374	
431	1	1	1	1	1	1	68.7223	73.8445	69.4647	78.4691	82.7335	47.1972	51.6894	113.983	110.968	128.636	109.753	107.428	121.364	
432	1	1	1	1	1	1	68.7118	73.8334	69.4597	78.4638	82.7291	47.1825	51.6839	113.97	110.959	128.603	109.745	107.417	121.353	
433	1	1	1	1	1	1	68.7012	73.8222	69.4547	78.4584	82.7246	47.1675	51.6783	113.957	110.949	128.569	109.737	107.406	121.343	
434	1	1	1	1	1	1	68.6904	73.8108	69.4496	78.4529	82.72	47.1524	51.6727	113.944	110.94	128.535	109.728	107.394	121.332	
435	1	1	1	1	1	1	68.6795	73.7993	69.4445	78.4474	82.7154	47.137	51.6671	113.931	110.931	128.501	109.72	107.383	121.321	
436	1	1	1	1	1	1	68.6685	73.7877	69.4393	78.4418	82.7108	47.1214	51.6613	113.917	110.921	128.466	109.711	107.372	121.311	
437	1	1	1	1	1	1	68.6574	73.7759	69.4341	78.4361	82.706	47.1056	51.6555	113.904	110.912	128.43	109.703	107.36	121.3	
438	1	1	1	1	1	1	68.6461	73.7639	69.4288	78.4304	82.7013	47.0896	51.6497	113.89	110.902	128.394	109.694	107.348	121.289	
439	1	1	1	1	1	1	68.6347	73.7518	69.4234	78.4246	82.6964	47.0734	51.6437	113.876	110.892	128.358	109.685	107.336	121.277	
440	1	1	1	1	1	1	68.6231	73.7395	69.4181	78.4187	82.6915	47.0569	51.6377	113.862	110.882	128.321	109.677	107.324	121.266	
441	1	1	1	1	1	1	68.6114	73.7271	69.4126	78.4128	82.6866	47.0402	51.6316	113.848	110.872	128.284	109.668	107.312	121.254	
442	1	1	1	1	1	1	68.5996	73.7145	69.4071	78.4068	82.6815	47.0233	51.6255	113.833	110.862	128.246	109.659	107.3	121.243	
443	1	1	1	1	1	1	68.5877	73.7017	69.4016	78.4007	82.6764	47.0061	51.6193	113.818	110.852	128.208	109.649	107.287	121.231	
444	1	1	1	1	1	1	68.5756	73.6888	69.396	78.3946	82.6713	46.9887	51.613	113.804	110.841	128.169	109.64	107.275	121.219	
445	1	1	1	1	1	1	68.5633	73.6757	69.3903	78.3884	82.6661	46.971	51.6066	113.788	110.831	128.13	109.631	107.262	121.207	
446	1	1	1	1	1	1	68.5509	73.6624	69.3846	78.3821	82.6608	46.953	51.6001	113.773	110.82	128.09	109.621	107.249	121.195	
447	1	1	1	1	1	1	68.5384	73.6489	69.3789	78.3758	82.6555	46.9349	51.5936	113.758	110.809	128.05	109.612	107.236	121.182	
448	1	1	1	1	1	1	68.5257	73.6353	69.373	78.3693	82.6501	46.9164	51.587	113.742	110.798	128.009	109.602	107.222	121.17	
449	1	1	1	1	1	1	68.5128	73.6215	69.3672	78.3628	82.6446	46.8977	51.5803	113.726	110.787	127.967	109.592	107.209	121.157	
450	1	1	1	1	1	1	68.4998	73.6075	69.3612	78.3563	82.639	46.8787	51.5736	113.71	110.776	127.925	109.583	107.195	121.144	
451	1	1	1	1	1	1	68.4867	73.5934	69.3552	78.3496	82.6334	46.8594	51.5668	113.694	110.764	127.883	109.573	107.181	121.131	
452	1	1	1	1	1	1	68.4733	73.579	69.3492	78.3429	82.6277	46.8399	51.5598	113.677	110.753	127.84	109.562	107.167	121.118	
453	1	1	1	1	1	1	68.4598	73.5644	69.3431	78.3361	82.622	46.8201	51.5528	113.661	110.741	127.796	109.552	107.153	121.105	
454	1	1	1	1	1	1	68.4462	73.5497	69.3369	78.3292	82.6161	46.7999	51.5457	113.644	110.729	127.752	109.542	107.139	121.091	
455	1	1	1	1	1	1	68.4324	73.5347	69.3307	78.3222	82.6102	46.7795	51.5386	113.627	110.717	127.707	109.531	107.124	121.077	
456	1	1	1	1	1	1	68.4184	73.5196	69.3244	78.3152	82.6043	46.7588	51.5313	113.609	110.705	127.661	109.521	107.109	121.063	
457	1	1	1	1	1	1	68.4042	73.5042	69.3181	78.308	82.5982	46.7378	51.524	113.592	110.693	127.615	109.51	107.094	121.049	
458	1	1	1	1	1	1	68.3899	73.4887	69.3117	78.3008	82.5921	46.7164	51.5166	113.574	110.68	127.569	109.499	107.079	121.035	
459	1	1	1	1	1	1	68.3754	73.4729	69.3052	78.2935	82.5859	46.6947	51.509	113.556	110.667	127.521	109.488	107.064	121.021	
460	1	1	1	1	1	1	68.3607	73.4569	69.2987	78.2861	82.5796	46.6727	51.5014	113.537	110.654	127.473	109.477	107.048	121.006	
461	1	1	1	1	1	1	68.3458	73.4407	69.2921	78.2786	82.5732	46.6504	51.4937	113.519	110.641	127.424	109.466	107.033	120.991	
462	1	1	1	1	1	1	68.3308	73.4243	69.2854	78.2711	82.5667	46.6278	51.4859	113.5	110.628	127.375	109.455	107.017	120.976	
463	1	1	1	1	1	1	68.3155	73.4076	69.2787	78.2634	82.5602	46.6047	51.4781	113.481	110.615	127.325	109.443	107	120.961	
464	1	1	1	1	1	1	68.3001	73.3907	69.272	78.2557	82.5536	46.5814	51.4701	113.461	110.601	127.274	109.432	106.984	120.946	
465	1	1	1	1	1	1	68.2845	73.3736	69.2651	78.2478	82.5469	46.5577	51.462	113.442	110.588	127.223	109.42	106.967	120.93	
466	1	1	1	1	1	1	68.2687	73.3562	69.2582	78.2399	82.5401	46.5336	51.4538	113.422	110.574	127.17	109.408	106.951	120.914	
467	1	1	1	1	1	1	68.2526	73.3386	69.2512	78.2318	82.5332	46.5091	51.4456	113.402	110.56	127.117	109.396	106.934	120.898	
468	1	1	1	1	1	1	68.2364	73.3208	69.2442	78.2237	82.5263	46.4843	51.4372	113.381	110.545	127.064	109.384	106.916	120.882	
469	1	1	1	1	1	1	68.22	73.3027	69.2371	78.2155	82.5192	46.4591	51.4287	113.361	110.531	127.009	109.372	106.899	120.866	
470	1	1	1	1	1	1	68.2034	73.2843	69.2299	78.2072	82.512	46.4335	51.4201	113.34	110.516	126.954	109.36	106.881	120.849	
471	1	1	1	1	1	1	68.1865	73.2657	69.2227	78.1988	82.5048	46.4075	51.4115	113.318	110.501	126.898	109.347	106.863	120.833	
472	1	1	1	1	1	1	68.1695	73.2469	69.2154	78.1902	82.4975	46.381	51.4027	113.297	110.486	126.841	109.335	106.845	120.815	
473	1	1	1	1	1	1	68.1522	73.2277	69.208	78.1816	82.49	46.3542	51.3938	113.275	110.471	126.783	109.322	106.826	120.798	
474	1	1	1	1	1	1	68.1347	73.2083	69.2006	78.1729	82.4825	46.3269	51.3848	113.253	110.455	126.725	109.309	106.808	120.781	
475	1	1	1	1	1	1	68.117	73.1886	69.1931	78.164	82.4749	46.2992	51.3757	113.23	110.44	126.665	109.296	106.789	120.763	
476	1	1	1	1	1	1	68.0991	73.1687	69.1855	78.1551	82.4672	46.2711	51.3665	113.207	110.424	126.605	109.283	106.769	120.745	
477	1	1	1	1	1	1	68.0809	73.1484	69.1779	78.1461	82.4593	46.2425	51.3571	113.184	110.408	126.544	109.269	106.75	120.727	
478	1	1	1	1	1	1	68.0625	73.1279	69.1702	78.1369	82.4514	46.2135	51.3477	113.16	110.391	126.482	109.256	106.73	120.708	
479	1	1	1	1	1	1	68.0438	73.107	69.1624	78.1276	82.4434	46.1839	51.3381	113.137	110.375	126.419	109.242	106.71	120.69	
480	1	1	1	1	1	1	68.0249	73.0859	69.1546	78.1182	82.4352	46.1539	51.3284	113.112	110.358	126.355	109.228	106.69	120.671	
481	1	1	1	1	1	1	68.0058	73.0645	69.1467	78.1087	82.427	46.1234	51.3186	113.088	110.341	126.29	109.214	106.669	120.652	
482	1	1	1	1	1	1	67.9864	73.0427	69.1387	78.0991	82.4186	46.0924	51.3087	113.063	110.323	126.224	109.2	106.648	120.632	
483	1	1	1	1	1	1	67.9668	73.0206	69.1306	78.0894	82.4102	46.0609	51.2987	113.038	110.306	126.157	109.186	106.627	120.612	
484	1	1	1	1	1	1	67.9469	72.9982	69.1225	78.0795	82.4016	46.0289	51.2885	113.012	110.288	126.089	109.172	106.606	120.592	
485	1	1	1	1	1	1	67.9267	72.9755	69.1143	78.0696	82.3929	45.9964	51.2783	112.986	110.27	126.02	109.157	106.584	120.572	
486	1	1	1	1	1	1	67.9063	72.9525	69.106	78.0595	82.3841	45.9633	51.2678	112.96	110.252	125.95	109.142	106.562	120.552	
487	1	1	1	1	1	1	67.8856	72.9291	69.0977	78.0492	82.3752	45.9296	51.2573	112.933	110.233	125.879	109.127	106.539	120.531	
488	1	1	1	1	1	1	67.8647	72.9053	69.0893	78.0389	82.3661	45.8954	51.2466	112.906	110.214	125.807	109.112	106.517	120.51	
489	1	1	1	1	1	1	67.8434	72.8812	69.0808	78.0284	82.357	45.8606	51.2358	112.878	110.195	125.733	109.097	106.493	120.488	
490	1	1	1	1	1	1	67.8219	72.8567	69.0722	78.0178	82.3477	45.8252	51.2249	112.85	110.176	125.659	109.082	106.47	120.467	
491	1	1	1	1	1	1	67.8001	72.8319	69.0636	78.0071	82.3383	45.7893	51.2139	112.821	110.156	125.583	109.066	106.446	120.445	
492	1	1	1	1	1	1	67.778	72.8067	69.0549	77.9962	82.3288	45.7527	51.2027	112.793	110.136	125.507	109.051	106.422	120.423	
493	1	1	1	1	1	1	68.086	73.1416	69.3767	78.3106	82.6803	46.0523	51.5592	112.793	110.152	125.424	109.074	106.445	120.409	
494	1	1	1	1	1	1	68.062	73.115	69.367	78.2983	82.6695	46.0149	51.5458	112.761	110.13	125.347	109.055	106.418	120.385	
495	1	1	1	1	1	1	68.0383	73.0883	69.3577	78.2865	82.6591	45.9762	51.5337	112.73	110.108	125.267	109.039	106.392	120.361	
496	1	1	1	1	1	1	68.0145	73.0611	69.3482	78.2746	82.6486	45.9366	51.5213	112.699	110.087	125.186	109.022	106.367	120.338	
497	1	1	1	1	1	1	67.9904	73.0335	69.3388	78.2626	82.6379	45.8962	51.5088	112.668	110.065	125.103	109.005	106.341	120.314	
498	1	1	1	1	1	1	67.9659	73.0054	69.3292	78.2504	82.6271	45.8552	51.4962	112.636	110.043	125.019	108.988	106.314	120.29	
499	1	1	1	1	1	1	67.9412	72.9769	69.3196	78.2381	82.6161	45.8134	51.4834	112.604	110.021	124.933	108.971	106.288	120.265	
500	1	1	1	1	1	1	67.9161	72.948	69.3099	78.2256	82.605	45.7709	51.4704	112.571	109.999	124.846	108.954	106.261	120.24	
501	1	1	1	1	1	1	67.8906	72.9186	69.3001	78.213	82.5938	45.7276	51.4573	112.538	109.976	124.757	108.937	106.233	120.215	
502	1	1	1	1	1	1	67.8648	72.8888	69.2902	78.2002	82.5824	45.6835	51.444	112.504	109.952	124.667	108.919	106.205	120.189	
503	1	1	1	1	1	1	67.8386	72.8585	69.2803	78.1872	82.5708	45.6386	51.4306	112.47	109.929	124.576	108.901	106.177	120.163	
504	1	1	1	1	1	1	67.8121	72.8277	69.2703	78.1741	82.5591	45.5929	51.417	112.435	109.905	124.482	108.883	106.148	120.137	
505	1	1	1	1	1	1	67.7851	72.7965	69.2602	78.1608	82.5473	45.5464	51.4032	112.4	109.88	124.388	108.865	106.119	120.11	
506	1	1	1	1	1	1	67.7578	72.7647	69.25	78.1474	82.5353	45.499	51.3893	112.364	109.855	124.291	108.847	106.089	120.083	
507	1	1	1	1	1	1	67.7301	72.7325	69.2398	78.1338	82.5231	45.4508	51.3752	112.327	109.83	124.193	108.828	106.059	120.056	
508	1	1	1	1	1	1	67.7021	72.6998	69.2295	78.12	82.5107	45.4016	51.3609	112.29	109.805	124.094	108.81	106.029	120.028	
509	1	1	1	1	1	1	67.6736	72.6665	69.2191	78.106	82.4982	45.3516	51.3465	112.252	109.779	123.992	108.791	105.998	120	
510	1	1	1	1	1	1	67.6447	72.6327	69.2086	78.0919	82.4856	45.3005	51.3318	112.213	109.752	123.889	108.772	105.966	119.971	
511	1	1	1	1	1	1	67.6153	72.5984	69.1981	78.0775	82.4727	45.2486	51.317	112.174	109.726	123.784	108.752	105.934	119.942	
512	1	1	1	1	1	1	67.5856	72.5635	69.1875	78.063	82.4597	45.1956	51.3021	112.135	109.698	123.677	108.733	105.902	119.912	
513	1	1	1	1	1	1	67.5554	72.5281	69.1768	78.0483	82.4466	45.1416	51.2869	112.094	109.671	123.568	108.713	105.869	119.882	
514	1	1	1	1	1	1	67.5248	72.4921	69.1661	78.0334	82.4332	45.0866	51.2716	112.053	109.643	123.458	108.694	105.836	119.852	
515	1	1	1	1	1	1	67.4937	72.4555	69.1553	78.0184	82.4197	45.0306	51.2561	112.011	109.614	123.345	108.674	105.802	119.821	
516	1	1	1	1	1	1	67.4622	72.4183	69.1444	78.0031	82.406	44.9734	51.2404	111.969	109.585	123.23	108.654	105.767	119.79	
517	1	1	1	1	1	1	67.4302	72.3806	69.1335	77.9876	82.3921	44.9151	51.2245	111.925	109.556	123.113	108.633	105.732	119.758	
518	1	1	1	1	1	1	67.3977	72.3422	69.1225	77.9719	82.3781	44.8557	51.2085	111.881	109.526	122.994	108.613	105.697	119.726	
519	1	1	1	1	1	1	67.3647	72.3032	69.1114	77.9561	82.3638	44.7951	51.1922	111.837	109.495	122.872	108.592	105.661	119.694	
520	1	1	1	1	1	1	67.3312	72.2635	69.1003	77.94	82.3494	44.7333	51.1758	111.791	109.464	122.749	108.571	105.624	119.66	
521	1	1	1	1	1	1	67.2972	72.2232	69.0891	77.9237	82.3348	44.6702	51.1592	111.745	109.433	122.623	108.55	105.587	119.627	
522	1	1	1	1	1	1	67.2627	72.1823	69.0779	77.9072	82.32	44.6059	51.1424	111.697	109.401	122.494	108.529	105.549	119.593	
523	1	1	1	1	1	1	67.2276	72.1407	69.0666	77.8905	82.305	44.5402	51.1254	111.649	109.368	122.363	108.508	105.511	119.558	
524	1	1	1	1	1	1	67.192	72.0984	69.0553	77.8736	82.2899	44.4733	51.1082	111.6	109.335	122.23	108.486	105.472	119.523	
525	1	1	1	1	1	1	67.1558	72.0554	69.0439	77.8565	82.2745	44.4049	51.0909	111.55	109.301	122.093	108.465	105.432	119.488	
526	1	1	1	1	1	1	67.1191	72.0116	69.0325	77.8391	82.259	44.3351	51.0733	111.499	109.267	121.955	108.443	105.392	119.451	
527	1	1	1	1	1	1	67.0817	71.9672	69.0211	77.8215	82.2432	44.2639	51.0556	111.448	109.232	121.813	108.421	105.351	119.415	
528	1	1	1	1	1	1	67.0438	71.922	69.0096	77.8037	82.2273	44.1911	51.0377	111.395	109.197	121.668	108.399	105.31	119.378	
529	1	1	1	1	1	1	67.0053	71.8761	68.998	77.7857	82.2112	44.1168	51.0196	111.341	109.16	121.521	108.377	105.268	119.34	
530	1	1	1	1	1	1	66.9661	71.8294	68.9865	77.7674	82.1949	44.0409	51.0013	111.287	109.124	121.37	108.355	105.225	119.302	
531	1	1	1	1	1	1	66.9263	71.782	68.9749	77.7489	82.1784	43.9634	50.9828	111.231	109.086	121.216	108.332	105.181	119.263	
532	1	1	1	1	1	1	66.8858	71.7337	68.9633	77.7301	82.1617	43.8842	50.9642	111.174	109.048	121.059	108.31	105.137	119.223	
533	1	1	1	1	1	1	66.8447	71.6847	68.9517	77.7111	82.1449	43.8033	50.9454	111.116	109.01	120.899	108.287	105.092	119.183	
534	1	1	1	1	1	1	66.8028	71.6348	68.9401	77.6919	82.1278	43.7205	50.9264	111.057	108.97	120.735	108.264	105.046	119.143	
535	1	1	1	1	1	1	66.7602	71.5841	68.9284	77.6724	82.1106	43.636	50.9072	110.996	108.93	120.567	108.242	105	119.102	
536	1	1	1	1	1	1	66.7169	71.5326	68.9168	77.6527	82.0932	43.5495	50.8879	110.935	108.889	120.396	108.219	104.953	119.06	
537	1	1	1	1	1	1	66.6729	71.4802	68.9052	77.6327	82.0756	43.4611	50.8684	110.872	108.847	120.221	108.196	104.905	119.018	
538	1	1	1	1	1	1	66.628	71.427	68.8936	77.6125	82.0578	43.3706	50.8488	110.808	108.805	120.041	108.173	104.856	118.975	
539	1	1	1	1	1	1	66.5824	71.3728	68.882	77.592	82.0398	43.2781	50.829	110.742	108.762	119.858	108.15	104.807	118.931	
540	1	1	1	1	1	1	66.536	71.3178	68.8705	77.5712	82.0217	43.1834	50.8091	110.675	108.718	119.671	108.127	104.757	118.887	
541	1	1	1	1	1	1	66.4887	71.2619	68.859	77.5502	82.0034	43.0865	50.789	110.607	108.673	119.478	108.104	104.705	118.842	
542	1	1	1	1	1	1	66.4405	71.205	68.8476	77.529	81.985	42.9873	50.7689	110.537	108.627	119.282	108.081	104.654	118.796	
543	1	1	1	1	1	1	66.3914	71.1472	68.8362	77.5074	81.9664	42.8857	50.7486	110.466	108.58	119.08	108.059	104.601	118.75	
544	1	1	1	1	1	1	66.3414	71.0885	68.8249	77.4856	81.9476	42.7816	50.7282	110.393	108.533	118.874	108.036	104.547	118.703	
545	1	1	1	1	1	1	66.2904	71.0288	68.8137	77.4636	81.9287	42.675	50.7077	110.319	108.484	118.662	108.013	104.493	118.656	
546	1	1	1	1	1	1	66.2384	70.9682	68.8025	77.4412	81.9097	42.5657	50.6872	110.243	108.435	118.445	107.991	104.438	118.608	
547	1	1	1	1	1	1	65.5338	70.5582	68.2515	77.1115	82.0072	43.9241	50.9053	110.195	107.575	124.732	106.638	103.626	114.523	
548	1	1	1	1	1	1	65.8161	71.0308	68.4969	77.1807	81.8898	43.2812	50.8192	110.237	108.103	120.603	107.34	103.987	117.15	
549	1	1	1	1	1	1	65.945	70.8657	68.6601	77.27	81.8498	42.7599	50.6873	110.11	108.229	118.911	107.644	104.12	117.971	
550	1	1	1	1	1	1	65.968	70.7412	68.7187	77.3022	81.8213	42.3945	50.6152	109.983	108.221	118.064	107.765	104.141	118.227	
551	1	1	1	1	1	1	65.2412	70.2382	68.16	76.9792	81.9408	43.6787	50.8654	109.908	107.336	124.327	106.417	103.323	114.032	
552	1	1	1	1	1	1	65.5511	70.7691	68.4242	77.0593	81.8062	42.9533	50.7417	109.936	107.871	120	107.153	103.695	116.777	
553	1	1	1	1	1	1	65.6926	70.5998	68.6028	77.1577	81.7642	42.3725	50.6008	109.791	108.004	118.146	107.495	103.845	117.675	
554	1	1	1	1	1	1	65.7204	70.4681	68.6704	77.1959	81.7358	41.9573	50.525	109.647	107.996	117.183	107.641	103.875	117.973	
555	1	1	1	1	1	1	64.9245	69.9014	68.0653	76.8428	81.8665	43.3879	50.8012	109.569	107.078	123.713	106.239	103.018	113.565	
556	1	1	1	1	1	1	65.2643	70.4894	68.3545	76.9359	81.7223	42.5515	50.659	109.594	107.618	119.261	106.98	103.386	116.393	
557	1	1	1	1	1	1	65.4164	70.3158	68.5481	77.0413	81.6781	41.9246	50.5112	109.435	107.758	117.269	107.35	103.548	117.36	
558	1	1	1	1	1	1	64.6503	69.5812	67.9951	76.7289	81.8292	43.18	50.8007	109.326	106.851	123.509	106.001	102.721	113.002	
559	1	1	1	1	1	1	65.0181	70.2569	68.2948	76.8269	81.6565	42.2944	50.6051	109.335	107.407	118.811	106.797	103.114	116.005	
560	1	1	1	1	1	1	65.1858	70.0852	68.5051	76.9433	81.6091	41.6056	50.4446	109.157	107.557	116.639	107.213	103.298	117.072	
561	1	1	1	1	1	1	64.3701	69.276	67.9241	76.6146	81.7734	42.9434	50.7582	109.037	106.628	123.021	105.837	102.448	112.563	
562	1	1	1	1	1	1	65.2225	70.5622	67.1652	76.5885	80.9246	40.8196	46.443	108.388	106.35	117.14	105.509	102.302	114.794	
563	1	1	1	1	1	1	64.8489	70.2961	67.7683	76.6782	81.0758	41.0614	48.7803	108.674	107.107	115.327	106.698	102.974	116.332	
564	1	1	1	1	1	1	64.0619	69.1315	67.5248	76.3815	81.4782	42.6866	49.9684	108.676	106.304	122.198	105.507	102.152	111.997	
565	1	1	1	1	1	1	64.4955	69.8824	68.0358	76.5597	81.4122	41.5937	50.1027	108.731	106.932	117.393	106.421	102.562	115.196	
566	1	1	1	1	1	1	64.6894	69.6685	68.3556	76.7153	81.4202	40.8225	50.1021	108.533	107.116	115.021	106.941	102.774	116.432	
567	1	1	1	1	1	1	63.7546	68.6336	67.7459	76.3511	81.6334	42.4302	50.5617	108.396	106.141	121.815	105.504	101.857	111.603	
568	1	1	1	1	1	1	64.7329	70.1211	66.9629	76.3291	80.7163	40.0053	46.02	107.733	105.809	115.621	105.101	101.707	113.948	
569	1	1	1	1	1	1	64.3169	69.8618	67.5855	76.4242	80.8547	40.1709	48.4112	107.974	106.597	113.541	106.392	102.409	115.615	
570	1	1	1	1	1	1	63.399	68.4494	67.3044	76.0827	81.3003	42.1225	49.7089	107.96	105.754	120.835	105.144	101.517	110.942	
571	1	1	1	1	1	1	63.8843	69.3586	67.8932	76.3015	81.2407	40.7574	49.8599	108.012	106.397	115.789	106.081	101.916	114.314	
572	1	1	1	1	1	1	64.09	69.1468	68.2667	76.4819	81.2631	39.8889	49.8821	107.778	106.599	113.129	106.679	102.159	115.713	
573	1	1	1	1	1	1	63.7315	68.8068	66.4641	75.8712	80.6714	40.2844	46.0301	107.008	104.638	119.23	103.791	100.592	109.712	
574	1	1	1	1	1	1	63.5254	69.5945	67.1715	75.9991	80.6771	39.9881	48.2895	107.443	105.831	114.294	105.486	101.505	113.348	
575	1	1	1	1	1	1	63.7704	69.2193	67.847	76.248	80.9164	39.2143	49.0106	107.316	106.214	111.707	106.38	101.855	115.003	
576	1	1	1	1	1	1	62.6388	67.5439	67.3288	75.8321	81.2912	41.5085	49.9489	107.176	105.209	119.317	104.915	100.821	109.746	
577	1	1	1	1	1	1	63.1492	68.7032	67.8951	76.0645	81.1621	39.7738	49.8662	107.162	105.801	113.9	105.79	101.175	113.305	
578	1	1	1	1	1	1	64.1739	69.4764	67.0252	76.0433	80.2879	37.2313	45.2175	106.325	105.083	109.44	105.105	100.995	113.945	
579	1	1	1	1	1	1	62.2206	67.4865	66.5363	75.4319	80.6534	40.9284	48.1618	106.425	104.496	117.942	104.242	100.31	108.872	
580	1	1	1	1	1	1	62.7246	68.619	67.4105	75.76	80.7576	39.0595	48.966	106.579	105.301	112.46	105.383	100.759	112.51	
581	1	1	1	1	1	1	61.743	66.3534	67.1879	75.5274	81.2361	40.9192	49.8922	106.412	104.438	118.978	104.106	99.8333	107.434	
582	1	1	1	1	1	1	62.2885	68.0081	67.7737	75.7483	81.0272	39.0922	49.7058	106.359	105.105	112.789	105.17	100.263	111.653	
583	1	1	1	1	1	1	63.4649	68.9305	66.8776	75.7142	80.0812	36.3342	44.8402	105.516	104.375	107.615	104.592	100.194	112.659	
584	1	1	1	1	1	1	61.3524	66.5181	66.3404	75.0739	80.4511	40.3186	47.8255	105.496	103.752	116.253	103.74	99.4601	107.206	
585	1	1	1	1	1	1	61.8688	68.0051	67.2825	75.4403	80.5668	38.026	48.6469	105.614	104.576	110.324	104.95	99.9111	111.117	
586	1	1	1	1	1	1	60.7243	65.2634	67.0676	75.1933	81.0994	40.2905	49.6335	105.376	103.673	117.123	103.632	98.9206	105.553	
587	1	1	1	1	1	1	63.8074	67.7522	68.2097	76.2481	81.5664	39.6732	46.7654	106.386	104.827	111.035	105.095	100.434	110.406	
588	1	1	1	1	1	1	62.7113	67.5328	68.1873	76.0793	81.0582	37.7151	48.0294	105.547	104.97	106.635	105.868	100.542	112.208	
589	1	1	1	1	1	1	61.8302	65.8566	65.9303	74.9843	80.1194	38.6727	44.451	104.483	102.493	113.183	102.527	98.4812	104.653	
590	1	1	1	1	1	1	61.4038	67.9023	66.6497	75.0665	80.0408	36.6959	46.9636	104.715	103.631	106.924	104.338	99.2163	108.885	
591	1	1	1	1	1	1	59.9996	64.1012	66.5821	74.7223	80.6774	39.7113	48.6217	104.372	102.705	114.32	103.094	98.0769	102.795	
592	1	1	1	1	1	1	60.484	66.8054	67.445	75.0345	80.6155	36.6321	48.7609	104.216	103.385	107.225	104.268	98.4091	107.681	
593	1	1	1	1	1	1	61.8089	63.2416	67.719	75.566	81.7915	41.0991	46.9868	105.05	102.832	114.703	103.205	98.4629	101.344	
594	1	1	1	1	1	1	61.0104	66.2632	67.7878	75.379	80.9896	37.3853	47.8767	104.405	103.325	106.8	104.153	98.5509	106.125	
595	1	1	1	1	1	1	61.989	67.6358	66.7109	75.1065	79.732	33.3772	43.4165	103.255	102.351	99.8037	103.803	98.3798	107.739	
596	1	1	1	1	1	1	59.163	63.1044	66.0063	74.1519	79.9728	38.9145	46.674	102.664	101.384	109.246	102.805	97.1641	100.365	
597	1	1	1	1	1	1	59.4456	66.4278	67.1244	74.5554	80.2051	34.4848	47.7574	102.508	102.125	101.43	104.074	97.4365	105.18	
598	1	1	1	1	1	1	60.6448	61.5172	67.4843	75.015	81.4644	40.3137	46.0982	103.316	101.372	109.823	102.989	97.3422	97.4225	
599	1	1	1	1	1	1	59.7501	65.5755	67.7849	74.9192	80.8839	35.1767	47.4379	102.59	101.896	100.861	103.99	97.3518	102.519	
600	1	1	1	1	1	1	58.5294	66.8082	65.5913	73.8736	79.3425	36.92	42.4143	102.985	101.192	109.169	82.1524	96.5991	103.395	
601	1	1	1	1	1	1	58.1168	66.9472	66.3143	73.775	79.5967	34.1939	46.3953	102.375	101.906	100.652	93.2401	96.5591	105.28	
602	1	1	1	1	1	1	59.4846	61.168	66.8438	74.2674	80.841	39.9295	44.9589	102.771	100.659	108.353	96.5526	95.9422	96.0962	
603	1	1	1	1	1	1	58.6939	65.4431	67.7593	74.5574	80.7921	34.3795	46.9725	101.657	101.014	98.3635	99.9017	95.7248	100.529	
604	1	1	1	1	1	1	54.6892	64.8972	67.2607	74.4146	80.911	38.9841	46.6019	79.9368	101.008	105.284	102.249	94.0558	102.544	
605	1	1	1	1	1	1	57.3121	66.7804	66.2528	73.392	79.2828	30.3885	43.2263	87.1669	99.537	92.3565	102.661	93.6774	103.064	
606	1	1	1	1	1	1	57.7463	59.9253	66.8209	73.6724	80.4077	38.6271	43.3036	91.0268	98.2859	101.3	102.277	93.2396	92.0117	
607	1	1	1	1	1	1	54.7618	63.759	66.7998	73.1321	79.7577	38.8362	43.7082	93.5857	99.0536	105.951	82.1892	92.2261	95.1328	
608	1	1	1	1	1	1	54.0573	64.7705	67.055	74.6769	81.3945	30.553	46.7405	94.9544	99.3149	92.7331	91.2728	92.2122	96.1161	
609	1	1	1	1	1	1	53.4855	64.251	66.375	72.7095	79.972	36.7296	45.7948	93.1103	89.9986	99.3043	95.6083	89.6101	95.1198	
610	1	1	1	1	1	1	56.5883	65.7428	68.1657	74.176	81.5112	30.4449	44.494	94.2287	93.1512	87.0502	99.1984	90.1853	95.7818	
611	1	1	1	1	1	1	54.1471	66.1551	66.7911	72.3367	78.965	34.9522	37.7559	93.9653	93.3285	94.9186	75.731	87.5381	93.254	
612	1	1	1	1	1	1	52.6583	67.2118	67.6244	72.0274	79.3708	27.759	44.2348	90.5007	94.9671	81.6614	87.1031	86.0064	92.9543	
613	1	1	1	1	1	1	53.9909	66.9531	68.3262	70.4295	79.2486	37.2513	41.2975	88.9934	86.2875	90.6309	89.0228	84.0414	89.8528	
614	1	1	1	1	1	1	50.9927	66.897	69.5955	72.6724	80.8597	24.8589	44.8155	85.6721	91.9806	74.5227	91.4149	84.1785	88.5385	
615	1	1	1	1	1	1	52.851	62.736	67.0044	71.1388	78.0105	35.2868	41.6467	82.9868	85.8438	85.7361	88.9466	80.3428	82.497	
616	1	1	1	1	1	1	51.895	65.3687	67.0469	71.2509	75.1271	35.3835	32.6947	80.7271	89.6595	86.1046	64.1848	79.3707	82.5491	
617	1	1	1	1	1	1	51.3922	59.5518	67.2136	68.8101	74.3388	37.9849	35.9113	77.2767	86.3443	86.8439	69.4906	78.2106	75.9172	
618	1	1	1	1	1	1	49.1783	63.2399	68.8248	73.2672	76.6483	23.2875	43.4263	72.6392	92.9805	68.5767	73.1178	79.1897	78.3758	
619	1	1	1	1	1	1	51.8738	63.8331	67.8138	68.4199	75.6293	32.9325	41.7396	72.7398	88.2012	79.5221	69.2177	77.7722	77.7366	
620	1	1	1	1	1	1	48.8426	64.5113	69.2153	67.4178	76.2917	33.0474	43.7345	68.7619	87.5136	79.1008	69.0421	78.8307	77.7772	
621	1	1	1	1	1	1	50.7607	66.3473	68.5452	64.9856	72.5882	32.2878	39.7698	69.0664	84.7758	77.3283	63.8355	77.5428	78.4152	
622	1	1	1	1	1	1	51.03	64.4095	66.462	65.1177	71.2364	34.3558	41.8269	68.3962	84.6126	78.5181	64.6962	75.3896	76.1974	
623	1	1	1	1	1	1	50.1301	66.4298	68.3503	64.0226	72.5791	35.5562	40.3044	67.1402	83.6949	79.2599	62.451	76.945	77.6419	
624	1	1	1	1	1	1	45.3263	66.3346	71.2903	63.3449	74.3067	32.813	41.8368	62.4663	83.0174	76.5523	63.3647	79.5725	77.2396	
625	1	1	1	1	1	1	45.6676	56.9617	73.8516	62.4174	74.1097	32.797	39.0368	62.2029	81.9695	76.0347	60.1883	81.6749	67.9955	
626	1	1	1	1	1	1	44.8088	53.7249	73.3871	61.7706	72.1126	31.2644	39.655	60.6849	80.8959	74.057	60.0604	80.8904	64.7319	
627	1	1	1	1	1	1	40.3697	49.2333	77.6719	60.2488	73.0936	26.4088	39.2287	55.7669	79.5568	69.0573	58.7955	84.6343	59.8217	
628	1	1	1	1	1	1	41.7783	43.5729	72.1486	63.84	69.699	24.3099	38.3131	56.0817	84.5102	66.582	57.1183	76.7166	54.1361	
629	1	1	1	1	1	1	37.9525	35.265	79.1033	58.842	69.8707	19.2592	35.9402	51.7105	77.9624	61.1626	54.1057	85.1951	45.2057	
630	1	1	1	1	1	1	38.6994	29.6213	74.3331	60.2662	64.5096	16.8081	32.5733	51.3009	80.6686	58.1638	50.1485	78.3732	39.3354	
631	1	1	1	1	1	1	36.2252	25.2043	75.9456	57.6296	61.9915	13.6554	28.2592	47.9146	76.4882	54.1164	45.0383	81.2327	33.3815	
632	1	1	1	1	1	1	36.7918	23.6258	72.2421	58.4714	58.7335	12.4856	26.0376	47.895	78.5739	52.723	42.5814	76.0602	31.6375	