
1	111.757	115.281	129.09	111.76	122.727	111.699	65.2825	55.2181	73.5267	66.8	57.0531	58.5724	48.7283	1	1	1	1	1	1	
2	111.758	115.282	129.09	111.761	122.726	111.699	65.2825	55.218	73.5285	66.8004	57.0527	58.572	48.7274	1	1	1	1	1	1	
3	111.757	115.282	129.09	111.761	122.726	111.699	65.2824	55.2179	73.5284	66.8003	57.0527	58.5719	48.7274	1	1	1	1	1	1	
4	111.757	115.282	129.089	111.761	122.726	111.699	65.2823	55.2179	73.5283	66.8002	57.0526	58.5718	48.7273	1	1	1	1	1	1	
5	111.757	115.282	129.089	111.761	122.726	111.699	65.2822	55.2178	73.5282	66.8002	57.0525	58.5717	48.7272	1	1	1	1	1	1	
6	111.757	115.282	129.089	111.761	122.725	111.698	65.2821	55.2178	73.5281	66.8001	57.0525	58.5716	48.7272	1	1	1	1	1	1	
7	111.757	115.282	129.088	111.76	122.725	111.698	65.282	55.2177	73.5279	66.8	57.0524	58.5715	48.7271	1	1	1	1	1	1	
8	111.757	115.282	129.088	111.76	122.725	111.698	65.2818	55.2176	73.5278	66.7999	57.0523	58.5714	48.727	1	1	1	1	1	1	
9	111.757	115.282	129.088	111.76	122.725	111.698	65.2817	55.2176	73.5277	66.7998	57.0523	58.5713	48.727	1	1	1	1	1	1	
10	111.756	115.282	129.087	111.76	122.725	111.698	65.2816	55.2175	73.5276	66.7997	57.0522	58.5712	48.7269	1	1	1	1	1	1	
11	111.756	115.281	129.087	111.76	122.725	111.698	65.2815	55.2175	73.5274	66.7996	57.0521	58.5711	48.7268	1	1	1	1	1	1	
12	111.756	115.281	129.087	111.76	122.724	111.698	65.2814	55.2174	73.5273	66.7995	57.0521	58.571	48.7268	1	1	1	1	1	1	
13	111.756	115.281	129.086	111.76	122.724	111.698	65.2812	55.2173	73.5272	66.7994	57.052	58.5709	48.7267	1	1	1	1	1	1	
14	111.756	115.281	129.086	111.76	122.724	111.697	65.2811	55.2173	73.5271	66.7993	57.0519	58.5708	48.7266	1	1	1	1	1	1	
15	111.756	115.281	129.086	111.759	122.724	111.697	65.281	55.2172	73.5269	66.7992	57.0519	58.5707	48.7266	1	1	1	1	1	1	
16	111.756	115.281	129.085	111.759	122.724	111.697	65.2809	55.2171	73.5268	66.7991	57.0518	58.5706	48.7265	1	1	1	1	1	1	
17	111.755	115.281	129.085	111.759	122.724	111.697	65.2807	55.2171	73.5267	66.799	57.0517	58.5705	48.7264	1	1	1	1	1	1	
18	111.755	115.281	129.085	111.759	122.723	111.697	65.2806	55.217	73.5265	66.7989	57.0517	58.5703	48.7264	1	1	1	1	1	1	
19	111.755	115.281	129.084	111.759	122.723	111.697	65.2805	55.2169	73.5264	66.7988	57.0516	58.5702	48.7263	1	1	1	1	1	1	
20	111.755	115.281	129.084	111.759	122.723	111.697	65.2804	55.2168	73.5262	66.7987	57.0515	58.5701	48.7262	1	1	1	1	1	1	
21	111.755	115.28	129.083	111.759	122.723	111.696	65.2802	55.2168	73.5261	66.7986	57.0514	58.57	48.7261	1	1	1	1	1	1	
22	111.755	115.28	129.083	111.758	122.723	111.696	65.2801	55.2167	73.526	66.7985	57.0514	58.5699	48.7261	1	1	1	1	1	1	
23	111.754	115.28	129.083	111.758	122.722	111.696	65.28	55.2166	73.5258	66.7984	57.0513	58.5697	48.726	1	1	1	1	1	1	
24	111.754	115.28	129.082	111.758	122.722	111.696	65.2798	55.2166	73.5257	66.7983	57.0512	58.5696	48.7259	1	1	1	1	1	1	
25	111.754	115.28	129.082	111.758	122.722	111.696	65.2797	55.2165	73.5255	66.7982	57.0511	58.5695	48.7258	1	1	1	1	1	1	
26	111.754	115.28	129.082	111.758	122.722	111.696	65.2796	55.2164	73.5254	66.798	57.0511	58.5694	48.7258	1	1	1	1	1	1	
27	111.754	115.28	129.081	111.758	122.722	111.696	65.2794	55.2163	73.5252	66.7979	57.051	58.5692	48.7257	1	1	1	1	1	1	
28	111.754	115.28	129.081	111.757	122.721	111.695	65.2793	55.2163	73.5251	66.7978	57.0509	58.5691	48.7256	1	1	1	1	1	1	
29	111.753	115.28	129.08	111.757	122.721	111.695	65.2791	55.2162	73.5249	66.7977	57.0508	58.569	48.7255	1	1	1	1	1	1	
30	111.753	115.279	129.08	111.757	122.721	111.695	65.279	55.2161	73.5248	66.7976	57.0507	58.5689	48.7254	1	1	1	1	1	1	
31	111.753	115.279	129.08	111.757	122.721	111.695	65.2788	55.216	73.5246	66.7975	57.0507	58.5687	48.7254	1	1	1	1	1	1	
32	111.753	115.279	129.079	111.757	122.721	111.695	65.2787	55.2159	73.5245	66.7973	57.0506	58.5686	48.7253	1	1	1	1	1	1	
33	111.753	115.279	129.079	111.757	122.72	111.695	65.2786	55.2159	73.5243	66.7972	57.0505	58.5685	48.7252	1	1	1	1	1	1	
34	111.752	115.279	129.078	111.757	122.72	111.694	65.2784	55.2158	73.5241	66.7971	57.0504	58.5683	48.7251	1	1	1	1	1	1	
35	111.752	115.279	129.078	111.756	122.72	111.694	65.2783	55.2157	73.524	66.797	57.0503	58.5682	48.725	1	1	1	1	1	1	
36	111.752	115.279	129.077	111.756	122.72	111.694	65.2781	55.2156	73.5238	66.7969	57.0502	58.5681	48.7249	1	1	1	1	1	1	
37	111.752	115.279	129.077	111.756	122.72	111.694	65.2779	55.2155	73.5236	66.7967	57.0502	58.5679	48.7248	1	1	1	1	1	1	
38	111.752	115.278	129.077	111.756	122.719	111.694	65.2778	55.2155	73.5235	66.7966	57.0501	58.5678	48.7248	1	1	1	1	1	1	
39	111.751	115.278	129.076	111.756	122.719	111.694	65.2776	55.2154	73.5233	66.7965	57.05	58.5676	48.7247	1	1	1	1	1	1	
40	111.751	115.278	129.076	111.756	122.719	111.693	65.2775	55.2153	73.5231	66.7964	57.0499	58.5675	48.7246	1	1	1	1	1	1	
41	111.751	115.278	129.075	111.755	122.719	111.693	65.2773	55.2152	73.523	66.7962	57.0498	58.5673	48.7245	1	1	1	1	1	1	
42	111.751	115.278	129.075	111.755	122.718	111.693	65.2772	55.2151	73.5228	66.7961	57.0497	58.5672	48.7244	1	1	1	1	1	1	
43	111.751	115.278	129.074	111.755	122.718	111.693	65.277	55.215	73.5226	66.796	57.0496	58.567	48.7243	1	1	1	1	1	1	
44	111.75	115.278	129.074	111.755	122.718	111.693	65.2768	55.2149	73.5224	66.7958	57.0495	58.5669	48.7242	1	1	1	1	1	1	
45	111.75	115.278	129.073	111.755	122.718	111.693	65.2767	55.2148	73.5223	66.7957	57.0494	58.5667	48.7241	1	1	1	1	1	1	
46	111.75	115.277	129.073	111.754	122.717	111.692	65.2765	55.2147	73.5221	66.7956	57.0493	58.5666	48.724	1	1	1	1	1	1	
47	111.75	115.277	129.072	111.754	122.717	111.692	65.2763	55.2147	73.5219	66.7954	57.0492	58.5664	48.7239	1	1	1	1	1	1	
48	111.75	115.277	129.072	111.754	122.717	111.692	65.2761	55.2146	73.5217	66.7953	57.0491	58.5663	48.7238	1	1	1	1	1	1	
49	111.749	115.277	129.071	111.754	122.717	111.692	65.276	55.2145	73.5215	66.7951	57.049	58.5661	48.7237	1	1	1	1	1	1	
50	111.749	115.277	129.071	111.754	122.716	111.692	65.2758	55.2144	73.5213	66.795	57.0489	58.566	48.7236	1	1	1	1	1	1	
51	111.749	115.277	129.07	111.753	122.716	111.692	65.2756	55.2143	73.5211	66.7949	57.0488	58.5658	48.7235	1	1	1	1	1	1	
52	111.749	115.277	129.07	111.753	122.716	111.691	65.2754	55.2142	73.5209	66.7947	57.0487	58.5656	48.7234	1	1	1	1	1	1	
53	111.748	115.276	129.069	111.753	122.716	111.691	65.2753	55.2141	73.5208	66.7946	57.0486	58.5655	48.7233	1	1	1	1	1	1	
54	111.748	115.276	129.069	111.753	122.715	111.691	65.2751	55.214	73.5206	66.7944	57.0485	58.5653	48.7232	1	1	1	1	1	1	
55	111.748	115.276	129.068	111.753	122.715	111.691	65.2749	55.2139	73.5204	66.7943	57.0484	58.5652	48.7231	1	1	1	1	1	1	
56	111.748	115.276	129.068	111.752	122.715	111.691	65.2747	55.2138	73.5202	66.7941	57.0483	58.565	48.723	1	1	1	1	1	1	
57	111.748	115.276	129.067	111.752	122.715	111.69	65.2745	55.2137	73.52	66.794	57.0482	58.5648	48.7229	1	1	1	1	1	1	
58	111.747	115.276	129.067	111.752	122.714	111.69	65.2743	55.2136	73.5197	66.7938	57.0481	58.5646	48.7228	1	1	1	1	1	1	
59	111.747	115.275	129.066	111.752	122.714	111.69	65.2741	55.2135	73.5195	66.7937	57.048	58.5645	48.7227	1	1	1	1	1	1	
60	111.747	115.275	129.066	111.752	122.714	111.69	65.2739	55.2134	73.5193	66.7935	57.0479	58.5643	48.7226	1	1	1	1	1	1	
61	111.747	115.275	129.065	111.751	122.714	111.69	65.2737	55.2133	73.5191	66.7933	57.0478	58.5641	48.7225	1	1	1	1	1	1	
62	111.746	115.275	129.065	111.751	122.713	111.689	65.2735	55.2132	73.5189	66.7932	57.0477	58.5639	48.7224	1	1	1	1	1	1	
63	111.746	115.275	129.064	111.751	122.713	111.689	65.2733	55.2131	73.5187	66.793	57.0476	58.5638	48.7222	1	1	1	1	1	1	
64	111.746	115.275	129.063	111.751	122.713	111.689	65.2731	55.2129	73.5185	66.7929	57.0475	58.5636	48.7221	1	1	1	1	1	1	
65	111.746	115.274	129.063	111.751	122.712	111.689	65.2729	55.2128	73.5183	66.7927	57.0473	58.5634	48.722	1	1	1	1	1	1	
66	111.745	115.274	129.062	111.75	122.712	111.688	65.2727	55.2127	73.518	66.7925	57.0472	58.5632	48.7219	1	1	1	1	1	1	
67	111.745	115.274	129.062	111.75	122.712	111.688	65.2725	55.2126	73.5178	66.7924	57.0471	58.563	48.7218	1	1	1	1	1	1	
68	111.745	115.274	129.061	111.75	122.711	111.688	65.2723	55.2125	73.5176	66.7922	57.047	58.5628	48.7217	1	1	1	1	1	1	
69	111.745	115.274	129.06	111.75	122.711	111.688	65.2721	55.2124	73.5174	66.792	57.0469	58.5626	48.7215	1	1	1	1	1	1	
70	111.744	115.274	129.06	111.749	122.711	111.688	65.2719	55.2123	73.5171	66.7918	57.0467	58.5624	48.7214	1	1	1	1	1	1	
71	111.744	115.273	129.059	111.749	122.711	111.687	65.2717	55.2121	73.5169	66.7917	57.0466	58.5622	48.7213	1	1	1	1	1	1	
72	111.744	115.273	129.059	111.749	122.71	111.687	65.2714	55.212	73.5167	66.7915	57.0465	58.562	48.7212	1	1	1	1	1	1	
73	111.743	115.273	129.058	111.749	122.71	111.687	65.2712	55.2119	73.5164	66.7913	57.0464	58.5618	48.7211	1	1	1	1	1	1	
74	111.743	115.273	129.057	111.748	122.71	111.687	65.271	55.2118	73.5162	66.7911	57.0463	58.5616	48.7209	1	1	1	1	1	1	
75	111.743	115.273	129.057	111.748	122.709	111.686	65.2708	55.2117	73.5159	66.791	57.0461	58.5614	48.7208	1	1	1	1	1	1	
76	111.743	115.273	129.056	111.748	122.709	111.686	65.2705	55.2115	73.5157	66.7908	57.046	58.5612	48.7207	1	1	1	1	1	1	
77	111.742	115.272	129.055	111.748	122.709	111.686	65.2703	55.2114	73.5154	66.7906	57.0459	58.561	48.7205	1	1	1	1	1	1	
78	111.742	115.272	129.055	111.747	122.708	111.686	65.2701	55.2113	73.5152	66.7904	57.0457	58.5608	48.7204	1	1	1	1	1	1	
79	111.742	115.272	129.054	111.747	122.708	111.685	65.2698	55.2112	73.5149	66.7902	57.0456	58.5606	48.7203	1	1	1	1	1	1	
80	111.741	115.272	129.053	111.747	122.708	111.685	65.2696	55.211	73.5147	66.79	57.0455	58.5604	48.7201	1	1	1	1	1	1	
81	111.741	115.272	129.053	111.747	122.707	111.685	65.2694	55.2109	73.5144	66.7898	57.0453	58.5602	48.72	1	1	1	1	1	1	
82	111.741	115.271	129.052	111.746	122.707	111.685	65.2691	55.2108	73.5142	66.7896	57.0452	58.5599	48.7199	1	1	1	1	1	1	
83	111.74	115.271	129.051	111.746	122.707	111.684	65.2689	55.2106	73.5139	66.7894	57.0451	58.5597	48.7197	1	1	1	1	1	1	
84	111.74	115.271	129.051	111.746	122.706	111.684	65.2686	55.2105	73.5136	66.7892	57.0449	58.5595	48.7196	1	1	1	1	1	1	
85	111.74	115.271	129.05	111.746	122.706	111.684	65.2684	55.2104	73.5134	66.789	57.0448	58.5593	48.7194	1	1	1	1	1	1	
86	111.74	115.271	129.049	111.745	122.705	111.684	65.2681	55.2102	73.5131	66.7888	57.0446	58.559	48.7193	1	1	1	1	1	1	
87	111.739	115.27	129.048	111.745	122.705	111.683	65.2679	55.2101	73.5128	66.7886	57.0445	58.5588	48.7192	1	1	1	1	1	1	
88	111.739	115.27	129.048	111.745	122.705	111.683	65.2676	55.21	73.5125	66.7884	57.0444	58.5586	48.719	1	1	1	1	1	1	
89	111.739	115.27	129.047	111.744	122.704	111.683	65.2674	55.2098	73.5123	66.7882	57.0442	58.5583	48.7189	1	1	1	1	1	1	
90	111.738	115.27	129.046	111.744	122.704	111.682	65.2671	55.2097	73.512	66.788	57.0441	58.5581	48.7187	1	1	1	1	1	1	
91	111.738	115.27	129.046	111.744	122.704	111.682	65.2668	55.2095	73.5117	66.7878	57.0439	58.5579	48.7186	1	1	1	1	1	1	
92	111.738	115.269	129.045	111.744	122.703	111.682	65.2666	55.2094	73.5114	66.7876	57.0438	58.5576	48.7184	1	1	1	1	1	1	
93	111.737	115.269	129.044	111.743	122.703	111.682	65.2663	55.2092	73.5111	66.7873	57.0436	58.5574	48.7183	1	1	1	1	1	1	
94	111.737	115.269	129.043	111.743	122.702	111.681	65.266	55.2091	73.5108	66.7871	57.0435	58.5571	48.7181	1	1	1	1	1	1	
95	111.737	115.269	129.042	111.743	122.702	111.681	65.2657	55.2089	73.5105	66.7869	57.0433	58.5569	48.718	1	1	1	1	1	1	
96	111.736	115.268	129.042	111.742	122.702	111.681	65.2655	55.2088	73.5102	66.7867	57.0431	58.5566	48.7178	1	1	1	1	1	1	
97	111.736	115.268	129.041	111.742	122.701	111.68	65.2652	55.2086	73.5099	66.7864	57.043	58.5564	48.7176	1	1	1	1	1	1	
98	111.735	115.268	129.04	111.742	122.701	111.68	65.2649	55.2085	73.5096	66.7862	57.0428	58.5561	48.7175	1	1	1	1	1	1	
99	111.735	115.268	129.039	111.741	122.7	111.68	65.2646	55.2083	73.5093	66.786	57.0427	58.5559	48.7173	1	1	1	1	1	1	
100	111.735	115.267	129.038	111.741	122.7	111.679	65.2643	55.2082	73.509	66.7857	57.0425	58.5556	48.7171	1	1	1	1	1	1	
101	111.734	115.267	129.038	111.741	122.7	111.679	65.264	55.208	73.5087	66.7855	57.0423	58.5553	48.717	1	1	1	1	1	1	
102	111.734	115.267	129.037	111.74	122.699	111.679	65.2637	55.2079	73.5083	66.7853	57.0422	58.5551	48.7168	1	1	1	1	1	1	
103	111.734	115.267	129.036	111.74	122.699	111.679	65.2634	55.2077	73.508	66.785	57.042	58.5548	48.7166	1	1	1	1	1	1	
104	111.733	115.267	129.035	111.74	122.698	111.678	65.2631	55.2075	73.5077	66.7848	57.0418	58.5545	48.7165	1	1	1	1	1	1	
105	111.733	115.266	129.034	111.739	122.698	111.678	65.2628	55.2074	73.5074	66.7845	57.0417	58.5542	48.7163	1	1	1	1	1	1	
106	111.732	115.266	129.033	111.739	122.697	111.678	65.2625	55.2072	73.507	66.7843	57.0415	58.554	48.7161	1	1	1	1	1	1	
107	111.732	115.266	129.032	111.739	122.697	111.677	65.2622	55.207	73.5067	66.784	57.0413	58.5537	48.716	1	1	1	1	1	1	
108	111.732	115.265	129.031	111.738	122.696	111.677	65.2619	55.2069	73.5064	66.7838	57.0411	58.5534	48.7158	1	1	1	1	1	1	
109	111.731	115.265	129.031	111.738	122.696	111.677	65.2615	55.2067	73.506	66.7835	57.0409	58.5531	48.7156	1	1	1	1	1	1	
110	111.731	115.265	129.03	111.738	122.696	111.676	65.2612	55.2065	73.5057	66.7833	57.0408	58.5528	48.7154	1	1	1	1	1	1	
111	111.73	115.265	129.029	111.737	122.695	111.676	65.2609	55.2063	73.5053	66.783	57.0406	58.5525	48.7152	1	1	1	1	1	1	
112	111.73	115.264	129.028	111.737	122.695	111.676	65.2606	55.2062	73.505	66.7827	57.0404	58.5522	48.715	1	1	1	1	1	1	
113	111.73	115.264	129.027	111.737	122.694	111.675	65.2602	55.206	73.5046	66.7825	57.0402	58.5519	48.7149	1	1	1	1	1	1	
114	111.729	115.264	129.026	111.736	122.694	111.675	65.2599	55.2058	73.5042	66.7822	57.04	58.5516	48.7147	1	1	1	1	1	1	
115	111.729	115.264	129.025	111.736	122.693	111.674	65.2596	55.2056	73.5039	66.7819	57.0398	58.5513	48.7145	1	1	1	1	1	1	
116	111.728	115.263	129.024	111.735	122.693	111.674	65.2592	55.2054	73.5035	66.7817	57.0396	58.551	48.7143	1	1	1	1	1	1	
117	111.728	115.263	129.023	111.735	122.692	111.674	65.2589	55.2053	73.5031	66.7814	57.0394	58.5507	48.7141	1	1	1	1	1	1	
118	111.727	115.263	129.022	111.735	122.692	111.673	65.2585	55.2051	73.5028	66.7811	57.0392	58.5504	48.7139	1	1	1	1	1	1	
119	111.727	115.262	129.021	111.734	122.691	111.673	65.2582	55.2049	73.5024	66.7808	57.0391	58.5501	48.7137	1	1	1	1	1	1	
120	111.727	115.262	129.02	111.734	122.691	111.673	65.2578	55.2047	73.502	66.7805	57.0389	58.5497	48.7135	1	1	1	1	1	1	
121	111.726	115.262	129.019	111.734	122.69	111.672	65.2574	55.2045	73.5016	66.7802	57.0386	58.5494	48.7133	1	1	1	1	1	1	
122	111.726	115.262	129.018	111.733	122.69	111.672	65.2571	55.2043	73.5012	66.7799	57.0384	58.5491	48.7131	1	1	1	1	1	1	
123	111.725	115.261	129.017	111.733	122.689	111.671	65.2567	55.2041	73.5008	66.7796	57.0382	58.5488	48.7129	1	1	1	1	1	1	
124	111.725	115.261	129.016	111.732	122.689	111.671	65.2563	55.2039	73.5004	66.7793	57.038	58.5484	48.7127	1	1	1	1	1	1	
125	111.724	115.261	129.015	111.732	122.688	111.671	65.256	55.2037	73.5	66.779	57.0378	58.5481	48.7125	1	1	1	1	1	1	
126	111.724	115.26	129.014	111.731	122.687	111.67	65.2556	55.2035	73.4996	66.7787	57.0376	58.5477	48.7122	1	1	1	1	1	1	
127	111.723	115.26	129.013	111.731	122.687	111.67	65.2552	55.2033	73.4992	66.7784	57.0374	58.5474	48.712	1	1	1	1	1	1	
128	111.723	115.26	129.012	111.731	122.686	111.669	65.2548	55.2031	73.4988	66.7781	57.0372	58.547	48.7118	1	1	1	1	1	1	
129	111.722	115.259	129.01	111.73	122.686	111.669	65.2544	55.2029	73.4984	66.7778	57.037	58.5467	48.7116	1	1	1	1	1	1	
130	111.722	115.259	129.009	111.73	122.685	111.669	65.254	55.2027	73.4979	66.7775	57.0367	58.5463	48.7114	1	1	1	1	1	1	
131	111.721	115.259	129.008	111.729	122.685	111.668	65.2536	55.2024	73.4975	66.7772	57.0365	58.546	48.7111	1	1	1	1	1	1	
132	111.721	115.258	129.007	111.729	122.684	111.668	65.2532	55.2022	73.4971	66.7768	57.0363	58.5456	48.7109	1	1	1	1	1	1	
133	111.72	115.258	129.006	111.728	122.683	111.667	65.2528	55.202	73.4966	66.7765	57.0361	58.5453	48.7107	1	1	1	1	1	1	
134	111.72	115.258	129.005	111.728	122.683	111.667	65.2524	55.2018	73.4962	66.7762	57.0358	58.5449	48.7104	1	1	1	1	1	1	
135	111.719	115.257	129.004	111.728	122.682	111.666	65.252	55.2016	73.4957	66.7758	57.0356	58.5445	48.7102	1	1	1	1	1	1	
136	111.719	115.257	129.002	111.727	122.682	111.666	65.2516	55.2013	73.4953	66.7755	57.0354	58.5441	48.71	1	1	1	1	1	1	
137	111.718	115.257	129.001	111.727	122.681	111.666	65.2511	55.2011	73.4948	66.7752	57.0351	58.5437	48.7097	1	1	1	1	1	1	
138	111.718	115.256	129	111.726	122.68	111.665	65.2507	55.2009	73.4944	66.7748	57.0349	58.5434	48.7095	1	1	1	1	1	1	
139	111.717	115.256	128.999	111.726	122.68	111.665	65.2503	55.2006	73.4939	66.7745	57.0346	58.543	48.7092	1	1	1	1	1	1	
140	111.717	115.256	128.998	111.725	122.679	111.664	65.2498	55.2004	73.4934	66.7741	57.0344	58.5426	48.709	1	1	1	1	1	1	
141	111.716	115.255	128.996	111.725	122.679	111.664	65.2494	55.2002	73.493	66.7738	57.0341	58.5422	48.7088	1	1	1	1	1	1	
142	111.715	115.255	128.995	111.724	122.678	111.663	65.2489	55.1999	73.4925	66.7734	57.0339	58.5418	48.7085	1	1	1	1	1	1	
143	111.715	115.255	128.994	111.724	122.677	111.663	65.2485	55.1997	73.492	66.7731	57.0336	58.5414	48.7082	1	1	1	1	1	1	
144	111.714	115.254	128.992	111.723	122.677	111.662	65.248	55.1994	73.4915	66.7727	57.0334	58.541	48.708	1	1	1	1	1	1	
145	111.714	115.254	128.991	111.723	122.676	111.662	65.2476	55.1992	73.491	66.7723	57.0331	58.5406	48.7077	1	1	1	1	1	1	
146	111.713	115.254	128.99	111.722	122.675	111.661	65.2471	55.1989	73.4905	66.7719	57.0329	58.5401	48.7075	1	1	1	1	1	1	
147	111.713	115.253	128.989	111.722	122.675	111.661	65.2466	55.1987	73.49	66.7716	57.0326	58.5397	48.7072	1	1	1	1	1	1	
148	111.712	115.253	128.987	111.721	122.674	111.66	65.2462	55.1984	73.4895	66.7712	57.0323	58.5393	48.7069	1	1	1	1	1	1	
149	111.711	115.252	128.986	111.721	122.673	111.66	65.2457	55.1982	73.489	66.7708	57.0321	58.5389	48.7067	1	1	1	1	1	1	
150	111.711	115.252	128.984	111.72	122.673	111.659	65.2452	55.1979	73.4885	66.7704	57.0318	58.5384	48.7064	1	1	1	1	1	1	
151	111.71	115.252	128.983	111.72	122.672	111.659	65.2447	55.1977	73.4879	66.77	57.0315	58.538	48.7061	1	1	1	1	1	1	
152	111.71	115.251	128.982	111.719	122.671	111.658	65.2442	55.1974	73.4874	66.7696	57.0313	58.5375	48.7058	1	1	1	1	1	1	
153	111.709	115.251	128.98	111.718	122.67	111.658	65.2437	55.1971	73.4869	66.7692	57.031	58.5371	48.7056	1	1	1	1	1	1	
154	111.708	115.25	128.979	111.718	122.67	111.657	65.2432	55.1969	73.4863	66.7688	57.0307	58.5366	48.7053	1	1	1	1	1	1	
155	111.708	115.25	128.977	111.717	122.669	111.657	65.2427	55.1966	73.4858	66.7684	57.0304	58.5362	48.705	1	1	1	1	1	1	
156	111.707	115.25	128.976	111.717	122.668	111.656	65.2422	55.1963	73.4852	66.768	57.0301	58.5357	48.7047	1	1	1	1	1	1	
157	111.706	115.249	128.975	111.716	122.667	111.655	65.2416	55.196	73.4847	66.7676	57.0298	58.5352	48.7044	1	1	1	1	1	1	
158	111.706	115.249	128.973	111.716	122.667	111.655	65.2411	55.1957	73.4841	66.7672	57.0295	58.5348	48.7041	1	1	1	1	1	1	
159	111.705	115.248	128.972	111.715	122.666	111.654	65.2406	55.1955	73.4835	66.7667	57.0292	58.5343	48.7038	1	1	1	1	1	1	
160	111.704	115.248	128.97	111.714	122.665	111.654	65.2401	55.1952	73.483	66.7663	57.0289	58.5338	48.7035	1	1	1	1	1	1	
161	111.704	115.247	128.968	111.714	122.664	111.653	65.2395	55.1949	73.4824	66.7659	57.0286	58.5333	48.7032	1	1	1	1	1	1	
162	111.703	115.247	128.967	111.713	122.664	111.653	65.239	55.1946	73.4818	66.7654	57.0283	58.5328	48.7029	1	1	1	1	1	1	
163	111.702	115.246	128.965	111.713	122.663	111.652	65.2384	55.1943	73.4812	66.765	57.028	58.5323	48.7026	1	1	1	1	1	1	
164	111.702	115.246	128.964	111.712	122.662	111.651	65.2378	55.194	73.4806	66.7645	57.0277	58.5318	48.7023	1	1	1	1	1	1	
165	111.701	115.246	128.962	111.711	122.661	111.651	65.2373	55.1937	73.48	66.7641	57.0274	58.5313	48.7019	1	1	1	1	1	1	
166	111.7	115.245	128.961	111.711	122.66	111.65	65.2367	55.1934	73.4794	66.7636	57.0271	58.5308	48.7016	1	1	1	1	1	1	
167	111.699	115.245	128.959	111.71	122.66	111.65	65.2361	55.1931	73.4787	66.7632	57.0267	58.5303	48.7013	1	1	1	1	1	1	
168	111.699	115.244	128.957	111.71	122.659	111.649	65.2355	55.1928	73.4781	66.7627	57.0264	58.5298	48.701	1	1	1	1	1	1	
169	111.698	115.244	128.956	111.709	122.658	111.648	65.2349	55.1925	73.4775	66.7622	57.0261	58.5293	48.7006	1	1	1	1	1	1	
170	111.697	115.243	128.954	111.708	122.657	111.648	65.2344	55.1921	73.4768	66.7617	57.0258	58.5287	48.7003	1	1	1	1	1	1	
171	111.696	115.243	128.952	111.708	122.656	111.647	65.2337	55.1918	73.4762	66.7613	57.0254	58.5282	48.7	1	1	1	1	1	1	
172	111.696	115.242	128.951	111.707	122.655	111.646	65.2331	55.1915	73.4756	66.7608	57.0251	58.5276	48.6996	1	1	1	1	1	1	
173	111.695	115.242	128.949	111.706	122.654	111.646	65.2325	55.1912	73.4749	66.7603	57.0247	58.5271	48.6993	1	1	1	1	1	1	
174	111.694	115.241	128.947	111.706	122.654	111.645	65.2319	55.1908	73.4742	66.7598	57.0244	58.5265	48.6989	1	1	1	1	1	1	
175	111.693	115.241	128.945	111.705	122.653	111.645	65.2313	55.1905	73.4736	66.7593	57.024	58.526	48.6986	1	1	1	1	1	1	
176	111.693	115.24	128.944	111.704	122.652	111.644	65.2306	55.1902	73.4729	66.7588	57.0237	58.5254	48.6982	1	1	1	1	1	1	
177	111.692	115.24	128.942	111.703	122.651	111.643	65.23	55.1898	73.4722	66.7583	57.0233	58.5248	48.6979	1	1	1	1	1	1	
178	111.691	115.239	128.94	111.703	122.65	111.642	65.2294	55.1895	73.4715	66.7578	57.023	58.5243	48.6975	1	1	1	1	1	1	
179	111.69	115.239	128.938	111.702	122.649	111.642	65.2287	55.1891	73.4708	66.7572	57.0226	58.5237	48.6971	1	1	1	1	1	1	
180	111.689	115.238	128.936	111.701	122.648	111.641	65.228	55.1888	73.4701	66.7567	57.0222	58.5231	48.6968	1	1	1	1	1	1	
181	111.688	115.238	128.934	111.701	122.647	111.64	65.2274	55.1884	73.4694	66.7562	57.0219	58.5225	48.6964	1	1	1	1	1	1	
182	111.688	115.237	128.932	111.7	122.646	111.64	65.2267	55.1881	73.4686	66.7556	57.0215	58.5219	48.696	1	1	1	1	1	1	
183	111.687	115.236	128.931	111.699	122.645	111.639	65.226	55.1877	73.4679	66.7551	57.0211	58.5213	48.6956	1	1	1	1	1	1	
184	111.686	115.236	128.929	111.698	122.644	111.638	65.2253	55.1873	73.4672	66.7545	57.0207	58.5207	48.6952	1	1	1	1	1	1	
185	111.685	115.235	128.927	111.698	122.643	111.637	65.2246	55.187	73.4664	66.754	57.0204	58.5201	48.6949	1	1	1	1	1	1	
186	111.684	115.235	128.925	111.697	122.642	111.637	65.2239	55.1866	73.4657	66.7534	57.02	58.5194	48.6945	1	1	1	1	1	1	
187	111.683	115.234	128.923	111.696	122.641	111.636	65.2232	55.1862	73.4649	66.7529	57.0196	58.5188	48.6941	1	1	1	1	1	1	
188	111.682	115.234	128.921	111.695	122.64	111.635	65.2225	55.1858	73.4642	66.7523	57.0192	58.5182	48.6937	1	1	1	1	1	1	
189	111.682	115.233	128.919	111.694	122.639	111.634	65.2218	55.1854	73.4634	66.7517	57.0188	58.5175	48.6933	1	1	1	1	1	1	
190	111.681	115.232	128.917	111.694	122.638	111.634	65.221	55.1851	73.4626	66.7511	57.0184	58.5169	48.6928	1	1	1	1	1	1	
191	111.68	115.232	128.915	111.693	122.637	111.633	65.2203	55.1847	73.4618	66.7505	57.0179	58.5162	48.6924	1	1	1	1	1	1	
192	111.679	115.231	128.912	111.692	122.636	111.632	65.2195	55.1843	73.461	66.75	57.0175	58.5155	48.692	1	1	1	1	1	1	
193	111.678	115.231	128.91	111.691	122.635	111.631	65.2188	55.1839	73.4602	66.7494	57.0171	58.5149	48.6916	1	1	1	1	1	1	
194	111.677	115.23	128.908	111.69	122.634	111.631	65.218	55.1835	73.4594	66.7487	57.0167	58.5142	48.6912	1	1	1	1	1	1	
195	111.676	115.229	128.906	111.69	122.633	111.63	65.2173	55.1831	73.4585	66.7481	57.0163	58.5135	48.6907	1	1	1	1	1	1	
196	111.675	115.229	128.904	111.689	122.631	111.629	65.2165	55.1826	73.4577	66.7475	57.0158	58.5128	48.6903	1	1	1	1	1	1	
197	111.674	115.228	128.902	111.688	122.63	111.628	65.2157	55.1822	73.4569	66.7469	57.0154	58.5121	48.6899	1	1	1	1	1	1	
198	111.673	115.227	128.899	111.687	122.629	111.627	65.2149	55.1818	73.456	66.7462	57.0149	58.5114	48.6894	1	1	1	1	1	1	
199	111.672	115.227	128.897	111.686	122.628	111.626	65.2141	55.1814	73.4552	66.7456	57.0145	58.5107	48.689	1	1	1	1	1	1	
200	111.671	115.226	128.895	111.685	122.627	111.626	65.2133	55.1809	73.4543	66.745	57.0141	58.51	48.6885	1	1	1	1	1	1	
201	111.67	115.226	128.893	111.684	122.626	111.625	65.2124	55.1805	73.4534	66.7443	57.0136	58.5092	48.688	1	1	1	1	1	1	
202	111.669	115.225	128.89	111.683	122.625	111.624	65.2116	55.1801	73.4525	66.7437	57.0131	58.5085	48.6876	1	1	1	1	1	1	
203	111.668	115.224	128.888	111.682	122.623	111.623	65.2108	55.1796	73.4516	66.743	57.0127	58.5078	48.6871	1	1	1	1	1	1	
204	111.667	115.224	128.885	111.682	122.622	111.622	65.2099	55.1792	73.4507	66.7423	57.0122	58.507	48.6866	1	1	1	1	1	1	
205	111.666	115.223	128.883	111.681	122.621	111.621	65.2091	55.1787	73.4498	66.7416	57.0117	58.5062	48.6862	1	1	1	1	1	1	
206	111.665	115.222	128.881	111.68	122.62	111.62	65.2082	55.1783	73.4489	66.7409	57.0112	58.5055	48.6857	1	1	1	1	1	1	
207	111.664	115.221	128.878	111.679	122.618	111.619	65.2073	55.1778	73.4479	66.7403	57.0108	58.5047	48.6852	1	1	1	1	1	1	
208	111.662	115.221	128.876	111.678	122.617	111.618	65.2064	55.1773	73.447	66.7396	57.0103	58.5039	48.6847	1	1	1	1	1	1	
209	111.661	115.22	128.873	111.677	122.616	111.617	65.2056	55.1769	73.446	66.7388	57.0098	58.5031	48.6842	1	1	1	1	1	1	
210	111.66	115.219	128.871	111.676	122.615	111.616	65.2046	55.1764	73.4451	66.7381	57.0093	58.5023	48.6837	1	1	1	1	1	1	
211	111.659	115.219	128.868	111.675	122.613	111.615	65.2037	55.1759	73.4441	66.7374	57.0088	58.5015	48.6832	1	1	1	1	1	1	
212	111.658	115.218	128.866	111.674	122.612	111.615	65.2028	55.1754	73.4431	66.7367	57.0083	58.5007	48.6827	1	1	1	1	1	1	
213	111.657	115.217	128.863	111.673	122.611	111.614	65.2019	55.1749	73.4421	66.7359	57.0078	58.4999	48.6822	1	1	1	1	1	1	
214	111.656	115.216	128.86	111.672	122.609	111.613	65.2009	55.1744	73.4411	66.7352	57.0072	58.4991	48.6816	1	1	1	1	1	1	
215	111.654	115.216	128.858	111.671	122.608	111.612	65.2	55.1739	73.4401	66.7344	57.0067	58.4982	48.6811	1	1	1	1	1	1	
216	111.653	115.215	128.855	111.67	122.607	111.611	65.199	55.1734	73.4391	66.7337	57.0062	58.4974	48.6806	1	1	1	1	1	1	
217	111.652	115.214	128.852	111.669	122.605	111.61	65.1981	55.1729	73.438	66.7329	57.0056	58.4965	48.68	1	1	1	1	1	1	
218	111.651	115.213	128.85	111.668	122.604	111.608	65.1971	55.1724	73.437	66.7321	57.0051	58.4956	48.6795	1	1	1	1	1	1	
219	111.65	115.212	128.847	111.667	122.602	111.607	65.1961	55.1719	73.4359	66.7314	57.0046	58.4948	48.6789	1	1	1	1	1	1	
220	111.648	115.212	128.844	111.665	122.601	111.606	65.1951	55.1714	73.4349	66.7306	57.004	58.4939	48.6784	1	1	1	1	1	1	
221	111.647	115.211	128.841	111.664	122.6	111.605	65.1941	55.1708	73.4338	66.7298	57.0034	58.493	48.6778	1	1	1	1	1	1	
222	111.646	115.21	128.838	111.663	122.598	111.604	65.1931	55.1703	73.4327	66.729	57.0029	58.4921	48.6772	1	1	1	1	1	1	
223	111.644	115.209	128.835	111.662	122.597	111.603	65.192	55.1697	73.4316	66.7281	57.0023	58.4912	48.6767	1	1	1	1	1	1	
224	111.643	115.208	128.833	111.661	122.595	111.602	65.191	55.1692	73.4305	66.7273	57.0017	58.4903	48.6761	1	1	1	1	1	1	
225	111.642	115.207	128.83	111.66	122.594	111.601	65.1899	55.1686	73.4294	66.7265	57.0012	58.4893	48.6755	1	1	1	1	1	1	
226	111.641	115.207	128.827	111.659	122.592	111.6	65.1888	55.1681	73.4282	66.7256	57.0006	58.4884	48.6749	1	1	1	1	1	1	
227	111.639	115.206	128.824	111.657	122.591	111.599	65.1878	55.1675	73.4271	66.7248	57	58.4874	48.6743	1	1	1	1	1	1	
228	111.638	115.205	128.821	111.656	122.589	111.598	65.1867	55.1669	73.4259	66.7239	56.9994	58.4865	48.6737	1	1	1	1	1	1	
229	111.637	115.204	128.817	111.655	122.588	111.596	65.1856	55.1664	73.4247	66.7231	56.9988	58.4855	48.6731	1	1	1	1	1	1	
230	111.635	115.203	128.814	111.654	122.586	111.595	65.1845	55.1658	73.4235	66.7222	56.9982	58.4845	48.6725	1	1	1	1	1	1	
231	111.634	115.202	128.811	111.653	122.584	111.594	65.1833	55.1652	73.4223	66.7213	56.9975	58.4835	48.6718	1	1	1	1	1	1	
232	111.632	115.201	128.808	111.651	122.583	111.593	65.1822	55.1646	73.4211	66.7204	56.9969	58.4826	48.6712	1	1	1	1	1	1	
233	111.631	115.2	128.805	111.65	122.581	111.592	65.1811	55.164	73.4199	66.7195	56.9963	58.4815	48.6706	1	1	1	1	1	1	
234	111.629	115.199	128.802	111.649	122.579	111.59	65.1799	55.1634	73.4187	66.7186	56.9956	58.4805	48.6699	1	1	1	1	1	1	
235	111.628	115.198	128.798	111.648	122.578	111.589	65.1787	55.1628	73.4174	66.7177	56.995	58.4795	48.6693	1	1	1	1	1	1	
236	111.627	115.197	128.795	111.646	122.576	111.588	65.1775	55.1622	73.4162	66.7167	56.9944	58.4785	48.6686	1	1	1	1	1	1	
237	111.625	115.197	128.792	111.645	122.574	111.587	65.1763	55.1615	73.4149	66.7158	56.9937	58.4774	48.6679	1	1	1	1	1	1	
238	111.624	115.196	128.788	111.644	122.573	111.585	65.1751	55.1609	73.4136	66.7148	56.993	58.4763	48.6673	1	1	1	1	1	1	
239	111.622	115.195	128.785	111.642	122.571	111.584	65.1739	55.1603	73.4123	66.7139	56.9924	58.4753	48.6666	1	1	1	1	1	1	
240	111.621	115.194	128.782	111.641	122.569	111.583	65.1727	55.1596	73.411	66.7129	56.9917	58.4742	48.6659	1	1	1	1	1	1	
241	111.619	115.193	128.778	111.64	122.567	111.582	65.1714	55.159	73.4096	66.7119	56.991	58.4731	48.6652	1	1	1	1	1	1	
242	111.617	115.192	128.775	111.638	122.566	111.58	65.1702	55.1583	73.4083	66.7109	56.9903	58.472	48.6645	1	1	1	1	1	1	
243	111.616	115.191	128.771	111.637	122.564	111.579	65.1689	55.1576	73.4069	66.7099	56.9896	58.4709	48.6638	1	1	1	1	1	1	
244	111.614	115.19	128.767	111.636	122.562	111.578	65.1676	55.157	73.4056	66.7089	56.9889	58.4697	48.6631	1	1	1	1	1	1	
245	111.613	115.188	128.764	111.634	122.56	111.576	65.1663	55.1563	73.4042	66.7079	56.9882	58.4686	48.6624	1	1	1	1	1	1	
246	111.611	115.187	128.76	111.633	122.558	111.575	65.165	55.1556	73.4028	66.7069	56.9875	58.4675	48.6616	1	1	1	1	1	1	
247	111.609	115.186	128.756	111.631	122.556	111.573	65.1636	55.1549	73.4014	66.7058	56.9867	58.4663	48.6609	1	1	1	1	1	1	
248	111.608	115.185	128.753	111.63	122.555	111.572	65.1623	55.1542	73.3999	66.7048	56.986	58.4651	48.6601	1	1	1	1	1	1	
249	111.606	115.184	128.749	111.628	122.553	111.571	65.1609	55.1535	73.3985	66.7037	56.9853	58.4639	48.6594	1	1	1	1	1	1	
250	111.604	115.183	128.745	111.627	122.551	111.569	65.1596	55.1528	73.397	66.7026	56.9845	58.4627	48.6586	1	1	1	1	1	1	
251	111.603	115.182	128.741	111.625	122.549	111.568	65.1582	55.1521	73.3956	66.7015	56.9838	58.4615	48.6579	1	1	1	1	1	1	
252	111.601	115.181	128.737	111.624	122.547	111.566	65.1568	55.1513	73.3941	66.7004	56.983	58.4603	48.6571	1	1	1	1	1	1	
253	111.599	115.18	128.733	111.622	122.545	111.565	65.1554	55.1506	73.3926	66.6993	56.9822	58.4591	48.6563	1	1	1	1	1	1	
254	111.597	115.179	128.729	111.621	122.543	111.563	65.1539	55.1499	73.391	66.6982	56.9814	58.4578	48.6555	1	1	1	1	1	1	
255	111.596	115.177	128.725	111.619	122.541	111.562	65.1525	55.1491	73.3895	66.6971	56.9806	58.4566	48.6547	1	1	1	1	1	1	
256	111.594	115.176	128.721	111.618	122.539	111.56	65.151	55.1484	73.3879	66.6959	56.9798	58.4553	48.6539	1	1	1	1	1	1	
257	111.592	115.175	128.717	111.616	122.536	111.559	65.1495	55.1476	73.3864	66.6948	56.979	58.454	48.6531	1	1	1	1	1	1	
258	111.59	115.174	128.713	111.614	122.534	111.557	65.148	55.1468	73.3848	66.6936	56.9782	58.4527	48.6522	1	1	1	1	1	1	
259	111.588	115.173	128.709	111.613	122.532	111.556	65.1465	55.146	73.3832	66.6924	56.9774	58.4514	48.6514	1	1	1	1	1	1	
260	111.586	115.172	128.705	111.611	122.53	111.554	65.145	55.1452	73.3815	66.6912	56.9766	58.4501	48.6506	1	1	1	1	1	1	
261	111.584	115.17	128.7	111.61	122.528	111.552	65.1435	55.1444	73.3799	66.69	56.9757	58.4487	48.6497	1	1	1	1	1	1	
262	111.583	115.169	128.696	111.608	122.526	111.551	65.1419	55.1436	73.3782	66.6888	56.9749	58.4474	48.6489	1	1	1	1	1	1	
263	111.581	115.168	128.692	111.606	122.523	111.549	65.1403	55.1428	73.3766	66.6876	56.974	58.446	48.648	1	1	1	1	1	1	
264	111.579	115.167	128.687	111.604	122.521	111.548	65.1387	55.142	73.3749	66.6863	56.9731	58.4446	48.6471	1	1	1	1	1	1	
265	111.577	115.165	128.683	111.603	122.519	111.546	65.1371	55.1412	73.3732	66.6851	56.9723	58.4432	48.6462	1	1	1	1	1	1	
266	111.575	115.164	128.678	111.601	122.517	111.544	65.1355	55.1403	73.3714	66.6838	56.9714	58.4418	48.6453	1	1	1	1	1	1	
267	111.573	115.163	128.674	111.599	122.514	111.542	65.1338	55.1395	73.3697	66.6825	56.9705	58.4404	48.6444	1	1	1	1	1	1	
268	111.571	115.161	128.669	111.597	122.512	111.541	65.1322	55.1386	73.3679	66.6812	56.9696	58.4389	48.6435	1	1	1	1	1	1	
269	111.569	115.16	128.665	111.596	122.51	111.539	65.1305	55.1378	73.3661	66.6799	56.9687	58.4375	48.6426	1	1	1	1	1	1	
270	111.566	115.159	128.66	111.594	122.507	111.537	65.1288	55.1369	73.3643	66.6786	56.9677	58.436	48.6416	1	1	1	1	1	1	
271	111.564	115.157	128.655	111.592	122.505	111.535	65.1271	55.136	73.3625	66.6773	56.9668	58.4345	48.6407	1	1	1	1	1	1	
272	111.562	115.156	128.65	111.59	122.502	111.534	65.1253	55.1351	73.3607	66.6759	56.9659	58.433	48.6397	1	1	1	1	1	1	
273	111.56	115.154	128.645	111.588	122.5	111.532	65.1236	55.1342	73.3588	66.6746	56.9649	58.4315	48.6387	1	1	1	1	1	1	
274	111.558	115.153	128.641	111.586	122.497	111.53	65.1218	55.1333	73.3569	66.6732	56.964	58.43	48.6378	1	1	1	1	1	1	
275	111.556	115.152	128.636	111.584	122.495	111.528	65.12	55.1324	73.355	66.6718	56.963	58.4284	48.6368	1	1	1	1	1	1	
276	111.553	115.15	128.631	111.582	122.492	111.526	65.1182	55.1314	73.3531	66.6704	56.962	58.4269	48.6358	1	1	1	1	1	1	
277	111.551	115.149	128.626	111.58	122.49	111.524	65.1164	55.1305	73.3512	66.669	56.961	58.4253	48.6348	1	1	1	1	1	1	
278	111.549	115.147	128.62	111.578	122.487	111.522	65.1145	55.1296	73.3492	66.6675	56.96	58.4237	48.6338	1	1	1	1	1	1	
279	111.547	115.146	128.615	111.576	122.484	111.52	65.1126	55.1286	73.3472	66.6661	56.959	58.4221	48.6327	1	1	1	1	1	1	
280	111.544	115.144	128.61	111.574	122.482	111.519	65.1107	55.1276	73.3452	66.6646	56.958	58.4205	48.6317	1	1	1	1	1	1	
281	111.542	115.143	128.605	111.572	122.479	111.517	65.1088	55.1267	73.3432	66.6631	56.9569	58.4188	48.6306	1	1	1	1	1	1	
282	111.54	115.141	128.599	111.57	122.476	111.515	65.1069	55.1257	73.3411	66.6616	56.9559	58.4172	48.6296	1	1	1	1	1	1	
283	111.537	115.14	128.594	111.568	122.474	111.513	65.1049	55.1247	73.3391	66.6601	56.9548	58.4155	48.6285	1	1	1	1	1	1	
284	111.535	115.138	128.589	111.566	122.471	111.51	65.103	55.1237	73.337	66.6586	56.9538	58.4138	48.6274	1	1	1	1	1	1	
285	111.532	115.137	128.583	111.564	122.468	111.508	65.101	55.1226	73.3349	66.6571	56.9527	58.4121	48.6263	1	1	1	1	1	1	
286	111.53	115.135	128.578	111.562	122.465	111.506	65.0989	55.1216	73.3327	66.6555	56.9516	58.4104	48.6252	1	1	1	1	1	1	
287	111.527	115.133	128.572	111.56	122.462	111.504	65.0969	55.1206	73.3306	66.6539	56.9505	58.4086	48.6241	1	1	1	1	1	1	
288	111.525	115.132	128.566	111.557	122.459	111.502	65.0948	55.1195	73.3284	66.6523	56.9494	58.4068	48.6229	1	1	1	1	1	1	
289	111.522	115.13	128.561	111.555	122.457	111.5	65.0927	55.1185	73.3262	66.6507	56.9483	58.4051	48.6218	1	1	1	1	1	1	
290	111.52	115.128	128.555	111.553	122.454	111.498	65.0906	55.1174	73.3239	66.6491	56.9471	58.4033	48.6206	1	1	1	1	1	1	
291	111.517	115.127	128.549	111.551	122.451	111.496	65.0885	55.1163	73.3217	66.6475	56.946	58.4014	48.6195	1	1	1	1	1	1	
292	111.514	115.125	128.543	111.548	122.448	111.493	65.0863	55.1152	73.3194	66.6458	56.9448	58.3996	48.6183	1	1	1	1	1	1	
293	111.512	115.123	128.537	111.546	122.444	111.491	65.0842	55.1141	73.3171	66.6441	56.9437	58.3977	48.6171	1	1	1	1	1	1	
294	111.509	115.122	128.531	111.544	122.441	111.489	65.0819	55.113	73.3148	66.6424	56.9425	58.3959	48.6159	1	1	1	1	1	1	
295	111.506	115.12	128.525	111.541	122.438	111.487	65.0797	55.1119	73.3124	66.6407	56.9413	58.394	48.6147	1	1	1	1	1	1	
296	111.504	115.118	128.519	111.539	122.435	111.484	65.0775	55.1107	73.31	66.639	56.9401	58.392	48.6134	1	1	1	1	1	1	
297	111.501	115.116	128.512	111.536	122.432	111.482	65.0752	55.1096	73.3076	66.6373	56.9389	58.3901	48.6122	1	1	1	1	1	1	
298	111.498	115.114	128.506	111.534	122.429	111.479	65.0729	55.1084	73.3052	66.6355	56.9376	58.3882	48.6109	1	1	1	1	1	1	
299	111.495	115.113	128.5	111.531	122.425	111.477	65.0706	55.1072	73.3027	66.6337	56.9364	58.3862	48.6097	1	1	1	1	1	1	
300	111.492	115.111	128.493	111.529	122.422	111.475	65.0682	55.1061	73.3003	66.6319	56.9351	58.3842	48.6084	1	1	1	1	1	1	
301	111.489	115.109	128.487	111.526	122.419	111.472	65.0658	55.1049	73.2978	66.6301	56.9339	58.3822	48.6071	1	1	1	1	1	1	
302	111.487	115.107	128.48	111.524	122.415	111.47	65.0634	55.1036	73.2952	66.6282	56.9326	58.3801	48.6058	1	1	1	1	1	1	
303	111.484	115.105	128.474	111.521	122.412	111.467	65.061	55.1024	73.2927	66.6264	56.9313	58.3781	48.6044	1	1	1	1	1	1	
304	111.481	115.103	128.467	111.519	122.409	111.465	65.0585	55.1012	73.2901	66.6245	56.93	58.376	48.6031	1	1	1	1	1	1	
305	111.478	115.101	128.46	111.516	122.405	111.462	65.056	55.0999	73.2874	66.6226	56.9286	58.3739	48.6017	1	1	1	1	1	1	
306	111.474	115.099	128.453	111.513	122.402	111.46	65.0535	55.0987	73.2848	66.6207	56.9273	58.3718	48.6004	1	1	1	1	1	1	
307	111.471	115.097	128.446	111.511	122.398	111.457	65.051	55.0974	73.2821	66.6187	56.9259	58.3696	48.599	1	1	1	1	1	1	
308	111.468	115.095	128.439	111.508	122.395	111.454	65.0484	55.0961	73.2794	66.6168	56.9246	58.3674	48.5976	1	1	1	1	1	1	
309	111.465	115.093	128.432	111.505	122.391	111.452	65.0458	55.0948	73.2767	66.6148	56.9232	58.3653	48.5962	1	1	1	1	1	1	
310	111.462	115.091	128.425	111.502	122.387	111.449	65.0432	55.0935	73.2739	66.6128	56.9218	58.363	48.5947	1	1	1	1	1	1	
311	111.459	115.089	128.418	111.499	122.384	111.446	65.0405	55.0922	73.2711	66.6108	56.9204	58.3608	48.5933	1	1	1	1	1	1	
312	111.455	115.087	128.41	111.497	122.38	111.444	65.0378	55.0908	73.2683	66.6087	56.9189	58.3586	48.5918	1	1	1	1	1	1	
313	111.452	115.085	128.403	111.494	122.376	111.441	65.0351	55.0895	73.2654	66.6067	56.9175	58.3563	48.5904	1	1	1	1	1	1	
314	111.449	115.083	128.396	111.491	122.372	111.438	65.0324	55.0881	73.2625	66.6046	56.916	58.354	48.5889	1	1	1	1	1	1	
315	111.445	115.08	128.388	111.488	122.368	111.435	65.0296	55.0867	73.2596	66.6025	56.9146	58.3516	48.5874	1	1	1	1	1	1	
316	111.442	115.078	128.38	111.485	122.364	111.432	65.0268	55.0853	73.2567	66.6003	56.9131	58.3493	48.5858	1	1	1	1	1	1	
317	111.439	115.076	128.373	111.482	122.361	111.429	65.0239	55.0839	73.2537	66.5982	56.9116	58.3469	48.5843	1	1	1	1	1	1	
318	111.435	115.074	128.365	111.479	122.357	111.426	65.0211	55.0825	73.2507	66.596	56.9101	58.3445	48.5827	1	1	1	1	1	1	
319	111.432	115.071	128.357	111.476	122.352	111.424	65.0182	55.081	73.2476	66.5938	56.9085	58.3421	48.5812	1	1	1	1	1	1	
320	111.428	115.069	128.349	111.473	122.348	111.421	65.0152	55.0796	73.2445	66.5916	56.907	58.3396	48.5796	1	1	1	1	1	1	
321	111.425	115.067	128.341	111.47	122.344	111.418	65.0123	55.0781	73.2414	66.5894	56.9054	58.3371	48.578	1	1	1	1	1	1	
322	111.421	115.064	128.333	111.466	122.34	111.414	65.0093	55.0766	73.2382	66.5871	56.9038	58.3346	48.5763	1	1	1	1	1	1	
323	111.417	115.062	128.325	111.463	122.336	111.411	65.0062	55.0751	73.2351	66.5848	56.9022	58.3321	48.5747	1	1	1	1	1	1	
324	111.414	115.06	128.316	111.46	122.332	111.408	65.0031	55.0736	73.2318	66.5825	56.9006	58.3296	48.573	1	1	1	1	1	1	
325	111.41	115.057	128.308	111.457	122.327	111.405	65	55.0721	73.2286	66.5801	56.899	58.327	48.5713	1	1	1	1	1	1	
326	111.406	115.055	128.299	111.453	122.323	111.402	64.9969	55.0705	73.2253	66.5778	56.8973	58.3244	48.5697	1	1	1	1	1	1	
327	111.402	115.052	128.291	111.45	122.319	111.399	64.9937	55.069	73.222	66.5754	56.8956	58.3217	48.5679	1	1	1	1	1	1	
328	111.398	115.05	128.282	111.447	122.314	111.395	64.9905	55.0674	73.2186	66.573	56.894	58.3191	48.5662	1	1	1	1	1	1	
329	111.394	115.047	128.273	111.443	122.31	111.392	64.9873	55.0658	73.2152	66.5705	56.8923	58.3164	48.5644	1	1	1	1	1	1	
330	111.39	115.045	128.264	111.44	122.305	111.389	64.984	55.0642	73.2117	66.5681	56.8905	58.3137	48.5627	1	1	1	1	1	1	
331	111.386	115.042	128.255	111.436	122.301	111.385	64.9806	55.0626	73.2083	66.5656	56.8888	58.3109	48.5609	1	1	1	1	1	1	
332	111.382	115.04	128.246	111.433	122.296	111.382	64.9773	55.0609	73.2047	66.563	56.887	58.3081	48.5591	1	1	1	1	1	1	
333	111.378	115.037	128.237	111.429	122.291	111.379	64.9739	55.0593	73.2012	66.5605	56.8852	58.3053	48.5572	1	1	1	1	1	1	
334	111.374	115.034	128.228	111.425	122.286	111.375	64.9704	55.0576	73.1976	66.5579	56.8834	58.3025	48.5554	1	1	1	1	1	1	
335	111.37	115.032	128.218	111.422	122.282	111.372	64.967	55.0559	73.194	66.5553	56.8816	58.2996	48.5535	1	1	1	1	1	1	
336	111.366	115.029	128.209	111.418	122.277	111.368	64.9634	55.0542	73.1903	66.5527	56.8798	58.2967	48.5516	1	1	1	1	1	1	
337	111.362	115.026	128.199	111.414	122.272	111.364	64.9599	55.0524	73.1866	66.55	56.8779	58.2938	48.5497	1	1	1	1	1	1	
338	111.357	115.023	128.19	111.411	122.267	111.361	64.9563	55.0507	73.1828	66.5474	56.8761	58.2909	48.5478	1	1	1	1	1	1	
339	111.353	115.021	128.18	111.407	122.262	111.357	64.9526	55.0489	73.179	66.5446	56.8742	58.2879	48.5458	1	1	1	1	1	1	
340	111.349	115.018	128.17	111.403	122.257	111.353	64.949	55.0471	73.1751	66.5419	56.8723	58.2849	48.5439	1	1	1	1	1	1	
341	111.344	115.015	128.16	111.399	122.252	111.35	64.9452	55.0453	73.1713	66.5391	56.8703	58.2818	48.5419	1	1	1	1	1	1	
342	111.34	115.012	128.15	111.395	122.247	111.346	64.9415	55.0435	73.1673	66.5363	56.8684	58.2787	48.5398	1	1	1	1	1	1	
343	111.335	115.009	128.14	111.391	122.241	111.342	64.9377	55.0417	73.1634	66.5335	56.8664	58.2756	48.5378	1	1	1	1	1	1	
344	111.33	115.006	128.129	111.387	122.236	111.338	64.9338	55.0398	73.1593	66.5306	56.8644	58.2725	48.5357	1	1	1	1	1	1	
345	111.326	115.003	128.119	111.383	122.231	111.334	64.9299	55.0379	73.1553	66.5277	56.8624	58.2693	48.5336	1	1	1	1	1	1	
346	111.321	115	128.108	111.379	122.225	111.33	64.926	55.036	73.1512	66.5248	56.8603	58.2661	48.5315	1	1	1	1	1	1	
347	111.316	114.997	128.098	111.375	122.22	111.326	64.922	55.0341	73.147	66.5219	56.8583	58.2629	48.5294	1	1	1	1	1	1	
348	111.311	114.994	128.087	111.37	122.214	111.322	64.9179	55.0322	73.1428	66.5189	56.8562	58.2596	48.5272	1	1	1	1	1	1	
349	111.307	114.991	128.076	111.366	122.209	111.318	64.9138	55.0302	73.1385	66.5159	56.8541	58.2563	48.5251	1	1	1	1	1	1	
350	111.302	114.987	128.065	111.362	122.203	111.314	64.9097	55.0282	73.1342	66.5128	56.8519	58.2529	48.5229	1	1	1	1	1	1	
351	111.297	114.984	128.054	111.358	122.197	111.31	64.9055	55.0262	73.1299	66.5097	56.8498	58.2496	48.5206	1	1	1	1	1	1	
352	111.292	114.981	128.042	111.353	122.192	111.306	64.9013	55.0242	73.1255	66.5066	56.8476	58.2461	48.5184	1	1	1	1	1	1	
353	111.287	114.978	128.031	111.349	122.186	111.301	64.897	55.0222	73.1211	66.5035	56.8454	58.2427	48.5161	1	1	1	1	1	1	
354	111.282	114.974	128.019	111.344	122.18	111.297	64.8927	55.0201	73.1166	66.5003	56.8432	58.2392	48.5138	1	1	1	1	1	1	
355	111.276	114.971	128.008	111.34	122.174	111.293	64.8883	55.018	73.112	66.4971	56.8409	58.2357	48.5115	1	1	1	1	1	1	
356	111.271	114.968	127.996	111.335	122.168	111.288	64.8839	55.0159	73.1074	66.4938	56.8387	58.2321	48.5091	1	1	1	1	1	1	
357	111.266	114.964	127.984	111.33	122.162	111.284	64.8794	55.0138	73.1028	66.4905	56.8364	58.2285	48.5067	1	1	1	1	1	1	
358	111.26	114.961	127.972	111.326	122.155	111.279	64.8749	55.0117	73.098	66.4872	56.8341	58.2249	48.5043	1	1	1	1	1	1	
359	111.255	114.957	127.96	111.321	122.149	111.275	64.8703	55.0095	73.0933	66.4839	56.8317	58.2212	48.5019	1	1	1	1	1	1	
360	111.25	114.954	127.947	111.316	122.143	111.27	64.8656	55.0073	73.0885	66.4805	56.8293	58.2175	48.4994	1	1	1	1	1	1	
361	111.244	114.95	127.935	111.311	122.136	111.265	64.8609	55.0051	73.0836	66.477	56.8269	58.2138	48.4969	1	1	1	1	1	1	
362	111.238	114.946	127.922	111.306	122.13	111.261	64.8562	55.0028	73.0787	66.4736	56.8245	58.21	48.4944	1	1	1	1	1	1	
363	111.233	114.943	127.91	111.301	122.123	111.256	64.8514	55.0006	73.0737	66.4701	56.8221	58.2061	48.4919	1	1	1	1	1	1	
364	111.227	114.939	127.897	111.296	122.117	111.251	64.8465	54.9983	73.0687	66.4665	56.8196	58.2023	48.4893	1	1	1	1	1	1	
365	111.221	114.935	127.884	111.291	122.11	111.246	64.8416	54.996	73.0636	66.463	56.8171	58.1984	48.4867	1	1	1	1	1	1	
366	111.215	114.931	127.871	111.286	122.103	111.241	64.8366	54.9937	73.0584	66.4593	56.8146	58.1944	48.4841	1	1	1	1	1	1	
367	111.209	114.928	127.857	111.281	122.097	111.236	64.8315	54.9913	73.0532	66.4557	56.812	58.1904	48.4814	1	1	1	1	1	1	
368	111.203	114.924	127.844	111.276	122.09	111.231	64.8264	54.9889	73.0479	66.452	56.8094	58.1864	48.4787	1	1	1	1	1	1	
369	111.197	114.92	127.83	111.27	122.083	111.226	64.8213	54.9865	73.0426	66.4483	56.8068	58.1823	48.476	1	1	1	1	1	1	
370	111.191	114.916	127.816	111.265	122.076	111.221	64.816	54.9841	73.0372	66.4445	56.8042	58.1782	48.4732	1	1	1	1	1	1	
371	111.185	114.912	127.802	111.26	122.068	111.216	64.8108	54.9816	73.0317	66.4407	56.8015	58.174	48.4705	1	1	1	1	1	1	
372	111.179	114.908	127.788	111.254	122.061	111.21	64.8054	54.9792	73.0262	66.4368	56.7988	58.1698	48.4676	1	1	1	1	1	1	
373	111.172	114.904	127.774	111.248	122.054	111.205	64.8	54.9767	73.0206	66.4329	56.7961	58.1656	48.4648	1	1	1	1	1	1	
374	111.166	114.9	127.76	111.243	122.047	111.2	64.7945	54.9741	73.015	66.4289	56.7933	58.1613	48.4619	1	1	1	1	1	1	
375	111.159	114.895	127.745	111.237	122.039	111.194	64.7889	54.9716	73.0092	66.425	56.7906	58.1569	48.459	1	1	1	1	1	1	
376	111.153	114.891	127.73	111.231	122.031	111.189	64.7833	54.969	73.0034	66.4209	56.7877	58.1525	48.4561	1	1	1	1	1	1	
377	111.146	114.887	127.715	111.226	122.024	111.183	64.7776	54.9664	72.9976	66.4169	56.7849	58.1481	48.4531	1	1	1	1	1	1	
378	111.14	114.883	127.7	111.22	122.016	111.178	64.7719	54.9637	72.9917	66.4127	56.782	58.1436	48.4501	1	1	1	1	1	1	
379	111.133	114.878	127.685	111.214	122.008	111.172	64.7661	54.9611	72.9857	66.4086	56.7791	58.1391	48.447	1	1	1	1	1	1	
380	111.126	114.874	127.67	111.208	122	111.166	64.7602	54.9584	72.9796	66.4044	56.7762	58.1345	48.4439	1	1	1	1	1	1	
381	111.119	114.869	127.654	111.202	121.992	111.16	64.7542	54.9557	72.9735	66.4001	56.7732	58.1299	48.4408	1	1	1	1	1	1	
382	111.112	114.865	127.638	111.196	121.984	111.154	64.7481	54.9529	72.9673	66.3958	56.7702	58.1252	48.4377	1	1	1	1	1	1	
383	111.105	114.86	127.622	111.189	121.976	111.148	64.742	54.9501	72.961	66.3915	56.7672	58.1205	48.4345	1	1	1	1	1	1	
384	111.098	114.855	127.606	111.183	121.968	111.142	64.7358	54.9473	72.9546	66.3871	56.7641	58.1157	48.4313	1	1	1	1	1	1	
385	111.09	114.851	127.59	111.177	121.959	111.136	64.7296	54.9445	72.9482	66.3826	56.761	58.1109	48.428	1	1	1	1	1	1	
386	111.083	114.846	127.573	111.17	121.951	111.13	64.7232	54.9416	72.9417	66.3781	56.7579	58.106	48.4247	1	1	1	1	1	1	
387	111.076	114.841	127.557	111.164	121.942	111.124	64.7168	54.9387	72.9351	66.3736	56.7547	58.1011	48.4214	1	1	1	1	1	1	
388	111.068	114.836	127.54	111.157	121.934	111.118	64.7103	54.9358	72.9285	66.369	56.7515	58.0961	48.418	1	1	1	1	1	1	
389	111.06	114.831	127.523	111.15	121.925	111.111	64.7037	54.9328	72.9217	66.3643	56.7482	58.0911	48.4146	1	1	1	1	1	1	
390	111.053	114.826	127.505	111.144	121.916	111.105	64.697	54.9299	72.9149	66.3596	56.745	58.086	48.4111	1	1	1	1	1	1	
391	111.045	114.821	127.488	111.137	121.907	111.098	64.6903	54.9268	72.908	66.3549	56.7416	58.0809	48.4076	1	1	1	1	1	1	
392	111.037	114.816	127.47	111.13	121.898	111.092	64.6834	54.9238	72.901	66.3501	56.7383	58.0757	48.4041	1	1	1	1	1	1	
393	111.029	114.811	127.452	111.123	121.889	111.085	64.6765	54.9207	72.894	66.3452	56.7349	58.0705	48.4005	1	1	1	1	1	1	
394	111.021	114.806	127.434	111.116	121.879	111.078	64.6695	54.9176	72.8868	66.3403	56.7315	58.0652	48.3969	1	1	1	1	1	1	
395	111.013	114.801	127.416	111.109	121.87	111.071	64.6624	54.9145	72.8796	66.3354	56.728	58.0598	48.3933	1	1	1	1	1	1	
396	111.005	114.795	127.397	111.101	121.86	111.064	64.6552	54.9113	72.8722	66.3304	56.7245	58.0544	48.3896	1	1	1	1	1	1	
397	110.996	114.79	127.378	111.094	121.851	111.057	64.6479	54.9081	72.8648	66.3253	56.721	58.0489	48.3858	1	1	1	1	1	1	
398	110.988	114.784	127.359	111.087	121.841	111.05	64.6406	54.9048	72.8573	66.3201	56.7174	58.0434	48.382	1	1	1	1	1	1	
399	110.979	114.779	127.34	111.079	121.831	111.043	64.6331	54.9016	72.8497	66.315	56.7138	58.0378	48.3782	1	1	1	1	1	1	
400	110.971	114.773	127.321	111.072	121.821	111.036	64.6256	54.8983	72.842	66.3097	56.7101	58.0321	48.3743	1	1	1	1	1	1	
401	110.962	114.768	127.301	111.064	121.811	111.029	64.6179	54.8949	72.8343	66.3044	56.7064	58.0264	48.3704	1	1	1	1	1	1	
402	110.953	114.762	127.281	111.056	121.801	111.021	64.6101	54.8915	72.8264	66.2991	56.7027	58.0207	48.3664	1	1	1	1	1	1	
403	110.944	114.756	127.261	111.048	121.79	111.014	64.6023	54.8881	72.8184	66.2936	56.6989	58.0148	48.3624	1	1	1	1	1	1	
404	110.935	114.75	127.241	111.04	121.78	111.006	64.5943	54.8847	72.8104	66.2882	56.6951	58.0089	48.3583	1	1	1	1	1	1	
405	110.926	114.744	127.22	111.032	121.769	110.998	64.5863	54.8812	72.8022	66.2826	56.6912	58.003	48.3542	1	1	1	1	1	1	
406	110.917	114.738	127.199	111.024	121.759	110.991	64.5781	54.8777	72.7939	66.277	56.6873	57.997	48.3501	1	1	1	1	1	1	
407	110.907	114.732	127.178	111.016	121.748	110.983	64.5699	54.8741	72.7856	66.2713	56.6834	57.9909	48.3459	1	1	1	1	1	1	
408	110.898	114.726	127.157	111.008	121.737	110.975	64.5615	54.8705	72.7771	66.2656	56.6794	57.9847	48.3416	1	1	1	1	1	1	
409	110.888	114.72	127.135	110.999	121.726	110.967	64.553	54.8669	72.7685	66.2598	56.6753	57.9785	48.3373	1	1	1	1	1	1	
410	110.879	114.714	127.114	110.991	121.714	110.959	64.5444	54.8632	72.7598	66.2539	56.6712	57.9722	48.3329	1	1	1	1	1	1	
411	110.869	114.707	127.092	110.982	121.703	110.95	64.5357	54.8595	72.751	66.248	56.6671	57.9659	48.3285	1	1	1	1	1	1	
412	110.859	114.701	127.069	110.973	121.691	110.942	64.5269	54.8558	72.7421	66.242	56.6629	57.9594	48.324	1	1	1	1	1	1	
413	110.849	114.694	127.047	110.965	121.68	110.934	64.518	54.852	72.7331	66.236	56.6587	57.953	48.3195	1	1	1	1	1	1	
414	110.839	114.688	127.024	110.956	121.668	110.925	64.5089	54.8481	72.724	66.2298	56.6544	57.9464	48.3149	1	1	1	1	1	1	
415	110.828	114.681	127.001	110.947	121.656	110.916	64.4997	54.8443	72.7148	66.2236	56.6501	57.9398	48.3103	1	1	1	1	1	1	
416	110.818	114.674	126.977	110.937	121.644	110.908	64.4905	54.8404	72.7054	66.2173	56.6458	57.9331	48.3056	1	1	1	1	1	1	
417	110.807	114.668	126.953	110.928	121.632	110.899	64.481	54.8364	72.6959	66.211	56.6413	57.9263	48.3009	1	1	1	1	1	1	
418	110.797	114.661	126.929	110.919	121.619	110.89	64.4715	54.8324	72.6863	66.2046	56.6369	57.9194	48.2961	1	1	1	1	1	1	
419	110.786	114.654	126.905	110.909	121.607	110.881	64.4618	54.8284	72.6766	66.1981	56.6324	57.9125	48.2912	1	1	1	1	1	1	
420	110.775	114.647	126.88	110.9	121.594	110.872	64.452	54.8244	72.6668	66.1915	56.6278	57.9055	48.2863	1	1	1	1	1	1	
421	110.764	114.639	126.856	110.89	121.581	110.862	64.4421	54.8202	72.6568	66.1849	56.6232	57.8985	48.2813	1	1	1	1	1	1	
422	110.753	114.632	126.83	110.88	121.568	110.853	64.432	54.8161	72.6468	66.1782	56.6185	57.8913	48.2763	1	1	1	1	1	1	
423	110.741	114.625	126.805	110.87	121.555	110.844	64.4218	54.8119	72.6366	66.1714	56.6138	57.8841	48.2712	1	1	1	1	1	1	
424	110.73	114.617	126.779	110.86	121.542	110.834	64.4115	54.8076	72.6262	66.1645	56.609	57.8768	48.266	1	1	1	1	1	1	
425	110.718	114.61	126.753	110.85	121.528	110.824	64.401	54.8034	72.6157	66.1576	56.6042	57.8694	48.2608	1	1	1	1	1	1	
426	110.706	114.602	126.726	110.84	121.515	110.814	64.3904	54.799	72.6051	66.1505	56.5993	57.862	48.2555	1	1	1	1	1	1	
427	110.695	114.595	126.7	110.829	121.501	110.804	64.3797	54.7947	72.5944	66.1434	56.5944	57.8544	48.2502	1	1	1	1	1	1	
428	110.683	114.587	126.673	110.818	121.487	110.794	64.3688	54.7902	72.5835	66.1362	56.5894	57.8468	48.2448	1	1	1	1	1	1	
429	110.67	114.579	126.645	110.808	121.473	110.784	64.3577	54.7858	72.5725	66.129	56.5843	57.8391	48.2393	1	1	1	1	1	1	
430	110.658	114.571	126.617	110.797	121.458	110.774	64.3465	54.7813	72.5613	66.1216	56.5792	57.8313	48.2337	1	1	1	1	1	1	
431	110.645	114.563	126.589	110.786	121.444	110.763	64.3351	54.7767	72.55	66.1141	56.574	57.8234	48.2281	1	1	1	1	1	1	
432	110.633	114.555	126.561	110.775	121.429	110.753	64.3236	54.7721	72.5385	66.1066	56.5688	57.8155	48.2224	1	1	1	1	1	1	
433	110.62	114.546	126.532	110.764	121.414	110.742	64.3119	54.7674	72.5269	66.099	56.5635	57.8074	48.2166	1	1	1	1	1	1	
434	110.607	114.538	126.503	110.752	121.399	110.731	64.3001	54.7627	72.5152	66.0913	56.5582	57.7993	48.2108	1	1	1	1	1	1	
435	110.594	114.529	126.473	110.741	121.384	110.72	64.2881	54.758	72.5033	66.0835	56.5527	57.791	48.2049	1	1	1	1	1	1	
436	110.581	114.521	126.443	110.729	121.368	110.709	64.2759	54.7532	72.4912	66.0756	56.5473	57.7827	48.1989	1	1	1	1	1	1	
437	110.567	114.512	126.413	110.717	121.353	110.698	64.2635	54.7483	72.479	66.0676	56.5417	57.7743	48.1928	1	1	1	1	1	1	
438	110.554	114.503	126.382	110.705	121.337	110.686	64.251	54.7434	72.4666	66.0595	56.5361	57.7658	48.1867	1	1	1	1	1	1	
439	110.54	114.494	126.351	110.693	121.321	110.675	64.2383	54.7385	72.454	66.0514	56.5305	57.7572	48.1805	1	1	1	1	1	1	
440	110.526	114.485	126.32	110.681	121.304	110.663	64.2254	54.7335	72.4413	66.0431	56.5248	57.7486	48.1742	1	1	1	1	1	1	
441	110.512	114.476	126.288	110.668	121.288	110.651	64.2124	54.7284	72.4284	66.0347	56.519	57.7398	48.1678	1	1	1	1	1	1	
442	110.497	114.467	126.256	110.656	121.271	110.639	64.1991	54.7233	72.4154	66.0263	56.5131	57.7309	48.1614	1	1	1	1	1	1	
443	110.483	114.457	126.223	110.643	121.254	110.627	64.1857	54.7182	72.4022	66.0177	56.5072	57.7219	48.1548	1	1	1	1	1	1	
444	110.468	114.448	126.19	110.63	121.237	110.615	64.1721	54.713	72.3887	66.009	56.5012	57.7129	48.1482	1	1	1	1	1	1	
445	110.453	114.438	126.156	110.617	121.22	110.603	64.1582	54.7077	72.3752	66.0003	56.4951	57.7037	48.1415	1	1	1	1	1	1	
446	110.438	114.429	126.123	110.604	121.202	110.59	64.1442	54.7024	72.3614	65.9914	56.489	57.6944	48.1347	1	1	1	1	1	1	
447	110.423	114.419	126.088	110.59	121.184	110.577	64.13	54.697	72.3474	65.9824	56.4828	57.685	48.1279	1	1	1	1	1	1	
448	110.408	114.409	126.053	110.577	121.166	110.564	64.1155	54.6916	72.3333	65.9733	56.4765	57.6756	48.1209	1	1	1	1	1	1	
449	110.392	114.399	126.018	110.563	121.148	110.551	64.1009	54.6861	72.3189	65.9641	56.4702	57.666	48.1138	1	1	1	1	1	1	
450	110.376	114.388	125.982	110.549	121.13	110.538	64.086	54.6805	72.3044	65.9548	56.4637	57.6563	48.1067	1	1	1	1	1	1	
451	110.36	114.378	125.946	110.535	121.111	110.525	64.0709	54.6749	72.2897	65.9454	56.4572	57.6465	48.0994	1	1	1	1	1	1	
452	110.344	114.367	125.91	110.52	121.092	110.511	64.0556	54.6693	72.2747	65.9358	56.4507	57.6366	48.0921	1	1	1	1	1	1	
453	110.327	114.357	125.873	110.506	121.073	110.497	64.0401	54.6636	72.2596	65.9262	56.444	57.6266	48.0847	1	1	1	1	1	1	
454	110.311	114.346	125.835	110.491	121.053	110.483	64.0244	54.6578	72.2442	65.9164	56.4373	57.6164	48.0771	1	1	1	1	1	1	
455	110.294	114.335	125.797	110.476	121.033	110.469	64.0084	54.652	72.2287	65.9065	56.4305	57.6062	48.0695	1	1	1	1	1	1	
456	110.277	114.324	125.758	110.461	121.013	110.455	63.9921	54.6461	72.2129	65.8965	56.4236	57.5958	48.0618	1	1	1	1	1	1	
457	110.259	114.312	125.719	110.446	120.993	110.441	63.9756	54.6401	72.1969	65.8864	56.4166	57.5854	48.0539	1	1	1	1	1	1	
458	110.242	114.301	125.68	110.43	120.972	110.426	63.9589	54.6341	72.1807	65.8761	56.4096	57.5748	48.046	1	1	1	1	1	1	
459	110.224	114.29	125.639	110.415	120.952	110.411	63.9419	54.628	72.1642	65.8658	56.4025	57.5641	48.038	1	1	1	1	1	1	
460	110.206	114.278	125.599	110.399	120.931	110.396	63.9247	54.6219	72.1475	65.8553	56.3953	57.5532	48.0298	1	1	1	1	1	1	
461	110.188	114.266	125.558	110.383	120.909	110.381	63.9072	54.6157	72.1306	65.8446	56.388	57.5423	48.0215	1	1	1	1	1	1	
462	110.169	114.254	125.516	110.366	120.887	110.365	63.8894	54.6094	72.1135	65.8339	56.3806	57.5312	48.0132	1	1	1	1	1	1	
463	110.15	114.242	125.473	110.35	120.865	110.35	63.8714	54.6031	72.0961	65.823	56.3731	57.52	48.0047	1	1	1	1	1	1	
464	110.131	114.229	125.431	110.333	120.843	110.334	63.853	54.5967	72.0784	65.8119	56.3656	57.5087	47.9961	1	1	1	1	1	1	
465	110.112	114.217	125.387	110.316	120.821	110.318	63.8344	54.5902	72.0605	65.8007	56.3579	57.4972	47.9874	1	1	1	1	1	1	
466	110.092	114.204	125.343	110.299	120.798	110.302	63.8155	54.5837	72.0424	65.7894	56.3502	57.4856	47.9785	1	1	1	1	1	1	
467	110.073	114.191	125.298	110.281	120.774	110.285	63.7963	54.5771	72.024	65.778	56.3424	57.4739	47.9696	1	1	1	1	1	1	
468	110.053	114.178	125.253	110.264	120.751	110.268	63.7768	54.5705	72.0053	65.7664	56.3344	57.4621	47.9605	1	1	1	1	1	1	
469	110.032	114.165	125.207	110.246	120.727	110.251	63.757	54.5637	71.9863	65.7546	56.3264	57.4501	47.9513	1	1	1	1	1	1	
470	110.012	114.152	125.161	110.228	120.703	110.234	63.7369	54.5569	71.9671	65.7427	56.3183	57.438	47.942	1	1	1	1	1	1	
471	109.991	114.138	125.114	110.209	120.678	110.217	63.7165	54.5501	71.9476	65.7307	56.3101	57.4257	47.9325	1	1	1	1	1	1	
472	109.97	114.125	125.066	110.19	120.653	110.199	63.6957	54.5431	71.9278	65.7185	56.3018	57.4133	47.9229	1	1	1	1	1	1	
473	109.948	114.111	125.018	110.171	120.628	110.181	63.6746	54.5361	71.9077	65.7061	56.2934	57.4008	47.9132	1	1	1	1	1	1	
474	109.927	114.097	124.968	110.152	120.603	110.163	63.6531	54.5291	71.8874	65.6936	56.2849	57.3881	47.9033	1	1	1	1	1	1	
475	109.905	114.082	124.919	110.133	120.577	110.145	63.6314	54.5219	71.8667	65.681	56.2763	57.3753	47.8933	1	1	1	1	1	1	
476	109.882	114.068	124.868	110.113	120.55	110.126	63.6092	54.5147	71.8457	65.6681	56.2677	57.3623	47.8832	1	1	1	1	1	1	
477	109.86	114.053	124.817	110.093	120.524	110.108	63.5867	54.5074	71.8244	65.6551	56.2589	57.3492	47.8729	1	1	1	1	1	1	
478	109.837	114.038	124.765	110.073	120.497	110.088	63.5638	54.5	71.8028	65.642	56.2499	57.3359	47.8624	1	1	1	1	1	1	
479	109.813	114.023	124.712	110.052	120.469	110.069	63.5406	54.4926	71.7808	65.6286	56.2409	57.3224	47.8519	1	1	1	1	1	1	
480	109.79	114.008	124.659	110.031	120.441	110.049	63.5169	54.4851	71.7586	65.6151	56.2318	57.3089	47.8411	1	1	1	1	1	1	
481	109.766	113.992	124.605	110.01	120.413	110.029	63.4929	54.4775	71.7359	65.6014	56.2226	57.2951	47.8302	1	1	1	1	1	1	
482	109.741	113.976	124.55	109.989	120.384	110.009	63.4685	54.4698	71.713	65.5876	56.2133	57.2812	47.8192	1	1	1	1	1	1	
483	109.717	113.96	124.494	109.967	120.355	109.989	63.4436	54.4621	71.6897	65.5735	56.2038	57.2671	47.808	1	1	1	1	1	1	
484	109.692	113.944	124.438	109.945	120.326	109.968	63.4184	54.4543	71.666	65.5593	56.1943	57.2529	47.7966	1	1	1	1	1	1	
485	109.667	113.927	124.381	109.922	120.296	109.947	63.3927	54.4464	71.642	65.5449	56.1846	57.2385	47.7851	1	1	1	1	1	1	
486	109.641	113.911	124.323	109.9	120.266	109.926	63.3665	54.4384	71.6176	65.5303	56.1748	57.2239	47.7733	1	1	1	1	1	1	
487	109.615	113.894	124.264	109.877	120.235	109.904	63.34	54.4304	71.5928	65.5155	56.1649	57.2091	47.7615	1	1	1	1	1	1	
488	109.589	113.877	124.204	109.853	120.203	109.882	63.3129	54.4222	71.5677	65.5005	56.1549	57.1942	47.7494	1	1	1	1	1	1	
489	109.562	113.859	124.143	109.829	120.172	109.86	63.2854	54.414	71.5421	65.4852	56.1448	57.1791	47.7372	1	1	1	1	1	1	
490	109.535	113.841	124.082	109.805	120.14	109.837	63.2574	54.4057	71.5162	65.4698	56.1345	57.1638	47.7248	1	1	1	1	1	1	
491	109.507	113.823	124.019	109.781	120.107	109.814	63.229	54.3974	71.4898	65.4542	56.1241	57.1483	47.7121	1	1	1	1	1	1	
492	109.479	113.805	123.956	109.756	120.074	109.791	63.2	54.3889	71.463	65.4384	56.1136	57.1327	47.6993	1	1	1	1	1	1	
493	109.64	113.975	124.081	109.921	120.229	109.956	63.3531	54.5463	71.6362	65.6217	56.2865	57.2932	47.91	1	1	1	1	1	1	
494	109.609	113.955	124.015	109.894	120.193	109.931	63.3218	54.536	71.6076	65.6042	56.2741	57.2756	47.8934	1	1	1	1	1	1	
495	109.58	113.935	123.949	109.868	120.157	109.906	63.2909	54.5268	71.5793	65.5874	56.2628	57.2588	47.8794	1	1	1	1	1	1	
496	109.55	113.915	123.881	109.841	120.122	109.881	63.2596	54.5177	71.5505	65.5704	56.2514	57.2421	47.8654	1	1	1	1	1	1	
497	109.519	113.896	123.813	109.814	120.086	109.856	63.2277	54.5087	71.5213	65.5532	56.24	57.2252	47.8512	1	1	1	1	1	1	
498	109.489	113.875	123.743	109.787	120.049	109.83	63.1952	54.4995	71.4916	65.5358	56.2284	57.2081	47.8368	1	1	1	1	1	1	
499	109.457	113.855	123.673	109.759	120.012	109.804	63.1622	54.4902	71.4615	65.5182	56.2166	57.1908	47.8222	1	1	1	1	1	1	
500	109.426	113.834	123.601	109.731	119.974	109.778	63.1285	54.4809	71.4308	65.5003	56.2048	57.1733	47.8073	1	1	1	1	1	1	
501	109.393	113.813	123.528	109.702	119.936	109.751	63.0943	54.4715	71.3996	65.4821	56.1928	57.1556	47.7922	1	1	1	1	1	1	
502	109.361	113.791	123.454	109.673	119.897	109.724	63.0594	54.462	71.368	65.4637	56.1806	57.1376	47.7768	1	1	1	1	1	1	
503	109.328	113.77	123.379	109.644	119.857	109.696	63.0238	54.4524	71.3357	65.445	56.1684	57.1195	47.7612	1	1	1	1	1	1	
504	109.294	113.747	123.303	109.614	119.817	109.668	62.9876	54.4427	71.303	65.4261	56.1559	57.101	47.7454	1	1	1	1	1	1	
505	109.26	113.725	123.226	109.583	119.776	109.64	62.9506	54.4329	71.2697	65.4069	56.1434	57.0824	47.7293	1	1	1	1	1	1	
506	109.225	113.702	123.147	109.552	119.735	109.611	62.913	54.423	71.2358	65.3874	56.1306	57.0635	47.713	1	1	1	1	1	1	
507	109.19	113.679	123.067	109.521	119.693	109.581	62.8747	54.413	71.2014	65.3676	56.1178	57.0444	47.6963	1	1	1	1	1	1	
508	109.154	113.655	122.986	109.489	119.65	109.552	62.8356	54.403	71.1664	65.3476	56.1048	57.025	47.6795	1	1	1	1	1	1	
509	109.118	113.631	122.904	109.457	119.606	109.521	62.7957	54.3928	71.1308	65.3272	56.0916	57.0053	47.6623	1	1	1	1	1	1	
510	109.081	113.607	122.82	109.424	119.562	109.491	62.7551	54.3826	71.0945	65.3066	56.0783	56.9854	47.6448	1	1	1	1	1	1	
511	109.043	113.582	122.735	109.39	119.517	109.459	62.7137	54.3722	71.0577	65.2856	56.0648	56.9652	47.6271	1	1	1	1	1	1	
512	109.005	113.557	122.649	109.356	119.471	109.428	62.6714	54.3618	71.0201	65.2644	56.0512	56.9448	47.6091	1	1	1	1	1	1	
513	108.966	113.532	122.561	109.322	119.425	109.395	62.6284	54.3513	70.982	65.2428	56.0374	56.9241	47.5907	1	1	1	1	1	1	
514	108.927	113.506	122.472	109.287	119.377	109.363	62.5844	54.3407	70.9432	65.2209	56.0235	56.903	47.5721	1	1	1	1	1	1	
515	108.887	113.479	122.381	109.251	119.329	109.329	62.5396	54.3299	70.9036	65.1987	56.0094	56.8817	47.5531	1	1	1	1	1	1	
516	108.847	113.453	122.289	109.215	119.281	109.296	62.4938	54.3191	70.8634	65.1761	55.9952	56.8601	47.5338	1	1	1	1	1	1	
517	108.806	113.425	122.195	109.178	119.231	109.261	62.4471	54.3082	70.8225	65.1532	55.9808	56.8382	47.5142	1	1	1	1	1	1	
518	108.764	113.398	122.1	109.141	119.18	109.226	62.3995	54.2972	70.7808	65.1299	55.9662	56.816	47.4942	1	1	1	1	1	1	
519	108.721	113.369	122.003	109.103	119.129	109.191	62.3508	54.2861	70.7384	65.1063	55.9515	56.7934	47.4739	1	1	1	1	1	1	
520	108.678	113.341	121.905	109.064	119.077	109.155	62.3011	54.2749	70.6951	65.0823	55.9366	56.7705	47.4532	1	1	1	1	1	1	
521	108.634	113.312	121.805	109.025	119.023	109.118	62.2504	54.2636	70.6511	65.0579	55.9216	56.7473	47.4321	1	1	1	1	1	1	
522	108.589	113.282	121.703	108.985	118.969	109.081	62.1986	54.2522	70.6063	65.0331	55.9064	56.7237	47.4107	1	1	1	1	1	1	
523	108.544	113.252	121.599	108.944	118.914	109.043	62.1457	54.2407	70.5607	65.008	55.891	56.6998	47.3889	1	1	1	1	1	1	
524	108.498	113.221	121.494	108.903	118.858	109.005	62.0916	54.2291	70.5142	64.9824	55.8755	56.6755	47.3667	1	1	1	1	1	1	
525	108.451	113.19	121.387	108.86	118.801	108.965	62.0364	54.2174	70.4668	64.9565	55.8598	56.6508	47.344	1	1	1	1	1	1	
526	108.403	113.158	121.278	108.818	118.743	108.926	61.98	54.2056	70.4186	64.9301	55.844	56.6257	47.321	1	1	1	1	1	1	
527	108.355	113.126	121.167	108.774	118.684	108.885	61.9223	54.1938	70.3694	64.9033	55.828	56.6002	47.2975	1	1	1	1	1	1	
528	108.305	113.093	121.054	108.73	118.623	108.844	61.8633	54.1818	70.3193	64.876	55.8119	56.5743	47.2735	1	1	1	1	1	1	
529	108.255	113.06	120.939	108.685	118.562	108.802	61.803	54.1697	70.2682	64.8483	55.7956	56.5479	47.2491	1	1	1	1	1	1	
530	108.204	113.026	120.822	108.639	118.5	108.759	61.7413	54.1575	70.2161	64.8201	55.7791	56.5211	47.2243	1	1	1	1	1	1	
531	108.152	112.991	120.703	108.592	118.436	108.716	61.6782	54.1452	70.163	64.7915	55.7625	56.4938	47.1989	1	1	1	1	1	1	
532	108.099	112.956	120.582	108.545	118.371	108.671	61.6136	54.1329	70.1089	64.7623	55.7457	56.4661	47.1731	1	1	1	1	1	1	
533	108.046	112.92	120.458	108.496	118.305	108.626	61.5475	54.1204	70.0537	64.7327	55.7288	56.4378	47.1467	1	1	1	1	1	1	
534	107.991	112.883	120.332	108.447	118.238	108.58	61.4799	54.1078	69.9974	64.7025	55.7118	56.409	47.1198	1	1	1	1	1	1	
535	107.935	112.846	120.204	108.397	118.169	108.534	61.4107	54.0951	69.94	64.6719	55.6946	56.3797	47.0924	1	1	1	1	1	1	
536	107.879	112.808	120.074	108.346	118.099	108.486	61.3398	54.0824	69.8814	64.6407	55.6773	56.3498	47.0644	1	1	1	1	1	1	
537	107.821	112.77	119.941	108.294	118.028	108.437	61.2672	54.0695	69.8216	64.6089	55.6598	56.3193	47.0358	1	1	1	1	1	1	
538	107.762	112.73	119.805	108.24	117.955	108.388	61.1928	54.0565	69.7606	64.5765	55.6423	56.2882	47.0066	1	1	1	1	1	1	
539	107.703	112.69	119.667	108.186	117.881	108.338	61.1166	54.0434	69.6983	64.5436	55.6246	56.2564	46.9768	1	1	1	1	1	1	
540	107.642	112.649	119.526	108.131	117.805	108.286	61.0385	54.0302	69.6347	64.5101	55.6067	56.2239	46.9463	1	1	1	1	1	1	
541	107.58	112.607	119.383	108.075	117.728	108.234	60.9584	54.017	69.5698	64.4759	55.5888	56.1908	46.9152	1	1	1	1	1	1	
542	107.517	112.565	119.236	108.018	117.649	108.181	60.8762	54.0036	69.5035	64.4412	55.5708	56.1568	46.8834	1	1	1	1	1	1	
543	107.452	112.521	119.087	107.96	117.568	108.126	60.792	53.9901	69.4358	64.4057	55.5527	56.1221	46.8508	1	1	1	1	1	1	
544	107.387	112.477	118.935	107.9	117.486	108.071	60.7055	53.9765	69.3666	64.3696	55.5345	56.0866	46.8175	1	1	1	1	1	1	
545	107.32	112.432	118.779	107.839	117.402	108.014	60.6167	53.9628	69.2959	64.3328	55.5163	56.0501	46.7835	1	1	1	1	1	1	
546	107.252	112.385	118.621	107.778	117.316	107.956	60.5256	53.949	69.2237	64.2953	55.4979	56.0127	46.7486	1	1	1	1	1	1	
547	106.966	112.291	118.4	107.593	117.318	107.851	61.3041	50.7726	70.2187	64.8126	54.9312	57.3799	45.3037	1	1	1	1	1	1	
548	107.111	112.297	118.348	107.67	117.279	107.845	60.7963	52.874	69.481	64.5846	55.1239	56.2748	46.0807	1	1	1	1	1	1	
549	107.062	112.264	118.196	107.616	117.152	107.815	60.4513	53.5171	69.1625	64.3676	55.2919	56.0157	46.4396	1	1	1	1	1	1	
550	106.983	112.209	118.008	107.542	117.02	107.75	60.2395	53.7456	68.9915	64.2316	55.3575	55.9074	46.5394	1	1	1	1	1	1	
551	106.658	112.098	117.746	107.324	116.99	107.618	60.993	50.4979	69.9824	64.725	54.7815	57.3079	45.0801	1	1	1	1	1	1	
552	106.81	112.095	117.675	107.403	116.93	107.606	60.449	52.6891	69.2065	64.476	54.9993	56.1597	45.8789	1	1	1	1	1	1	
553	106.76	112.06	117.507	107.346	116.789	107.571	60.0682	53.3931	68.8617	64.2356	55.1869	55.877	46.263	1	1	1	1	1	1	
554	106.676	112.001	117.299	107.265	116.642	107.499	59.8288	53.6558	68.6727	64.0823	55.2658	55.7517	46.3727	1	1	1	1	1	1	
555	106.319	111.883	117.016	107.029	116.616	107.364	60.6034	50.2573	69.6845	64.5995	54.6393	57.2268	44.8576	1	1	1	1	1	1	
556	106.48	111.873	116.931	107.11	116.538	107.342	60.04	52.5088	68.8918	64.3449	54.8772	56.0303	45.6709	1	1	1	1	1	1	
557	106.43	111.836	116.748	107.05	116.386	107.303	59.6285	53.2648	68.5251	64.087	55.0814	55.7237	46.0742	1	1	1	1	1	1	
558	106.032	111.702	116.435	106.778	116.327	107.145	60.3377	49.9169	69.5049	64.5547	54.4842	57.1815	44.622	1	1	1	1	1	1	
559	106.21	111.69	116.338	106.871	116.236	107.129	59.7299	52.2964	68.6567	64.268	54.7594	55.9404	45.4738	1	1	1	1	1	1	
560	106.163	111.654	116.141	106.811	116.069	107.092	59.2801	53.131	68.2628	63.9827	54.9887	55.6068	45.9099	1	1	1	1	1	1	
561	105.733	111.512	115.807	106.519	116.008	106.928	59.9924	49.6815	69.2526	64.4594	54.3577	57.114	44.4257	1	1	1	1	1	1	
562	108.006	112.542	120.725	107.929	100.679	107.596	60.74	51.3398	69.0539	63.4024	54.9381	55.0595	45.9472	1	1	1	1	1	1	
563	106.808	111.968	117.537	107.135	109.465	107.161	59.5691	52.5079	68.1607	63.1852	54.9261	55.1251	46.7584	1	1	1	1	1	1	
564	105.788	111.547	116.088	106.505	113.005	106.841	60.0205	49.2007	69.0342	64.0101	54.2145	56.8499	44.882	1	1	1	1	1	1	
565	105.756	111.379	115.473	106.459	114.377	106.719	59.1966	51.7918	68.0975	63.8827	54.5301	55.63	45.4601	1	1	1	1	1	1	
566	105.622	111.284	115.019	106.335	114.83	106.644	58.5834	52.7896	67.6413	63.6521	54.7938	55.2992	45.7761	1	1	1	1	1	1	
567	105.082	111.101	114.534	105.969	115.06	106.46	59.2494	49.1448	68.6449	64.2039	54.0757	56.9381	44.1313	1	1	1	1	1	1	
568	107.469	112.179	119.68	107.428	98.9331	107.145	60.2091	50.8002	68.5178	63.0722	54.7447	54.6613	45.6151	1	1	1	1	1	1	
569	106.277	111.604	116.36	106.627	107.843	106.697	58.8253	52.118	67.5312	62.8283	54.7418	54.7648	46.528	1	1	1	1	1	1	
570	105.129	111.138	114.777	105.927	111.672	106.361	59.2345	48.5968	68.3969	63.713	53.9263	56.6355	44.5611	1	1	1	1	1	1	
571	105.09	110.929	114.053	105.87	113.208	106.201	58.3269	51.3142	67.4126	63.5921	54.2955	55.3358	45.1304	1	1	1	1	1	1	
572	104.942	110.817	113.509	105.731	113.774	106.112	57.6133	52.4384	66.9067	63.3404	54.6007	54.9562	45.4544	1	1	1	1	1	1	
573	106.571	111.822	118.606	106.722	97.364	106.713	60.142	47.5722	68.7535	63.07	54.2082	55.4889	44.3658	1	1	1	1	1	1	
574	105.642	111.212	115.242	106.076	106.322	106.212	58.5157	50.478	67.2931	62.8329	54.2247	54.7525	45.6573	1	1	1	1	1	1	
575	104.985	110.834	113.661	105.655	110.15	105.976	57.5288	51.8325	66.6397	62.813	54.5127	54.5549	45.7702	1	1	1	1	1	1	
576	104.027	110.458	112.591	105.05	112.104	105.705	57.9904	47.9852	67.551	63.6065	53.5922	56.4889	43.8148	1	1	1	1	1	1	
577	104.156	110.293	112.032	105.076	112.764	105.554	57.068	50.7958	66.5521	63.3811	54.048	55.021	44.5233	1	1	1	1	1	1	
578	106.44	111.485	117.537	106.433	95.4321	106.347	58.5774	50.9851	66.9658	62.1087	54.8378	53.2329	45.5569	1	1	1	1	1	1	
579	104.576	110.792	113.825	105.268	104.723	105.812	58.2073	47.2165	67.3724	62.8151	53.4827	55.9283	44.4853	1	1	1	1	1	1	
580	104.174	110.319	112.149	104.97	108.655	105.418	56.9538	50.1551	66.2314	62.8133	53.9219	54.5934	44.8765	1	1	1	1	1	1	
581	103.018	109.858	110.963	104.214	110.741	105.068	57.1217	46.482	67.0079	63.5299	53.0955	56.395	43.1623	1	1	1	1	1	1	
582	103.25	109.674	110.295	104.308	111.518	104.941	55.9979	49.6934	65.7875	63.2059	53.6891	54.7728	43.9922	1	1	1	1	1	1	
583	105.651	110.955	116.071	105.722	93.4439	105.802	57.8149	50.0603	66.1926	61.7812	54.5942	52.7026	45.0785	1	1	1	1	1	1	
584	103.637	110.229	112.187	104.457	102.759	105.25	57.1302	46.1405	66.5517	62.4853	53.1384	55.5591	44.0718	1	1	1	1	1	1	
585	103.272	109.718	110.343	104.176	106.759	104.817	55.7091	49.2433	65.3222	62.4574	53.6699	54.1312	44.4925	1	1	1	1	1	1	
586	101.889	109.172	108.99	103.284	109.058	104.442	55.7405	45.3009	66.0557	63.218	52.7268	56.0438	42.7218	1	1	1	1	1	1	
587	103.341	101.712	115.141	104.009	111.828	104.717	57.472	47.5362	65.4168	61.6079	53.5846	53.1382	44.1811	1	1	1	1	1	1	
588	102.906	104.966	111.019	103.663	111.486	104.271	55.172	49.3951	64.5234	61.3792	54.0164	53.0241	45.2648	1	1	1	1	1	1	
589	103.911	107.948	115.129	104.31	92.1896	104.854	57.8942	43.7185	66.2973	61.4894	53.2527	53.6797	43.3771	1	1	1	1	1	1	
590	103.064	108.255	110.747	103.676	100.303	104.152	55.404	47.1156	64.4773	61.2913	53.4534	52.9475	44.7451	1	1	1	1	1	1	
591	100.909	107.971	108.196	102.355	104.68	103.69	55.0071	43.0514	64.9711	62.379	52.2795	55.1918	42.7389	1	1	1	1	1	1	
592	101.04	107.799	106.594	102.371	106.434	103.361	53.3262	46.5999	63.4354	62.1818	53.0805	53.4156	43.3481	1	1	1	1	1	1	
593	100.466	99.8985	112.56	101.808	109.78	103.478	56.6409	41.06	64.8292	61.5555	52.1847	53.8769	42.1144	1	1	1	1	1	1	
594	100.693	102.85	108.112	101.837	109.38	102.844	53.782	44.6211	63.1992	61.2913	52.9455	52.6068	43.6288	1	1	1	1	1	1	
595	103.178	106.332	112.577	103.354	88.5987	103.732	55.454	45.5263	63.3644	60.1583	54.0208	50.4658	44.1337	1	1	1	1	1	1	
596	100.088	106.505	107.51	101.418	97.2943	103.103	53.7064	40.9267	63.3187	61.0221	52.064	53.6557	43.0084	1	1	1	1	1	1	
597	99.8167	106.389	104.622	101.149	100.633	102.422	51.5265	44.2936	61.6743	61.0301	52.9249	51.8555	43.2754	1	1	1	1	1	1	
598	98.3997	98.1402	110.077	100.06	105.369	102.441	54.9198	38.1399	62.7707	60.6583	51.6995	52.495	41.2505	1	1	1	1	1	1	
599	98.6653	100.811	104.938	100.03	105.469	101.49	51.4393	41.4613	60.9424	60.4216	52.6024	51.0453	42.859	1	1	1	1	1	1	
600	99.9881	103.402	108.83	100.82	82.6914	101.87	53.9182	40.2585	61.5639	60.1246	52.9537	44.5094	39.8434	1	1	1	1	1	1	
601	99.3663	104.749	103.784	100.251	92.2338	101.777	50.4319	42.9415	59.4343	59.54	52.6675	48.1902	43.0215	1	1	1	1	1	1	
602	97.3971	96.4277	108.286	98.9447	99.4737	101.929	53.6524	36.6921	60.1376	59.5795	51.1696	50.7127	40.5253	1	1	1	1	1	1	
603	97.4788	99.2522	102.479	98.8783	100.928	101.023	49.6992	39.769	58.3276	59.6091	52.2439	50.0481	42.6819	1	1	1	1	1	1	
604	95.0046	99.2616	95.7429	97.2851	100.903	99.5415	42.8721	40.4087	57.3564	57.2823	51.2514	51.213	38.0464	1	1	1	1	1	1	
605	97.6514	102.34	101.988	98.4126	79.4472	100.67	47.9303	41.0656	56.4978	56.5019	51.9722	47.2478	39.8199	1	1	1	1	1	1	
606	94.9204	93.8704	104.355	96.4809	90.2718	100.775	49.7562	34.3293	55.7421	57.6291	49.9628	49.5142	38.7568	1	1	1	1	1	1	
607	93.0299	94.8742	95.9025	95.1489	92.1292	99.3546	44.4711	34.4713	53.7079	58.5829	50.4048	44.9023	37.9328	1	1	1	1	1	1	
608	93.2719	97.692	100.629	95.0981	96.1842	86.2411	47.0593	34.8684	51.3152	56.4589	50.1427	45.9032	40.2676	1	1	1	1	1	1	
609	91.9312	97.7407	92.8113	94.3053	97.1979	90.8566	42.0549	34.3139	47.8353	57.4719	49.7585	48.8483	37.1333	1	1	1	1	1	1	
610	92.3111	88.682	96.6593	93.6019	98.2917	91.7209	43.9919	33.2366	44.7188	56.7613	50.8366	46.2372	37.3355	1	1	1	1	1	1	
611	92.2528	91.2445	96.5402	93.1683	74.1208	93.1568	43.739	29.7166	41.9136	56.8661	50.4818	41.4181	34.8316	1	1	1	1	1	1	
612	90.551	93.0822	85.4715	91.4695	81.0345	93.0406	36.4601	29.9497	37.4624	55.4227	50.1605	44.6128	38.6866	1	1	1	1	1	1	
613	89.0658	82.6772	89.13	90.1535	85.5032	94.4526	38.7301	26.8647	32.6969	55.3814	48.9572	45.5931	32.2623	1	1	1	1	1	1	
614	87.3531	85.4772	88.2021	88.2694	87.0398	80.9062	36.1208	24.5909	29.022	52.893	48.6707	43.5864	35.5663	1	1	1	1	1	1	
615	87.3592	84.8595	86.8274	74.554	88.8975	84.4229	33.757	21.111	24.1973	51.3257	48.2357	44.4681	32.5493	1	1	1	1	1	1	
616	86.864	84.5512	83.8505	75.8266	65.3957	86.2053	30.127	18.2065	21.4905	49.1648	49.4	40.9388	28.562	1	1	1	1	1	1	
617	68.2383	85.6541	80.5915	77.7683	73.9436	87.4713	27.1802	16.5576	18.4771	45.3838	47.3931	43.2175	27.0972	1	1	1	1	1	1	
618	70.4147	86.8089	77.5807	77.9915	76.1595	75.8405	23.7886	16.0093	17.0309	40.9408	49.2225	42.3822	27.7241	1	1	1	1	1	1	
619	72.2523	75.9255	76.7101	79.3035	79.3354	81.0592	22.205	14.3969	14.9539	38.6784	49.0491	42.9215	23.9878	1	1	1	1	1	1	
620	72.7901	77.8745	76.056	79.9954	81.035	72.5904	20.3847	13.535	14.1915	35.3329	50.0281	41.7879	23.5416	1	1	1	1	1	1	
621	75.246	80.4188	73.8979	81.3541	61.1673	78.3326	19.5692	12.5901	13.3353	32.5826	51.528	41.4234	22.2781	1	1	1	1	1	1	
622	76.53	82.1606	71.9538	67.9157	67.3451	81.4281	18.7953	12.1723	12.6342	28.9769	52.7449	41.877	22.1273	1	1	1	1	1	1	
623	77.2231	70.9169	70.0565	72.6965	71.3498	84.4315	18.2167	11.6602	11.8689	28.6458	52.0875	41.5004	20.7736	1	1	1	1	1	1	
624	76.5413	72.5751	68.6691	75.1144	73.8761	74.9854	17.6246	11.1263	11.4284	27.4895	50.2718	41.0198	20.9122	1	1	1	1	1	1	
625	55.9938	73.5099	65.5407	78.83	76.9894	78.7633	17.2373	10.3204	10.8475	26.6686	47.4665	41.2387	20.4224	1	1	1	1	1	1	
626	56.6116	72.9649	62.4448	71.2809	76.4655	81.2643	16.688	10.5658	10.6254	24.8038	46.5313	41.0479	20.1715	1	1	1	1	1	1	
627	51.972	70.6171	60.2049	77.175	74.7512	72.6299	15.9016	10.0495	9.58732	25.2359	40.7158	40.5291	19.3026	1	1	1	1	1	1	
628	48.0393	68.446	57.4397	72.1278	70.736	78.234	15.2941	10.0737	10.1063	23.1194	42.5409	40.7313	18.7688	1	1	1	1	1	1	
629	40.4356	62.5668	55.2438	78.5631	67.0072	71.4028	14.5282	9.31308	8.52023	24.2874	32.9857	40.3234	18.1873	1	1	1	1	1	1	
630	35.8969	55.8645	52.3422	75.1105	59.6325	79.1924	13.7611	9.24225	9.26336	22.1786	32.6465	40.3489	17.8399	1	1	1	1	1	1	
631	31.4327	46.7588	50.061	78.5997	54.2918	77.2833	13.063	8.36418	7.24518	23.1092	25.3051	40.1301	17.389	1	1	1	1	1	1	
632	29.9851	42.2428	48.0255	76.1799	50.8874	82.4646	12.4678	8.21257	8.42677	21.5598	26.4114	39.9418	17.154	1	1	1	1	1	1	