
1	354.282
2	354.267
3	354.266
4	354.265
5	354.265
6	354.264
7	354.264
8	354.263
9	354.262
10	354.262
11	354.261
12	354.26
13	354.26
14	354.259
15	354.258
16	354.258
17	354.257
18	354.256
19	354.256
20	354.255
21	354.254
22	354.254
23	354.253
24	354.252
25	354.251
26	354.251
27	354.25
28	354.249
29	354.248
30	354.248
31	354.247
32	354.246
33	354.245
34	354.244
35	354.244
36	354.243
37	354.242
38	354.241
39	354.24
40	354.239
41	354.238
42	354.238
43	354.237
44	354.236
45	354.235
46	354.234
47	354.233
48	354.232
49	354.231
50	354.23
51	354.229
52	354.228
53	354.227
54	354.226
55	354.225
56	354.224
57	354.223
58	354.222
59	354.221
60	354.22
61	354.219
62	354.218
63	354.217
64	354.216
65	354.215
66	354.213
67	354.212
68	354.211
69	354.21
70	354.209
71	354.208
72	354.207
73	354.205
74	354.204
75	354.203
76	354.202
77	354.2
78	354.199
79	354.198
80	354.197
81	354.195
82	354.194
83	354.193
84	354.191
85	354.19
86	354.189
87	354.187
88	354.186
89	354.184
90	354.183
91	354.181
92	354.18
93	354.178
94	354.177
95	354.176
96	354.174
97	354.172
98	354.171
99	354.169
100	354.168
101	354.166
102	354.165
103	354.163
104	354.161
105	354.16
106	354.158
107	354.156
108	354.155
109	354.153
110	354.151
111	354.149
112	354.147
113	354.146
114	354.144
115	354.142
116	354.14
117	354.138
118	354.136
119	354.134
120	354.133
121	354.131
122	354.129
123	354.127
124	354.125
125	354.123
126	354.121
127	354.118
128	354.116
129	354.114
130	354.112
131	354.11
132	354.108
133	354.106
134	354.103
135	354.101
136	354.099
137	354.096
138	354.094
139	354.092
140	354.089
141	354.087
142	354.085
143	354.082
144	354.08
145	354.077
146	354.075
147	354.072
148	354.07
149	354.067
150	354.064
151	354.062
152	354.059
153	354.056
154	354.054
155	354.051
156	354.048
157	354.045
158	354.043
159	354.04
160	354.037
161	354.034
162	354.031
163	354.028
164	354.025
165	354.022
166	354.019
167	354.016
168	354.012
169	354.009
170	354.006
171	354.003
172	354
173	353.996
174	353.993
175	353.99
176	353.986
177	353.983
178	353.979
179	353.976
180	353.972
181	353.969
182	353.965
183	353.961
184	353.958
185	353.954
186	353.95
187	353.946
188	353.942
189	353.939
190	353.935
191	353.931
192	353.927
193	353.923
194	353.919
195	353.914
196	353.91
197	353.906
198	353.902
199	353.897
200	353.893
201	353.889
202	353.884
203	353.88
204	353.875
205	353.871
206	353.866
207	353.861
208	353.857
209	353.852
210	353.847
211	353.842
212	353.837
213	353.832
214	353.827
215	353.822
216	353.817
217	353.812
218	353.807
219	353.802
220	353.796
221	353.791
222	353.785
223	353.78
224	353.774
225	353.769
226	353.763
227	353.757
228	353.752
229	353.746
230	353.74
231	353.734
232	353.728
233	353.722
234	353.716
235	353.71
236	353.703
237	353.697
238	353.691
239	353.684
240	353.678
241	353.671
242	353.664
243	353.658
244	353.651
245	353.644
246	353.637
247	353.63
248	353.623
249	353.616
250	353.608
251	353.601
252	353.594
253	353.586
254	353.579
255	353.571
256	353.563
257	353.556
258	353.548
259	353.54
260	353.532
261	353.524
262	353.516
263	353.507
264	353.499
265	353.491
266	353.482
267	353.474
268	353.465
269	353.456
270	353.447
271	353.438
272	353.429
273	353.42
274	353.411
275	353.401
276	353.392
277	353.382
278	353.373
279	353.363
280	353.353
281	353.343
282	353.333
283	353.323
284	353.313
285	353.303
286	353.292
287	353.282
288	353.271
289	353.26
290	353.249
291	353.238
292	353.227
293	353.216
294	353.204
295	353.193
296	353.181
297	353.17
298	353.158
299	353.146
300	353.134
301	353.122
302	353.109
303	353.097
304	353.084
305	353.072
306	353.059
307	353.046
308	353.033
309	353.019
310	353.006
311	352.992
312	352.979
313	352.965
314	352.951
315	352.937
316	352.923
317	352.908
318	352.894
319	352.879
320	352.864
321	352.849
322	352.834
323	352.819
324	352.803
325	352.787
326	352.772
327	352.756
328	352.739
329	352.723
330	352.707
331	352.69
332	352.673
333	352.656
334	352.639
335	352.622
336	352.604
337	352.586
338	352.568
339	352.55
340	352.532
341	352.513
342	352.495
343	352.476
344	352.457
345	352.438
346	352.418
347	352.398
348	352.378
349	352.358
350	352.338
351	352.317
352	352.297
353	352.276
354	352.255
355	352.233
356	352.212
357	352.19
358	352.168
359	352.145
360	352.123
361	352.1
362	352.077
363	352.053
364	352.03
365	352.006
366	351.982
367	351.958
368	351.933
369	351.908
370	351.883
371	351.858
372	351.832
373	351.806
374	351.78
375	351.754
376	351.727
377	351.7
378	351.673
379	351.645
380	351.617
381	351.589
382	351.56
383	351.531
384	351.502
385	351.473
386	351.443
387	351.413
388	351.383
389	351.352
390	351.321
391	351.289
392	351.258
393	351.226
394	351.193
395	351.16
396	351.127
397	351.094
398	351.06
399	351.026
400	350.991
401	350.956
402	350.921
403	350.885
404	350.849
405	350.812
406	350.775
407	350.738
408	350.7
409	350.662
410	350.624
411	350.585
412	350.545
413	350.506
414	350.465
415	350.426
416	351.38
417	350.365
418	350.334
419	351.284
420	350.258
421	351.219
422	350.194
423	351.152
424	350.128
425	351.084
426	350.061
427	351.014
428	349.992
429	350.942
430	349.921
431	350.869
432	349.849
433	350.794
434	349.776
435	350.717
436	349.7
437	350.638
438	349.623
439	350.558
440	349.544
441	350.476
442	349.463
443	350.392
444	349.381
445	350.306
446	349.296
447	350.218
448	349.21
449	350.127
450	349.121
451	350.035
452	349.03
453	349.941
454	348.938
455	349.844
456	348.843
457	349.745
458	348.746
459	349.644
460	348.646
461	349.54
462	348.544
463	349.434
464	348.44
465	349.325
466	348.333
467	349.214
468	348.224
469	349.1
470	348.112
471	348.983
472	347.997
473	348.864
474	347.88
475	348.741
476	347.759
477	348.615
478	347.636
479	348.487
480	347.51
481	348.355
482	347.381
483	348.22
484	347.248
485	348.082
486	347.112
487	347.94
488	346.973
489	347.795
490	346.831
491	347.646
492	346.684
493	347.493
494	346.535
495	347.337
496	346.381
497	347.177
498	346.224
499	347.012
500	346.062
501	346.844
502	345.897
503	346.671
504	345.727
505	346.493
506	345.553
507	346.311
508	345.375
509	346.125
510	345.192
511	345.933
512	345.004
513	345.737
514	344.811
515	345.535
516	344.613
517	345.329
518	344.41
519	345.116
520	344.202
521	344.898
522	343.988
523	344.675
524	343.769
525	344.445
526	346.422
527	347.112
528	346.263
529	346.97
530	346.129
531	346.827
532	345.992
533	346.68
534	345.851
535	346.529
536	345.708
537	346.375
538	345.56
539	346.217
540	345.409
541	346.055
542	345.255
543	345.889
544	345.096
545	345.719
546	344.934
547	345.545
548	344.768
549	345.366
550	344.597
551	345.183
552	344.422
553	344.995
554	344.243
555	344.803
556	344.06
557	344.605
558	343.871
559	344.403
560	343.678
561	344.195
562	343.48
563	343.982
564	343.277
565	343.763
566	343.069
567	343.539
568	342.855
569	343.309
570	342.636
571	343.073
572	342.411
573	342.83
574	342.18
575	342.581
576	341.943
577	342.325
578	341.7
579	342.063
580	341.45
581	341.793
582	341.194
583	341.516
584	340.931
585	341.232
586	340.66
587	340.94
588	340.382
589	340.639
590	340.096
591	340.331
592	339.803
593	340.013
594	339.501
595	339.687
596	339.191
597	339.351
598	338.871
599	339.006
600	338.543
601	338.651
602	338.206
603	338.286
604	337.858
605	337.91
606	337.5
607	337.523
608	337.132
609	337.493
610	336.871
611	336.74
612	336.688
613	336.359
614	335.997
615	336.255
616	335.681
617	335.439
618	335.468
619	335.024
620	334.723
621	334.901
622	334.378
623	334.016
624	334.13
625	333.561
626	333.327
627	333.415
628	332.947
629	332.455
630	332.659
631	331.954
632	331.792
633	331.782
634	331.373
635	331.21
636	330.818
637	330.61
638	330.239
639	329.99
640	329.64
641	329.348
642	329.021
643	328.685
644	328.379
645	327.999
646	327.714
647	327.288
648	327.025
649	326.552
650	326.31
651	325.788
652	325.569
653	324.997
654	324.799
655	324.176
656	323.999
657	322.869
658	323.086
659	322.419
660	322.29
661	321.516
662	321.398
663	320.086
664	320.374
665	319.55
666	319.47
667	318.596
668	319.879
669	319.76
670	316.427
671	317.287
672	315.835
673	317.227
674	317.172
675	314.081
676	314.143
677	312.983
678	314.259
679	314.599
680	312.866
681	314.414
682	314.586
683	311.283
684	312.453
685	312.838
686	309.017
687	311.014
688	310.812
689	306.693
690	308.193
691	308.816
692	304.821
693	305.773
694	306.145
695	302.75
696	303.114
697	303.638
698	299.773
699	300.922
700	300.791
701	296.427
702	297.09
703	297.752
704	293.646
705	293.461
706	294.07
707	290.182
708	289.493
709	289.549
710	285.757
711	285.095
712	284.404
713	280.4
714	278.908
715	277.566
716	272.704
717	265.873
718	258.217
719	244.506
720	228.747
721	205.209
722	168.328
723	136.085
724	116.527
725	89.2856
726	91.0213
727	102.319