
1	209.64
2	209.621
3	209.62
4	209.62
5	209.62
6	209.619
7	209.619
8	209.618
9	209.618
10	209.618
11	209.617
12	209.617
13	209.616
14	209.616
15	209.615
16	209.615
17	209.615
18	209.614
19	209.614
20	209.613
21	209.613
22	209.612
23	209.612
24	209.611
25	209.611
26	209.61
27	209.61
28	209.609
29	209.609
30	209.608
31	209.608
32	209.607
33	209.607
34	209.606
35	209.606
36	209.605
37	209.605
38	209.604
39	209.604
40	209.603
41	209.602
42	209.602
43	209.601
44	209.601
45	209.6
46	209.6
47	209.599
48	209.598
49	209.598
50	209.597
51	209.596
52	209.596
53	209.595
54	209.595
55	209.594
56	209.593
57	209.593
58	209.592
59	209.591
60	209.59
61	209.59
62	209.589
63	209.588
64	209.588
65	209.587
66	209.586
67	209.585
68	209.585
69	209.584
70	209.583
71	209.582
72	209.582
73	209.581
74	209.58
75	209.579
76	209.578
77	209.578
78	209.577
79	209.576
80	209.575
81	209.574
82	209.573
83	209.573
84	209.572
85	209.571
86	209.57
87	209.569
88	209.568
89	209.567
90	209.566
91	209.565
92	209.564
93	209.563
94	209.562
95	209.561
96	209.561
97	209.56
98	209.559
99	209.557
100	209.556
101	209.555
102	209.554
103	209.553
104	209.552
105	209.551
106	209.55
107	209.549
108	209.548
109	209.547
110	209.546
111	209.544
112	209.543
113	209.542
114	209.541
115	209.54
116	209.539
117	209.537
118	209.536
119	209.535
120	209.534
121	209.532
122	209.531
123	209.53
124	209.528
125	209.527
126	209.526
127	209.524
128	209.523
129	209.522
130	209.52
131	209.519
132	209.517
133	209.516
134	209.515
135	209.513
136	209.512
137	209.51
138	209.509
139	209.507
140	209.506
141	209.504
142	209.502
143	209.501
144	209.499
145	209.498
146	209.496
147	209.494
148	209.493
149	209.491
150	209.489
151	209.488
152	209.486
153	209.484
154	209.482
155	209.48
156	209.479
157	209.477
158	209.475
159	209.473
160	209.471
161	209.469
162	209.467
163	209.465
164	209.463
165	209.461
166	209.459
167	209.457
168	209.455
169	209.453
170	209.451
171	209.449
172	209.447
173	209.445
174	209.443
175	209.441
176	209.438
177	209.436
178	209.434
179	209.432
180	209.429
181	209.427
182	209.425
183	209.422
184	209.42
185	209.417
186	209.415
187	209.412
188	209.41
189	209.407
190	209.405
191	209.402
192	209.4
193	209.397
194	209.394
195	209.392
196	209.389
197	209.386
198	209.383
199	209.381
200	209.378
201	209.375
202	209.372
203	209.369
204	209.366
205	209.363
206	209.36
207	209.357
208	209.354
209	209.351
210	209.348
211	209.345
212	209.342
213	209.338
214	209.335
215	209.332
216	209.328
217	209.325
218	209.322
219	209.318
220	209.315
221	209.311
222	209.308
223	209.304
224	209.301
225	209.297
226	209.293
227	209.29
228	209.286
229	209.282
230	209.278
231	209.274
232	209.27
233	209.266
234	209.262
235	209.258
236	209.254
237	209.25
238	209.246
239	209.242
240	209.238
241	209.233
242	209.229
243	209.225
244	209.22
245	209.216
246	209.211
247	209.207
248	209.202
249	209.197
250	209.193
251	209.188
252	209.183
253	209.178
254	209.173
255	209.168
256	209.163
257	209.158
258	209.153
259	209.148
260	209.143
261	209.138
262	209.132
263	209.127
264	209.122
265	209.116
266	209.111
267	209.105
268	209.099
269	209.094
270	209.088
271	209.082
272	209.076
273	209.07
274	209.064
275	209.058
276	209.052
277	209.046
278	209.04
279	209.033
280	209.027
281	209.02
282	209.014
283	209.007
284	209.001
285	208.994
286	208.987
287	208.98
288	208.973
289	208.966
290	208.959
291	208.952
292	208.945
293	208.938
294	208.93
295	208.923
296	208.915
297	208.908
298	208.9
299	208.894
300	209.274
301	208.883
302	209.266
303	208.875
304	209.258
305	208.867
306	209.25
307	208.858
308	209.241
309	208.85
310	209.233
311	208.841
312	209.224
313	208.832
314	209.215
315	208.823
316	209.205
317	208.814
318	209.196
319	208.805
320	209.186
321	208.795
322	209.176
323	208.786
324	209.166
325	208.776
326	209.156
327	208.766
328	209.146
329	208.755
330	209.135
331	208.745
332	209.124
333	208.734
334	209.113
335	208.723
336	209.101
337	208.711
338	209.09
339	208.7
340	209.078
341	208.688
342	209.066
343	208.676
344	209.053
345	208.664
346	209.041
347	208.651
348	209.028
349	208.638
350	209.014
351	208.625
352	209.001
353	208.612
354	208.987
355	208.598
356	208.973
357	208.584
358	208.958
359	208.57
360	208.944
361	208.555
362	208.928
363	208.54
364	208.913
365	208.525
366	208.897
367	208.509
368	208.881
369	208.493
370	208.865
371	208.477
372	208.848
373	208.461
374	208.831
375	208.444
376	208.813
377	208.426
378	208.795
379	208.408
380	208.777
381	208.39
382	208.758
383	208.372
384	208.739
385	208.353
386	208.719
387	208.334
388	208.699
389	208.314
390	208.679
391	208.294
392	208.658
393	208.273
394	208.637
395	208.252
396	208.615
397	208.23
398	208.592
399	208.208
400	208.57
401	208.186
402	208.546
403	208.163
404	208.522
405	208.139
406	208.498
407	208.115
408	208.473
409	208.09
410	208.447
411	208.065
412	208.421
413	208.039
414	208.394
415	208.013
416	208.367
417	207.986
418	208.339
419	207.958
420	208.31
421	207.93
422	208.281
423	207.901
424	208.251
425	207.872
426	208.22
427	207.842
428	208.189
429	207.811
430	208.157
431	207.779
432	208.124
433	207.747
434	208.091
435	207.714
436	208.056
437	207.68
438	208.021
439	207.646
440	207.985
441	207.61
442	207.948
443	207.574
444	207.91
445	207.537
446	207.872
447	207.499
448	207.832
449	207.46
450	207.792
451	207.421
452	207.75
453	207.38
454	207.708
455	207.339
456	207.664
457	207.296
458	207.62
459	207.252
460	207.574
461	207.208
462	207.527
463	207.162
464	207.48
465	207.115
466	207.431
467	207.005
468	207.308
469	206.952
470	207.259
471	206.904
472	207.208
473	206.855
474	207.157
475	206.805
476	207.104
477	206.753
478	207.05
479	206.701
480	206.995
481	206.647
482	206.938
483	206.592
484	206.88
485	206.535
486	206.821
487	206.477
488	206.76
489	206.418
490	206.697
491	206.357
492	206.633
493	206.295
494	206.567
495	206.231
496	206.5
497	206.166
498	206.431
499	206.099
500	206.36
501	206.031
502	206.288
503	205.96
504	206.213
505	205.888
506	206.137
507	205.814
508	206.058
509	205.739
510	205.978
511	205.661
512	205.895
513	205.581
514	205.811
515	205.5
516	205.724
517	205.416
518	205.634
519	205.33
520	205.543
521	205.242
522	205.449
523	205.151
524	205.352
525	205.059
526	205.253
527	204.963
528	205.151
529	204.866
530	205.046
531	204.765
532	204.939
533	204.662
534	204.828
535	204.557
536	204.714
537	204.448
538	204.597
539	204.336
540	204.477
541	204.222
542	204.354
543	204.104
544	204.128
545	203.861
546	203.976
547	203.726
548	203.832
549	203.588
550	203.684
551	203.447
552	203.532
553	203.301
554	203.375
555	203.151
556	203.213
557	202.997
558	203.046
559	202.839
560	202.875
561	202.675
562	202.698
563	202.507
564	202.515
565	202.334
566	202.327
567	202.155
568	202.133
569	201.972
570	201.933
571	201.782
572	201.726
573	201.587
574	201.513
575	201.385
576	201.292
577	201.178
578	201.065
579	200.963
580	200.83
581	200.742
582	200.587
583	200.514
584	200.335
585	200.279
586	200.075
587	200.036
588	199.807
589	199.785
590	199.592
591	200.408
592	200.358
593	199.151
594	199.09
595	199.021
596	199.8
597	199.505
598	198.466
599	198.547
600	198.984
601	199.323
602	197.985
603	197.727
604	198.762
605	198.632
606	197.104
607	197.416
608	198.04
609	198.037
610	196.746
611	197.566
612	197.561
613	196.269
614	197.062
615	197.035
616	195.769
617	196.529
618	196.478
619	195.239
620	195.964
621	195.887
622	194.642
623	195.28
624	195.158
625	194.007
626	194.631
627	194.478
628	193.366
629	193.946
630	193.755
631	192.683
632	192.972
633	193.114
634	191.674
635	192.373
636	192.285
637	191.248
638	191.396
639	191.266
640	190.425
641	190.392
642	190.192
643	189.3
644	189.815
645	189.376
646	188.448
647	187.75
648	187.972
649	187.069
650	187.46
651	187.056
652	186.344
653	186.089
654	185.485
655	184.869
656	185.029
657	184.257
658	183.615
659	182.859
660	183.74
661	183.491
662	181.515
663	180.872
664	179.815
665	179.292
666	178.887
667	178.61
668	177.898
669	175.367
670	172.316
671	170.495
672	167.964
673	164.298
674	163.978
675	163.81
676	162.784
677	154.919
678	150.754
679	144.59
680	138.91
681	129.792
682	119.124
683	103.151
684	93.6185
685	72.2191
686	75.1211
687	78.442
688	87.5406