      0 14.6779 37.3668 24.4891 62.8198 49.9882 30.0945 20.1226 47.2227      54 39.1559 20.0053 46.0737 24.3493 48.5325 33.6852 53.0076      29  49.899 12.0053 17.2821 14.3584  12.814       4 7.22353 15.1972 12.1833 40.5187 32.0889  45.074  29.594 52.0342 18.5144 26.4941 29.2659 17.2553  52.187 20.6443 19.4525       6 30.2577 43.4032 24.3081 62.1326 50.2108 50.4237 35.5486 57.5545 17.8702 41.6122 69.9281 62.0637 64.5757 62.9057 36.0474 37.2637 19.1086 34.9442 55.5025 31.2044 48.1006 29.8839 23.6895 61.8697 64.8509 57.9273 49.5318 38.0544 47.6939 29.2318
14.6962       0 23.1504 22.5843 48.4313 57.7442 16.1435 34.0902 33.1408  40.225  34.521 21.2649 31.6837 12.8084 34.2005 19.0333 38.6809 15.5442 34.9306 16.1439 31.0469 24.7612 27.2554 16.1374 20.0832 6.75232 6.42624 26.1352 18.1309 31.5935  33.312 37.9188       4 34.4266 15.6231 8.37619 38.8513 30.9573 15.8301 8.95982  25.618 29.3199 14.2446  47.741 53.9408 35.7714 30.9161 44.0185  5.1396 29.1802 73.6596 65.7956 51.5614 48.5795 21.6653 32.6204 29.1037 20.2838 45.8937 27.0965 34.0782 37.6399 10.0022 65.6062 50.8508 88.0531 35.2013 23.4016 41.8608 14.5835
37.5432 23.1307       0 33.8523 25.3817 79.6071 12.9249  56.534 15.0031 23.0271  24.722 35.7147 8.62947 20.5547 13.4655 4.24275 17.2378 14.9812 13.6224 35.1777 53.3827 45.8543 50.3628 39.0604 42.8292 24.5252 27.4821  5.1396 11.6051 18.0352 47.8639 14.7986 19.3618 51.5203  11.424 23.2194 24.0417 50.7458 28.4672 31.9969 34.2806 9.89952 19.6683 24.6965 68.3487 13.1725 28.0925 20.2682 20.9502 21.2239 64.4966  72.477 28.3933 27.0813 4.24266 27.8808 51.0722 3.17989 27.1284 38.0216 17.0321 59.5024 15.3059 72.5619 29.1681 87.5451 13.9119 5.13991 21.1745 8.61048
24.7079 22.4654 33.6694       0 54.8443 73.7503 34.0921 33.8037 48.3548 56.4161 19.6694 5.65713  39.959 34.4145 34.0788 33.0868  41.655 34.6719 47.2673 12.8795 31.6814 25.6152 33.2364 28.7079 22.5748 15.7441 27.3771  33.959 35.6771 48.7936  15.153  45.947 24.4177 20.4146 22.2753 14.4271 55.9951 21.5808  6.7456 24.2446 9.51033 43.0693 14.0372 54.1573 35.1152 46.2038 16.2984 48.9967 18.6045 48.3237 54.8295 46.9687  52.774 49.0803  30.156 17.1142 43.7925  31.626 60.6604 7.21507 50.2793 53.6457 20.0969 46.7764 52.0396 81.6904 38.8032 37.2304 28.1857 29.0029
62.8531  48.436 25.3754 54.8384       0 104.953 34.6735 80.6631 22.2409 19.3666  35.356 58.0525 16.8282 44.5794 20.0778 29.5334 13.7695 38.2017 20.6006 56.4662 77.5035 69.8925  75.178  64.419  67.037 48.6763 52.8364 21.8329 34.7384 25.9843 69.3802 10.6416 44.7188 74.0445 34.5249 47.1476 23.7142 73.6519 51.0549 56.5384 45.4052 25.5167 42.0764       1 73.2812 14.7303  38.787 6.40712 45.2257 32.2199 53.2574 47.2036      13 15.7578  26.848  38.505 76.4219 28.4859 9.36642 50.3381 21.4855 84.8511 39.5006 46.8509   15.17 112.894 15.9547 27.5808 28.5573 33.9673
50.0804 57.7197 79.5792 73.7019 104.924       0 69.9451 65.4153  86.699 92.6451  87.524 70.0542 88.1909  62.424 91.6621 75.4126 96.1471 68.3201 23.8681 60.7256 63.3471 63.6085 55.6263 46.2286 56.4469 61.4133 51.9702 83.5909 71.8109 83.4398  79.652 34.6878 60.5736 75.5562 73.3448 63.6348 90.1483  69.581 68.0176 50.1382  78.627 83.0446 88.7378  104.24 100.295 29.8748 83.3211 99.8195  62.303 78.9639 120.013  112.15 48.5958 106.045 79.1245 85.6354 50.7162 76.7286 99.2213 80.1174 87.1607 20.1225 67.7079 111.957 108.314 8.96586 92.6629 78.3604 96.0663 88.6715
30.1026 16.1451 12.9203 34.0993 36.1273 69.9831       0 50.0303  17.294 24.1231 37.2125 35.0044 20.2045 8.48545 25.9404 8.67579 29.6224 2.25004 19.9172 31.6522 47.0682 40.8329  42.449 30.6126 36.1203 20.6432 18.4583 17.5408       2  15.599 47.5301 25.5234 12.1853  49.496  15.375  20.613 22.8708  47.016 28.0289  24.106  36.614 13.3272 21.2649 35.4367  68.041 22.3515 34.2166 31.1763 16.5784 14.2148 76.8278 79.8951 39.9495 39.2021 14.2761 40.3722 41.4535  10.374 29.8895 38.2759 18.0317  49.878  14.143 79.6998 40.8269 77.9221 26.6866 8.56355 33.6617 6.42965
20.1209  34.097 56.5328 33.7467 80.6796 65.4277 50.0291       0  67.137 74.0805 52.2028 28.3792 64.0546 44.4419  65.959 52.6354  70.457  49.094 68.7144 22.5601 3.18307   12.81  10.003 20.9026 14.1619 32.0382 32.2767 58.2678 52.0291 65.1728 25.7694 70.3668  38.097 18.5317 46.2047 33.5539 72.2912 13.0778 32.5027 26.1201 43.2731 63.3176 39.6028 79.9925 43.9222 69.4854 48.5964 75.3191 35.8238 61.7036 63.6401 55.7764 82.3084 80.3547 53.8762 50.3138 32.8114  54.036 79.8895  40.466  68.039 45.3234 41.2534  55.584 82.6255 73.3668 66.9751 57.1853 60.7423 48.4047
  47.23 33.1495 15.0055 48.4954 22.0464 86.7291 17.1445 67.1459       0 8.07391 36.0751 50.3954 15.1037 24.3764 24.1266 16.2103 23.3628 18.4822  5.1396 48.2335 64.1433 57.8677 59.5692 47.7148 53.1956 37.0851 35.5531 17.8476 15.1556 6.42624  62.564 16.1366 29.1097 65.8571 26.1147 36.7624 9.43988 63.8831 43.1472 41.2336  46.058 5.40734 34.3119 23.0488 82.9954 11.1366 39.4397  20.756 32.9644 12.6015 68.9716 76.9523 29.7049 30.5643 19.2126 39.2284 58.1964 17.0238 12.8403 51.0035 2.24443 66.6243 29.1297  46.768 31.2168 94.6676 21.9438 11.9276 32.5002 20.5109
     54 40.2336 23.0337 56.5512 19.2446 92.6626 24.1487 74.1316 8.07985       0 43.2974 58.1265  21.649 30.2867   30.61 24.2518 28.8454      25 10.8274 55.3929 71.1285 64.8323 66.1435 54.1806 60.2413 44.2443  42.074 25.4559 22.1367 9.23847 70.6587 21.2825 36.2505  73.015 34.1738 43.9188 4.48952  71.017 50.5822      48 53.2896 13.4399 42.4157 20.2446 91.0562 16.3165 46.6705 24.3403 40.1218 14.7796 49.5278 80.3943 32.2446 34.2586 27.2111 46.4551 64.1317 25.0825      10 58.2329 6.34713 72.5579 36.7209 80.4755 34.1366 100.601 27.9841 19.9698  39.437 27.8835
39.4416 34.4056 20.0035 19.6671 35.3588 87.9331 37.2896 52.2145 36.1024 43.3219       0 24.7254 21.9674 44.8603 15.3152 28.7651 22.1129 39.4441 32.6189 28.8747 49.0536 41.4137 48.9498 43.2419 38.6379 27.6996 39.7285 19.6979  36.383 40.8315 34.1596 26.6124 36.0129 40.0448 31.0609 26.1586 45.5503 40.8827 19.7556 37.8302 10.2161 32.2034 25.4716 34.6725 53.4575  28.734 3.64322 29.4789 30.1775 44.8436 7.72794 61.9281 33.1644 29.4479 23.8606 3.18363 58.0907 26.8993 43.2429 15.0533  38.335 41.1694 31.5286 65.1144 32.4093 95.8732 19.4348 29.5798 8.56669 26.1796
20.0036 21.2648 35.7132 5.65724 58.0755 69.9203 34.9975 27.9166 50.3907 58.0999 24.7255       0 42.0866 33.9412 39.8524 33.7972 46.6956 35.2329 49.3058       8 26.3971 20.2516 28.3163 24.0036 18.3252 14.8679  25.191 36.0751 36.7309 50.1133 12.5493 48.0744 24.0878      16 24.3493 14.4286 57.3185 16.2196 7.29926 20.9629 14.7851 45.1052 16.1435 57.3894 33.0585 48.3306 21.2163 52.6512 18.6046 49.0986 52.7769 44.9172  57.823  54.043 32.2719 22.3849 39.1082 33.6551 62.6997 12.8084  51.877  49.816 21.5642  44.722 57.0813 77.8594 43.9663 39.0053   33.27 30.4883
46.1193 31.7025  8.6063 39.7703 16.8426 88.2158 20.2009 64.0536  14.928  21.639 22.0398 42.1251       0 28.6757  9.0059 12.8108 9.53596 22.3007 10.8211  42.449 60.8992 53.3292 58.4474 47.6717 50.3824 32.0369 36.0953       6 18.8826 20.3745 54.2018 6.34716 27.9728 58.0747 18.1311 30.6126 24.2654 57.1708      35 40.5897 32.0331 12.2271      26 16.1551 74.4842 6.72313 25.4133 11.6782 28.5026 25.1694 56.6801 64.6611 19.8001 18.9973 10.2161 25.1949 59.6838 11.7205 24.7176 36.9783 17.2113 68.1128 22.8247 64.7419 20.6246 96.1556       7 11.6813 17.8111 17.2082
24.3513 12.8088 20.5276 34.4175 44.5813 62.4461 8.48554 44.4512 24.3786 30.2882 44.8622 33.9412 28.6638       0 33.5885 16.2852  37.662  6.4074 27.4086 28.8608 41.6131  36.801      36      24 31.0732 19.1079 12.1853 25.1806 10.0072  21.118 46.1103 33.9756 10.0043 47.2133      20 20.0045      28 42.9848 27.8103 18.4601 37.0624 20.8233  23.696 43.8935  66.735 30.8064 41.4644 39.6319 15.8243 17.2806 84.9056  78.589 48.2797 47.5154 21.8855 44.0733  33.913 17.9869 36.8277  38.577 24.7607  42.344  16.758 78.3961 49.2797 26.7024 34.2509 17.0222 41.2889 12.7161
48.5467 34.2027 13.5514 34.8103 20.0759 91.6923 26.0215 65.9689  23.962 30.5455 15.3177 39.8498 8.98642 33.6176       0 17.4286 7.09023 27.8985 19.7585 43.7662 62.8085 55.1837  60.753 50.2835  52.383 31.9064 39.6104 8.42626 25.1324   28.99 49.3507 11.7784 31.1232 55.1936 19.7916 32.4412 33.2658  56.051 34.6504 43.0715  25.376 20.5041 27.3007 19.3893 68.6807 14.8713 18.7568 14.1603 30.6697 33.3664 52.8483 60.8266 18.9994 16.1429 12.5903 18.4601 63.1316 15.6265 22.6274 30.2908 26.1875 71.5864 24.9709 60.9105 18.8123 99.6328  4.1411 18.3067 9.22096 21.3771
33.6917 19.0191 4.24285 33.1181 29.5343 75.4374 8.70396  52.812 16.1869 24.2663 28.6665  34.635 12.8111 16.3189 17.4077       0 21.4044 10.9215 16.0504 32.5838  49.754 42.5723 46.3632 34.9477 38.7795 21.4312 23.3349  8.9743 8.94071 18.5557 47.1154 18.9548 15.2491 49.8432 10.0074 20.5671 24.8006 48.7947 27.4107 27.8855 35.6226  10.844 19.5263 28.8515 67.5052 16.7878  31.747 24.4311 17.3783 19.9446 68.6484 76.6296  32.582 31.2528 6.08541  26.279 46.9069       2 28.7886  37.266 18.0341 55.3342 13.0919 76.7138 33.8154 83.3772 18.0523 4.55663 25.1137 4.48568
53.0146 38.6737 17.2398 41.6474 13.7936 96.1649 29.6693 70.4312 23.2633 28.7969 22.1143 46.6871 9.63582 37.6393 7.08915 21.4101       0 31.7687 18.3749 48.5108  67.268 59.6482 65.2131 54.6847 56.8441 38.5085 44.0837 12.7292  28.396      29 56.1878  7.8936  35.491 62.0307 24.2529 36.9017 31.9829 62.8882 40.7472 47.5429  32.213  21.579 31.7661 13.1031 67.2907 12.5079 25.5938 7.63385 35.2415 34.6667 47.2663 34.2305 12.1064 9.90048 17.0555 25.2024 67.6066 19.8539 21.6463 37.1509 25.3677 76.0622 29.4328 55.3298  12.217 104.105 3.61132 21.2258 14.8908 25.5846
     29 16.1318 14.9229 34.6685 38.2061 68.3507 2.24417 49.1315 18.4867      25  39.372 35.2393 22.3033 6.40461 28.1105  10.794 31.8507       0   21.39 31.4148 46.1426 40.2863 41.2254 29.2954 35.3242  20.613  17.137 19.6883 3.61919 16.1435 47.7234 27.6004 11.7287 49.4169 17.0819 20.8241 23.3633 46.2035 28.4311      23 37.1845 14.8017 22.2113 37.5183 68.2815 24.4299  42.476 33.2565 16.6563 13.9042 78.9476 80.1332 41.9062 41.3068 16.3731 36.6284 39.8246 12.4966 31.1116 38.8561 19.1265  48.246 15.0041 79.9382 43.0925 76.2912 28.8292 10.6515 35.8217 8.16999
49.5843 34.9117 13.6255 46.5185 20.4112 89.6302 19.9179 68.7061  5.1691 10.8211 32.5893 49.3045 10.8275 27.8369 19.8069  16.051 18.5742 21.3722       0 48.4784 65.6482 58.4682 62.1423 50.4895 54.6736 37.2082 38.3273 15.0055 17.9304  11.592 61.4775      11 31.1401 65.1082 25.0235 36.6363  13.662 63.2396 42.0563 43.7768 42.5795 6.72319 33.2669 19.7259  81.973       6 35.9618 15.5976 33.2734 17.6069 63.8652  71.845  24.582 25.4572 17.4914 35.7457 61.1017 16.2987 14.2556 45.6946       7 69.5282 28.8965  71.931 26.0681 97.5717 17.3163 12.0608 28.6051 20.3694
12.0036 16.1374 35.1701 12.7161 58.8284 61.9193 31.6479 23.6379 48.2351 55.3749 28.8466       8 42.4502 28.8507 40.5233 32.5715 48.5494 31.4106 48.4742       0  20.478  12.836 20.3729 16.0036 10.3836 11.1982 18.4427  36.517 33.5505 47.1866 17.8631 48.6835 19.7195 18.6902  24.351      12 54.4543 17.5928 9.22312 13.4987 19.8534 43.2336 17.1142 58.1415 38.4757 48.1167 25.2399 53.4106 15.3152 45.2152 58.1935 50.3356 60.3934   58.24 32.2733 26.9561 31.1082 33.1076 60.9776 19.7911 49.1757 41.8151      20   50.14 60.7182 69.8585 45.0672 36.9449 37.3856 28.3042
17.2806 31.0485 53.3819  31.597 77.5197 63.3476 47.0728 3.17989 64.1337 71.1234 47.8193 26.2295 60.9005 41.6123 62.8157 49.7178 67.2954 46.1376 65.6206 20.4859       0 9.90048 8.60554 18.4072 11.0653  28.884 29.4462 55.1085 49.0728 62.2577 23.8878 67.2107  35.049 17.1366  43.042 30.3914 69.4017 11.2481 29.3413 23.2636 40.1106 60.3157 36.4402 74.9749 42.5216 66.3356  45.435 72.1561 32.5792 58.8754 62.2397 54.3763 79.1472 77.1929 50.7196 47.1514 30.7719  50.967 76.8925 37.9845 65.0823 43.2432 38.1007 54.1833 79.4651 71.2866 63.8096 54.0915 56.2845 45.3433
14.3429 24.7575 45.8547   25.61 69.9037 79.8536 40.8185 12.8081 57.6972 64.8316 41.3857 20.2389 53.3297 36.7976   55.17 42.5743  57.597 40.2808 58.4769  12.822 9.89966       0 14.3666 17.3748 7.21542   21.37 25.1227 47.5001 42.7854 56.3164 17.9559  59.627 28.6579 12.1915 35.4076 22.5027 63.5812 6.41573 21.6857 18.8929 32.4554 53.2372 28.7855 69.2167 37.0394 58.8091 37.7782 64.5295 25.2515  53.787 56.7581  48.893 71.5172 69.5652 43.1357 39.4961 32.2003 42.0747 70.4501 32.3306 58.6366 42.3779 30.5732 48.7033 71.8349 71.5075 56.1908 46.9476 49.9241 38.2249
12.8409  27.269 50.3939 33.0645 75.1563 59.2091 42.4502 10.0074 59.5768 66.1444 48.9223   28.29  58.412      36 60.7399 46.2541 65.2314 41.2266 62.1709 20.3632 8.60835 14.2446       0      12 10.0022  26.968 24.1072 52.8274 44.4326 57.0747 30.5939 64.6772 31.0822  24.719   41.21 28.9274      64 18.5812 29.0998 18.4602 39.9946 55.7571 35.6583 74.4684 41.0559 63.0117 45.3195 69.8878 30.1489 53.1233 69.3983 61.5352 77.3487 75.1292 48.3581 47.0363 23.0236 47.5271 72.3227 40.2154 60.4443 35.5517 35.7996 61.3415 77.3994 63.5952 61.7492  50.518 56.7124 41.8172
      4 16.1429 39.0892 28.4717  64.443 45.3137 30.6139 20.9062 47.7224 54.1817 43.0097 24.0053 47.7023      24 50.2725 34.9655 54.7616 29.2965 50.4926 16.0053 18.4114 17.3689      12       0 10.1889  17.808  12.185  42.231 32.5776 45.0747  33.594 53.8557 19.7236 29.4898  31.249  20.062      52 23.6456 23.4142 7.22392 34.1103 43.9029 27.2088 63.7566 54.2062 51.6948 39.4035 59.2608  19.854 41.1366  73.921 66.0613 66.6042 64.6593 37.7608 41.1162 15.1085 36.2276 60.3889 35.1619 48.4023 26.1155 25.6211 65.8669 66.8626 54.1589 51.2769 38.7963 51.4454 30.4921
7.21625 20.0915 42.8187  23.118 67.0413  56.408 36.1272 14.1606 53.1932 60.2292 38.9393 18.3041 50.3661 31.1333 52.3533 38.7763 56.8512 35.2837 54.6791 10.3756 11.0644 7.22602  10.006 10.1828       0  18.373 19.1175 44.6244 38.0741 51.4124 25.0651 56.6901 24.0915 19.2833 32.6132 19.9746 58.6042 13.4563 19.2385 12.8119 30.0082 49.3756 26.2456 66.3526 44.0803 55.5195 35.3324  61.697 21.8965 48.3263 63.7965 55.9354 68.7017 66.7505 40.2207 37.0497 25.0596 40.0306 65.9408 30.2374 54.1273 36.3037 27.5811 55.7406 69.0204 64.3471 53.3743 43.1502 46.4087 34.3838
15.1716  6.7456 24.5249 15.8301 48.6897 61.4597 20.6384  32.037 36.9039 44.2254 27.8086 14.8679 32.0382 19.1079 34.0401 21.4165 38.5321  20.606 37.3192 11.2002 28.8824 21.3649   26.95 17.8086 18.3781       0  12.137 26.2751 22.4962 36.0937 27.2111 38.3515 9.22069 28.8382 14.3426 2.24417 43.3571 27.5494  9.0059 11.2964 18.9098 32.0788 9.43953 48.0027 47.8057  37.608 24.1999 43.3551  4.1411 34.4971 67.5228 59.6594 50.3828 48.4296 21.8645 25.9208 32.2154 22.4605 49.8391 20.5864 38.0269 41.3559 9.24018 59.4675 50.7009 69.4017 35.0548 25.7901 36.3475 17.1368
12.1853 6.36917 27.4952 27.6746 52.1066 52.1554 18.4597 32.2849 35.5602 42.0747 39.9702  25.349 36.1097 12.1833 39.5813 23.3434 44.0729  17.138 38.3303  18.443 29.4477 25.1134  24.106 12.1837 19.1279   12.17       0 31.5183 20.4162      33 36.2453  42.261 8.48554 37.0826 22.2791      14  40.074  31.459 20.9374 6.34713 31.0729 31.7407 20.4923 52.1611 56.8619 40.0479 36.3685 47.7394 11.4497 29.4462 76.5795 68.7158 55.9129 53.9707 27.0524 33.9504 23.6145 24.6369 48.2289  32.719 36.2551 32.0508 16.1886 68.5217 56.2386 60.0931 40.5886 26.6991 47.2952 18.8851
40.5467  26.142  5.1691 34.0342 22.4383 83.6193 17.5996 58.2661 17.8488 25.4647 19.6717 36.1628       6 25.2408 8.39471  9.0034 12.7295 19.7942 15.0031 36.5158 55.1064 47.3791 52.8415 42.2366 44.6308 26.2728 31.5392       0 16.7794 22.1156 48.2397  12.185 22.9539 52.0748 12.1837 24.7592 27.2654 51.5886      29 35.0283 29.6599 13.4987      20   21.75 68.5645 12.4181 23.0419 17.1142 22.8709 25.6467  59.914  67.895 24.4287   22.63 4.48589 22.8311 55.0646 7.22808  29.148 34.6071 20.0546 63.5144 17.1108 67.9797 24.8491 91.5591 9.28002      10 16.0881 12.9785
32.0967 18.1324 11.5602 35.6781 32.2199  71.852       2 52.0303 15.1679 22.1576 36.2581 36.7377 18.8823 10.0029 24.9942 8.52463 28.3925 3.61132 17.9382 33.5538 49.0682 42.7948 44.4313 32.5761 38.1203    22.5 20.4146 16.5869       0 13.7865 49.2681 24.1378 14.1621 51.3477 16.2247 22.3846  21.055 48.9794 29.6995 26.0997 37.4008 11.3493 22.6274 34.0551 69.7654  20.962 39.6298 29.7943 18.4113  12.808 36.5475 81.6174  38.446 37.8917 14.6046 39.4154 43.3192 10.6904 27.9383  39.398 16.0453 51.7469 15.6228 81.4261 39.4523 79.7906 25.2427 7.21507 32.6895 7.22603
45.0747 31.5959 18.0381 48.8291 25.7932 83.4564 15.6156 65.1474 6.36918 9.24018 40.9745 50.1294 20.5729 21.1169  29.377  18.534      29 16.1451 11.4497   47.18 62.2632 56.3211  57.074  45.074 51.4192 36.0843      33 22.1777 13.7915       0  62.654 22.3646 27.6827 67.6111 28.6306  35.876 7.29926 62.5189 42.9899 39.0747 50.9657 8.64304 35.5162 26.7905 83.1085 17.3702 44.3654 27.0532  31.979 6.40661 75.1754 83.1551 36.0449 36.8568 22.2242 44.1256 54.9259 19.4223 16.6097 52.9864 5.00247 63.3514 28.7287 83.2409 37.5085 91.3954 27.5476 14.2492 37.4159 19.9001
29.5377 33.3095 47.8747 15.1513 69.3768 79.4658 47.5218 25.9271 62.5595 70.6214 34.1607 12.5441 54.1706   46.11 49.3453 47.1093 56.1879 47.7148 61.4722 17.8555 24.2068 18.1196 30.6495 33.5377 25.1991 27.2069 36.2596 48.1706 49.2616 62.6358       0 60.1584 36.4053 7.81277 36.4819 26.9365 69.8397 12.8795 19.7195 31.3905  24.047 57.2738 28.2457 68.6905 20.6333 60.4145  31.047 63.5295 31.0716 61.8026 40.3513 32.4857 67.3154  63.539 44.3658 31.2803 48.6448 45.8237  66.961 19.4368 64.4304 59.3616 34.0398 32.2966 66.5198 87.4052 53.0463 51.4329 42.4502 42.9799
52.4448 37.9143  14.803 44.2156 10.6495 94.3831 25.5108 70.3651 16.1694  21.003 26.6045 48.0717 6.34344   33.98 11.6775 18.9279 7.91494 27.6019      11 48.6819 67.2094 59.6267 64.7732 53.8441 56.7088 38.3501 42.2641 12.1837 24.1424 22.5792 60.1478       0 34.1449 64.0627 24.3495 36.8975 24.4508  63.331 41.0741 46.7808 36.6096  15.374 32.0828  9.9601 72.8956       5 29.9915 5.65724 34.8106 28.3803 52.8716 60.8514 14.4268 14.6186 16.5125 29.7663 65.8521 17.9196 18.5137 41.5506      18 74.2783 29.1432 60.9341 15.7408 102.321 7.81402 16.9708 20.8241 23.3798
18.5309       4 19.3889  24.423 44.7409 60.5873 12.1833 38.0902 29.1745 36.2436 36.0246 24.0903 28.0017 10.0026 31.0961 15.2651 35.5874 11.7256 31.1559 19.7357 35.0469 28.6624 31.0754 19.7197 24.0832 9.22096 8.48545 23.0332 14.1603 27.6788 36.4063 34.0233       0 37.7368 13.5002 10.0043 34.9476 34.8586 17.8077 12.6709 27.1257  25.327  14.356 44.0546 54.2833 31.9972 32.4099 39.6327 5.84463 25.5166 76.7301 68.8659 47.4248 45.4853 18.5665 34.1277 32.0373 16.5296 37.0419 28.7772 30.0879 40.4829 8.28784 68.6724 47.7536  68.526 32.1044 19.6271  38.795 10.7942
26.3761 34.4533 51.5147 20.4162 74.0629 75.4057 49.5123 18.7324 65.0215 73.0023 40.0463      16 58.0739 47.2459 55.1951 49.8417 62.0376 49.3434 65.1036 18.7193 17.1694 12.1347 24.4654 29.3842  19.212 28.8901 36.9223 52.0739 51.3615 64.9353  7.8114      64 37.8386       0 40.2293 29.1531 72.1901 6.13761 23.1093 31.0138 29.8549 60.5043 32.0827 73.3768 25.4317 64.3064 36.6944 68.6385 32.9724 63.3098 45.1497 37.2864 75.4267 69.4676 48.2004 37.3878 43.6702 49.4545 78.4652 26.0279 66.8038 55.3014 36.8973 37.0933 72.4248 83.3448 59.3084 54.2154 48.5311 45.6362
29.2839 15.6249 11.4216 22.4028 34.5371 73.3655 15.3041  46.198 26.1224 34.1837 31.0404 24.3513 18.1323      20 17.2139 10.0337 24.2743  16.833 25.0241 24.3495 43.0354 35.4152 41.1985 31.2471 32.6301 14.3374 21.6509  12.185 16.1721 28.6521 36.6189  24.351 13.5642 40.2309       0 12.6709 34.8807 39.5649 17.1382 24.0881 24.9084 20.8367 8.26776 33.8509 56.8928 24.0896 30.1979 29.1468 11.4041  28.732 71.4421 68.7479 36.1259 34.1719       8 14.7809 40.7548 9.38696 38.4307 26.5736 28.0468 53.2609 5.65713 68.5542 36.4438 76.3972  20.792  14.997 27.4777 8.97902
17.2342 8.28723 23.2137 14.4321 47.1621 61.8537  20.606 33.5495 36.7554 43.8949 26.1729  14.438 30.6139 20.0035 32.4343 20.7328 36.9231  20.813 36.6356      12 30.3871 22.7701 28.9102 20.0061 19.9857 2.25004 14.6102 24.7607   22.38 35.8737 26.9429 36.8991 10.0026 29.1507 12.6732       0 43.1062 28.0805 7.81206 13.5642 17.2748 31.3951 7.21507 46.4745 47.4748  36.159 22.5676 41.7892 4.24266 34.6769 64.2493 59.3294 48.7751 46.8207 20.4162 23.6104 34.5101 21.1494 49.3396 18.9491 37.6962 43.5819       8 59.1396 48.7714 71.6475 33.4423 25.1059 34.7089  16.512
52.1885 38.8539 24.0417  56.034 23.4661 90.1606 22.8927 72.3121 9.44477 4.48349 45.5338 57.3429 24.4601      28 33.4952 24.7774 32.2847 23.3655 13.8115 54.4459 69.4272 63.5865      64      52 58.6138 43.3506 40.0747 27.2623 21.0593 7.30188 69.8669  24.719 34.9517 72.1739 34.8701 43.1157       0 69.7864 50.1974   46.21 55.5278 14.1422  42.723 24.4662 90.3182 19.7205  48.908 28.2267 39.2438 11.4218 76.7232  84.703 36.4675  38.173 28.2843 48.6988 61.6306 25.6641 14.2675 60.1921 7.22602 31.0702 35.8817 84.7888 38.3876 98.1001 31.1226 20.4913 41.9766 27.1058
20.6258 30.7011 50.7442  21.568  73.794 69.5947 46.9744 13.1364 63.8536 70.9876 40.9278 16.2235 57.6012 43.0509 56.0561 48.7958  62.898 46.4401 64.3314  17.588 11.3661 6.41245 18.3662  23.627 13.4547 26.3248 31.4428 51.6012 48.9414 62.4724 12.7161 63.6731 34.8141 6.16999 39.5756 28.0826 69.7375       0 22.3802 25.2554 30.9553 59.4572 31.6074 73.1057 34.0083 63.6193 37.4129 68.3697 31.4192 59.8566 51.0272  43.164 74.0244 70.3233 47.5756 38.5656    34.2 48.6862 76.6145 28.0322 64.2416 49.4905  35.922  42.971 73.2831  77.534  59.994 53.1697 49.4731 44.3971
19.5226 15.7434 28.4649 6.75232 51.2225 68.2937 28.0228 32.4822   43.14 50.9533 19.7341 7.30188      35 27.8076 34.6457 27.4069 40.9014 28.4305 42.0453 9.22045 29.3201   21.68  29.217 23.5082 19.2257  8.9743 20.6906      29 29.6898 42.9698 19.7246 41.0747 17.8077 23.1106 17.1368 7.81158 50.1719 22.6186       0 18.1694 10.8311 37.0265       9 50.5359 40.1344 41.2102 16.1279 45.7978 12.0434 42.2067 22.2076 51.7924  52.751 49.1293 25.1027 17.8435 38.4858 25.7294 55.4474 12.1366 44.7545 48.1917 14.3372 51.7941 52.0874 76.2373 37.4189 31.7806 28.2736 23.2805
      6 8.96586 32.0244  24.356 57.3165  50.315 24.1072 26.1143 41.2364      48  37.612 21.2564 40.5702 18.4578 43.0686 27.9017 47.5524      23 43.7957 13.5676 23.2539 18.9076 18.4581 7.21724 12.8206 11.2203 6.34353 35.0201 26.1008  39.074 31.4364 46.7924 12.6732  31.092 24.0882 13.5002 46.2072 25.3149 18.1366       0 28.6878 37.4171 20.6997 56.1138 52.0545  44.637 33.9784  52.055 12.7296 35.7113 71.7779 63.9062 59.3924 57.4509 30.5549  35.693 20.9575 29.1672 53.9892 30.2446 42.1006  30.211 18.4426 63.7111 59.7218  58.254 44.0726 32.0991 46.1235 23.4367
30.2054 25.4859 34.8042 9.50726  45.407  79.076 36.6262 43.2561 46.0969 53.0953 10.2181 14.7796 32.0444 37.0753 25.3754 35.6092 32.2182 37.2007 42.6037 19.8545 38.4252 32.4559 40.0009 34.5081 30.0103 18.8033 30.8077 29.6798 38.2006 50.7705 24.0463 36.5663 27.1254 29.8525 24.8016 17.2341  55.517 30.9502 10.8358 28.8855       0   42.21 9.53658 44.6569 43.5305 38.7218       7 39.5595 21.2764 50.8383 63.2427 55.3831 43.3425 39.6454 32.6802 7.63828 49.2011 34.1391 53.2956  5.8463 48.3434 58.9742 22.6253  55.188 42.6044 87.0122 29.4887 39.5689 18.7047 31.5271
43.4111 29.3269 9.89952 43.2034 25.4929 83.0394 13.3245  63.324 5.40278 13.4336 32.3909 45.1076 12.2034 20.7872 20.7191  10.831 21.3647 14.7803 6.72745 43.2396 59.9732 53.2301 55.7496 43.8967 49.3737 32.0866 31.7354 13.5887 11.3378 8.58411 57.2797 15.3072 25.3072 60.5016 20.8265 31.3984 14.1422 59.4528 37.8587 37.4145 42.3797       0 28.7579 24.4796 77.7009 10.8207 35.7592 20.6865  28.034 13.1694 67.9137 75.8945 29.6542 29.9018 14.1422 35.5492  54.512 11.6761 18.0668 47.3792 7.21741 62.9374 23.7492 75.5223 31.0373 90.9802 19.1722 6.54923 28.8567 15.1315
24.2875 14.3654 19.6674 14.1032 42.2229 70.9212 21.2648 39.5839 34.3607 42.4221 24.1145 16.1451      26 23.5493 27.4144 19.5179 31.9018 22.2075 33.2688 17.1108 36.4206 28.7888 35.6386 27.2099  26.258 9.44617 20.7078      20 22.6274 35.4947  28.313 32.0835 14.2446 32.0836 8.26506 7.22808  42.698 31.5924       9 20.7323 16.6156  29.075       0 41.5363 48.5982  32.207  21.908  36.517 9.16943 35.3822 68.3139 60.4508 43.7514 41.7988 16.1435  22.311 41.6581  17.626 46.6761 18.2663 36.2851  50.817 7.21542 60.2589 42.1866 78.8609 28.4195 23.2348 34.0489 15.6228
62.1728 47.7545 24.6911 54.1555       1 104.274 35.4302 79.9815 23.2409 20.3666  34.675 57.3715 15.4083 43.9007  19.393 28.8528 13.0865 37.5212  19.826 58.1326 76.8237   69.21 74.4978 61.0254 66.3542  47.992  52.155 21.7392 34.0601 26.9843 68.6994 9.95961 44.0353 73.3622 33.6943 46.4643 24.7142 72.9676 50.3751  56.642 44.7245 24.8429 41.3931       0 72.2812 14.0697 38.1026 5.65688 44.5424 33.2198 52.2574 60.2367      12 14.7809 26.1647 37.8243 75.7391 25.3225 10.3661 49.6553 22.4855  84.168 38.8163 60.3215   14.17  112.21 15.2282 26.1435 27.8768 33.2855
50.1777 53.9549 68.1589 35.1224 73.2643 100.277 68.0377 44.3122 82.8438  88.217 53.4743 33.0567 74.4522 66.7532 39.0708 67.4988 67.2827  68.278 81.7564 38.4834 42.6471 36.9978   49.54 54.1777 44.0742 47.8153 39.2226 68.4522 69.7551 83.0811 20.6459 65.3523 57.0249  25.496 56.7654 47.4769 90.2836 31.3419 40.1274  51.978 43.5361 77.5583 25.1093 72.2643       0 78.0016 50.5203  68.703 51.6408 82.1484  20.047 12.0617 60.2479 53.1242 64.6495 50.5003 68.5348 66.1069  82.434 38.5018 84.7681 80.1743 52.1367      12 58.4832 108.217 70.6731 71.7173 61.6625 63.3848
50.4446 36.5171 13.1709 46.4719 14.7172 92.1655 22.3545 69.4722 11.1694 16.2295 28.7235 48.2993 6.73053 30.8227 14.8759 16.7854 12.6219 24.4431       6 48.1152 66.3208 58.7929 63.0022 51.6547 55.5337 37.4635  40.065 12.4182 20.9766 17.5792 60.6769       5 32.0012 64.3107 24.0856 36.1567 19.5049 63.6091 41.2098 44.6371 38.7138 10.8303 32.2121 14.0318 77.8893       0 32.0963 9.90848 33.8882 23.4739 57.8652  65.845 18.8816 19.5078 16.1446 31.8796 63.6344 16.2972 7.81155 43.2054      13 72.0626 28.2439 65.9276 20.3745 100.105 11.6869 13.9042 24.0422 21.2319
35.7893 30.7486 28.1749 16.2972 38.7825 84.2814 27.0866 48.6035 39.4581 46.6807 3.63176 21.2134 25.4231 42.3657 18.7516 32.0596 25.5977 42.4946 34.6247 25.2629 45.4425 37.8035 45.3466 39.6279 35.3559 24.0996 36.1301 23.0575 27.8588 41.1202 31.0463 29.9984 32.4106 36.6928 30.0998 22.5509 48.9079  37.408 16.1494 34.0855       7 35.6057   21.86 38.0989  50.511 32.0993       0 32.9339 26.5672 48.1719 69.0277 62.3637 36.7252 33.0291 27.2236       3 54.5235 30.2611 46.6271 12.3915 37.5458 64.1767  27.917 62.1686 35.9863 92.2189 22.8628 32.9521 12.1737 36.0121
57.5999 43.1838 20.2585  48.996 6.40483 99.8447 31.1499 75.3114 20.9362  24.353 29.4823  52.642  11.672 39.6361 14.2467 24.4284 7.63916 33.2578 15.7821 53.4051 72.1495 64.5286 69.9171 59.2793 61.7012 43.3525 47.7241 17.1108 29.7984 27.2908 63.5357 5.65713 39.6075 68.6332 29.1417 41.7838  28.093 68.2399 45.6449 52.0716 39.5609 20.7341 36.6641 5.65688 53.1714 9.95671 32.9415       0 39.9545 33.3874 48.7978 56.7765  8.9743      10 21.5641  32.578 71.3124 23.3676 14.3508 44.5001 22.7465 79.7414 34.2031  56.861 10.4931 107.784 10.2156  22.628 22.4998  28.857
17.8883  5.1691 20.9467  18.606 45.2304 62.3321 16.5728 35.7174 32.9641 40.1032 30.1788  18.607 28.4935 15.8154 30.7895 17.3576 35.2678 16.6512 33.2603 15.3177 32.5768 25.2521 30.0651 19.8527  21.902 4.14429  11.592 22.8751 18.4072 31.9866 31.0769 34.8172 5.83704 32.9609 11.4071 4.24266 39.2475 31.4372 12.0434 12.7284 21.2821 28.0205 9.13662 44.5444 51.6369  33.561 26.5769 39.9542       0 30.5389 71.3563 63.4997 47.1144 45.1658 18.4114 28.2857 33.5266 18.6125 45.7258 22.9319 33.9048 40.0982 5.84677 63.3021  47.435 70.2751 31.4038 21.5697 38.4782 13.0577
41.6145 29.1842 21.3999 48.3152 32.0529 78.9701  14.215 61.6914 12.5781 14.7851 44.9555 49.1103 25.2462 17.2821 33.5268 20.0731 34.4445 13.9107 17.5505 45.2196 58.8768 53.8458 53.1302 41.1379 48.3491 34.5035 29.4478 25.8609  12.802 6.40439 61.6035 27.9995 25.5227 63.2865 28.7385 34.6882 11.4239 60.0223 42.2083 35.7133 50.8277 13.1366 35.3846 33.0609 82.1492 23.1788 48.3167 33.0713 30.5462       0 80.8377 88.8231 42.0599 42.6049 25.0071 48.1017 50.4393 21.3098 22.8446  52.483 11.4037 58.8651 28.3216 88.9091 43.5651 86.9093 32.1169 16.3182 41.4042 19.9064
69.8778   71.01 64.4938  54.829 53.2316 119.992 38.7414 63.8875 69.1166  72.496 65.3348 52.7639 54.8432 84.9783 52.8348 68.6512 47.2665 78.9245 63.2885 58.1894 62.3354 56.7102  69.217 73.8778 63.7887  67.518 76.5967 59.9006 75.5408 75.4624 40.2262 52.9965 76.7321  45.178 71.4032 67.1841 76.6819 51.0387 59.8343 71.6766 63.2416 68.1659 68.2351 39.7704 20.0464 57.9964  68.939 48.7012 71.3478 81.1496       0       8  39.055 39.0502 64.2354 68.0544 88.2741  67.056 60.1102 58.2086 70.9965 99.8876 74.1452 8.08048 35.0764 127.932  50.655 68.5068  56.875 72.7961
62.0309 65.7993 72.4713  46.968 61.2093 71.2428 79.8833 56.0253 77.0879  80.474 65.3198 44.9022 64.7725 78.5976 60.8125  32.808 55.2443 80.1234 71.9449 50.3288 54.5027 48.8419  59.581 66.0309 55.9201 59.6603 68.7351 67.8782 81.6008 83.4281 32.4908 60.9449 68.8722 37.3686 68.6108 59.3224 84.6595 43.1854  51.973 37.0457 55.3817 76.2191 60.3739 60.2093 12.0608 65.9449 12.0434 55.1096 63.4861 89.1175       8       0 48.2101 47.0278 72.2131  62.346 80.3969 75.0336  70.474 50.3473  49.527  92.015 66.2843       1 46.4411 120.058 58.6326 76.4769 64.8526 75.2307
64.8692 50.5115 28.3805 52.7682      13 107.986 39.8033 82.2872 29.9611 32.3666 33.1632 57.8092 19.7992 48.2735 18.9962 32.5893 12.1019 41.8967 24.8125 60.3676 78.9015 71.5046 77.0689 66.6031  68.695 50.3636 55.8596 24.4398 38.4438 36.3206 67.3069 14.4342 47.4395 73.1521 36.1093 48.7585 36.7142 73.2685 52.6042 59.3924  43.334 29.8027 43.6234      12 60.2808 19.1328 36.7157  9.0034 47.0275 42.3494 40.2571 48.2365       0 4.49156 28.8834 36.0751 79.4646 31.2697 22.3666  48.074 31.7896 87.8819 41.2893 48.3213 2.24957 115.925 15.6704 31.2519      25 36.9879
62.9131 48.5726 27.0888 49.0815 15.5966  106.06 38.8492 80.3295 30.9166 34.2385 29.4461 54.1223 19.0386 47.6623 16.1374 31.2679 9.89966 41.3443 25.7077 58.2623 77.1661 69.5458 75.1116 64.6527 65.4302 48.4064 53.9821 22.6296 37.9219 37.2416 63.5378 14.7886 45.4967 69.4449 34.1513 46.8006 38.1931 70.3236  49.147 57.4413 39.6423  30.079 40.6318 14.6159 59.0815  19.709 33.0289      10 45.1393 43.0471 39.0564 47.0356 4.48591       0 26.9127  32.272 77.5054 29.7395 24.2377 44.2142 32.7077 85.9551 39.3311  47.125 3.12919     114 13.4553 30.7187 21.1169 35.4635
36.0747 21.6707 4.24266 30.4005 26.2636 79.1538   14.32  53.875 19.2123 27.2069  23.833 32.2734 10.2181 21.9646 12.5723       6 17.0523 16.4994 17.4856  32.272 50.7179 43.1352 48.3732 37.8645 40.2279 21.8624 27.0712 4.49086 14.5741 22.2225 44.6062 16.5139 18.5857 48.2019       8 20.4146 28.2843 47.5649 25.1039 30.5554  32.911 14.1422 16.1451 26.1759 64.8919 16.0615 27.2042 21.5673 18.4071 24.8321 64.2068 72.1876 28.8824  26.951       0  18.443 50.0102       4 31.2233 34.5622 21.2641 59.0491 12.6709 72.2735 29.2142 55.2353 13.5726  8.9743 20.2514  9.6407
37.3716 32.4503 27.9679 17.1108 38.5078 86.0166 40.4926 50.2958 39.2709 46.4799  3.1794 22.3798  25.217 44.0708 18.4578 23.3602 25.2008  42.653 35.7767 26.9536 47.1345 39.4932 47.0338 41.3674 37.0422 25.7835 37.8075 20.0033 39.5882 43.9608 31.2792 29.7758 34.1412 37.3861 31.7946  24.218 48.7202 38.5624 17.8391 35.8689 7.63399 35.3646 23.5551 37.8211 50.4793 31.8943       3 32.5997 28.2847 47.9974 68.1987 62.3326 36.0755 32.2733 27.0137       0 56.1731 30.0504  46.396      12 41.5365 65.9117 29.6129 62.1386 35.2547 93.9597 22.5799  32.751 11.1999 29.2008
19.1235  29.121 51.0918 43.5939 76.4365 42.0747 41.4448 32.8156 58.1985 64.1457 57.8216 39.1198 59.6979 33.9225 63.1537 46.9196 67.6318 39.8149 61.1261 31.1198 30.7772 32.1467 23.0276  15.122 25.1218 32.2352 23.6346 55.0769 38.5933 54.9396 48.7281 65.8464 32.0693 43.8685 44.7224 34.4688 61.6515 37.8657 38.2556 20.9765 48.9223 50.1879 41.6696 75.7471 68.7224 63.6155 54.2158 71.3279 33.5453 50.4643 88.3572 80.5767  79.471 77.5288 50.6101 52.4275       0 48.2269 70.7268 46.9484 58.6548 22.5615 39.0713 80.3825 79.7966 50.3943 59.6127 49.8539 66.3645 37.9537
34.9505 20.2853 3.18307 31.7555 28.5071 76.7622 10.4535 54.0695 17.1664 25.0764 26.8663 33.6668 11.7444 18.0766 15.5992       2 19.8539 12.6095 16.2968 33.1197 50.9997 43.7952  47.202 36.2137  40.039 22.4665 24.6355 7.21507 10.6533 19.4241 45.8406 17.9222 16.5135 49.4706 9.39075 21.1531 25.6646 48.6917 26.4195 29.1456 34.2689 11.6729 17.6256 27.8184 66.2628 16.2984 23.8986 23.3867  18.637 21.1668 67.0738 75.0543 31.2666 29.7378       4 30.0262 48.2196       0  29.465 35.9223 18.8796 56.6523  13.246 75.1397 32.5967  84.697 16.4295 5.65688 23.3365 5.76444
59.9696 45.8908 27.1302 60.7927 9.28019 99.2327 29.8822 79.8849 12.8385      10 43.2998 62.6912  24.772 36.8159 22.6274 28.3503 21.7069 31.1013 14.2347 60.9746 76.8817 70.4399 72.3073 60.3827 65.9346 43.1966 48.2254 29.1226 27.8936 16.5796   74.86 18.5784 41.8943 78.4457 38.4066 49.3435 14.3012 76.6249 55.4445 53.9738 53.3478 18.0732 46.6475 10.2597 82.4344 19.6262  46.727 14.4024 45.7032 21.4537 60.2271 70.3943 22.2446 24.3425 31.2126 46.4496 70.7008 29.4409       0 58.2796 12.0809 79.1286 34.2877 70.4755 24.1366 107.174 23.8976 24.4989 36.5019 33.0756
31.5457 27.0836 37.8308 7.22807 50.3365 80.5104 38.2612 40.5568 51.0516 56.4147 15.0526 12.8096 36.9749 38.7044 30.3053 37.2458 37.1462 38.8345 47.5364 19.8595  38.373 32.3325 40.2265 35.5483 30.2309 20.4162 32.4699 34.6118  39.833 52.4289 19.4348 41.5504 28.7385 26.0247 26.4365 18.8615 60.1529 28.0275 12.1694 30.5698 5.84049 47.2306 18.1983 49.6503 38.4835 43.6523 12.3886 44.4891 22.3271 52.4794 58.1956 50.3368 48.0747 44.2153 34.3168      12 47.3792 35.7788 58.2179       0 53.2943 60.4067 24.2549 50.1429 47.2052 88.4439 34.4189 41.3898 23.1105 33.1627
 48.074 34.0791 17.0324 50.4139 21.3347 87.1819 18.0298 68.0407 2.24957 6.34353 38.3503 52.0328 17.3187 24.7592 26.3383 18.0171 25.5742 19.1259       7 49.1726 65.0787 58.6378 60.3408 48.4013 54.1224 38.0242 36.2483 20.0535 16.0364 5.00604 64.4301      18 30.0925 66.7964 28.0631 37.7017 7.21542 64.8224 44.7716 42.1049 48.3349 7.22415 36.2799 22.3354 84.9121      13 41.7243 22.5174 33.9044 11.4063 70.8652  78.845 31.4896 32.4624 21.2641 41.5038 53.8423 18.8843 12.0963 53.2792       0 67.0768 30.5024 78.9311 33.0219 95.1208 24.1189 13.7364 34.7559 21.6668
29.9405 37.6201 59.4778 53.5924  81.496  20.121 49.8445 45.3084 66.6002 72.5435 67.4627 49.8666 68.0896   42.32 71.5726 55.3113 45.4317 48.2193 69.5273 41.8666 43.2427 42.3914 35.5218 26.1141 36.3757 41.2532 32.0271 63.4893 51.7141 63.3397 59.4414 74.2395   40.47 55.3371 53.2438 43.4863 70.0485 49.4742 47.9421 30.0467 58.5654 62.9434 50.7939 84.1396 80.1731 72.0053 63.8528 79.7194 42.2016 58.8624 99.8878 92.0281 55.6157 85.9447 59.0215 65.5714 22.4112 56.6275 79.1232  60.036  67.058       0 47.6044 91.8366 85.7371 28.0954 72.5686 58.2564 75.8768 50.8703
23.7077  10.006 15.3049 20.1161 39.5138 67.7308 14.1422 41.2523 29.1275 36.6891 31.5205 21.5685 22.8267  16.561 24.9659 13.0859 29.4585 15.0111 28.3777      20 38.0994 30.5701 35.8002 25.6166 27.5803 9.23847 16.2112 17.1142 15.6228 28.7053 34.0442 29.1453 8.37514 36.8996 5.65724       8 35.9074 35.9207 14.3438 18.4423 22.6225 22.8245 7.22603 38.3189 54.4445 28.2579 27.9162 34.2061 5.84011 28.3305 74.1608 66.3005 41.3057 39.3562 12.6732 29.6255 39.0556 13.2418 40.8824 24.2957 30.4902 47.6275       0 66.1078 41.6268 75.6701 25.9763 17.4596 32.6821 8.96006
61.8271 65.6108 72.5495  13.608  60.846 111.913 79.6919 55.8947 48.2076  80.526  65.125 44.7109 64.7889 78.4096 60.4758 76.7069 55.3213 79.9328  72.009 50.1394 54.2799 48.6383 61.1596 65.8271 55.7157 41.5287 68.5452  67.957 81.4091 83.5869 35.7182  61.009 68.6806  37.121 68.4185 59.1313  55.868 42.9753 51.7809 63.6485 55.1894 76.2141 60.1813 60.2334      12  66.009 62.1709 56.7522 63.2958 89.2861 8.08144       1 48.2867  47.114 72.2629 62.1538 80.2232 75.1132  70.526 50.1552  79.009 91.8081 66.0923       0 46.5219  119.85 58.7119 76.5675 64.9337 75.0385
65.1834 50.8405 29.0413 52.0375  15.137 108.329 40.7985 82.5983 31.5986 34.1694 32.4079  57.078 20.6221 49.2718 18.8087  33.356 12.2108 42.8967 26.4355 60.6789 79.4356 71.8168 77.3811  66.921 69.0072 50.6754 56.2472 24.8413 39.4219 37.9499 66.5183 15.8214  47.762 72.4198 36.4205 49.0702 38.5088 73.2789 51.9577 59.7106    42.6 31.2122 43.9342  14.137 58.5003 20.4855 35.9847 10.6149 47.4094 43.9002 38.4794  46.458 2.24443       3 29.2151 35.2534 79.7692 31.8639 24.1694 47.2039 33.3946  88.224 41.6009 46.5371       0 116.269 15.8159 32.2259  24.106 37.5791
 58.049 65.6608 87.5204 81.6262  45.528 8.95982 77.8861 73.3486 94.6403 100.585 77.3808 78.0115 96.1328 70.3617 99.5926 83.3531 104.088 76.2609 97.5705 70.0115 71.2821 71.5401 63.5609 54.1613 64.4234 69.2503 60.0705 91.5339 79.7552 91.3825 87.5981 102.281 68.5139 83.4049 81.2845 71.4869 98.0911 77.5193 75.9753 58.0851 86.5766 57.8479  78.786 112.182 108.214 100.051  91.863 107.761 70.2464 75.7918 127.929 120.066 115.916 113.987 87.0656  114.37 50.3889  84.663 107.156 73.0369 95.0965  28.095 75.6504 119.871 116.258       0 100.609 86.3078 104.011 78.9104
49.5379 35.2005 13.9378 38.9247 15.9561 92.6832 26.6696 66.9575 21.6724 27.8405 19.4367 43.9643       7 34.4384 4.14429 18.0572 3.61919 28.8769 17.2113 45.0368 63.7977 56.1768  61.738 51.2786 53.3648 34.6096 40.4022 9.27897 25.2974 27.3657  53.465 7.81155 32.1237 59.3077   20.78 33.4299 30.8505 59.8716 37.2753 44.0714 29.4898 19.1872 28.2962 15.2692 70.6855 11.6784 22.6741 10.2293  31.771 32.1686 50.6605 58.6397 15.6756  13.456 13.5812 22.5825 64.1301 16.4063 20.1619  34.425  23.865 72.5792 25.9587 58.7267 15.8294 100.624       0 18.2716 13.0545 22.1833
38.0833 23.3926 5.17005 37.3533 27.5851 78.3749 8.55583 57.1885 11.9222 19.9628  29.505 39.0115 11.6757 17.0275 18.2263 4.55758 21.1871 10.6509 12.0754 36.9603   54.12  46.949 50.3073  38.788 43.1579 25.8092 26.6866      10  7.2282 14.2491 51.4313 16.9708   19.62 54.2186 15.3508 25.1168 20.4974 53.1701 31.7883 32.0993 39.4975 6.54184  23.225  26.897  71.851 13.9101  24.845 22.6282 21.7581 16.2819 68.3465 76.3261 31.2626 30.6718 9.00839 32.6608 44.4799 5.65878 24.5034 41.5153 13.7303 58.2738 17.4681 76.4098 32.2617 86.3148 18.2244       0 25.9457 8.85049
47.9197 41.8148 21.1536 28.1834 28.5995 96.3853 33.3498 60.7676 32.4991 39.4471 8.56429 33.2757 17.8135 41.2513 9.22069 25.0529 14.8879 35.8249 28.6052 37.4266 57.6063  49.965 57.5051 51.7323 47.5113 36.2579 47.2223 16.0374 32.7985  37.224  42.449 20.8192 38.7366 48.5288 27.4008  34.698 41.9157 49.4773 28.3115 46.2633 18.7029 28.5276 34.0235 27.9102 61.5772 24.0421 12.1908 22.4962 38.3907 41.1759 55.0857  64.947      25  21.118 20.2003 11.1986 66.6312 23.2373 36.4761 23.1094 34.7635 68.1711 32.5821 65.0295 24.1072 104.324 13.0466 25.9343       0 28.9876
29.3469 14.5811 8.62633 29.0286 33.9759 70.9976 6.36721 48.4151 20.5203  27.857 32.6366 30.4933 17.2373 12.8795 21.3688 4.49228 25.6019 8.13698 20.3805  28.306  45.346  38.233 41.8068 30.4891 34.2623 17.1382 18.8771 12.9752 7.21542 19.8721 42.9848 23.3903 10.7907 45.6349 9.00569 16.5152 27.0763 43.4415 23.2844 23.4335 31.5356 15.1415 15.6228 33.2907 63.3888  21.222 36.0033 28.8623 13.0586 19.9069   72.83 75.2447 36.9791 35.4762  8.9743  23.696 42.4633  5.7645 33.0802 33.1941 21.6581 50.8924 8.96561 75.0497 37.5943  100.74 22.1912 8.85178 29.0524       0
