      0 14.6779  37.805 24.4891 62.8198 39.1845      20 46.0737 24.3493 48.5325 33.6852 53.0076      29 49.5833 12.0053 17.2821 14.3584  12.814       4 7.22354 15.1972 12.1833 40.5187 32.0889  45.074  29.594 52.2862 18.5144 26.4941 29.2659 23.6895  52.187 20.6443 19.4525       6 48.1006 22.9077 15.8266 32.2722 10.0333
14.6962       0 23.0341 22.5843 48.4313 34.5416 21.2649  31.427 12.8084 34.2005 19.0333 38.6809 15.5442 34.9306 16.1439 31.0469 24.7625 27.2562 16.7729 20.0832 6.75231 6.42624 26.1352 18.1309 31.5934  33.312 37.9188       4 34.4266 15.6231 10.0022 38.8513 30.9573 15.8301 9.69916 34.0782 8.26731  9.0059 27.6409 22.1161
37.8036 23.1307       0 33.8523 25.3817 24.7547 35.7147 8.62947 20.5547 13.4655 4.24275 17.2378 14.9812 13.6224 35.1777 53.3827 45.8543 50.3628 39.0604 42.8292 24.5252 27.4821  5.1396 11.6051 18.0352 47.8828 14.7986  19.287 51.5203  11.424 15.3059 24.0417 50.7458 28.4672 31.9969 17.0321  14.905 25.2096 32.6023 43.9421
24.7079 22.4654 33.6694       0 53.7704 19.7069 5.65713  39.959 34.4143 34.8121 33.0868  41.655 34.6719 47.2674 12.8795 31.6814 25.6152 33.2364 28.7079 23.2496 15.7402 27.3771  33.959 35.6334 48.7936  15.153  45.947 24.4264 20.4146 22.2753 20.0969 55.9951 21.5808  6.7456 24.2446 50.2793 25.4618 13.4981 11.7287 23.8507
62.8531  48.436 25.3754 54.8384       0 35.3974 57.9765 16.8282 44.5794 20.0778 28.7698 13.7695 38.2017 20.6006 58.8128 77.5035 69.8925  75.178  64.419  67.037 48.6763 52.8364 22.4221 29.4148 25.9843 69.3802 10.6416 44.7188 74.0445 34.5249 39.5006 23.7142 73.6519 51.0549 53.5949 21.4855 40.2614 49.0777 43.0414 68.0262
39.3214 34.3192 24.7865 19.6553  35.349       0 24.7096 22.0381  33.087 15.3054 28.6983 22.1085 39.5144 32.5954 28.8557 49.0334 41.3946 48.9377 43.0835 38.9489  27.699 39.7141 19.6763 36.3508  40.767 34.1552 26.5968 36.0069 40.0334 31.0429 31.5117 45.5396 40.9106 19.7367 37.7815 38.3565 36.8855 25.5193  8.0745 39.5425
20.0036 21.2648 35.7132 5.65724 58.0755 24.7585       0 42.0866 33.9412 39.8524 34.6316 46.6956 35.2329 49.3058       8 26.3971 19.6572 28.3163 24.0036 18.3252 14.8679 25.1883 36.0866 36.7309 50.1133 12.5493 48.0744 24.0878      16 24.3493 21.5642 57.3185 16.2196 7.29926 20.9629 51.9011 26.0852 12.8084 17.0203 17.0083
46.1193 31.7025 8.61536 39.9969 16.8426 22.0697 42.1251       0 28.6756  9.0059 12.8142 9.53596 22.3007 10.8211  42.449 60.8992 53.3292 58.4474 47.6717 50.3824 32.0371 36.0953       6 18.8826 20.3745 54.2018 6.34716 27.9728 58.0747 18.1311 22.8247 24.2654 57.5886      35 40.5897 17.2113 23.5162 32.8154 29.9177 51.4398
24.3513 12.8088 20.5276 34.4175 44.5813 44.8914 33.9412 28.6638       0 33.5885 16.2852  37.662  6.4074 27.4086 28.8608 41.6131 36.8018      36      24 31.1465 19.1079 12.1853 25.1806 10.0072  21.118 46.1103 33.9756 10.0043 47.2133      20  16.758      28 43.0876 27.8103 18.4601 24.7613  10.356 21.2649 39.0796 33.6732
48.3198 34.2027 13.5514 34.8103 19.3363 15.3575 39.8498 8.98642 33.6176       0 17.3008 7.09023 28.1701 19.7585 43.7662 59.6623 55.1837  60.753 50.2835  52.383 34.0462 39.6104 8.42626 25.1324   28.99 49.3507 11.7315 31.1232 55.1936 19.7916 24.9709 33.2779  56.051 34.6504 43.0715 26.1875 26.9765 34.3507 23.2664 53.3199
33.6917 19.0191 4.24285 33.1181 29.2248 28.6972  34.635 12.8111 16.3189 17.4077       0 21.4044 10.9215 16.0504 32.5838  49.754 42.5723 46.2506 34.9477 38.7795 21.4312 23.3349  8.9743 8.94071  17.694 47.1154 18.9549 15.2491 49.8432 10.0327 13.0919 24.8006 48.7947 27.4107  27.882 18.0341 10.7933 22.6987 36.5451 40.4422
53.0146 38.6737 17.2398 41.1367 13.7936 22.1597 46.6871 9.63583 37.7639 7.08915 21.4101       0 31.7687 18.3661 48.5108  67.268 59.6482 65.2131 54.7534 56.8442 38.5085 44.0837 12.7284  28.396      29 56.1878  7.8936 35.5982 62.0307 24.2529 29.4328 31.9829 62.8882 40.7472 47.5429 25.3677 31.4563 38.8134  30.111 57.7829
     29 15.5475 14.9228 34.6685 38.2061  39.406 35.2393 22.3033 6.40461 28.1105  10.794 31.8507       0 21.0493 31.4148 46.1427 40.2863 41.2254 29.2954 35.2901  20.613  17.137 19.6883 3.61919 16.1435 47.7234 27.6004 11.7287 49.4169 17.0819 15.0041 23.3633 46.4822 28.4311      23 19.1265 9.22096 22.4866 39.1998  37.555
49.5843 34.9117 13.6255 47.4722 20.4112 32.6175 49.3045 10.8275 27.3793 19.8069  16.051 18.5742 21.3722       0 48.4784 65.6482 58.4682 62.1423 50.4895  54.268 37.3264 38.3273 15.0055 17.9304  11.592 61.4775      11 31.1401  65.005 25.0235 28.8965  13.662 63.8921 42.0563 43.7768       7 26.5413 38.5941 40.4661 56.3366
     12 16.1374 35.1701 12.7161 58.8284  28.876       8 42.4502 28.8507 43.7565 32.5715 48.5494 31.4106 48.4742       0  20.478  12.836 20.3729 16.0036  10.006 11.1982 18.4427  36.517 33.5505 47.1866 17.8631 48.6835 19.7195 18.6902  24.351      20 54.4543 17.5928 9.22312 13.5094 49.1757 22.8245      10 21.9334 10.5333
17.2806  31.049 53.3819  31.597 74.7575   49.07 26.2295 60.9006 41.6123 62.8157 49.5656 67.2953 46.1376 65.6206 20.4859       0 9.90048 8.60554 18.4072 11.0653  28.884 29.4462 55.1085 49.0728 62.2577 23.8878 67.2108  35.049 17.1366  43.042 38.1007 69.4256 11.2481 29.3413 23.2636 65.0823 39.1535 28.7349 42.1495 9.51033
14.3429 24.7575 45.4665   25.61 69.9035 41.4148 20.2389 53.3297 36.7976   55.17 42.5743 59.6674 40.2808 58.4769  12.822 9.89966       0 14.3666 17.3748 7.21542   21.37 25.1227 46.7114 42.7854 56.3164 17.9559  59.627 28.6579 12.1915 35.4076 30.5732 63.5812 6.41573 21.6857 18.8929 58.6366 32.3366 20.8502 31.7426  4.4834
12.8409  27.269 50.3939 32.7779 75.1594 48.9549   28.29  58.412      36 60.7399 46.2731 65.2314 41.2266 62.1709 20.3632 8.60835 14.2446       0      12 10.0022  26.968 24.1072 52.8274 44.4326 57.0747 30.5939 64.7359 31.0822  24.719   41.21 35.7996      64 18.5812 29.0998 18.4602 60.3381 35.4916 27.2979 42.0346 10.8271
      4 16.1429 38.9377 28.4717  64.443 43.0383 24.0053 47.7023      24 48.5932 34.9655 54.7616 29.2965 50.4926 16.0053 18.4114 17.3689      12       0 10.1889  17.808  12.185  42.231 32.5776 45.0747  33.594 53.8557 19.7236 29.4897  31.249 25.6211      52 23.6456 23.4142 7.22392 48.4023 24.1929 18.8914 36.1254 13.0169
7.21625 20.0915 42.8187  23.118 67.0413 38.6477 18.3041 50.3661 31.1333 49.8918 38.7763 56.8512 35.2548 54.6791 10.3756 11.0644 7.22603  10.006 10.1828       0  18.373 19.1175 44.6244 38.1351 51.4124 25.0651 56.6901 24.0915 19.2833 32.6132 27.5811 58.6042 13.4563 19.2385 12.8119 54.1273 28.1948 18.1296 32.0478 2.83043
15.1716  6.7456 24.5249 15.8301 48.6897 27.8358 14.8679 32.0382 19.1079 34.0401 21.4165 38.5322  20.606 37.3192 11.2002 28.8824 21.3649   26.95 17.8086 18.3781       0  12.137 26.2751 22.4962 36.0937 27.2111 38.3515 9.22069 28.8753 14.3426 9.24018 43.3571 27.5494  9.0059 11.2964 38.0269 11.7256 2.24957 20.4146 19.4348
12.1853 6.36917 27.4952 27.6746  52.846 39.9974  25.349 36.1097 12.1833 39.5813 23.3434 44.0729  17.138 38.3303  18.443 29.4477 25.1133  24.106 12.1837 19.1279   12.17       0 31.5183 20.4162      33 36.2453  42.261 8.48554 37.0826 21.6387 16.1886  40.074  31.459 20.9374 6.34713 36.2551   12.81  14.356 33.0927 21.7322
40.5467  26.142  5.1691 34.0342 22.4383 19.7039 36.1628       6 25.2408 8.39471  9.0034 12.7295 19.5074 15.0031 36.5158 55.1064 46.7165 52.8415 42.2366 44.3397 26.2728 31.5392       0 16.7794 22.0466 48.2397  12.185  23.054 52.0747 12.1837 17.1108 27.2654 51.1928      29 35.0283 20.0546 18.9065 26.7028 27.5533 45.6298
32.0828 18.1324 11.5602 35.6781 34.7421  36.288 36.7377 18.8823 10.0029 24.9942 8.97866 28.4019 3.61132 17.9382 33.5538  49.047 42.7948 44.4313 32.5761 38.1203    22.5 20.4146 16.6777       0 13.7865 49.2681 24.1378 14.1621 51.3477 16.2247 15.6228  21.055 48.9794 29.6995 26.0997 16.3248 10.7946 24.1929 40.2038 40.2332
45.0747 31.5959 18.0381 48.8291 25.7932 41.0006 50.1294 20.5729 21.1169  29.377 18.5352      29 16.1451 11.4497   47.18 62.2525 56.3211  57.074  45.074 51.4192 36.0843      33 22.1777 13.7915       0 62.6487 22.3646 27.6827 64.9121 28.4666 28.7287 7.29926 62.5189 42.9899 39.0747 5.00247 24.3825 37.7227 48.8488 53.6596
29.5377 33.3095 47.8747 15.1513 69.3897 34.2063 12.5441 54.1706   46.11 49.3453 46.1371 56.1879 47.7148 61.4722 17.8555 24.2068 18.1196 30.6495 33.5377 25.1991 27.2069 36.2596 48.1706 49.2616 62.6358       0 60.1584 36.4053 7.81277 36.4819 34.0398 69.8397 12.8795 19.7195 31.3905 64.1169 38.5989 25.2452 26.1008 22.3844
52.4448 37.9143  14.803 45.9434 10.6495 26.6389 48.0717 6.34344   33.98 11.7629 18.9618 7.91494 27.6019      11 48.7423 67.2094 59.6267 64.7732 53.8441 56.4148 38.3501 42.2641 12.1837 24.1424 22.5792 60.1478       0 34.1449 64.0627 24.3495 29.1432 24.4701 63.6578 41.0741 46.7808      18 29.6892 38.8518 34.5005  57.745
18.5309       4 19.3889  24.423 44.7409 36.0508 24.0903 28.0017 10.0026 31.0961 15.2651 35.5874 11.7256 31.1559 19.7246 35.0469 28.6624 32.0999 19.7197 24.0832 9.22096 8.48545 22.9239 14.1603 27.6788 36.4063 34.0233       0 37.8145 13.5002 8.28784 34.9476 34.8586 17.8077 12.6709 30.0879 4.49086 11.3137 29.1342  26.101
26.0498 34.4533 51.5147 20.4162  74.064 40.0848      16 58.0739 47.2459 55.1951 49.8417 62.0376 49.4381 65.1036 18.7193 17.1694 12.1347 24.4769 29.3842  19.212 28.8901 37.1264 52.0739 51.3615 64.9353  7.8114 64.0618 37.8386       0 40.2293 36.8973 72.1901 6.13761 23.1093 31.0138 66.8038 40.5881 27.2459 32.0383 16.3952
29.2839 15.6249 11.4216 22.4028 34.5371 31.0756 24.3513 18.1323      20 19.7786  11.281 24.2743 16.8371 25.0241 24.3495 43.0354 35.4152 41.1985 31.2471 32.6301 14.3374 22.3869  12.185 16.1721 28.6521 36.6189  24.351 13.5642  40.231       0 5.65713 34.8807 39.1655 17.1382 24.0881 28.0468 10.3661 14.5811  26.921 33.5503
23.7077  10.006 15.0662 20.1161 39.5138 31.5484 21.5685 22.8267  16.561 24.9659 13.0859 29.1734  15.003 28.8928      20 38.0994 30.5701 35.8002 25.6166 27.5803 9.23847 16.2112 17.1142 15.6228 28.7053 34.0442 29.1449 8.37515 36.8996 5.65724       0 35.9074 35.9207 14.3438 18.4423 30.4902 6.36721      10 24.6397 28.6541
52.1885 38.8539 24.0417  56.034 23.4661 45.5656  57.313 24.4601      28 33.4509 24.7774 32.2846 23.3655 13.8115 54.4459 69.4272 63.5865      64      52 58.6138 43.3506 40.0747 27.2623 21.0593 7.30188 69.8669  24.719 34.9517 72.1739 34.8701 35.9342       0 69.7864 50.1974 46.2086 7.22603 31.6501 44.9772 53.4123 60.8998
20.6259 30.9158 50.7442  21.568 73.7965 40.9611 16.2235 57.6012 43.0509 56.0561 48.7958  62.898 46.4401 64.3314  17.588 11.3661 6.41245 18.3662  23.627 13.4547 27.5235 31.4428 51.1999 48.9414 62.4724 12.7161 63.6731 34.8141 6.16999 39.5756  35.922 69.7375       0 22.6313 25.2947 64.7928 38.4931 26.1539 33.1898 10.6312
19.5226 15.7434 28.4649 6.75231 50.5069 19.7632 7.30188      35 27.8076 34.6457 27.4069 40.9014 28.4305 42.0556 9.22045 29.3201   21.68  29.217 23.5082 19.2257  8.9743 20.6906      29 29.6898 42.9698 19.7246 41.0747  17.913 23.1106 17.1368 14.3372 50.1719 22.6173       0 18.1694 44.7545 19.2123  6.7456 12.8494 19.8297
      6 8.96586 32.0244  24.356 57.3165 37.6135 21.2564 40.5702 18.4578 43.0686 27.9017 47.5524      23 43.7957 13.5676 23.2539 18.9076 18.4581 7.21724 12.8206 11.2203 6.34353 35.0201 26.1008  39.074 31.4364 46.7924 12.6732  31.092 24.0882 18.4426 46.2072 25.3149 18.1366       0 42.1006 17.1142 12.7161 30.7019 15.4644
48.2127 34.0791 17.0324 50.4139  18.986 38.3785 51.9089 17.3187 24.7592 26.3383 18.0172 25.5742 19.1259       7  49.258 65.0787 58.6378 60.3408 48.4014 54.1224 38.0242 36.2483 20.0535 16.0364 5.00604 64.4301      18 30.0925 66.7964  27.804 30.5024 7.21542 64.8225 44.9005 42.1049       0 26.3844 39.5811 43.7266 56.1759
22.9255 8.26538 14.9301 25.4623 40.2854 36.9061 26.0945 23.4128 10.2591 26.9626 10.8085 31.4393 9.22069 26.7039  22.827 39.1538 32.3335 35.4815 24.1884   28.19 11.7287 12.8081 18.5288 10.7905 24.3903 38.6039 29.6975 4.48589 40.5751 10.2597 6.42965 31.6559  38.301 19.2126 17.1108 26.3865       0 13.4399 29.4236      30
 15.815  8.9743 25.2036 13.5676 49.0922 25.6242 12.8088 32.5776 21.2648 34.3552 22.6901 38.8463 22.4809 38.5928      10 28.4826 20.8571  27.323 18.8921 18.1458 2.24443  15.532 26.7043 24.1886 37.7257 25.2575  38.853 11.3137 27.2409 14.5835      10 44.9726 26.1535 6.75231 12.8795 39.5769 13.4336       0 18.7148 18.9962
32.4064 27.4219 32.7078 11.7255 41.9949 8.12561 17.0159 29.9298  39.081 23.2608 36.5745 30.1035 39.2037 40.3261 21.9369 42.1417 34.5026 42.0419 36.2777 32.0506 20.7873  32.829 27.5708 40.2024 48.6849 26.0997 33.9757  29.148 32.0369 26.8059 24.6246 50.8884 33.1866 12.8494 30.8273 46.2223 29.9998 18.6158       0 32.6508
10.0212 22.1133 43.9411 23.6816 68.0415 39.5812 18.9148 51.4419 33.6475 51.0247  40.433 57.8096 37.5397 56.3357 10.9976 9.50726 4.48917 10.9457 13.0052 2.82844 19.4368 21.7091 45.6319 40.2299  53.648 22.2179 57.7464 26.0984  16.481 33.5533 28.6562  60.885 10.6322 19.8528 15.4491 56.1724      30 19.0025 32.6612       0
