     0 14.6779  37.805 24.4891 62.8198 49.9882 30.0945 39.1559 20.0053 46.0737 24.3493 48.5325 33.6852 53.0076      29 49.5833 12.0053 17.2821 14.3584  12.814       4 7.22415 15.0086 12.1833 40.5187 48.1006 29.8839 23.6895 61.8697 65.1749 57.9273 49.5318
14.6962       0 23.1504 22.5843 48.4313 57.3875 16.1435  34.521 21.2649 31.6837 12.8084 34.2005 19.0333 38.6809 15.5442 34.9306 16.1439  32.402 24.7625 27.2562 16.1374 20.0832 6.75232 6.42624 26.1352 34.0782 37.6399 10.0022 65.6062 51.9613 65.6833 35.2013
37.8036 23.1307       0 33.8523 25.3817 79.6071 12.9249  24.722 35.7147 8.62947 20.5547 13.4655 4.24275 17.2378 14.9812 13.6224 35.1777 53.3827 45.8543 50.3628 39.1767 42.8292 24.5252 27.4821  5.1396 17.0321 59.5024 15.3059 72.5619 29.1681 64.1828 13.9354
24.7079 22.4654 33.6694       0 54.8443 73.7503 34.1046 19.6694 5.65713  39.895 34.4145 34.8121 33.0868  41.655 34.6719 47.2673 12.8795 31.6814 25.6152 33.2364 28.7079 23.2496 15.7402 27.3771  33.959 50.2793 53.6457 20.0969 46.7764 52.0396 79.9617 38.9258
62.8531  48.436 25.3754 54.8384       0 104.953 36.1121  35.356 58.0525 16.8282 44.5794 20.0778 29.5334 13.7695 38.2017 20.6006 58.8128 77.5035 69.8925  75.178  64.419  67.037 48.6763 52.8364 22.4221 21.4855 84.8511 39.5006 61.3215   15.17 112.894 15.9547
50.0804 57.7197 79.5792 73.7019 104.924       0 69.9451  87.524 70.0542 88.1909  62.424 108.254 75.4126 96.1471 68.3201 89.6292 62.0542 63.3471 63.6085 55.6263 46.2286 56.4469 61.4133 52.1287 83.5909 87.1607 20.1225 67.7079 111.957 108.314 8.96586 92.6629
30.1026 16.1451 12.9203 34.0993 36.1273 69.9831       0 37.2125 35.0846 20.2045 8.48545 25.9404 8.67579 29.6224 2.25004 19.9172 31.6522 47.0682 40.8329  42.449 30.6126 36.1203 20.6432 18.4603 17.5408 18.0317  49.878 14.1422 79.6998 40.8269 77.9221 26.0867
39.2849 34.4056 24.8299 19.6673 35.3588 87.9331 37.2896       0 24.7254  22.057 44.9643 15.3152 28.7651 22.1126 39.4441 32.6189 28.8747 49.0536 41.4137 48.9498 43.2419 38.9569 27.6996 39.7285 19.6979  36.805 67.8312 31.5286 65.1144 32.4093 95.8732 19.4348
     20 21.2648 35.7132 5.65724 58.0755 69.9203 34.9975  24.775       0 42.0866 33.9412 39.8524 34.6316 46.6956 35.2329 49.3058       8 26.0914 20.2516 28.3163 24.0036 18.3252 14.8679  25.191 36.0866 51.9011  49.816 21.5642  44.722 57.0813 77.8594 43.9663
45.8553 31.7025 8.61536 39.9969 16.8426 88.2158 20.2009 22.0398 42.1251       0 28.6757  9.0059 12.8108 9.53596 22.2266 10.8211  42.449 60.8992 53.3292 58.4474 47.6717 50.3824 32.0371 36.0953       6 17.2113 68.1128 22.8247 64.7419 20.6246 96.1556       7
24.3513 12.8088 20.2554 34.4175 44.5813 62.4461 8.48554 44.8622 33.9412 28.6638       0 33.5885 16.2852  37.662  6.4074 27.8368 28.8608 41.6131  36.801      36      24 31.1465 19.1079 12.1853 25.1806 24.7607  42.344  16.758 78.3961 49.2797 70.3876 34.2914
48.5467 34.2027 13.5514 34.8103 19.3363 91.4152 26.0215 15.3177 39.8498 8.98642 33.6176       0 17.4286 7.09023 28.1701 19.7585 43.7662 62.8085 55.1837  60.753 50.2835  52.383 34.0462 39.6104 8.42626 26.1875 71.5864 22.8065 59.8206 18.8123 99.6328  4.1411
33.6917 19.0191 4.24285 33.1181 29.5343 75.4374 8.70396 28.6665  34.635 12.8111 16.3189 17.4077       0 21.4044 10.9215 16.0504 32.5838  49.754 42.5723 46.3632 34.9477 38.7795 21.4312 23.3349  8.9743 18.0341 55.3342 13.0919 76.7138 33.3716 83.3772 18.0523
53.0146 38.6737 17.2398 41.6474 13.7936 96.1649 29.6693 22.1143 46.6871 9.63582 37.7639 7.08915 21.4101       0 31.7687 18.3749 48.5108  67.268 58.1691 65.2131 54.7534 56.8441 38.5085 44.0837 12.7292 25.3677 76.0622 29.1663 54.4935  12.217 104.105 3.61132
     29 15.5475 14.9229 34.6685 38.2061 68.3507 2.24417 39.1668 35.2393 22.3033 6.40461 28.1105  10.794 31.8507       0   21.39 31.4148 46.1426 40.2863 41.2254 29.2954 35.2901  20.613  17.137 19.6883 19.1265  48.246 15.0041 79.9382 42.9109 76.2912 28.8292
49.3453 34.9117 13.6255 47.4722 20.4112 89.6302 19.9179 32.5893 49.3045 10.8275 27.3793 19.8069  16.051 18.5742 21.6709       0 48.3406 65.6482 58.4682 62.1423 50.4895 54.6736 37.3264 38.3273 15.0055       7 69.5282 28.1854  71.931 26.0681 97.5717 17.3163
12.0036 16.1374 35.1701 12.7161 58.8284 61.9193 31.6479 28.8466       8 42.4502 28.8507 43.7565 32.5715 48.5494 31.4106 48.4742       0  20.478  12.836 20.3729 16.0036 10.3836 11.1982 18.4427  36.517 49.1757 41.8151      20   50.14 60.7182 69.8585 45.0672
17.2806 31.5566 53.3819  31.597 77.5197 63.3476 47.0728 49.0414 26.2295 60.9005 41.6123 62.8157 49.7178 66.7303 46.1376 65.6206 20.4859       0 9.90048 8.60554 18.4072 11.0653  28.884 29.4462 55.1085 65.0823 43.2432 38.1007 54.1833 79.4651 71.2866 63.8096
14.3429 24.7575 45.8547   25.61 69.9037 63.5684 40.8906 41.3857 20.2389 53.3297 36.7976   55.17 42.5743 59.6674 40.2808 58.4769  12.822 9.89966       0 14.3666 17.3748 7.21542   21.37 25.1227 47.5001 58.5758 43.4641 30.5732 48.7033 71.8349 71.5075 56.1908
12.8409  27.269 50.3939 33.0645 75.1563  55.656 42.4502 48.9264   28.29  58.412      36 58.3286 46.2731 65.2314 41.2266 62.1709  20.065 8.60835 14.2446       0      12 10.0022  26.968 24.1072 52.8274 60.3381 35.5517 35.7996 61.3415 77.3994 63.5952 61.7492
      4 16.1429 39.0892 28.4717  64.443 46.2198 30.6139 43.0097      24 47.7023      24 50.2725 34.9655 54.7616 29.2965 50.4926 16.0053 18.4114 17.3689      12       0 10.1889  17.808  12.185  42.231 48.4023 26.1155 25.6211 65.8669 66.9294 54.1589 51.2769
7.21741      20 42.8187  23.118 67.0413  56.408 36.1272 38.9393 17.8626 50.3661 31.1333 52.3533 38.7763 56.8512 35.2837 54.6791 10.3756 11.0644 7.22602  10.006 10.1828       0  18.373 19.1175 44.6244 54.1273 36.3037 27.5811 55.7406 69.0204 64.3471 53.3743
14.9328  6.7456 24.5249 15.8301 48.6897 61.4597 20.6384 27.8086 14.8679 32.0382 19.1079   31.94 21.4165 38.5321  20.606 37.3192 11.2002 28.8824 21.3649   26.95 17.8086 18.3781       0  12.137 26.2751 38.0269 39.4756 9.24018 59.4675 50.7009 69.4017 35.0548
12.1853 6.68158 27.4893 27.6746  52.846 52.1554 18.4597 39.9702  25.349 36.1097 12.1833 38.2187 23.3434 44.0729  17.138 38.3303  18.443 29.4477 25.1133  24.106 12.1837 19.1279   12.17       0 31.5183 36.2551 29.5661 16.1886 68.5217 56.2386 60.0931 40.5886
40.4988  26.142  5.1691 34.0342 22.4383 83.6193 17.5996 19.6717 36.1628       6 25.2408 8.28784 9.01823 12.7289 19.7942 15.0031 36.5158 55.1064 47.5011 52.8415 42.2366 44.6308 26.2728 31.5392       0 20.0061 63.1973 17.1108 67.9797 24.8491 91.5591 9.28002
48.1109 34.0791 17.0324 49.5354 21.3347 87.1819 18.0298 38.3503 51.9089 17.3187 24.7592 26.3383 18.0171 25.5742 19.1259       7 49.1726 65.0491 58.6378 60.3408 48.4014 54.1224 38.0242 36.2483 20.0535       0 67.0768 30.5024 78.9311 32.9112 95.1208 24.1189
29.9405 37.6201 59.4778 53.5924 50.8252  20.121 49.8445 67.4627 49.8666 68.0896 41.0966 71.5726 55.3113  76.044 48.2193 69.5273 41.8666 43.2427 43.5009 35.5218 26.1141 36.3757 39.3784 32.0271 63.4893  67.058       0 47.6044 91.8366 88.2123 28.0954 72.5686
23.7077  10.006 15.3049 20.1161 36.6944 67.7308 14.1422 31.5205 21.5685 22.8267  16.561 24.9659 13.0859 29.4585  15.003 28.8928      20 38.0994 30.5292 35.8002 25.6166 27.5803 9.23847 16.2112 17.1142 30.4902 47.6275       0 66.1078 41.6268 95.2861 25.9763
61.8271 65.6108 72.5495 44.1775 61.3028 111.913 79.6919  65.125 44.7109 62.9026 78.4096 60.8933 76.7069 55.3213 79.9328  72.009 50.1394 54.2799 48.6383 61.1596 65.8271 55.7157  59.471 68.5452  67.957  79.009 91.8081 24.5196       0 46.2964  119.85 58.7119
65.1834 50.8405 29.1402 52.0375  15.137 108.331 40.7985 32.4079  57.078 20.6221 49.2718 18.8087  33.356 12.2108 42.8967 26.4355 59.2691 79.4356 71.8168 77.3811  66.921 69.0072 50.6754 56.2472  24.844 33.3262  88.224 41.6009 46.5371       0 116.269 15.8159
 58.049 65.6608 87.5204 81.6262 112.867 8.95982 77.8861 95.4685 78.0115 96.1328 70.3617 99.5926 83.3531 104.088 76.2609 97.5705 70.0115 71.2821 90.4008 63.5609 54.1613 64.4234 69.2503 60.0705 91.5339  12.356 28.0936 75.6504 119.871 116.258       0 100.609
49.1638 35.2005 13.9378 38.9247 15.9561 92.6832 26.6696 19.4367 43.9643       7 34.4384 4.14429 18.0397 3.61919 28.8769 17.2113 45.0368 63.7977 56.1768  61.738 51.2786 53.3648 35.0344 40.4022 9.27897  23.865 72.5792 25.9587 58.7267 15.8294 100.624       0
