      0 14.6779  37.805 24.4891 62.8198 49.9882 30.0945 39.1559 20.0053 46.0737 24.3493 48.4003 33.6852 53.0076 48.1006 29.8839 23.6895 61.8697 64.6766 57.9273 49.5318
14.6962       0 23.1504 22.5843 48.4313 57.7442 16.1435  34.521 21.2649 31.6837 12.8084 34.2005 19.0333 38.6809 34.0782 37.6399 10.0022 65.6062 50.8508 65.6833 35.2013
37.8036 23.1307       0 33.8523 25.3817 79.6071 12.9249  24.722 35.7147 8.61592 20.5547 13.4655 4.24275 17.2378 17.0321 59.5024 15.3059 72.5619 29.1681 87.5451 13.9354
24.7077 22.4654 33.6694       0 54.8443 73.7503 34.1046 19.6694 5.65713  39.959 34.4145 34.0788 33.0868  41.655 50.2793 53.6457 20.0969 46.7764 52.0396 81.6904 38.9258
62.8531  48.436 25.3754 54.8384       0 104.953 36.1121  35.356 58.0525 16.1801 44.5147 20.0778 29.5334 13.7695 21.4855 84.8511 39.5006 61.3215   15.17 112.894 15.9547
50.0804 56.7996 79.5792 73.7019 104.924       0 69.9451 83.7888 70.0542 88.1909  62.424 91.6621 75.4126 96.1471 87.1607 20.1225 67.7079 111.957 60.3369 8.96586 92.6629
30.1026 16.1451 12.9203 34.0993 36.1273 40.5506       0 37.2125 35.0044 20.2045 8.48545 25.9404 8.67579 29.6224 18.0317  49.878 14.1422 41.7691 40.8269 77.9221 26.6866
39.4416 34.4056 24.8299 19.6673 34.5058 87.9331 37.2896       0 24.7254  22.057 44.9643 15.3152 28.7651 22.1129  38.335 67.8312 31.5286 65.1144 32.4093 95.8732 19.4348
20.0036 21.2648 35.7132 5.65724 58.0755 69.9203 34.9975 24.7255       0 42.0866 33.9412 39.8524 34.6316 46.6956 51.9011  49.816 21.5642  44.722 57.0813 77.8594 43.9663
46.1193 31.7025 8.61536 39.9969 16.8426 88.2158 20.0063  21.999 42.1251       0 28.6757  9.0059 12.8108 9.53596 17.2113 68.1128 22.8247 64.7419 20.6246 96.1556       7
24.3513 12.8088 20.5276 34.4175 44.5813 62.4461 8.48554 44.8622 33.9412 28.6638       0 33.5885 16.2852  37.662 24.7607  42.344  16.758 78.3961 49.2797 67.8895 34.2914
48.5467 34.2027 13.5514 34.8103 20.0759 91.6923 26.0215 15.3177 39.8498 8.98642 33.6176       0 17.4286 7.09023 26.1875 71.5864 24.9709 60.9105 18.8123 99.6328  4.1411
33.6917 19.0191 4.24285 33.1181 29.5343 75.4374 8.70396 28.6665 33.6251 12.8111 16.3189 17.4077       0 21.4044 18.0341 55.3342 13.0919 76.7138 33.3716 83.3772 18.0523
53.0146 38.6737 17.2398 41.6474 13.7936 96.1649 29.6693 22.1143 45.5623 9.63582 37.7639 7.08915 21.4101       0 25.3677 76.0622 29.4328 55.3298  12.217 104.105 3.61132
48.2127 34.0791 17.0324 50.4139 21.3347 87.1819 18.0298 38.3503 51.9089 17.3187 24.7592 26.3383 18.0171 25.5812       0 67.0768 30.5024 78.9311 33.0219 95.1208 24.1189
29.9405 37.6201 59.4778 53.5924 84.8248  20.121 49.8445 67.4627 49.8666 68.0896   42.32 71.5726 52.7227  76.044  67.058       0 47.6044 91.8366 88.2123 28.0954 72.5686
23.7077 10.1878 15.3782 20.1161 39.5138 67.7308 14.1422 31.5205 21.5685 22.8267  16.561 24.9659 13.0859 29.4585 30.4902 47.6275       0 66.1078 41.6268 75.6701 25.9763
61.8271 32.4875 72.5495 46.7729 61.3028 111.913 79.6919  65.125 44.7109 64.7889 78.4096 60.8933 76.7069 33.9757  79.009 91.8081 66.0923       0 46.5219  119.85 58.7119
65.1834 50.8405 29.1402 52.0375  15.137 108.329 40.6164 32.4079  57.078 20.6221 49.2718 18.8087  33.356 12.2108 33.3946  88.224 41.6009 46.5371       0 52.3249 15.8159
 58.049 65.6608 87.5204 81.6262 112.867 8.95982 77.8861 95.4685 78.0115 96.1328 70.3617 61.9127 83.3531 104.088 95.0965  28.095 56.5845 119.871 116.258       0 100.609
49.5379 35.2005 13.9378 38.9247 15.9561 92.6832 26.6696 19.4367 42.3238       7 34.4384 4.14429 18.0572 3.61919  23.865 72.5792 25.9587 58.7267 15.8294 100.624       0
