1e+20 8.68955e+11 9.73899e+11 8.39222e+11 9.20064e+11 9.63494e+10 8.28781e+11 4.95033e+11 3.00501e+11 8.85397e+11     60.9118     20.9853     49.0383     99.9576     95.5885     27.4277     27.4213     53.2719     75.4684     45.2613     40.3642     12.1896     2.51525     69.0881     19.1837     10.5008     79.8166     48.6529     20.3986     68.1059       2.248     19.0509      80.606     68.0332     96.4705     66.0048     86.9701     77.5007     7.94328     97.0808 6.54841e+21 7.89194e+21 4.40702e+21 5.49112e+21  5.6538e+21 7.01207e+21 5.13626e+21 6.31552e+21 3.80854e+21 7.39164e+21
1.42114e+10       1e+20 4.52749e+11  8.2194e+11 4.73472e+11 6.53824e+11 7.80672e+11 6.74702e+11 2.95906e+11  2.0936e+11     76.5251     76.5554     97.3351     9.89799     52.5036     29.6667     83.9906     84.1857     13.7264      12.255      18.922      65.349     96.8521     78.2234     5.09316     51.1217     74.8539     47.0657     93.8711      9.9487     90.1164      34.658     21.7538     52.4912     63.2915      15.953     87.2449     50.6221     34.0589     44.7301 4.17289e+21 1.06266e+21 1.47927e+21 9.75611e+21 8.04583e+21 6.21609e+21  8.1469e+21 1.39716e+21 3.17522e+21 8.42791e+21
5.68919e+11 6.15365e+10       1e+20 5.78689e+11  6.8246e+11 3.14645e+11 1.46015e+11 7.57069e+11 2.55352e+11 7.81544e+11      66.863      14.183     99.4921      5.0254     64.0446     62.2427     45.8176     2.87577     32.1478     45.2709     58.5311     78.9826     25.8637      45.242     99.3895     80.9355     49.0804     59.3508     62.9901      99.061     18.8988     84.8874     52.5084     44.9918      53.263     31.7001     68.7519     52.4598       86.42     79.6137 2.12475e+21 5.43289e+20 2.25682e+20 9.79417e+20 3.56581e+21 3.31617e+21 1.17423e+21 7.52523e+21 8.66731e+21 6.76009e+21
6.68283e+10 5.78406e+11 5.56418e+11       1e+20 4.73866e+11 6.98173e+11 5.98145e+11 3.60095e+10 8.84952e+11  1.6064e+11     81.3908     26.6043     84.3769     57.5968     99.7143     11.5997     60.2765     68.5209     77.9509     20.3197     63.3869     82.5058     85.7982     22.7685     82.6043     98.7808     93.4922     25.8918      62.256     24.4764     93.2372     76.6244     5.07569     60.3663     6.45997      87.352      15.987     21.1003     7.25617     13.7079 1.44832e+21 8.63778e+21 3.22538e+21 2.90715e+21 3.73972e+20 9.60396e+21 8.98713e+21 5.62203e+21 7.15066e+21 7.80373e+21
1.10649e+11 6.69649e+11 2.93768e+11  2.5905e+10       1e+20 4.50218e+11 4.03513e+11 9.61885e+11   9.795e+11 8.54243e+11     5.41205     3.58751     87.2503     95.3933     16.5489     49.2205     42.8807     4.78829     58.7517     39.3725     2.00451     61.4027     8.29101     34.5783     54.2124     74.5028     71.1182     24.8346     89.7647     48.0235     67.6352     55.4324     46.4513     65.4238     70.2105      13.103     23.5771     17.1075     34.3339     90.8369 6.72895e+21 2.78964e+21 9.64557e+21 2.75702e+21 1.74075e+21 2.54977e+21 6.86514e+21 2.60953e+21 3.67858e+21 4.51558e+21
9.02516e+11 6.43283e+11 8.32674e+11 9.95279e+11 4.32164e+11       1e+20 5.21494e+11 7.15654e+11 2.53686e+11  8.3682e+11     38.6454     92.2305     73.2329     17.3845     69.6812     24.9254      19.106     47.2711     11.6848     25.1567       58.71     76.2349     33.3471     54.0345     34.9631     98.2827     53.7357     63.3613     97.7022     29.8157      77.063     29.7834     71.2631     63.0507     34.6983      55.044     79.1898     41.7635     10.7938     39.9434 1.04203e+21  2.1371e+21 9.46214e+21 7.76277e+21 3.65073e+21 1.72769e+21 3.12361e+21 4.15007e+20 7.45947e+21 8.84672e+21
3.11079e+11 7.96012e+11 8.01832e+11 3.65312e+11 9.82225e+11 5.75697e+11       1e+20 8.11963e+11 1.65918e+11 6.76837e+11     38.6556     76.3792     88.6255     81.6721     48.2321     71.2736     13.7031     67.2763     5.28331     33.3994     46.8191     37.0951     85.6259     86.0102     66.6511     28.8977     59.9241     20.7172     93.3463     52.3786     46.6699     37.0333     79.9818     55.3372     54.8008     69.3608      30.501     64.0306     76.3904     28.8957  3.1662e+21 1.34478e+21 2.52259e+21 2.58832e+21 6.21707e+21  9.9523e+21 4.61899e+21 5.59734e+21 4.16951e+21 4.39696e+20
2.78516e+11  6.6419e+11  2.2899e+11  4.2358e+11 3.70101e+11 2.28886e+10 3.81428e+11       1e+20 9.75455e+11 5.40626e+11     7.89372     18.0868     82.2024     93.2775     14.1578       35.17     7.88724     57.9309     22.0448     34.7469     73.8757     48.7822     11.8055     74.3654     33.4752      99.385     97.2837      12.498     84.6179     49.1077     64.8995     10.9997     76.4075      68.629     88.7362     79.8916     80.3241     26.3907     88.2165     64.5376  3.6511e+21 8.08669e+21 3.16926e+21 5.14189e+21 4.60137e+21    8.64e+21 5.75665e+21 5.20739e+21  7.4987e+21 7.11849e+21
5.86933e+11 6.41103e+11 6.86861e+11 5.46347e+11 4.24126e+11 3.66957e+11  5.1868e+11 6.69469e+11       1e+20  4.5183e+11     51.1229     74.6749     32.0526     72.6285     79.6511     47.3332     41.9498     56.7174     5.30659     63.6017     62.5545     65.4967     47.4354      85.287     39.3942     49.6775     47.6217      37.105      8.6047     30.2987     42.1654     31.7538     80.8146     8.56078     15.0928     36.3519     67.3034     30.3573     47.4069     50.9665 8.16329e+21 8.14206e+21 6.72304e+21  1.5833e+20 9.45371e+21 5.14412e+21 7.09135e+21 7.09735e+21 3.07001e+21 3.53112e+21
1.67646e+11 9.45297e+11 4.12356e+11 7.15079e+10  8.0751e+11 9.57411e+11 9.15161e+11 4.61916e+11 1.25482e+10       1e+20     69.9075     97.3389     91.5195     95.1639     14.2715     83.8915     93.4453     69.5152     21.9707     39.0515     6.38158     47.1941     25.9367     72.1112     59.8512     64.5021     55.0026     86.1479     82.1353     2.69219     85.3143     87.0049     66.8135       98.92     55.6261     59.4851     65.3741     60.7042     20.4215     40.0965 2.53437e+21 8.82372e+21 2.58766e+20 2.55295e+21  6.9362e+21 7.87932e+21  7.5888e+21  1.5573e+21 2.88471e+21 6.65873e+21
7.81765e+11 9.16338e+11  9.7054e+11 6.35461e+11 4.58827e+11 5.91392e+11 3.04714e+11 3.86202e+11 6.80544e+11 9.26744e+11       1e+10     66.8972     94.2788     93.6921     7.95683     56.9203     91.2419     53.5171     29.5502     52.8419     37.2691      24.338     7.67913      5.4621     51.2719     63.7967     95.7624     18.3498     59.3459     3.81194     8.45575     73.3684     80.7332     65.9177      14.976     39.4674     73.9049     50.7223     83.6357     25.5051     8.79958     76.6451     48.3605     39.2946     77.8292     21.4417     25.9297     28.8477     80.8757     12.9691
1.84428e+11 6.20782e+11 7.84485e+11 9.69788e+11 4.31964e+11 7.62824e+11 2.09487e+11 4.11216e+11 9.13033e+11  2.1257e+11     91.4475       1e+10     3.04521     15.1484     82.6995     68.5998     21.4777     86.3858     20.4414     50.3578     4.23135     87.3662     57.0204     9.17593     92.2273     25.3023     6.00166      38.308     86.8977     70.3078     75.1679      18.486     86.0595     54.3302     64.1901     35.2434     68.3639     2.23132     9.33175     83.7934     19.9526     15.8725     65.3011     1.18559     69.0231     10.8046     33.1615     68.1828     21.3593     22.1602
4.89992e+11  8.4584e+10 8.81836e+11 7.41603e+11 4.72017e+11 2.69189e+11 3.95087e+11 9.30651e+11 3.44212e+11 5.12083e+10      89.699     79.2105       1e+10     57.6941     79.2686     92.0978     1.61516     98.1754       90.93     20.1719     10.2053     96.6573     76.4371     59.7275     22.1395     19.2903      59.582      32.395     19.5773     71.4044     92.0646     39.2245     71.6961     24.1088     24.4846     46.0798     66.2519     44.3479     40.9533     58.2406     98.5711     28.5463     25.3864     13.5562     34.5289     24.6382     34.8123     6.60348     50.8928     22.9226
2.65606e+11 1.82697e+11  8.2663e+11 3.00091e+11 3.69492e+11 6.33368e+11 8.71824e+11 1.31237e+11 6.03357e+10 6.08768e+11     92.1932     92.2328     82.9106       1e+10     10.6539     31.1743     5.26328     33.0938     21.2413     83.6634     11.9176     17.8157     67.9018     32.4109      47.292     32.3016     45.3628     98.0556     80.1397     51.3873     59.9607     26.8536     19.7169     83.9601      91.707     61.3348     82.4387     62.2988      29.677     19.5316     35.6931     2.28339     84.6155     24.3345     72.5295     95.1891     90.0509      60.315      19.369     9.62846
8.91728e+11 1.69381e+11 9.33646e+11 6.88335e+11 1.84917e+10 8.41152e+11 2.04938e+11 2.88978e+11 8.79216e+11 2.18662e+11     10.9264     38.6014     86.2208     56.1604       1e+10     53.9111     62.2484     61.8719      37.452     68.2618     89.1792     67.7668     45.5879     56.9286     90.3024     99.3166     44.3171     87.5914     25.5415     73.3071     8.23147      23.117     76.1918     52.6079     58.2791     86.3979      1.1245     41.8572     22.7164      4.0402     34.1253     57.2182     68.3601     40.9723     69.0879     32.2256     84.9345     1.05388     96.9417     8.88858
1.81787e+11 2.70699e+11 9.29721e+11 9.68117e+11  5.9431e+11 4.48333e+10 5.63186e+11 9.97531e+11 7.01885e+11 2.63597e+11     25.5545     42.4728     63.8824      4.6011     2.86257       1e+10     19.3848     87.1121     29.4102     78.2433     33.3488     10.5073     10.4433      33.142     6.19635     55.6827     62.9423     71.1344      80.911     3.37264     23.2912     83.6813     53.2032     52.3733     52.7094     38.1345     54.4817     42.9786     81.5854     82.6409     17.6461     96.5244     75.6739     51.1773     31.7371     67.2473     20.8931     28.9474     71.5727      80.819
6.92215e+11 5.39706e+11 3.52368e+11 2.48488e+11 2.96062e+11 6.19024e+11 8.89152e+11 2.69786e+11 3.92012e+11 2.70291e+11     30.7353     22.9804     74.1299      76.442     8.74426     20.9771       1e+10     54.5513     16.7207     73.2365     24.9386      12.298     89.5271     66.6508     76.8904     54.0188     68.4659     49.8796      25.768     88.7273     59.4892     46.9741      13.133     48.4538     34.8619     53.4127     4.07548     96.4524     90.8259     46.8919     53.4235     51.7546     35.2866     95.5491     10.5106     89.9325     75.7628     54.3278     14.1997     56.6297
7.22125e+11 6.10496e+11  7.2609e+11 2.39556e+11 5.90298e+11 3.51643e+11 4.06774e+11 6.78234e+11 5.61053e+11 4.68441e+11     13.0873     91.1416     62.6268     70.4052     14.2317     8.90348     27.9443       1e+10     1.73363     96.8505     99.2836     6.87742     10.3904     38.0284      42.412     9.29394     80.9153     90.6104     26.5466     74.0087     69.1107     4.81094     95.1075     22.1488     15.4188     72.2507     86.9291     60.6729     76.8645     33.0808     87.2414     76.3975     39.0292     14.1116     65.7314     20.9347     94.1351     71.6921     82.1611     59.9218
9.36817e+11 7.57894e+11 7.73618e+11 9.96463e+11 8.19133e+10 7.92703e+11 3.06982e+11 5.95996e+11  8.7152e+11 6.31903e+11     28.0938     43.3908     88.7452     39.1337     7.12862     56.1712     8.42805     88.7518       1e+10      41.598     88.8917     69.1765     79.5446     91.1824     75.2633     58.7263     94.2002     69.7979      62.962     27.6872     5.89655     74.8081     70.7436     60.6196     36.2713     83.9901     12.0723     71.1104      86.248     83.4316     63.6169     50.4201     41.9105     13.6846     49.0416     64.5108     41.8922     7.52799     14.8315     70.3725
5.13845e+11  1.7523e+11 5.32296e+11 4.15875e+11 6.36212e+11 9.64781e+11 9.19368e+11 7.79762e+11 1.45527e+11 8.97269e+11       22.34     59.6218     82.4359     43.6446     99.1121     23.9378     62.9169     82.8959      69.131       1e+10     71.7064     79.6559     59.9348     12.6961     80.8541     9.21129     90.9541     97.9873     81.8943     11.6853     8.12537      31.994     16.5488     88.3551     45.6457     34.2268     4.60384     11.9302     78.3654     62.4688     35.6915      26.862     68.4898     14.0853     85.4252     43.7438     31.7539      68.414     90.0259     79.9524
 2.9821e+11 6.38543e+11 1.59636e+11 4.67639e+11 7.08452e+11  2.7626e+11 9.65567e+11 5.86171e+11  9.0236e+11 4.22139e+11     59.4312     94.8046     13.7077     16.7027     10.3185      42.547     39.9735     90.0057     21.7327     30.7458       1e+10     7.54248     39.6895     65.5636     78.8086     56.6655     67.1909     41.2512     63.6567     82.3149     60.2886     27.6703      45.777     71.5042     79.1193     72.1964     10.0855      46.792       61.37     9.52834      91.324     79.9704     95.2493     23.1109      13.936      64.421     54.3645     40.0355     14.9983     44.4622
8.08099e+11 4.12735e+11 5.62812e+11 4.37165e+11 6.21025e+11 3.58082e+11 9.98189e+11 1.09621e+11 5.03073e+11 1.27577e+10      2.0102     14.2163     11.9469     65.1857      6.5586     25.5954     80.3628     83.8368     8.43854     25.9235      83.486       1e+10     95.8399     75.1594     17.4415      21.621     89.9602      23.464     31.1608     34.1371     89.1941     51.2491      75.289     35.6794     18.7532     85.4717     28.1481     64.6162     51.6149      4.6438     49.6842     96.5198     62.0621     96.4705     38.7982     29.7215     69.0804     31.5803     19.0325     32.9092
7.09451e+11 5.82519e+11 6.28563e+11 5.53802e+11 6.11823e+11 7.69364e+11 5.40977e+11 5.94452e+11 2.75243e+11 2.14791e+11     6.61902     36.3386     57.6392     5.12586      84.172     33.8552      16.249     3.48252     75.0584     24.0227     71.3162      84.283       1e+10     64.4206       89.28     14.6756      77.239     42.8574     56.3705     91.9892     58.5735     24.4697      92.333      9.9895     22.3472     29.0169     43.5996     99.3129     16.6272     61.6813     42.4646     9.76892      78.338      78.982     99.6344     74.3843     8.18679     8.42985     94.6998     84.1508
 5.6511e+11 8.41019e+11 2.03965e+11 4.80207e+11 7.96394e+11 6.22841e+11 2.97184e+11 6.93594e+11 6.54882e+11  2.8887e+11     27.0321     89.9152     86.4953     64.0454     20.5538     58.8901     20.6025     46.0253     28.1176     83.0825     96.0538     11.4389     56.3549       1e+10     24.3811     96.2643     77.7689     95.8936     39.0748     77.5188     21.7744     25.6975     13.9326     7.91902       97.15     36.3322     66.4854     1.27505     47.1067     93.3076     79.1999     3.49596     67.3419     96.4112     61.3261     76.9304     24.3985     40.5404     15.0182     49.3619
5.91747e+11 5.47567e+11  4.2659e+11 7.49703e+11  9.0174e+11  3.8548e+11 9.58585e+11 9.98335e+11 6.52758e+10 7.17824e+11     79.0475     73.7408     13.3591     6.63663     62.6827     73.2884     45.3953     79.5369     79.8857     1.17887     97.2523     8.48338     9.79254     35.5736       1e+10     5.65533     5.01057     35.7121     30.7547     59.1642     44.8959     19.7547     19.0589     81.4353     24.3439      11.438     89.3037     24.3738     60.3297     64.8093     92.9921     42.1905       10.76     5.64287      41.111     28.4612     20.9069     89.4448     28.8369     45.3388
2.27606e+11 2.55414e+11 8.97527e+11 5.18359e+11 8.77525e+11 9.33439e+11 7.85953e+11 2.80965e+11 5.26197e+11 5.72648e+11     50.7748     5.24864     25.0753     48.5177     60.6739     53.4266     98.7554     27.3324     14.0796     83.4322     54.5893     99.8276     64.2417     84.0468     30.1168       1e+10     94.8254     32.0903     28.9022     53.4328     60.4089     75.9061     94.9709     49.3409     82.0088      15.514     43.9303     70.1342     16.1878     89.5709     67.7693      27.369     89.4696     29.4942     38.1781     77.5543     78.8087     37.4966     59.6886     7.71825
9.94542e+11 9.35222e+11 4.07675e+11 4.26422e+11 5.72671e+11 9.77915e+11 4.59952e+11 9.95955e+11 6.86383e+11 3.48168e+10     15.4992     94.9521     97.8842     97.6088     85.9495     65.0066     54.1426     63.2931     95.3743     72.8712     87.3795     4.51447     40.7871     79.2628     25.8822     27.1655       1e+10     94.8532     2.08426     97.2642     55.5672     30.9562     4.20518     19.5257     67.7886     57.7471     10.2831     54.8826     73.7007     99.8033      70.116     59.1468     95.6527     39.0717     49.6885     58.5277      25.658     25.9797      15.092     51.2033
9.97819e+11 8.54187e+11 5.51068e+11 9.91962e+11 1.60572e+11 9.97186e+11 9.53815e+11 4.60233e+11  6.1501e+11 1.34775e+11     82.4444     58.8198     56.2441     10.9699     23.4078     23.8438     10.4463     93.6218      39.445      4.8445     89.2619     15.0883     32.2525     5.43109     51.3948      93.886     73.7437       1e+10     1.48299     65.1024     2.97047     10.5515     45.5101     80.3945     81.3079     88.1136     88.5938     37.6131     12.0231      7.5601      19.941     4.50736     54.9822     88.4891     93.6011      57.938     38.9806     68.2024     66.5886      29.341
1.59285e+11 6.10524e+11 7.06196e+11 8.25285e+11 3.91714e+11 3.93577e+11 6.49954e+11  8.4663e+11 4.69355e+10 3.22518e+11     21.9598     3.89398     14.4918     66.0395     13.6178     80.7422     3.23892     17.6874      6.6521     59.5625      11.099     40.3108      86.101     93.2002     36.6044     95.0786     66.4306      88.789       1e+10     39.6443     50.9716     86.8317     44.5828     1.82527     90.1243      35.873     96.6736     44.0311     12.2008     9.28632     39.9659     97.3926     52.3559      14.293     71.2709     90.2348     40.3631     42.3261     78.0053     43.4854
2.62148e+11 7.51551e+11 2.21881e+11 9.87253e+10 5.78504e+11 9.23286e+11 9.64364e+11  7.0509e+11 3.96118e+11 3.31817e+11     49.8105     13.0764     1.41467     93.7991     22.7504     84.3547     95.5862     8.50537      19.095     63.3935     75.5557     95.8737     31.0967     18.7967     64.4117     98.4787     6.85184      74.728     54.7042       1e+10     63.3688     5.32568     97.2887     26.2398     59.5759     93.5808     25.3316     95.4192     60.9676     83.1634      93.113     3.03894     1.36108     19.7614     51.1625     5.85646     46.8522     5.55421      85.858     35.2059
 9.7968e+11 1.07624e+11  4.3344e+11 1.78386e+10 4.05867e+11 6.90806e+11 7.41747e+11 2.19114e+11  7.6074e+11 4.13246e+11     49.0317     70.9926     42.5199     4.04842     22.2667     79.5279     30.6685     16.1348     86.7561     41.6769     22.8695     10.5849     23.8889     53.8331     75.6248       58.38     2.20301      79.293     41.0092     34.0026       1e+10     6.24489     46.7694     50.0973     98.8915     2.06049      71.874     61.9248     33.8269      35.559     29.3215     29.4411     49.6246     14.2459     59.7758     36.4564     21.5651     87.8522     11.8684     27.1748
1.39287e+11 4.79479e+11 6.80095e+11 6.64507e+11 3.11778e+11 4.79926e+11 4.78735e+11 3.41663e+11 3.37436e+11 2.07915e+11     81.8715     23.8793     62.5301     65.9971     9.20632      8.1699     29.6602     69.9593     81.1205     4.82376     50.4632     51.5004     87.6163     62.2883     54.7882     5.57938     46.2472     37.4419     69.7122     7.75027     52.2196       1e+10     25.1888     68.8585     86.5947     1.87781     83.6437     21.5318     19.1441     6.36711     73.6313     4.10773     41.1041     66.5816      18.449     88.3406     44.6614     77.9096     64.7359     69.2784
2.66359e+11  8.5609e+11  6.6463e+11 9.10665e+11 5.19759e+10  5.7711e+11 7.45035e+11 3.79791e+11 6.82024e+11 5.31178e+11     26.3356     88.6318     97.7498     3.69708     74.2539     14.0214     79.5767     91.6911     31.8215     74.6484     93.4778     61.2226     27.9488     96.0201     68.5049     49.6004     80.7058     21.7938     48.5753      52.505     53.4852     38.9837       1e+10      77.731     22.8674     9.53379     12.5765     46.0413     94.0264     27.8935     25.6383     37.2551     85.0399     94.7003     74.7473     65.1211     32.4673     38.4932     96.6594     33.2067
5.48599e+11 1.59161e+11 7.18547e+11 5.86527e+11 8.83275e+10 9.95451e+11 8.77762e+11 9.66183e+11 1.60921e+10 1.94789e+11     15.8948     84.1756      42.012     8.07383     85.3112     41.7706     75.4861     18.0106      18.904     85.9478     80.4006     88.5676     48.7527     98.0751     75.0143     39.3155     50.2834     38.6438     3.99929     33.0635     5.63096     90.1323     98.2778       1e+10     52.1545     32.7606     40.6259     14.3846     20.2468     15.1727     42.3457     4.05902     40.7867     1.06475      22.421      52.773     32.8711     76.5824     86.7284     43.0411
1.96115e+11  5.7885e+10 2.36514e+11 1.32292e+11 7.75644e+11 1.78099e+11   7.688e+10 3.67673e+11 2.22389e+11 3.58555e+11     63.2624     49.4836      46.907     23.5939     8.92066     18.7696     88.9367     38.4802     59.0714     24.1435     13.8501     34.0062     73.4145     84.0568     37.3924     4.36022     39.7394     62.3338     31.9682     31.2267     45.4568     81.5071     29.2645     29.2248       1e+10     88.2298     98.6307     41.6321     25.4003      19.075     68.9781     51.2875     38.6212     97.2082     43.6091     86.0808     23.3439     21.6799     58.8964     89.7712
3.67008e+11 5.25738e+11 9.48397e+11  9.2657e+11 9.85656e+11 2.73278e+10 1.48548e+11 3.41677e+11 6.61523e+11 3.85421e+11     30.7476     91.2193     85.0001     98.0903     89.8029     62.2418     22.4574     95.4794     89.5732      14.021     94.4823     22.6254     35.2398     30.5984     22.7173     24.1032      51.824     45.6284     38.3401     99.5285     21.1204     93.4161     64.4937     43.1548     92.0779       1e+10     35.1536     62.1489     28.3604     18.7304     50.4712     50.6711     72.2147     37.9811     94.7435     85.7119     94.0129     94.8307     48.0012     45.2258
4.51115e+11 7.92444e+11 5.51222e+11 5.81807e+11 5.10491e+11 2.11836e+11 3.99256e+11 6.81837e+11 2.59778e+11  3.1609e+10     53.5402      76.406     15.2448     24.4583     54.9924      65.696      93.592     64.2817     29.5887     11.1045     39.1106     64.8024     81.0998     52.1096     9.97736     37.5981     4.01907      2.0051     1.70152     61.8792      81.694     19.9157     69.5408     57.1397     85.8529     86.8046       1e+10     55.1481     30.0406     54.1161     20.1793     70.6691     73.1393     96.6435     88.7091     10.2006     71.6382     85.2195     52.0332     86.7442
4.97195e+11 8.43897e+11 3.83459e+10 4.87604e+11 7.57869e+11 7.43796e+11 5.98465e+11 1.79636e+11 3.78306e+11 3.53922e+10       1.918     25.8628     35.5326     5.26605     56.1527     89.0433     2.63971     5.75654     63.3547     56.5428     59.6692     70.1013     59.0404      70.067     4.04352     32.2579     98.6634      82.051     25.3145     82.6053     91.1267     18.5404      9.2463     83.5619     46.8555     57.5907     29.1317       1e+10     1.79069     46.9708     53.8957     66.2366     62.5072     18.3045     97.2634     21.9991     78.5806     43.2588     89.5535     69.9526
6.35524e+11 1.89928e+11 1.77387e+11  3.5015e+11 3.55757e+11 4.02164e+10 5.19976e+11 7.53515e+11 6.36978e+11 9.16047e+11     37.6413     9.30605     67.2025     91.3678     3.96062     96.4118     29.3447     53.4103      11.618     47.7679     68.3579     70.4076     46.0453     4.96378     55.1925     23.4882     49.1077     57.1263      22.958     48.6362     85.0199     4.41578     40.9012     11.7838     80.8141     1.52835     15.4778     87.5395       1e+10      82.268     75.1074     34.2032     18.5362     75.9146     53.8113     55.9911     15.0861     76.8262     24.3227     71.3369
3.80475e+10 4.33546e+11 2.38083e+11 1.28154e+11 9.24617e+11 5.68793e+11 9.07937e+11 3.51306e+11 9.53698e+11 4.73439e+11     4.66308     51.0809     46.2975     96.0869     34.6435     13.0292     35.5418      20.999     33.8953     73.7062     1.66506     30.2991     28.5352     37.3966     48.3715     86.2756     50.6408     38.1101     9.30622     91.1779     23.8593     50.6695     50.3554     64.7005     99.9457     23.1565     86.1191     84.5055     76.4475       1e+10     4.57293     57.2201     9.99929     48.2045     44.4863     60.2294     68.3434     32.8371     84.5404      97.036
6.54841e+21 7.89194e+21 4.40702e+21 5.49112e+21  5.6538e+21 7.01207e+21 5.13626e+21 6.31552e+21 3.80854e+21 7.39164e+21 7.08255e+11 2.32017e+11 2.70521e+11   9.943e+11 6.94243e+11 7.29347e+11  9.5085e+11 7.42718e+11 8.43254e+11 9.45943e+11 6.50508e+11 1.72954e+11 8.39771e+11 4.21782e+11 6.28948e+11 9.57601e+11 5.36661e+11 6.81988e+11 7.44988e+10 8.42975e+11  7.6441e+11 5.54536e+10 7.50598e+11 8.24819e+11 2.48164e+10 1.70758e+11 9.35058e+11 6.53669e+11 2.12122e+11 8.60673e+11       1e+20 2.11516e+11 8.37859e+11 8.97566e+11 6.52108e+11 2.81883e+11 2.50523e+11 5.20094e+10 6.25367e+11 2.81392e+11
4.17289e+21 1.06266e+21 1.47927e+21 9.75611e+21 8.04583e+21 6.21609e+21  8.1469e+21 1.39716e+21 3.17522e+21 8.42791e+21 7.67168e+11 7.52033e+11 6.14813e+11   8.506e+11 1.09175e+11 5.33321e+11 2.05866e+11 6.92739e+10 4.01682e+11 9.96098e+11 5.62706e+10 9.37456e+11 5.27245e+11 9.42588e+10 6.46432e+10 8.62849e+11 4.48701e+11 7.44761e+11 8.13039e+11 5.14481e+11 9.24757e+11 7.67842e+11 2.16344e+11 7.67015e+11 9.47901e+11 3.99958e+11 8.83827e+11 3.82618e+11 9.92125e+11 7.77311e+10 8.29069e+11       1e+20 6.58967e+11 1.52092e+11 3.16405e+11 7.64329e+11 4.00159e+11 5.67386e+10 5.19845e+10 8.33059e+11
2.12475e+21 5.43289e+20 2.25682e+20 9.79417e+20 3.56581e+21 3.31617e+21 1.17423e+21 7.52523e+21 8.66731e+21 6.76009e+21 9.51105e+11 7.37875e+11 4.83427e+11 1.12353e+11 1.73431e+11  8.0629e+11 5.60195e+11 7.38488e+10 5.33367e+11  2.4064e+11 4.89641e+10 1.76654e+11 8.45556e+11 4.55725e+11 4.05988e+11 1.15779e+11 5.56424e+11 7.54181e+11 9.52039e+11 6.14857e+11 9.80273e+11 6.81556e+11 3.64149e+11 1.90307e+11 6.41358e+11 5.73998e+11  5.4483e+11 8.57368e+11 8.47793e+11 8.78759e+11 2.35255e+11 7.20926e+11       1e+20 4.83901e+11 1.35094e+11 7.00339e+11 1.50486e+10 1.01993e+10 5.89972e+10 1.91961e+11
1.44832e+21 8.63778e+21 3.22538e+21 2.90715e+21 3.73972e+20 9.60396e+21 8.98713e+21 5.62203e+21 7.15066e+21 7.80373e+21 6.05245e+11 2.41217e+10 4.14509e+11 5.71241e+11 4.86929e+11 6.50325e+11 9.57001e+11 7.24472e+11 7.52554e+11 1.47663e+11 7.42561e+11 1.39526e+11 6.04142e+11 1.90566e+10 8.40343e+11 1.50504e+11 1.32481e+11 9.95939e+11 2.60271e+11 5.57019e+11 6.85056e+11 4.37699e+11 4.67559e+11  6.5907e+10 2.59663e+11 6.21556e+11 5.97577e+11 9.71478e+10 6.11655e+11 4.43079e+11 4.56707e+11 4.86979e+11 9.17236e+10       1e+20 9.87397e+11 5.18264e+11 5.88645e+11 1.08044e+11 1.34296e+11 5.00618e+11
6.72895e+21 2.78964e+21 9.64557e+21 2.75702e+21 1.74075e+21 2.54977e+21 6.86514e+21 2.60953e+21 3.67858e+21 4.51558e+21   6.891e+11 6.74361e+11 4.43919e+11 7.65019e+11 2.05714e+11 8.35064e+11 2.48499e+11 3.90212e+11 6.04095e+11 8.32731e+11 1.65446e+11 1.15613e+11 2.06262e+11 4.08368e+11 5.27563e+11 1.85864e+11 8.92328e+11 7.25317e+11 6.14436e+11 2.83539e+10 5.24364e+11 3.63786e+10 4.03514e+11 6.06616e+11 8.64971e+11 1.33063e+10 7.08214e+11 9.95606e+11 2.88896e+11 2.63047e+11 1.86001e+11 1.21316e+11 5.05122e+11 3.85437e+11       1e+20 7.16219e+11 3.00668e+11 6.49888e+11 2.35674e+11 9.19344e+11
1.04203e+21  2.1371e+21 9.46214e+21 7.76277e+21 3.65073e+21 1.72769e+21 3.12361e+21 4.15007e+20 7.45947e+21 8.84672e+21 6.03694e+10 1.23889e+11 3.45635e+11 6.63957e+11 7.11645e+10 3.45401e+11 1.82679e+11 6.82568e+11 8.97887e+11 9.13257e+11 9.30756e+11 8.44322e+11 3.01435e+11 2.50112e+10 3.09012e+11 1.08945e+11 9.89596e+11 6.30095e+11 2.07454e+11 3.47929e+11 6.25873e+10 9.02726e+11 1.26067e+11 7.06386e+11 2.24149e+11 4.37977e+11 5.46075e+11  2.7594e+11 7.49565e+10 9.09161e+11 5.66508e+11 2.93108e+11 4.26605e+11 8.83624e+11 8.15973e+11       1e+20 8.54394e+11 1.07381e+10 2.84142e+10 2.70847e+11
 3.1662e+21 1.34478e+21 2.52259e+21 2.58832e+21 6.21707e+21  9.9523e+21 4.61899e+21 5.59734e+21 4.16951e+21 4.39696e+20  8.5079e+11  4.3885e+11  5.3333e+10 6.07252e+11 5.05555e+11  6.5051e+11 1.50849e+11 5.95593e+11 4.66563e+10 9.20096e+11 7.60494e+10 2.34599e+11 6.98575e+11 3.40476e+11 8.92307e+11 6.97331e+11 7.51904e+11 7.07283e+11 6.93817e+10 5.80745e+11 9.07968e+11 2.74512e+11 9.89591e+11  5.7964e+11 7.76756e+11 9.92901e+11 1.42393e+11 5.16934e+11 4.27508e+11 2.69489e+11 6.23169e+11 4.52223e+11 8.38463e+11 5.34901e+11 3.04768e+11 1.90737e+11       1e+20 3.87518e+11 8.40023e+11 3.08807e+11
 3.6511e+21 8.08669e+21 3.16926e+21 5.14189e+21 4.60137e+21    8.64e+21 5.75665e+21 5.20739e+21  7.4987e+21 7.11849e+21 9.86453e+11 8.94165e+11 1.85217e+11 5.29439e+11 2.83156e+11 4.48351e+10  9.0355e+11 9.25725e+11 7.61302e+11 5.65097e+11 4.04832e+11 2.28593e+11 1.01534e+11  7.4876e+10 2.96467e+11 7.16053e+11 5.76988e+11 2.24113e+11 8.62116e+11 9.05627e+11 1.19256e+11 4.96119e+11 5.24844e+11 9.11542e+10  2.1359e+11 5.37433e+11 7.38968e+11 9.60131e+11 1.97154e+11 7.21966e+11 7.10236e+11 6.28862e+11 8.47988e+11 3.40928e+11 1.36806e+11 6.15544e+11 5.82953e+10       1e+20 3.67671e+11 4.85641e+11
8.16329e+21 8.14206e+21 6.72304e+21  1.5833e+20 9.45371e+21 5.14412e+21 7.09135e+21 7.09735e+21 3.07001e+21 3.53112e+21 1.81242e+11 3.53048e+10 9.61903e+11 3.68009e+11 2.03481e+11 4.24436e+11 4.52122e+11 2.37207e+11 9.05223e+11 8.81762e+11 9.23592e+11 9.03096e+11 3.95339e+11 3.95295e+11 7.23132e+11 1.91885e+11 7.98748e+11 5.36199e+11  4.6292e+11 8.80154e+10 7.43694e+11 9.40835e+11 7.71415e+10 9.17873e+11 3.68337e+11 1.60485e+11 4.15366e+11 8.72669e+11 8.33602e+11  2.3997e+11 4.38922e+11 5.70836e+10 8.06896e+11 2.47399e+10 4.73287e+11 2.21942e+11 7.95745e+11 7.17659e+11       1e+20 8.60065e+11
2.53437e+21 8.82372e+21 2.58766e+20 2.55295e+21  6.9362e+21 7.87932e+21  7.5888e+21  1.5573e+21 2.88471e+21 6.65873e+21 1.31728e+11 8.62758e+11 9.30785e+11 9.88588e+11 5.66841e+11 2.12222e+11  2.2513e+11 4.83111e+11 3.78324e+11 3.36076e+11 9.54966e+11 9.16365e+11  4.9402e+11   2.523e+11  6.4494e+11 2.84593e+11 6.93905e+11 4.05262e+11 6.89002e+11 8.47617e+11 9.56934e+11 2.25928e+10 6.97028e+11 1.85836e+11 1.39469e+11 8.32802e+11 2.53117e+11 2.28038e+11 2.89989e+11 1.03805e+11 2.59337e+11 9.46424e+11 2.57568e+11 6.61747e+11 7.85184e+11 8.25845e+11 2.06498e+11 4.52798e+11 9.78338e+11       1e+20
