      0 29.0689 42.0119 36.1248 11.1803 10.2956 26.9258 5.09902  34.176 33.9411 5.59017 27.2029 13.4164 22.2036 53.2353 35.3553 47.3814 32.5576 37.0135
29.0689       0 52.1536 26.0768 36.0555 21.1896 12.6491 24.0208 14.3178 26.4764 34.5145 27.2947 26.9258      40  49.163  19.105 60.2163 48.7955 31.5753
42.0119 52.1536       0 31.6228 32.5576  37.855      40 43.1856 43.1393 29.2062 43.4885      25 30.4138 20.3961 24.5153 39.0512 8.60233 12.2066 25.5539
36.1248 26.0768 31.6228       0 34.9285 26.1725 14.1421 33.3017      13       3  41.003 11.1803 24.1868 30.0666 23.0868 8.06226 40.2244 33.9559 6.40312
11.1803 36.0555 32.5576 34.9285       0 14.8661      30 14.8661  37.054 32.2025 11.0114 24.1868 11.1803 12.1655  47.634 36.6742 37.0135 22.0227 33.8378
10.2956 21.1896  37.855 26.1725 14.8661       0 16.7631  7.2111 24.0416 24.2074 15.6924 18.3848 7.61577 20.8087 44.9444 25.0599 44.5982 30.8869 27.7849
26.9258 12.6491      40 14.1421      30 16.7631       0 22.8254 7.28011 14.0357  32.423      15  19.105 30.4631      37 9.21954 48.2701 38.0132  19.105
5.09902 24.0208 43.1856 33.3017 14.8661  7.2111 22.8254       0 29.9666 31.4006    10.5 25.4951 13.0384 24.3516      52 31.6228 49.2443 34.7851 34.9857
 34.176 14.3178 43.1393      13  37.054 24.0416 7.28011 29.9666       0 14.4222 39.6894  18.868      26 36.4005 35.6931 5.09902 51.6624 42.9418 19.2354
33.9411 26.4764 29.2062       3 32.2025 24.2074 14.0357 31.4006 14.4222       0 38.6685 8.24621 21.6333  27.074 23.0217 9.89949 37.8021 31.0483 5.09902
5.59017 34.5145 43.4885  41.003 11.0114 15.6924  32.423    10.5 39.6894 38.6685       0 31.4841 17.3566 23.1355 56.8705 40.6971 48.0026 33.0038 41.3793
27.2029 27.2947      25 11.1803 24.1868 18.3848      15 25.4951  18.868 8.24621 31.4841       0 14.1421      19 26.5707 15.8114 33.3017 24.1661 9.89949
13.4164 26.9258 30.4138 24.1868 11.1803 7.61577  19.105 13.0384      26 21.6333 17.3566 14.1421       0 13.4536 39.8246 25.4951      37 23.3238 24.0416
22.2036      40 20.3961 30.0666 12.1655 20.8087 30.4631 24.3516 36.4005  27.074 23.1355      19 13.4536       0 37.5366 34.3657 25.1794 10.4403 26.9258
53.2353  49.163 24.5153 23.0868  47.634 44.9444      37      52 35.6931 23.0217 56.8705 26.5707 39.8246 37.5366       0 30.5941      31 34.4384 18.1108
35.3553  19.105 39.0512 8.06226 36.6742 25.0599 9.21954 31.6228 5.09902 9.89949 40.6971 15.8114 25.4951 34.3657 30.5941       0  47.634 39.9249 14.4222
47.3814 60.2163 8.60233 40.2244 37.0135 44.5982 48.2701 49.2443 51.6624 37.8021 48.0026 33.3017      37 25.1794      31  47.634       0      15 34.1321
32.5576 48.7955 12.2066 33.9559 22.0227 30.8869 38.0132 34.7851 42.9418 31.0483 33.0038 24.1661 23.3238 10.4403 34.4384 39.9249      15       0 29.1548
37.0135 31.5753 25.5539 6.40312 33.8378 27.7849  19.105 34.9857 19.2354 5.09902 41.3793 9.89949 24.0416 26.9258 18.1108 14.4222 34.1321 29.1548       0



