1e+10	1e+10	233	145	567	234	465	345	676	234	453	587	1e+10	1e+10
1e+10	1e+10	353	123	545	765	678	234	234	345	345	234	1e+10   1e+10
1e+10	1e+10	1e+10	302	486	670	326	389	564	213	644	633	234	454
1e+10	1e+10	593	1e+10	503	601	427	568	576	464	605	283	563	497
1e+10	1e+10	254	370	1e+10	620	658	223	444	219	288	407	354	842
1e+10	1e+10	441	500	210	1e+10	388	407	453	290	672	216	234	432
1e+10	1e+10	493	674	499	499	1e+10	454	495	293	271	698	129	652
1e+10	1e+10	347	294	607	298	547	1e+10	371	579	229	429	451	767
1e+10	1e+10	623	411	271	619	584	282	1e+10	376	231	617	123	234
1e+10	1e+10	651	338	437	204	536	693	252	1e+10	528	684	134	756
1e+10	1e+10	394	226	391	589	624	230	578	262	1e+10	308	762	977
1e+10	1e+10	682	335	607	378	671	337	359	495	268	1e+10	567	345
1e+10	1e+10	1e+10	1e+10	1e+10	1e+10	1e+10	1e+10	1e+10	1e+10	1e+10	1e+10	1e+10	1e+10
1e+10	1e+10	1e+10	1e+10	1e+10	1e+10	1e+10	1e+10	1e+10	1e+10	1e+10	1e+10	1e+10	1e+10
