      0 67.1251  80.416 39.4422 94.9081 36.3667 89.0782 29.9982 32.0446 4.62459 51.7822 10.1196 75.5812 16.5971 52.4467 35.0982 82.2908 24.2329 6.43724 35.2705 93.8196 29.6554 81.0482 77.2593 26.3243 78.6243 88.8111 59.6851 35.8811 17.1099
77.8816       0 86.2937 71.9038 40.9588 3.64339 65.6773 4.86119 41.3995 55.7048 47.8082 52.7635 44.4737 53.8318  43.346 97.6017 91.4606 88.3565 1.96982 42.0536 1.12425 89.1615 75.3084 38.2972 33.7691 52.2024 66.4498 8.59041 56.7724  24.398
54.4588 70.0084       0 75.2592 75.5946  60.513 60.3488 38.4275 64.4405 35.1696 64.5645 9.99585 73.3859 79.8302 84.4302 83.7995 81.0689 54.7822 51.5399 5.87161 86.2082 37.8615 95.3593 39.8938 77.4153  4.6683 29.7162 5.98072  80.423 18.9267
 42.302  21.584 50.4244       0 70.1673 11.9614 49.5912  89.347 69.4721 68.0651 85.9518 73.6842 84.5771  88.983 32.2769 19.5284 66.0903 5.30177 60.2194 85.8105 98.6912 15.8636 18.9098 72.6187 65.2181 56.0396 92.4794 88.4013 40.8618 96.5328
17.6191 18.8938 7.87766 22.3282       0 72.8107 76.6386 53.4524 30.7465 25.1769 15.8733 38.7153 18.1579 38.4089  32.329 29.8787  10.989 54.4468 6.27159 2.27301 85.9347 87.8527 90.1719  56.207 6.38777 17.4204 22.4894 1.06985 45.1737 64.2598
 20.496 86.6275  90.955 82.1368 96.9229       0 33.1594 15.0661 17.8929 64.9161 88.7414 24.8691 12.1012 96.9881 22.8391 16.1285 10.9475 64.7711 5.98676 11.1432 87.4812 23.7963  83.212 30.0658 33.6222 10.0561 46.1366 27.4701 80.4928 63.1004
59.3491   41.08 37.0519 3.45844 52.3041  8.8842       0 22.5064 83.5383  84.958 50.8679 62.4256 9.44623 1.08426  29.265 41.3675 81.2189 15.2493 24.9905 90.7973 9.83439 3.34473  41.706 55.8307 94.2839 88.6618 2.53551 34.5379 67.3319 77.0257
72.9771 77.2428 47.9576 58.3802 54.9207 25.1148 84.5228       0 52.2529  8.7152 99.8313 88.5832 79.5834 46.8551 32.4133 58.1437 51.3564 35.6657 20.5209 26.2635  76.732 96.6871 92.5167  96.913 61.2185 11.7043 11.1511 2.60536 78.7116 31.5918
96.0549 59.6046 68.1979 30.0945  55.303 66.8959 57.2742  98.589       0  17.169 96.4566 24.7004 99.6845 76.5715 68.6942 47.5419 68.0912 16.1276 40.6524 30.6641 13.7447 99.5282 79.8991 22.5824 30.5352 70.2745 56.8409 37.6212 82.0982  41.812
38.5269 37.1349 95.6565 70.6563 81.3986 63.1872 28.4624 78.7806 82.1272       0 67.0369 58.8822 33.1467 99.7687 5.83651 10.0617 28.7607 82.3405 40.1181 31.4497 39.4985 16.0894 41.2343 35.7298 16.8663  19.197   71.81 90.3789 4.95316 59.1239
32.0476 15.7697 84.0925 54.0367  25.577 6.51335   47.71 42.4813 31.0335 89.8424       0 55.6201 38.4656 79.0018 32.1821 62.9802 60.4181 63.4264 2.86141 65.3817 8.18169 36.1856 8.60611 38.1472 95.9483 27.5706 29.3481 73.4154 69.0905 35.5449
9.96562 90.6522 82.9676  14.187 9.33968 91.4728 62.7876  46.299 73.3931 47.2025 86.2991       0 55.3046 15.0372  47.696 78.7239 31.0714 75.5457 4.07884 32.5255 78.1264 7.70993 16.0847 30.1885 67.6824 66.2228 83.4115 65.9694 55.5136 10.9025
 6.7701 46.1005 86.3086 53.6239 94.5856 71.5269 19.9352 41.5682 28.4262 89.2629 14.2394 45.1813       0 55.0734 19.8737 56.7577 7.48462 13.4119 15.6638 34.5285  71.024 93.2158 47.9442 50.8145 46.0548 85.8794 38.0328 73.7904 69.9225 14.6375
81.1282 21.5398  30.193 40.3453 78.2009 1.09891 19.2369 61.4165 71.6017 18.2687   5.964 68.8595 82.6469       0 86.2554 81.8538 17.1758  69.911 15.2733 80.0455 41.7102 7.20956 1.82196 85.0914 46.7627 72.6254 15.2275 11.4482 42.8809 5.46743
74.9892 71.7803 4.50745   43.38  48.685 69.6737 62.8865 64.5359 34.8095 18.8042 4.56774 45.3655 24.1642 96.6841       0 64.9793 12.9252 91.7215 72.9899 46.7988 58.1719 48.4202 22.2942 31.0105 52.7738 12.9855 56.0369 80.1968 65.9618 52.7834
63.0138 21.0897  58.089 57.1314 37.9656 20.2119 88.6089 4.45465 91.9622 24.0724 32.0436  48.749 17.9137 78.2375 16.5577       0  71.464 25.3371 7.38532  7.5184 17.8228 51.3878 95.3643 72.1087 76.0653 38.6532 50.0183 29.8273 50.1194 79.5993
55.2386 83.5536 50.2827 97.4343 35.3322 38.0645 38.4488 50.0254 75.0563 10.2308 29.0364 99.9031 31.3959 68.4637  64.493 97.4116       0  41.375 39.6103 86.4308 48.2286 24.0323 52.2097 80.4558 18.8714 48.6907 52.8807 60.4665 71.7082 54.5868
18.8053  27.019  87.061 92.6627 46.1193 5.00592  99.951 2.98475 83.8349 92.8605 13.7986  73.402 24.0673   28.08 66.7098 29.4723 10.3368       0 14.3648 85.4091 44.6028 95.6488 45.3266 82.2202 33.2296 30.8569 4.72761 33.0776 26.4283 24.4916
73.3153  38.895  84.108 44.1924 30.6283 65.3311 92.6148  4.4056 93.9469 7.90733 24.9041 61.5476 90.3157 2.30483 43.6377 21.7134 99.9363 34.6739       0 20.8832  3.2319 94.9905 91.0131 17.4353 58.2855 70.8828 79.8753 33.5549 82.1969 6.02759
 41.163 56.8689 88.1777 81.5422 78.5246 67.6928 3.77997 42.6402 78.4619 4.17775 35.9438 24.8072 91.9435 58.7795 65.7978 41.0493 91.8929 41.3112 73.2842       0 68.1119 26.2642 47.2003 71.4689 35.3067 6.97622 23.7635 40.3418 5.26312 36.7837
 3.0912  67.182 43.9299 80.8404 27.6615 82.5305 67.6437 5.76472 26.4751 71.3225 16.9763 9.34575 47.8745 20.0235 25.4892 94.2701 50.3861 54.7938 54.6761 58.6933       0 63.7606 70.5908 29.4205  4.6985 65.1637 10.7038 55.8411 65.7701 28.7547
50.2246 40.9862   51.29 87.1223 11.4687 91.9927 75.1453 71.0493 98.7116 33.3824 95.2266 77.5239 98.6615 49.1794 62.6612 46.2027 94.2064 84.0599 24.0801 74.5593 60.9252       0 54.7738 87.0261  86.706 74.5813 45.0389 43.2588  38.038 70.7977
10.2397 7.09347 29.1639 32.8322 65.6469 78.1615 94.7726 17.7855 49.5113 2.88937 68.3262 20.0338 69.4674 57.4409 14.9772  3.7105 38.0955 35.5176 57.3441 78.7972 42.6712 86.1895       0 26.2427 22.3328 92.6822 97.3449 84.3807 47.5219 73.8217
35.0485 76.4217 50.0234 10.0043 59.4937 48.1775 45.8052 99.5373 43.2606 20.8337 18.8657 76.6719 66.9083 88.4908 81.9302 9.24726 53.0966 91.8894 89.1937 16.0375  78.117 6.43181 56.7803       0 29.9412 86.4965 3.38606  53.186 50.1508 75.2766
14.6801 75.0347 27.7117 37.1457  20.473 51.4864 23.3228 16.8546  98.249 75.6431 16.0603 95.3896 75.3334 16.0877  51.152 28.1328 3.45362 37.1565 15.9694 63.7529 75.9627 72.4274 60.2056 43.8064       0 4.52249 31.5354 45.6448  90.224 20.9485
39.8394 20.7735 4.19862 59.5439 2.79263 97.6345  46.259 40.1083 65.3658 1.13833 43.9693 35.0941  64.857 32.7743 30.0649 53.8625 65.2284 37.9712 93.5007 93.7666 6.42411 62.1522  13.938 85.4483 65.1392       0 1.86735 15.9161 92.1667 64.0457
14.2545 16.2611 69.7969 13.2029 19.0376 49.9701 43.4398 45.7963  82.369 85.1996  19.004 20.6412 2.00248 53.3478 14.7045 38.3121 6.95915 57.1177 27.1649 9.53816 71.8836 11.8559 18.9324 82.8691 15.3894 51.6358       0 54.0533 65.0669 67.4433
 99.395 88.2892 42.9727 6.94264  32.676  69.524 72.2929 59.2943 44.0453  58.012 1.25991 14.3936 94.9746 17.0902 4.49985 41.8373 40.7657 43.1157 72.0871 89.9178 84.5008  44.311 71.0615 61.7388 39.5062 18.9119 82.1712       0 44.2773 85.0154
81.2084 20.1685 91.4878 2.51662 8.73528 30.3105  15.783 12.4012 24.6602 44.1836 1.98127  35.354 78.2506  27.749  46.155 57.3624 7.06571 77.7369 36.6164 65.8537 95.3419  46.653  57.249 56.5098 26.8781 87.8255 19.7793 97.0874       0   8.323
92.1268 96.4695 88.9655 4.69077 20.5542 57.7054 72.7503 60.5793 93.7702 9.85974 62.1876 21.6225 36.3565 31.5984 41.4535 83.4672 63.3215 63.1834 4.90179 45.1545 37.7373 7.19783 64.5854 40.1181 70.8992 77.5139 39.5309 72.8326 62.1543       0
