      0 67.7505 75.3709  68.264 91.6614 37.6768 19.6792 39.6114 75.6678 33.9443 90.2965  23.489 86.1191 82.4136 79.3942 38.8272 67.9606 77.1787
47.2682       0 68.9251 18.2543 68.3999 54.1414 44.2874 48.8598 22.5902 74.6821 33.7676 46.4696 73.7646 72.6478 1.85122 94.8155 35.0793 2.94934
61.7129 92.6138       0 70.8718 67.9543 13.4769 90.1671 31.4113  42.804 9.31973  3.6451 87.5708 46.8765 88.2571 94.2432 42.2727 23.8935 56.2181
85.4384 5.96156 26.6678       0 93.5185 76.7418 87.0777 52.3139 83.9306 65.5124 10.2063 94.0847 38.9243 1.12356 80.2246 41.4063   10.37 84.3278
69.3437 46.3564 38.8768  58.772       0 38.6519 68.3998 70.4967 40.8369  47.733 95.8454 98.2608 36.9164 86.6244 11.4674 37.7948 80.3573 45.3094
92.4367 36.1485 14.0287 26.5835 84.3012       0 65.5829  36.159 62.5185 80.6181 58.4194 65.3065  7.8813 1.26983 7.58177 81.6514 81.0043 91.1621
70.0052 29.1954 5.43392 49.9013 54.3598 15.7268       0 28.9824 96.4335 87.0081 62.2491 43.7355 37.4292 55.1676 40.5165 55.5008 80.6915  55.899
86.2167 54.7628 23.1675 79.9932 43.3002 27.1151 9.62121       0 91.5671 67.6508 63.2195 84.2348 70.4676  12.679 41.0037 63.4312 30.6576  12.445
51.2969 93.2963 2.85709  40.065 68.3985 13.7025 9.26274 32.5681       0 71.5957 52.8052   18.71 1.83039 3.57907 42.4093 8.14914 21.5286  6.5004
69.9517 41.5178 35.3986 84.5104 25.1124 22.6368 19.2466 73.0509 63.0778       0 63.1518 14.9766 10.6162 42.9793  46.278   43.36 24.6608 28.3214
23.8592 55.7117 17.3468 62.9274 75.4158 5.74773 20.7145 72.2984 55.7743 77.7357       0 13.0127 13.3385 40.3787 58.1108 35.9441  68.215 72.8238
78.7661 88.3409 60.8413  38.985 57.4574 76.6685 13.5029 22.4957 53.0429 49.6509 98.5049       0 60.2919 15.0946 71.3216 71.5712 61.1765 1.06324
84.2907 22.2212 40.5018 88.4632 41.2215 67.4237 51.7303 20.9178  67.374  85.974 34.5512 26.0546       0 26.6364 50.3003 67.1356 54.2546 11.2112
88.8284 14.4815 84.0973 38.2982 43.6798 96.4091 57.3913 90.9776 94.3858 53.4035 93.9491 3.30923 35.8276       0 40.5243 15.3383  7.0422 40.7845
30.9646 35.6091 70.7526 7.91007 74.7116 45.0684 66.6444  65.783  1.9027 71.2411  73.187 87.8117 6.76152 87.8592       0 72.4224 55.9921 35.1425
94.1793 82.9341 33.1155 78.6327 12.0933  35.378 64.2072 11.0849 97.7853  28.778 42.8709 28.6997 18.1071 72.5129 38.5574       0 95.5273 34.1048
58.9842 98.9199 89.0589  63.966 5.24017 89.9276 34.1331 78.0552 46.6997 37.3341 59.4615 12.5155 29.9122  64.422 40.6479 94.5628       0 50.1544
6.10321  4.9528 17.1091 45.7868 33.4837 47.8669 5.29621 34.1828 71.3994  12.078   20.92 83.6571 5.02232 24.7756 30.5937 82.8898 92.7869       0
