0	1e+10	1e+10	1e+10	1e+10	0	0	0	0	0	0	0	0	0	0	0	0	0	0	0	0	0	0	0	0	0	0	0	0	0	0	0	0	0	0
1e+10	0	1e+10	1e+10	1e+10	0	0	0	0	0	0	0	0	0	0	0	0	0	0	0	0	0	0	0	0	0	0	0	0	0	0	0	0	0	0
1e+10	1e+10	0	1e+10	1e+10	0	0	0	0	0	0	0	0	0	0	0	0	0	0	0	0	0	0	0	0	0	0	0	0	0	0	0	0	0	0
1e+10	1e+10	1e+10	0	1e+10	0	0	0	0	0	0	0	0	0	0	0	0	0	0	0	0	0	0	0	0	0	0	0	0	0	0	0	0	0	0
1e+10	1e+10	1e+10	1e+10	0	0	0	0	0	0	0	0	0	0	0	0	0	0	0	0	0	0	0	0	0	0	0	0	0	0	0	0	0	0	0
1e+10	1e+10	1e+10	1e+10	1e+10	0	442	429	478	312	453	623	556	530	354	502	240	380	698	341	593	694	510	302	437	544	695	581	674	690	0	0	0	0	0
1e+10	1e+10	1e+10	1e+10	1e+10	303	0	577	537	623	379	596	398	227	386	622	350	417	251	545	447	509	343	676	675	605	373	339	492	485	0	0	0	0	0
1e+10	1e+10	1e+10	1e+10	1e+10	694	494	0	517	308	379	389	631	533	670	407	328	338	363	583	203	368	222	348	373	596	512	360	603	255	0	0	0	0	0
1e+10	1e+10	1e+10	1e+10	1e+10	247	281	464	0	609	312	678	542	413	693	652	653	308	504	653	300	330	366	216	549	376	697	685	289	404	0	0	0	0	0
1e+10	1e+10	1e+10	1e+10	1e+10	477	206	512	483	0	465	561	273	460	576	491	683	245	269	216	623	607	563	477	607	606	219	317	384	521	0	0	0	0	0
1e+10	1e+10	1e+10	1e+10	1e+10	543	284	300	662	202	0	321	491	350	318	459	548	570	677	210	437	316	236	638	261	590	498	245	368	256	0	0	0	0	0
1e+10	1e+10	1e+10	1e+10	1e+10	447	413	491	484	400	346	0	305	501	532	352	637	404	376	582	533	504	546	321	288	362	667	479	692	278	0	0	0	0	0
1e+10	1e+10	1e+10	1e+10	1e+10	273	297	667	642	256	307	484	0	240	397	279	583	314	631	351	412	645	390	236	584	504	430	220	321	249	0	0	0	0	0
1e+10	1e+10	1e+10	1e+10	1e+10	330	647	312	258	358	433	686	678	0	242	652	281	303	379	666	426	438	487	248	531	558	619	377	665	375	0	0	0	0	0
1e+10	1e+10	1e+10	1e+10	1e+10	313	402	554	355	468	467	366	236	594	0	242	347	496	427	222	672	696	240	631	619	544	264	244	600	451	0	0	0	0	0
1e+10	1e+10	1e+10	1e+10	1e+10	520	307	609	688	318	475	304	639	588	365	0	519	244	435	240	511	599	691	441	346	475	510	522	609	312	0	0	0	0	0
1e+10	1e+10	1e+10	1e+10	1e+10	254	450	229	530	233	479	676	365	655	515	201	0	244	324	480	652	306	508	324	410	291	376	277	467	210	0	0	0	0	0
1e+10	1e+10	1e+10	1e+10	1e+10	548	480	636	230	579	676	532	407	688	686	276	530	0	495	438	301	364	548	445	589	481	257	264	644	630	0	0	0	0	0
1e+10	1e+10	1e+10	1e+10	1e+10	312	561	529	393	403	280	293	562	639	292	483	245	538	0	478	546	241	269	255	326	669	347	316	391	634	0	0	0	0	0
1e+10	1e+10	1e+10	1e+10	1e+10	378	252	476	268	440	235	342	537	558	262	610	521	516	524	0	418	605	398	224	549	646	552	332	481	220	0	0	0	0	0
1e+10	1e+10	1e+10	1e+10	1e+10	408	269	523	485	574	278	401	689	391	402	660	301	678	369	420	0	674	501	432	216	507	502	223	523	535	0	0	0	0	0
1e+10	1e+10	1e+10	1e+10	1e+10	303	259	477	450	230	648	481	518	582	634	303	292	241	679	386	204	0	329	489	413	452	626	340	684	690	0	0	0	0	0
1e+10	1e+10	1e+10	1e+10	1e+10	332	456	351	453	250	498	396	359	444	468	471	409	287	633	436	344	340	0	488	301	545	410	512	527	240	0	0	0	0	0
1e+10	1e+10	1e+10	1e+10	1e+10	543	499	441	487	296	642	343	628	700	306	310	639	424	309	570	302	648	420	0	466	516	572	548	255	559	0	0	0	0	0
1e+10	1e+10	1e+10	1e+10	1e+10	317	544	632	520	489	409	359	379	352	379	259	320	451	508	426	283	363	270	210	0	439	675	452	390	281	0	0	0	0	0
1e+10	1e+10	1e+10	1e+10	1e+10	239	484	638	258	330	401	227	209	363	325	202	466	367	460	530	516	512	380	426	663	0	526	325	484	459	0	0	0	0	0
1e+10	1e+10	1e+10	1e+10	1e+10	262	298	605	606	629	375	630	512	347	700	243	460	266	635	261	342	678	249	654	625	304	0	215	467	219	0	0	0	0	0
1e+10	1e+10	1e+10	1e+10	1e+10	318	315	253	395	664	539	347	301	336	379	398	692	429	328	388	621	285	625	238	302	389	635	0	374	675	0	0	0	0	0
1e+10	1e+10	1e+10	1e+10	1e+10	235	511	600	446	261	495	240	431	334	529	676	634	238	315	394	404	478	546	561	355	579	272	436	0	447	0	0	0	0	0
1e+10	1e+10	1e+10	1e+10	1e+10	665	376	650	308	340	485	236	551	278	586	415	226	376	611	528	334	418	656	265	578	337	318	241	433	0	0	0	0	0	0
1e+10	1e+10	1e+10	1e+10	1e+10	1e+10	1e+10	1e+10	1e+10	1e+10	1e+10	1e+10	1e+10	1e+10	1e+10	1e+10	1e+10	1e+10	1e+10	1e+10	1e+10	1e+10	1e+10	1e+10	1e+10	1e+10	1e+10	1e+10	1e+10	1e+10	0	1e+10	1e+10	1e+10	1e+10
1e+10	1e+10	1e+10	1e+10	1e+10	1e+10	1e+10	1e+10	1e+10	1e+10	1e+10	1e+10	1e+10	1e+10	1e+10	1e+10	1e+10	1e+10	1e+10	1e+10	1e+10	1e+10	1e+10	1e+10	1e+10	1e+10	1e+10	1e+10	1e+10	1e+10	1e+10	0	1e+10	1e+10	1e+10
1e+10	1e+10	1e+10	1e+10	1e+10	1e+10	1e+10	1e+10	1e+10	1e+10	1e+10	1e+10	1e+10	1e+10	1e+10	1e+10	1e+10	1e+10	1e+10	1e+10	1e+10	1e+10	1e+10	1e+10	1e+10	1e+10	1e+10	1e+10	1e+10	1e+10	1e+10	1e+10	0	1e+10	1e+10
1e+10	1e+10	1e+10	1e+10	1e+10	1e+10	1e+10	1e+10	1e+10	1e+10	1e+10	1e+10	1e+10	1e+10	1e+10	1e+10	1e+10	1e+10	1e+10	1e+10	1e+10	1e+10	1e+10	1e+10	1e+10	1e+10	1e+10	1e+10	1e+10	1e+10	1e+10	1e+10	1e+10	0	1e+10
1e+10	1e+10	1e+10	1e+10	1e+10	1e+10	1e+10	1e+10	1e+10	1e+10	1e+10	1e+10	1e+10	1e+10	1e+10	1e+10	1e+10	1e+10	1e+10	1e+10	1e+10	1e+10	1e+10	1e+10	1e+10	1e+10	1e+10	1e+10	1e+10	1e+10	1e+10	1e+10	1e+10	1e+10	0
