      0  84.962 60.4858  18.715 48.8439 86.7343 89.1526 39.0274 36.8896 39.9345 84.4541 64.0388 8.81138 22.5042 64.2223 43.2626 83.5973 11.3486 90.0819 56.8131 86.5664
88.1258       0 53.9545 41.9915 60.2529 46.0818 63.4091  45.171   54.88 9.70802 96.2215 14.2399 13.5527 9.31829 56.1434 56.3399 48.3786 43.3425 20.3846 63.8633 78.1329
87.6865 26.7178       0 40.6795 76.7824 99.4503 91.0892 20.3456 96.3938 86.4053 47.1758 73.1849 96.2047 36.8336 67.0229 18.6316 26.0428 97.2693 79.4507 60.4049 88.1019
53.7649 79.3806 70.3562       0  19.377 71.4479 67.1756 97.0812 63.1533 80.6491 77.6105 23.7582 11.0834 4.70953  25.422 55.4351 72.3629 71.3514 12.1076 50.2747 17.7735
60.9532 5.06764 1.29876 51.1746       0  44.294 35.2682 21.6184 50.9953 25.7401 85.6723  97.789 14.0234 70.7738  80.803 7.98072 5.89595 98.2746 26.4769 81.1954 6.19314
22.9847  96.437 36.6051 24.9237 32.0637       0  54.413 28.5635 28.5798 14.2213 22.7349 65.9773 92.9001 61.2929 42.0758 28.5953 61.1059 89.0328 61.1037 41.4271 63.5558
36.4958 10.6839 10.1993 41.7541 16.3247 37.4162       0 3.01037 16.0894 58.9513 53.6896 20.9177 91.0156 5.07533 95.3268 35.9457 62.1818 38.1282 40.9255  91.746 11.8607
44.5103 27.4146 81.2547 44.3665 46.8753 26.6724 37.5876       0 38.4402 78.6601 19.1604 10.7051 68.3382 2.05327 6.77407 8.79232 49.0096 63.8801 56.6257 57.2324 73.4405
84.0089 91.1854 84.1662 31.4604 85.8569 91.3296 37.8878 44.0373       0 54.8441 68.8239 1.31152 50.1708 86.5963 10.6735 25.0564  58.705 41.1871   89.59 82.3147 70.1931
23.2925 99.5118 26.0636  21.151 8.25585 68.6013 14.8068 71.5298 42.5418       0 1.84404 93.5448 86.4974  62.536 60.3907 47.8333 60.8654 32.1833 41.7581 25.4894 52.4253
95.6223 94.9834 66.2167  4.8523 64.5903 74.5162 24.3219 72.0753 76.4675 15.5497       0 94.1592  32.377 9.86465 28.2782 72.0147 91.2722 47.4774 66.9743 47.3143 30.2535
67.2938 79.3112 66.4655 84.4149 27.8484 51.5825 82.9697 7.44642  72.538 9.72407 77.5319       0 63.4107  99.149 18.9918 80.1998 15.0449 88.5657 32.9325 2.69923 34.0564
47.4178 87.1984 51.7815 62.6071 47.9354 45.3837 14.2572 62.6191 61.8873 56.9692 87.2494 40.7206       0 58.7408 96.2244 14.8562  78.497 57.2261 39.0274 4.94017 12.8303
63.0592 48.7484 45.5974 74.2086 22.5698 92.8932 94.7698 39.2509 73.5488  77.703  38.744 71.7697 55.1352       0 31.9878 96.4367 46.7073 19.8403 38.3257 58.4219 79.5283
10.8705 40.2644 70.5331 84.7136 78.0229 59.0539 27.2637 41.7146 93.1564 59.7193 3.27207 82.2054 61.1997 13.1724       0 61.0028 22.0256 93.4617 31.2071 28.1762 15.2518
47.3443 10.1831 48.2185 98.2122  71.859 76.4474 96.1153 17.0321 89.4508  84.549 1.47068 62.4555 25.6596 51.6408 57.5173       0 7.09236  18.332 28.0602 65.0439 53.2574
94.1491 84.2442 55.2813 83.4078 63.3238 9.21793  32.186  27.816 75.5591 92.7925 96.6953 25.4593 75.0529 10.9637 36.0631 91.7635       0 81.0222 75.4539 98.3474 71.2743
 39.843 83.7746 96.9477 65.9683 22.3895 5.92914 52.9361 78.3022 76.0791 97.1595 80.9321  1.3658 70.9048 80.5106 89.8189 66.7768 29.8179       0 94.0872 83.8019 71.4842
 80.956  93.192 39.4039 82.3783 3.31941 62.3043 87.4449 53.9199 33.4881 12.9161 55.3148 31.2794 25.9711 1.81161 44.1136 65.6055 31.1488  76.037       0 54.6339  35.572
 48.561  7.5367 54.7931 9.47143 83.4748 16.4738 99.7873 41.6228  47.089 35.3342 57.2707 26.3034 68.5977 96.4611 97.5991 52.1543 29.4863 41.8875 7.63723       0 95.7637
16.8643 79.3969 91.9311 32.1851 26.2418 69.5195 27.4523 2.62408 48.1544 73.6271 95.4818 58.4607 65.0639 12.8877 98.6835 94.0551 1.83261 33.7434 41.5646 50.7762       0
