
1	318.156
2	318.154
3	318.15
4	318.147
5	318.143
6	318.138
7	318.133
8	318.128
9	318.121
10	318.115
11	318.106
12	318.098
13	318.088
14	318.078
15	318.066
16	318.054
17	318.038
18	318.023
19	318.004
20	317.986
21	317.962
22	317.94
23	317.91
24	317.882
25	317.846
26	317.811
27	317.767
28	317.724
29	317.669
30	317.616
31	317.548
32	317.482
33	317.398
34	317.316
35	317.212
36	317.111
37	316.982
38	316.856
39	316.696
40	316.541
41	316.342
42	316.15
43	315.902
44	315.663
45	315.354
46	315.056
47	314.67
48	314.297
49	313.814
50	313.347
51	312.739
52	312.151
53	311.381
54	310.637
55	309.656
56	308.709
57	307.597
58	306.409
59	304.831
60	303.624
61	308.885
62	301.475
63	306.609
64	299.133
65	303.229
66	296.001
67	298.412
68	291.946
69	292.664
70	285.917
71	284.23
72	278.371
73	272.722
74	268.457
75	258.755
76	247.543
77	231.839
78	205.389
79	164.231
80	92.0977
81	84.586
82	143.457