
1	315.121	314.058	311.918	311.868	309.385	315.138	306.627	309.447	312.776	309.589	265.68	260.589	264.95	268.088	261.418	255.82	262.615	260.907	255.432	266.918	260.569	260.849	258.638	258.945	264.002	262.467	256.026	272.04	268.606	260.723	257.658	262.371	267	264.406	261.974	250.651	258.24	255.742	260.085	259.726	258.584	255.324	261.222	263.498	256.118	258.566	259.927	268.063	260.535	262.439	258.866	259.757	261.109	258.677	264.408	260.989	259.101	262.42	260.253	262.823	1	1	1	1	1	1	1	1	1	1	
2	315.118	314.055	311.916	311.866	309.383	315.134	306.624	309.444	312.774	309.586	265.678	260.587	264.947	268.086	261.415	255.818	262.613	260.903	255.43	266.916	260.568	260.847	258.636	258.944	264	262.465	256.023	272.039	268.602	260.722	257.655	262.369	266.996	264.403	261.972	250.647	258.24	255.739	260.083	259.723	258.582	255.322	261.219	263.495	256.115	258.563	259.925	268.061	260.532	262.437	258.866	259.756	261.108	258.675	264.405	260.987	259.098	262.416	260.249	262.821	1	1	1	1	1	1	1	1	1	1	
3	315.116	314.053	311.913	311.863	309.38	315.13	306.622	309.442	312.771	309.583	265.675	260.584	264.945	268.083	261.413	255.815	262.61	260.901	255.428	266.914	260.565	260.845	258.633	258.941	263.997	262.462	256.02	272.036	268.6	260.72	257.653	262.366	266.993	264.401	261.968	250.644	258.237	255.737	260.081	259.72	258.579	255.32	261.217	263.492	256.113	258.56	259.921	268.058	260.529	262.434	258.863	259.753	261.106	258.672	264.402	260.984	259.096	262.414	260.247	262.819	1	1	1	1	1	1	1	1	1	1	
4	315.113	314.05	311.91	311.86	309.377	315.126	306.619	309.439	312.768	309.58	265.672	260.582	264.942	268.081	261.41	255.812	262.608	260.898	255.426	266.911	260.562	260.842	258.629	258.938	263.994	262.459	256.017	272.033	268.597	260.717	257.651	262.363	266.99	264.398	261.965	250.641	258.235	255.734	260.078	259.717	258.576	255.317	261.214	263.489	256.11	258.558	259.918	268.055	260.526	262.43	258.861	259.751	261.103	258.67	264.399	260.982	259.092	262.412	260.244	262.816	1	1	1	1	1	1	1	1	1	1	
5	315.109	314.046	311.907	311.857	309.374	315.12	306.615	309.435	312.764	309.576	265.669	260.579	264.939	268.077	261.406	255.808	262.605	260.895	255.423	266.907	260.558	260.839	258.625	258.935	263.99	262.456	256.013	272.03	268.593	260.715	257.648	262.359	266.987	264.395	261.961	250.638	258.232	255.732	260.075	259.713	258.572	255.314	261.211	263.485	256.107	258.554	259.914	268.051	260.523	262.426	258.858	259.748	261.1	258.667	264.396	260.979	259.089	262.409	260.24	262.813	1	1	1	1	1	1	1	1	1	1	
6	315.105	314.042	311.903	311.853	309.37	315.115	306.611	309.432	312.761	309.573	265.666	260.575	264.936	268.074	261.403	255.804	262.602	260.892	255.42	266.904	260.555	260.836	258.621	258.932	263.986	262.452	256.009	272.026	268.59	260.712	257.645	262.355	266.984	264.391	261.957	250.634	258.228	255.728	260.072	259.709	258.568	255.31	261.208	263.48	256.103	258.551	259.909	268.047	260.52	262.422	258.854	259.745	261.097	258.664	264.393	260.975	259.085	262.406	260.237	262.81	1	1	1	1	1	1	1	1	1	1	
7	315.101	314.038	311.899	311.848	309.366	315.108	306.607	309.427	312.756	309.568	265.662	260.572	264.933	268.07	261.398	255.799	262.598	260.888	255.417	266.9	260.551	260.833	258.616	258.928	263.982	262.448	256.005	272.022	268.586	260.708	257.642	262.351	266.98	264.388	261.952	250.63	258.225	255.725	260.069	259.705	258.564	255.306	261.205	263.475	256.099	258.547	259.904	268.043	260.516	262.417	258.851	259.742	261.093	258.661	264.389	260.972	259.08	262.402	260.233	262.807	1	1	1	1	1	1	1	1	1	1	
8	315.097	314.034	311.894	311.844	309.361	315.101	306.603	309.423	312.752	309.564	265.657	260.568	264.929	268.066	261.394	255.794	262.594	260.884	255.413	266.895	260.546	260.829	258.611	258.924	263.977	262.444	256	272.018	268.581	260.704	257.639	262.346	266.976	264.383	261.947	250.626	258.221	255.721	260.065	259.7	258.559	255.302	261.201	263.47	256.094	258.542	259.899	268.038	260.511	262.412	258.847	259.738	261.089	258.657	264.384	260.968	259.075	262.399	260.228	262.803	1	1	1	1	1	1	1	1	1	1	
9	315.091	314.029	311.889	311.838	309.356	315.094	306.597	309.418	312.747	309.558	265.653	260.563	264.924	268.061	261.389	255.788	262.59	260.88	255.409	266.891	260.541	260.824	258.605	258.92	263.972	262.439	255.994	272.013	268.576	260.7	257.635	262.34	266.971	264.379	261.941	250.621	258.216	255.717	260.061	259.694	258.554	255.297	261.196	263.464	256.089	258.537	259.893	268.032	260.506	262.406	258.842	259.734	261.085	258.653	264.379	260.963	259.07	262.395	260.223	262.799	1	1	1	1	1	1	1	1	1	1	
10	315.086	314.023	311.883	311.833	309.35	315.085	306.592	309.412	312.741	309.553	265.647	260.558	264.919	268.056	261.383	255.781	262.585	260.875	255.404	266.885	260.535	260.819	258.599	258.915	263.966	262.434	255.988	272.007	268.57	260.695	257.63	262.334	266.966	264.373	261.935	250.615	258.212	255.712	260.056	259.688	258.548	255.292	261.192	263.457	256.084	258.532	259.886	268.026	260.501	262.399	258.837	259.73	261.08	258.648	264.374	260.958	259.064	262.39	260.217	262.794	1	1	1	1	1	1	1	1	1	1	
11	315.04	314.017	311.877	311.827	309.343	315.108	306.585	309.406	312.735	309.546	265.642	260.553	264.914	268.051	261.377	255.775	262.58	260.869	255.399	266.879	260.529	260.814	258.592	258.909	263.959	262.427	255.981	272.002	268.564	260.69	257.625	262.327	266.961	264.368	261.928	250.609	258.206	255.707	260.051	259.681	258.542	255.286	261.186	263.45	256.078	258.526	259.879	268.02	260.495	262.392	258.832	259.725	261.075	258.643	264.368	260.953	259.057	262.385	260.211	262.789	1	1	1	1	1	1	1	1	1	1	
12	315.072	314.01	311.87	311.819	309.336	315.065	306.578	309.398	312.727	309.539	265.635	260.546	264.908	268.044	261.37	255.766	262.574	260.863	255.393	266.872	260.522	260.807	258.584	258.903	263.952	262.421	255.973	271.994	268.557	260.684	257.62	262.32	266.954	264.361	261.92	250.602	258.2	255.701	260.045	259.673	258.535	255.279	261.18	263.442	256.071	258.519	259.87	268.012	260.488	262.383	258.825	259.719	261.069	258.637	264.361	260.947	259.05	262.379	260.204	262.783	1	1	1	1	1	1	1	1	1	1	
13	315.016	314.002	311.862	311.811	309.328	315.093	306.57	309.391	312.72	309.531	265.628	260.539	264.901	268.038	261.362	255.758	262.568	260.856	255.388	266.865	260.514	260.801	258.575	258.896	263.944	262.413	255.964	271.987	268.55	260.678	257.614	262.311	266.947	264.354	261.912	250.595	258.193	255.694	260.039	259.665	258.527	255.272	261.174	263.433	256.063	258.512	259.862	268.004	260.48	262.374	258.819	259.713	261.062	258.631	264.354	260.94	259.041	262.373	260.197	262.777	1	1	1	1	1	1	1	1	1	1	
14	315.055	313.993	311.853	311.802	309.32	315.039	306.562	309.382	312.711	309.522	265.62	260.531	264.894	268.029	261.353	255.748	262.56	260.848	255.38	266.856	260.505	260.793	258.565	258.888	263.935	262.405	255.955	271.979	268.541	260.67	257.607	262.302	266.939	264.346	261.901	250.586	258.186	255.687	260.032	259.655	258.518	255.263	261.167	263.423	256.054	258.503	259.851	267.994	260.472	262.364	258.811	259.706	261.055	258.624	264.345	260.932	259.032	262.366	260.188	262.769	1	1	1	1	1	1	1	1	1	1	
15	314.986	313.984	311.844	311.793	309.31	315.075	306.552	309.372	312.701	309.512	265.611	260.523	264.886	268.021	261.344	255.737	262.552	260.839	255.373	266.847	260.496	260.785	258.554	258.879	263.925	262.396	255.944	271.97	268.532	260.662	257.6	262.292	266.931	264.337	261.891	250.577	258.177	255.679	260.024	259.645	258.508	255.255	261.159	263.411	256.045	258.494	259.84	267.984	260.462	262.353	258.803	259.698	261.047	258.616	264.336	260.924	259.022	262.358	260.179	262.762	1	1	1	1	1	1	1	1	1	1	
16	315.035	313.973	311.833	311.781	309.299	315.008	306.541	309.361	312.69	309.501	265.601	260.513	264.876	268.01	261.333	255.724	262.543	260.83	255.364	266.837	260.485	260.775	258.542	258.87	263.913	262.385	255.932	271.959	268.521	260.653	257.591	262.28	266.921	264.327	261.879	250.566	258.168	255.67	260.015	259.633	258.497	255.244	261.149	263.399	256.034	258.483	259.827	267.972	260.452	262.34	258.793	259.689	261.037	258.607	264.326	260.914	259.01	262.349	260.168	262.752	1	1	1	1	1	1	1	1	1	1	
17	314.949	313.961	311.821	311.77	309.287	315.052	306.529	309.349	312.679	309.488	265.59	260.503	264.866	268	261.322	255.712	262.533	260.819	255.355	266.826	260.473	260.765	258.529	258.859	263.901	262.374	255.919	271.948	268.509	260.643	257.582	262.267	266.91	264.316	261.865	250.555	258.158	255.66	260.006	259.62	258.485	255.233	261.14	263.385	256.023	258.472	259.813	267.96	260.44	262.326	258.783	259.68	261.027	258.597	264.315	260.904	258.998	262.34	260.157	262.743	1	1	1	1	1	1	1	1	1	1	
18	315.009	313.948	311.807	311.755	309.273	314.97	306.516	309.336	312.664	309.475	265.577	260.491	264.854	267.987	261.308	255.696	262.521	260.807	255.343	266.812	260.459	260.753	258.513	258.847	263.887	262.361	255.905	271.934	268.496	260.632	257.572	262.253	266.898	264.304	261.85	250.541	258.146	255.649	259.994	259.606	258.471	255.22	261.128	263.37	256.01	258.459	259.797	267.946	260.427	262.311	258.77	259.669	261.016	258.586	264.302	260.892	258.984	262.328	260.143	262.731	1	1	1	1	1	1	1	1	1	1	
19	314.904	313.933	311.793	311.741	309.258	315.024	306.5	309.321	312.651	309.46	265.564	260.478	264.842	267.975	261.294	255.68	262.509	260.794	255.332	266.799	260.445	260.74	258.497	258.834	263.872	262.347	255.888	271.921	268.482	260.62	257.56	262.237	266.885	264.291	261.834	250.527	258.134	255.637	259.983	259.59	258.456	255.207	261.116	263.352	255.996	258.445	259.781	267.931	260.413	262.293	258.758	259.658	261.003	258.574	264.288	260.88	258.968	262.317	260.129	262.72	1	1	1	1	1	1	1	1	1	1	
20	314.978	313.917	311.776	311.723	309.242	314.923	306.484	309.304	312.633	309.443	265.548	260.463	264.827	267.959	261.277	255.661	262.495	260.779	255.318	266.782	260.428	260.725	258.477	258.819	263.855	262.331	255.87	271.904	268.465	260.606	257.548	262.219	266.87	264.276	261.815	250.511	258.119	255.623	259.969	259.572	258.439	255.191	261.102	263.333	255.979	258.428	259.76	267.912	260.397	262.274	258.743	259.644	260.989	258.561	264.272	260.865	258.95	262.303	260.112	262.706	1	1	1	1	1	1	1	1	1	1	
21	314.847	313.899	311.758	311.706	309.223	314.989	306.465	309.286	312.616	309.424	265.532	260.448	264.812	267.944	261.26	255.641	262.48	260.763	255.304	266.766	260.41	260.71	258.458	258.803	263.836	262.314	255.85	271.887	268.448	260.591	257.534	262.2	266.854	264.259	261.795	250.493	258.104	255.608	259.954	259.552	258.42	255.175	261.087	263.312	255.962	258.412	259.74	267.894	260.379	262.253	258.728	259.63	260.974	258.546	264.255	260.849	258.931	262.289	260.095	262.691	1	1	1	1	1	1	1	1	1	1	
22	314.939	313.878	311.737	311.684	309.203	314.864	306.445	309.265	312.594	309.404	265.512	260.428	264.794	267.924	261.239	255.617	262.462	260.745	255.287	266.745	260.389	260.692	258.433	258.784	263.814	262.294	255.828	271.867	268.427	260.574	257.518	262.178	266.835	264.24	261.772	250.473	258.086	255.591	259.937	259.53	258.399	255.154	261.07	263.288	255.941	258.391	259.715	267.871	260.359	262.229	258.709	259.613	260.956	258.529	264.235	260.831	258.909	262.272	260.074	262.674	1	1	1	1	1	1	1	1	1	1	
23	314.777	313.856	311.715	311.662	309.18	314.946	306.422	309.243	312.573	309.38	265.492	260.41	264.775	267.905	261.217	255.592	262.444	260.725	255.27	266.725	260.367	260.673	258.409	258.764	263.791	262.273	255.803	271.846	268.405	260.555	257.5	262.154	266.815	264.219	261.747	250.452	258.066	255.572	259.919	259.506	258.376	255.134	261.051	263.262	255.92	258.37	259.689	267.848	260.338	262.203	258.69	259.596	260.937	258.511	264.214	260.812	258.885	262.254	260.053	262.655	1	1	1	1	1	1	1	1	1	1	
24	314.89	313.831	311.689	311.635	309.154	314.792	306.397	309.217	312.546	309.355	265.468	260.386	264.753	267.88	261.191	255.563	262.422	260.702	255.249	266.699	260.342	260.65	258.379	258.742	263.764	262.249	255.775	271.821	268.38	260.534	257.481	262.126	266.791	264.196	261.718	250.426	258.044	255.551	259.898	259.478	258.35	255.109	261.03	263.233	255.895	258.345	259.658	267.82	260.313	262.173	258.667	259.575	260.915	258.49	264.19	260.789	258.858	262.233	260.027	262.634	1	1	1	1	1	1	1	1	1	1	
25	314.691	313.803	311.662	311.608	309.126	314.893	306.368	309.19	312.519	309.325	265.443	260.362	264.729	267.857	261.165	255.532	262.399	260.678	255.227	266.674	260.314	260.626	258.349	258.717	263.736	262.222	255.745	271.795	268.353	260.511	257.459	262.097	266.767	264.171	261.687	250.4	258.02	255.528	259.876	259.448	258.322	255.084	261.006	263.2	255.868	258.319	259.627	267.792	260.286	262.14	258.643	259.553	260.892	258.467	264.163	260.765	258.828	262.211	260.001	262.611	1	1	1	1	1	1	1	1	1	1	
26	314.83	313.772	311.63	311.574	309.095	314.702	306.338	309.158	312.486	309.294	265.413	260.333	264.702	267.827	261.133	255.496	262.372	260.649	255.201	266.642	260.282	260.598	258.312	258.689	263.703	262.192	255.71	271.763	268.322	260.485	257.435	262.063	266.738	264.142	261.652	250.368	257.993	255.502	259.849	259.414	258.289	255.053	260.98	263.164	255.837	258.288	259.589	267.757	260.256	262.104	258.614	259.527	260.865	258.441	264.133	260.738	258.795	262.185	259.969	262.585	1	1	1	1	1	1	1	1	1	1	
27	314.584	313.738	311.596	311.541	309.059	314.826	306.302	309.123	312.453	309.258	265.382	260.304	264.673	267.797	261.1	255.458	262.344	260.619	255.175	266.611	260.248	260.569	258.274	258.658	263.667	262.158	255.672	271.731	268.289	260.456	257.408	262.026	266.707	264.11	261.614	250.335	257.963	255.473	259.822	259.377	258.254	255.022	260.951	263.123	255.804	258.256	259.55	267.722	260.222	262.063	258.585	259.501	260.836	258.414	264.1	260.708	258.758	262.157	259.937	262.557	1	1	1	1	1	1	1	1	1	1	
28	314.756	313.699	311.556	311.499	309.02	314.591	306.264	309.084	312.412	309.219	265.345	260.268	264.638	267.76	261.06	255.413	262.31	260.584	255.142	266.572	260.209	260.534	258.228	258.623	263.626	262.122	255.63	271.693	268.25	260.423	257.378	261.984	266.671	264.075	261.569	250.296	257.929	255.441	259.789	259.335	258.214	254.984	260.918	263.079	255.765	258.217	259.502	267.679	260.185	262.018	258.55	259.468	260.802	258.381	264.064	260.673	258.717	262.125	259.897	262.524	1	1	1	1	1	1	1	1	1	1	
29	314.452	313.656	311.514	311.458	308.977	314.744	306.219	309.041	312.371	309.174	265.307	260.232	264.603	267.723	261.019	255.366	262.275	260.546	255.109	266.533	260.166	260.497	258.182	258.585	263.582	262.08	255.582	271.653	268.208	260.388	257.345	261.939	266.634	264.035	261.522	250.256	257.893	255.405	259.755	259.288	258.171	254.946	260.883	263.028	255.725	258.177	259.454	267.636	260.143	261.968	258.514	259.435	260.766	258.347	264.023	260.636	258.671	262.091	259.857	262.489	1	1	1	1	1	1	1	1	1	1	
30	314.664	313.609	311.465	311.406	308.928	314.454	306.172	308.992	312.32	309.126	265.261	260.187	264.56	267.677	260.97	255.31	262.233	260.503	255.069	266.484	260.118	260.454	258.125	258.542	263.531	262.035	255.53	271.605	268.16	260.347	257.308	261.886	266.589	263.991	261.467	250.207	257.85	255.365	259.714	259.236	258.121	254.898	260.842	262.973	255.676	258.129	259.395	267.582	260.096	261.912	258.469	259.395	260.725	258.306	263.977	260.594	258.621	262.051	259.808	262.449	1	1	1	1	1	1	1	1	1	1	
31	314.289	313.556	311.413	311.355	308.874	314.643	306.117	308.94	312.27	309.07	265.213	260.142	264.516	267.632	260.919	255.252	262.19	260.456	255.028	266.436	260.065	260.409	258.067	258.494	263.476	261.983	255.471	271.555	268.109	260.303	257.266	261.83	266.542	263.942	261.409	250.157	257.805	255.32	259.672	259.179	258.067	254.85	260.798	262.91	255.626	258.079	259.335	267.528	260.045	261.849	258.425	259.354	260.68	258.264	263.926	260.548	258.564	262.008	259.758	262.405	1	1	1	1	1	1	1	1	1	1	
32	314.549	313.496	311.352	311.29	308.814	314.284	306.058	308.879	312.206	309.011	265.156	260.086	264.462	267.574	260.858	255.182	262.137	260.402	254.977	266.376	260.005	260.355	257.997	258.44	263.414	261.927	255.406	271.496	268.049	260.253	257.22	261.765	266.487	263.888	261.341	250.096	257.752	255.271	259.621	259.114	258.005	254.792	260.747	262.842	255.566	258.02	259.262	267.462	259.987	261.78	258.37	259.304	260.628	258.214	263.869	260.495	258.501	261.959	259.696	262.355	1	1	1	1	1	1	1	1	1	1	
33	314.086	313.431	311.287	311.227	308.747	314.516	305.99	308.813	312.144	308.941	265.096	260.03	264.407	267.518	260.795	255.11	262.084	260.343	254.927	266.315	259.939	260.299	257.924	258.381	263.345	261.863	255.333	271.435	267.986	260.197	257.169	261.695	266.428	263.827	261.268	250.034	257.696	255.216	259.569	259.042	257.938	254.732	260.692	262.764	255.503	257.958	259.188	267.395	259.923	261.702	258.314	259.253	260.573	258.161	263.806	260.437	258.43	261.906	259.635	262.301	1	1	1	1	1	1	1	1	1	1	
34	314.406	313.357	311.211	311.146	308.672	314.073	305.917	308.738	312.064	308.868	265.026	259.961	264.341	267.446	260.719	255.023	262.018	260.276	254.864	266.241	259.864	260.231	257.837	258.315	263.267	261.793	255.252	271.36	267.911	260.135	257.111	261.615	266.36	263.759	261.183	249.959	257.63	255.154	259.505	258.962	257.862	254.659	260.628	262.679	255.429	257.884	259.097	267.313	259.851	261.616	258.246	259.19	260.508	258.098	263.735	260.372	258.352	261.844	259.558	262.238	1	1	1	1	1	1	1	1	1	1	
35	313.834	313.275	311.131	311.068	308.589	314.358	305.832	308.656	311.987	308.781	264.952	259.892	264.273	267.376	260.64	254.934	261.952	260.203	254.801	266.166	259.783	260.162	257.747	258.241	263.182	261.713	255.161	271.284	267.832	260.066	257.047	261.528	266.287	263.683	261.093	249.881	257.561	255.085	259.441	258.872	257.778	254.585	260.561	262.582	255.351	257.808	259.005	267.23	259.771	261.519	258.176	259.128	260.439	258.033	263.657	260.3	258.264	261.778	259.482	262.171	1	1	1	1	1	1	1	1	1	1	
36	314.229	313.183	311.035	310.967	308.496	313.811	305.741	308.562	311.888	308.689	264.864	259.805	264.19	267.287	260.546	254.825	261.87	260.12	254.723	266.073	259.69	260.078	257.639	258.158	263.085	261.626	255.06	271.191	267.739	259.988	256.975	261.428	266.201	263.599	260.988	249.788	257.478	255.008	259.361	258.773	257.683	254.495	260.48	262.476	255.258	257.715	258.892	267.127	259.682	261.412	258.092	259.049	260.359	257.954	263.569	260.218	258.166	261.701	259.386	262.092	1	1	1	1	1	1	1	1	1	1	
37	313.521	313.081	310.935	310.869	308.391	314.162	305.636	308.46	311.791	308.581	264.771	259.718	264.105	267.199	260.447	254.714	261.788	260.029	254.644	265.979	259.588	259.991	257.527	258.066	262.979	261.526	254.947	271.097	267.641	259.902	256.895	261.32	266.111	263.503	260.875	249.691	257.392	254.922	259.281	258.661	257.579	254.401	260.397	262.354	255.161	257.62	258.776	267.023	259.582	261.292	258.004	258.971	260.273	257.873	263.471	260.129	258.057	261.619	259.292	262.009	1	1	1	1	1	1	1	1	1	1	
38	314.007	312.966	310.817	310.744	308.275	313.486	305.522	308.343	311.668	308.467	264.662	259.61	264.002	267.089	260.33	254.578	261.684	259.926	254.546	265.863	259.472	259.886	257.392	257.963	262.857	261.419	254.821	270.981	267.525	259.805	256.806	261.194	266.004	263.399	260.744	249.575	257.289	254.825	259.181	258.538	257.46	254.289	260.296	262.224	255.045	257.505	258.636	266.895	259.471	261.159	257.899	258.872	260.172	257.774	263.361	260.027	257.935	261.523	259.172	261.91	1	1	1	1	1	1	1	1	1	1	
39	313.133	312.839	310.692	310.622	308.145	313.916	305.39	308.216	311.547	308.332	264.545	259.502	263.895	266.977	260.207	254.44	261.582	259.811	254.448	265.746	259.344	259.778	257.251	257.848	262.726	261.293	254.68	270.864	267.403	259.697	256.705	261.06	265.89	263.279	260.603	249.454	257.181	254.719	259.082	258.397	257.33	254.172	260.192	262.071	254.924	257.386	258.492	266.766	259.346	261.007	257.79	258.774	260.066	257.673	263.239	259.916	257.799	261.419	259.055	261.806	1	1	1	1	1	1	1	1	1	1	
40	313.729	312.696	310.544	310.466	308	313.081	305.249	308.069	311.393	308.189	264.409	259.367	263.766	266.841	260.061	254.27	261.452	259.682	254.325	265.602	259.2	259.647	257.084	257.719	262.573	261.159	254.523	270.718	267.257	259.575	256.594	260.903	265.757	263.15	260.439	249.309	257.051	254.597	258.955	258.244	257.182	254.032	260.065	261.908	254.779	257.241	258.316	266.605	259.208	260.842	257.658	258.651	259.939	257.549	263.101	259.788	257.647	261.3	258.904	261.682	1	1	1	1	1	1	1	1	1	1	
41	312.648	312.537	310.387	310.312	307.837	313.609	305.083	307.91	311.242	308.02	264.263	259.231	263.632	266.7	259.907	254.097	261.325	259.538	254.201	265.455	259.04	259.511	256.907	257.574	262.409	261.002	254.346	270.572	267.105	259.44	256.467	260.736	265.615	262.999	260.262	249.157	256.917	254.464	258.832	258.066	257.019	253.885	259.936	261.716	254.628	257.093	258.136	266.445	259.05	260.652	257.521	258.528	259.806	257.423	262.949	259.649	257.476	261.169	258.758	261.551	1	1	1	1	1	1	1	1	1	1	
42	313.379	312.357	310.201	310.117	307.656	312.576	304.906	307.726	311.049	307.841	264.093	259.062	263.47	266.53	259.724	253.883	261.16	259.377	254.047	265.274	258.859	259.346	256.699	257.413	262.216	260.835	254.15	270.389	266.921	259.287	256.328	260.538	265.447	262.838	260.058	248.977	256.752	254.31	258.672	257.875	256.835	253.71	259.774	261.513	254.447	256.912	257.916	266.242	258.878	260.446	257.357	258.373	259.646	257.265	262.775	259.488	257.285	261.019	258.568	261.395	1	1	1	1	1	1	1	1	1	1	
43	312.043	312.157	310.005	309.924	307.451	313.222	304.698	307.527	310.859	307.629	263.909	258.891	263.302	266.352	259.529	253.667	261.002	259.194	253.892	265.09	258.658	259.176	256.475	257.23	262.011	260.637	253.927	270.206	266.732	259.116	256.168	260.329	265.268	262.646	259.836	248.785	256.586	254.144	258.517	257.651	256.629	253.524	259.614	261.27	254.257	256.725	257.69	266.043	258.679	260.206	257.183	258.218	259.48	257.109	262.586	259.313	257.072	260.854	258.386	261.231	1	1	1	1	1	1	1	1	1	1	
44	312.939	311.931	309.772	309.678	307.223	311.945	304.475	307.296	310.617	307.404	263.696	258.678	263.098	266.139	259.302	253.397	260.793	258.993	253.697	264.863	258.431	258.968	256.215	257.029	261.768	260.427	253.681	269.975	266.5	258.923	255.993	260.081	265.057	262.445	259.579	248.559	256.376	253.949	258.314	257.413	256.398	253.306	259.407	261.017	254.028	256.498	257.413	265.787	258.465	259.948	256.977	258.021	259.277	256.908	262.365	259.11	256.832	260.666	258.145	261.034	1	1	1	1	1	1	1	1	1	1	
45	311.287	311.68	309.524	309.435	306.965	312.733	304.214	307.045	310.377	307.137	263.462	258.462	262.887	265.912	259.055	253.126	260.596	258.761	253.5	264.63	258.178	258.754	255.932	256.797	261.51	260.177	253.399	269.747	266.263	258.707	255.79	259.819	264.832	262.202	259.299	248.317	256.168	253.74	258.121	257.128	256.138	253.069	259.208	260.709	253.79	256.262	257.13	265.537	258.211	259.645	256.757	257.826	259.07	256.714	262.127	258.889	256.565	260.456	257.919	260.826	1	1	1	1	1	1	1	1	1	1	
46	312.382	311.394	309.229	309.126	306.677	311.156	303.931	306.753	310.072	306.852	263.195	258.194	262.628	265.646	258.769	252.783	260.328	258.509	253.255	264.344	257.891	258.49	255.605	256.544	261.202	259.915	253.091	269.453	265.968	258.462	255.569	259.505	264.566	261.951	258.977	248.033	255.901	253.492	257.862	256.83	255.849	252.796	258.942	260.392	253.502	255.975	256.781	265.212	257.944	259.322	256.498	257.576	258.811	256.456	261.847	258.632	256.26	260.22	257.612	260.576	1	1	1	1	1	1	1	1	1	1	
47	310.337	311.076	308.917	308.818	306.351	312.115	303.602	306.435	309.768	306.516	262.898	257.92	262.361	265.355	258.456	252.442	260.081	258.211	253.004	264.049	257.571	258.22	255.246	256.248	260.877	259.597	252.733	269.167	265.671	258.187	255.311	259.175	264.281	261.64	258.62	247.726	255.64	253.229	257.619	256.467	255.519	252.494	258.693	259.999	253.2	255.677	256.423	264.898	257.62	258.936	256.218	257.328	258.551	256.213	261.549	258.353	255.924	259.951	257.329	260.312	1	1	1	1	1	1	1	1	1	1	
48	311.674	310.714	308.543	308.426	305.985	310.164	303.243	306.066	309.383	306.155	262.56	257.58	262.032	265.021	258.096	252.006	259.736	257.895	252.692	263.687	257.208	257.883	254.835	255.929	260.484	259.266	252.345	268.792	265.295	257.875	255.031	258.776	263.942	261.325	258.215	247.368	255.296	252.911	257.286	256.094	255.154	252.149	258.351	259.601	252.835	255.314	255.98	264.486	257.285	258.531	255.89	257.009	258.219	255.881	261.19	258.026	255.538	259.652	256.936	259.994	1	1	1	1	1	1	1	1	1	1	
49	309.142	310.31	308.145	308.035	305.571	311.327	302.825	305.662	308.996	305.728	262.18	257.229	261.692	264.645	257.695	251.573	259.427	257.512	252.372	263.311	256.802	257.541	254.376	255.55	260.073	258.861	251.888	268.432	264.922	257.524	254.699	258.361	263.579	260.926	257.76	246.976	254.969	252.58	256.981	255.626	254.734	251.762	258.039	259.097	252.452	254.935	255.527	264.09	256.869	258.037	255.531	256.693	257.892	255.577	260.814	257.671	255.114	259.306	256.583	259.656	1	1	1	1	1	1	1	1	1	1	
50	310.768	309.848	307.67	307.536	305.105	308.914	302.368	305.191	308.505	305.268	261.753	256.796	261.271	264.226	257.241	251.015	258.98	257.112	251.972	262.852	256.34	257.11	253.857	255.146	259.569	258.444	251.397	267.951	264.439	257.124	254.344	257.851	263.148	260.529	257.246	246.523	254.523	252.168	256.55	255.157	254.273	251.327	257.593	258.596	251.988	254.473	254.963	263.561	256.448	257.526	255.116	256.282	257.464	255.145	260.353	257.253	254.621	258.927	256.076	259.248	1	1	1	1	1	1	1	1	1	1	
51	307.631	309.333	307.161	307.036	304.577	310.318	301.834	304.676	308.01	304.723	261.264	256.346	260.837	263.736	256.725	250.464	258.591	256.616	251.561	262.371	255.82	256.673	253.266	254.657	259.048	257.922	250.811	267.497	263.968	256.672	253.916	257.326	262.682	260.012	256.663	246.02	254.111	251.749	256.164	254.552	253.734	250.827	257.202	257.944	251.498	253.988	254.386	263.061	255.91	256.89	254.653	255.877	257.051	254.763	259.876	256.798	254.082	258.478	255.632	258.815	1	1	1	1	1	1	1	1	1	1	
52	309.602	308.741	306.552	306.398	303.98	307.332	301.248	304.073	307.383	304.133	260.72	255.792	260.296	263.207	256.15	249.746	258.006	256.109	251.046	261.784	255.23	256.117	252.609	254.143	258.398	257.395	250.186	266.876	263.344	256.156	253.462	256.67	262.129	259.511	256.009	245.446	253.528	251.213	255.601	253.96	253.148	250.274	256.615	257.311	250.904	253.396	253.664	262.38	255.38	256.243	254.123	255.345	256.495	254.198	259.279	256.26	253.449	257.994	254.974	258.287	1	1	1	1	1	1	1	1	1	1	
53	305.714	308.079	305.898	305.753	303.301	309.017	300.563	303.41	306.746	303.435	260.086	255.209	259.738	262.563	255.481	249.041	257.515	255.46	250.514	261.164	254.561	255.557	251.843	253.507	257.731	256.719	249.429	266.301	262.747	255.569	252.904	256.004	261.529	258.836	255.256	244.794	253.008	250.68	255.113	253.171	252.453	249.624	256.125	256.461	250.276	252.773	252.924	261.745	254.677	255.418	253.523	254.821	255.97	253.717	258.673	255.674	252.763	257.408	254.417	257.726	1	1	1	1	1	1	1	1	1	1	
54	308.09	307.315	305.113	304.933	302.53	305.322	299.806	302.633	305.938	302.673	259.39	254.495	259.035	261.894	254.748	248.108	256.742	254.814	249.845	260.411	253.802	254.835	251.005	252.85	256.886	256.048	248.631	265.492	261.935	254.899	252.322	255.153	260.814	258.202	254.419	244.062	252.239	249.975	254.371	252.421	251.705	248.918	255.344	255.657	249.512	252.011	251.994	260.86	254.009	254.596	252.843	254.126	255.243	252.969	257.893	254.975	251.944	256.786	253.554	257.039	1	1	1	1	1	1	1	1	1	1	
55	303.267	306.459	304.266	304.097	301.652	307.328	298.921	301.776	305.111	301.772	258.561	253.734	258.313	261.038	253.875	247.199	256.122	253.958	249.151	259.606	252.936	254.112	250.005	252.017	256.03	255.165	247.645	264.761	261.174	254.132	251.587	254.303	260.035	257.312	253.438	243.212	251.58	249.294	253.748	251.381	250.802	248.064	254.727	254.539	248.699	251.204	251.04	260.05	253.084	253.516	252.056	253.444	254.573	252.362	257.116	254.215	251.065	256.014	252.852	256.308	1	1	1	1	1	1	1	1	1	1	
56	306.113	305.465	303.245	303.033	300.649	302.753	297.936	300.766	304.063	300.779	257.665	252.808	257.395	260.188	252.937	245.979	255.09	253.131	248.276	258.632	251.953	253.165	248.932	251.17	254.923	254.31	246.618	263.698	260.109	253.252	250.836	253.192	259.104	256.506	252.361	242.274	250.554	248.359	252.761	250.428	249.842	247.158	253.678	253.513	247.708	250.215	249.832	258.893	252.236	252.466	251.177	252.528	253.611	251.361	256.089	253.301	249.999	255.207	251.712	255.404	1	1	1	1	1	1	1	1	1	1	
57	303.002	307.231	305.021	304.821	302.389	307.998	299.666	302.53	305.863	302.491	259.458	254.696	259.305	261.935	254.673	247.699	257.175	254.88	250.222	260.426	253.751	255.092	250.516	252.961	256.681	256.03	248.229	265.633	262.026	255.107	252.697	255.028	260.979	258.197	253.962	244.031	252.607	250.349	254.812	251.92	251.551	248.931	255.776	254.921	249.553	252.032	251.515	260.745	253.865	253.959	253.017	254.49	255.607	253.452	258.003	255.2	251.78	257.025	253.696	257.311	1	1	1	1	1	1	1	1	1	1	
58	307.01	306.549	304.306	304.054	301.692	302.945	298.99	301.828	305.116	301.806	258.919	254.106	258.712	261.471	254.087	246.716	256.403	254.431	249.682	259.776	253.095	254.461	249.758	252.485	255.843	255.55	247.524	264.842	261.236	254.562	252.334	254.186	260.376	257.786	253.186	243.442	251.844	249.716	254.097	251.324	250.932	248.389	254.972	254.225	248.884	251.361	250.562	259.845	253.405	253.233	252.495	253.896	254.938	252.72	257.262	254.61	251.005	256.59	252.798	256.736	1	1	1	1	1	1	1	1	1	1	
59	300.304	305.831	303.596	303.357	300.939	306.445	298.229	301.105	304.435	301.022	258.216	253.52	258.214	260.659	253.303	245.921	256.142	253.644	249.207	259.128	252.369	253.974	248.756	251.768	255.145	254.747	246.564	264.389	260.731	253.965	251.765	253.538	259.774	256.944	252.226	242.696	251.519	249.328	253.809	250.209	250.124	247.634	254.728	252.982	248.247	250.722	249.697	259.25	252.502	252.087	251.86	253.448	254.568	252.48	256.717	254.046	250.291	255.954	252.415	256.206	1	1	1	1	1	1	1	1	1	1	
60	305.163	304.986	302.71	302.409	300.073	300.295	297.389	300.237	303.513	300.171	257.577	252.803	257.478	260.15	252.622	244.66	255.121	253.136	248.54	258.338	251.568	253.181	247.847	251.209	254.074	254.212	245.716	263.377	259.729	253.281	251.349	252.478	259.035	256.494	251.28	242.012	250.517	248.507	252.871	249.522	249.392	246.994	253.653	252.154	247.429	249.897	248.503	258.11	251.998	251.226	251.234	252.691	253.709	251.513	255.773	253.314	249.326	255.433	251.25	255.477	1	1	1	1	1	1	1	1	1	1	
61	297.085	304.117	301.898	301.61	299.227	304.462	296.502	299.354	302.716	299.236	257.012	251.471	257.047	258.918	249.838	247.156	253.596	249.434	245.889	259.119	247.858	253.269	248.213	250.56	256.161	253.105	244.617	264.314	259.775	252.621	250.763	251.287	255.312	255.829	251.797	242.21	248.11	247.352	252.467	248.337	249.61	245.856	252.972	252.517	245.458	250.22	248.48	258.384	252.43	251.986	249.493	252.06	252.502	251.18	255.018	251.342	247.452	254.453	250.98	254.85	1	1	1	1	1	1	1	1	1	1	
62	302.801	302.968	300.666	300.313	298	296.795	295.324	298.186	301.472	298.041	255.891	251.09	255.925	258.503	250.487	242.451	253.287	251.189	246.842	256.616	249.209	251.58	245.549	249.614	252.113	252.461	243.364	261.605	257.819	251.665	250.12	250.172	256.947	254.882	249.021	240.27	248.579	246.848	251.255	247.243	247.528	245.16	251.899	249.761	245.388	248.11	245.945	255.921	250.342	248.901	249.525	251.158	252.042	249.951	253.856	251.565	246.994	253.944	249.203	253.874	1	1	1	1	1	1	1	1	1	1	
63	302.603	295.254	299.563	299.248	297.014	301.904	294.211	297.13	300.422	296.982	254.617	248.656	255.575	254.147	249.612	243.617	251.018	247.689	246.538	257.426	247.31	250.389	244.102	248.571	253.641	251.336	241.517	262.379	258.072	249.577	249.779	251.122	254.457	253.589	249.965	237.445	246.207	245.988	250.858	247.051	246.897	242.557	251.104	250.167	244.296	249.009	247.483	256.389	248.199	250.112	247.991	249.645	252.172	249.234	251.391	250.527	243.853	251.16	249.816	253.149	1	1	1	1	1	1	1	1	1	1	
64	290.384	299.482	298.139	297.786	295.381	301.218	292.716	295.633	298.998	295.365	253.347	248.838	254.105	255.354	247.878	239.245	251.445	249.066	245.138	254.28	247.452	249.493	242.207	247.283	249.452	249.74	239.964	259.972	255.937	249.531	248.388	247.914	254.738	252.169	246.086	237.113	246.762	245.649	249.665	243.825	245.006	242.947	250.251	245.75	243.225	245.828	242.989	253.926	247.438	245.225	247.695	249.359	250.501	248.808	251.672	249.836	244.715	251.625	247.637	251.988	1	1	1	1	1	1	1	1	1	1	
65	297.912	298.745	296.642	296.134	293.932	290.308	291.264	294.058	297.37	293.859	252.732	246.951	252.945	254.834	243.961	241.591	248.294	244.08	241.178	254.968	241.184	248.89	243.029	246.584	251.278	249.061	238.736	259.679	254.789	248.293	247.864	245.253	249.178	252.071	246.757	238.316	242.345	242.942	247.973	242.917	245.31	241.359	247.941	247.275	239.963	245.845	242.12	252.918	248.971	246.982	245.097	247.844	247.925	246.805	249.812	246.716	241.227	250.622	245.54	250.553	1	1	1	1	1	1	1	1	1	1	
66	297.347	288	294.551	294.139	291.93	296.225	289.201	292.213	295.465	291.871	250.678	246.042	251.317	252.897	244.549	235.35	249.314	245.033	242.696	251.399	242.3	246.938	237.917	244.393	245.892	247.321	236.301	256.766	252.572	246.358	246.166	244.293	251.587	249.54	241.724	235.348	244.254	242.452	247.524	239.868	241.565	239.085	247.998	241.693	239.709	242.946	238.301	249.535	244.525	241.287	244.109	246.387	248.001	246.133	248.267	246.707	240.262	249.019	244.152	248.825	1	1	1	1	1	1	1	1	1	1	
67	281.179	293.37	292.924	292.443	290.216	295.744	287.426	290.375	293.777	289.979	248.459	242.45	250.547	246.301	242.556	236.372	244.761	241.222	241.038	251.827	241.34	244.769	236.396	242.939	247.606	244.905	232.877	257.638	252.519	244.03	245.451	244.36	247.394	247.415	243.654	229.438	239.756	241.694	245.679	239.352	241.148	236.594	245.575	241.766	238.096	243.11	240.112	250.993	241.756	242.457	242.997	244.552	247.047	244.937	245.014	245.293	236.383	245.328	244.669	247.79	1	1	1	1	1	1	1	1	1	1	
68	289.785	292.153	290.126	289.476	287.229	280.945	284.727	287.618	290.894	287.162	246.816	242.013	247.767	248.86	241.024	229.012	243.82	242.441	239.411	247.448	239.373	242.709	232.802	241.028	240.782	244.028	230.937	252.585	248.166	242.523	243.789	239.436	247.638	246.298	237.167	230.381	239.099	238.988	242.803	235.65	237.873	235.632	242.668	236.118	235.885	238.77	232.889	245.184	240.987	236.097	241.244	242.564	244.03	242.022	243.434	243.286	235.594	245.414	239.592	245.002	1	1	1	1	1	1	1	1	1	1	
69	289.525	277.507	287.293	286.588	284.644	287.249	281.896	284.778	288.071	284.369	244.817	238.932	245.885	245.916	233.938	232.333	241.621	233.135	233.791	247.583	228.347	241.546	232.293	238.496	243.011	241.474	228.045	252.681	246.903	239.824	241.654	236.207	239.065	243.866	236.873	231.408	234.481	235.619	242.221	232.028	236.793	231.543	241.924	236.391	230.705	238.419	231.382	243.634	240.275	236.96	236.497	240.195	241.502	240.723	240.904	238.745	229.802	242.814	238.003	242.454	1	1	1	1	1	1	1	1	1	1	
70	269.022	285.148	285.742	285.18	282.905	288.193	280.27	283.431	286.754	282.685	242.775	238.652	245.127	243.944	234.541	223.888	242.064	237.872	235.071	243.821	234.552	239.813	227.609	237.048	236.744	238.968	225.123	251.005	245.625	239.246	240.797	235.086	242.067	241.388	231.491	226.767	236.55	237.77	241.043	227.766	234.279	232.613	241.049	227.934	231.672	235.087	226.881	242.217	237.007	228.868	238.176	239.794	241.878	241.362	240.764	240.251	233.035	242.101	237.589	241.717	1	1	1	1	1	1	1	1	1	1	
71	278.931	283.682	282.457	281.508	279.648	269.302	276.915	279.809	283.17	279.091	240.176	233.332	242.496	236.127	233.54	224.029	233.806	232.007	233.485	243.605	229.993	235.885	224.439	234.941	237.364	238.27	220.408	248.134	242.217	235.016	240.02	232.875	236.922	240.186	233.569	218.707	228.644	233.266	236.497	230.139	232.806	227.026	235.32	230.785	228.411	234.185	227.264	240.133	233.661	232.519	234.905	235.737	238.594	236.288	233.891	236.872	223.459	237.166	234.45	238.344	1	1	1	1	1	1	1	1	1	1	
72	278.288	264.105	277.713	276.828	274.769	275.604	272.354	275.457	278.585	274.616	236.745	231.534	238.804	235.83	230.337	213.858	236.563	229.017	232.127	237.81	224.735	233.428	215.965	230.546	228.65	235.136	216.042	243.291	237.643	231.336	236.012	228.446	236.948	235.789	221.87	219.636	231.101	229.688	236.047	221.733	226.703	221.92	235.987	219.057	224.977	228.894	217.387	232.093	228.996	220.911	230.475	232.192	236.678	234.671	231.15	233.475	220.027	235.018	230.414	233.771	1	1	1	1	1	1	1	1	1	1	
73	274.898	268.54	272.77	271.532	269.923	273.125	267.212	270.125	254.919	269.248	231.25	225.961	234.929	231.019	217.263	213.352	230.094	218.484	221.889	235.669	210.438	228.941	217.709	224.683	227.452	229.393	209.578	242.489	235.265	227.277	232.501	221.58	222.697	230.459	222.326	217.74	220.816	226.492	231.685	215.332	225.019	220.217	230.9	215.619	216.082	225.965	214.143	232.647	229.861	218.445	225.473	228.025	229.978	231.951	225.779	227.411	215.498	231.136	227.567	229.968	1	1	1	1	1	1	1	1	1	1	
74	242.612	266.947	267.424	266.094	264.176	268.747	261.62	264.851	261.142	263.159	223.954	222.283	229.729	222.187	212.404	208.187	222.118	219.615	215.737	230.35	210.462	223.34	208.204	222.25	223.997	223.499	207.39	238.897	223.755	221.098	226.583	216.92	221.494	225.59	220.702	206.311	221.259	224.585	226.606	208.35	211.69	205.345	219.589	212.409	215.756	218.886	202.357	227.819	221.822	214.968	222.598	223.062	231.536	227.562	223.461	224.187	213.129	226.023	224.697	223.496	1	1	1	1	1	1	1	1	1	1	
75	246.696	259.903	258.299	257.304	255.173	239.78	252.895	255.949	255.284	254.639	218.975	214.291	223.896	221.147	209.136	189.038	213.278	214.858	213.464	221.149	199.715	214.998	196.795	217.869	210.137	220.721	198.222	228.542	216.999	214.155	223.283	205.943	214.909	220.392	204.42	205.381	210.6	215.521	215.918	200.76	206.544	199.852	210.644	192.118	207.889	210.831	189.929	215.354	216.711	200.428	216.67	214.063	223.235	218.476	214.196	218.28	205.645	219.46	212.274	215.763	1	1	1	1	1	1	1	1	1	1	
76	238.844	225.976	248.02	246.275	245.517	237.172	242.644	245.277	245.967	244.008	209.553	202.396	215.582	201.547	200.232	183.216	205.97	196.734	209.075	214.668	180.365	206.231	182.583	208.299	206.375	213.795	183.559	221.912	208.342	203.245	214.471	199.571	203.349	209.943	197.57	187.545	200.674	204.813	211.877	194.442	197.082	181.314	210.15	171.637	197.584	203.333	182.036	206.021	202.404	194.143	205.436	203.582	216.971	211.555	199.863	208.651	181.171	207.691	207.857	204.945	1	1	1	1	1	1	1	1	1	1	
77	225.443	221.779	199.972	231.89	231.535	221.538	228.316	230.715	231.376	229.444	193.578	191.555	201.527	183.6	185.543	172.636	196.616	183.083	196.426	201.504	166.083	193.153	166.352	179.398	197.403	205.139	171.895	213.629	192.777	190.509	202.063	183.476	190.737	194.083	191.595	173.673	182.336	198.778	197.888	187.214	186.03	172.935	199.274	89.4426	183.81	187.757	165.197	196.667	197.477	169.531	195.022	176.644	204.37	202.2	180.066	198.621	180.64	196.997	191.102	192.809	1	1	1	1	1	1	1	1	1	1	
78	191.147	196.197	189.437	170.642	204.438	189.596	202.542	205.439	205.5	203.472	169.407	163.446	177.749	157.972	160.428	147.222	180.031	163.475	170.738	175.69	99.4936	164.943	137.955	157.594	178.279	182.688	149.592	190.717	168.55	165.442	179.651	155.666	166.061	163.633	170.346	133.394	160.192	166.357	175.695	168.017	158.326	140.48	182.687	7.58343	156.234	171.405	133.489	176.232	174.075	156.43	165.138	142.337	181.578	171.273	147.446	169.324	159.466	175.064	171.849	168.269	1	1	1	1	1	1	1	1	1	1	
79	148.509	153.684	143.833	142.787	161.144	115.859	160.422	163.681	109.225	160.253	128.097	129.249	144.33	135.426	119.399	105.432	138.246	125.364	129.454	136.393	5.11053	128.028	103.88	95.8585	143.019	146.487	122.421	150.824	132.06	127.321	142.427	118.387	126.815	132.143	125.181	45.0354	113.834	132.766	135.262	132.138	127.764	66.8993	111.602	7.54691	122.489	134.143	90.6576	126.341	132.912	108.335	105.634	85.6643	125.285	137.664	92.7297	121.228	132.761	134.596	137.235	135.156	1	1	1	1	1	1	1	1	1	1	
80	80.2978	83.2643	69.8995	82.5315	82.5987	45.7448	92.7647	66.1318	64.5126	85.937	60.3396	68.727	77.206	75.3168	63.2969	33.2312	51.2344	61.768	62.5573	40.2666	4.58739	65.1737	50.1364	24.8931	81.8881	78.1021	62.4999	73.7865	54.8961	54.3901	83.3448	48.2607	54.0181	53.6024	58.8149	8.04332	59.6993	70.634	50.2576	66.8046	64.7548	6.16558	41.4879	7.54691	62.8865	67.3099	69.4845	27.957	40.0045	43.7688	18.9135	4.66328	69.5058	75.5881	16.3082	14.913	71.8801	33.3659	75.9687	36.9843	1	1	1	1	1	1	1	1	1	1	
81	56.5813	86.4198	20.6375	58.1189	58.8832	26.5063	96.7612	31.6441	60.7451	56.2807	60.6948	49.7372	50.646	39.4702	47.3805	13.0794	50.3198	37.211	30.2876	22.3186	4.58739	56.8483	16.26	9.06858	85.4735	54.3855	41.9268	54.0988	14.5	35.5064	101.505	32.6972	19.7239	29.8723	39.6402	8.04332	35.1803	73.8248	28.7294	69.3667	42.3876	6.16363	22.2494	7.54691	59.7901	18.0478	54.6649	25.5719	16.3279	46.3926	16.8167	3.19078	54.0618	73.6704	14.2114	6.55617	42.2069	15.4575	62.7825	19.0759	1	1	1	1	1	1	1	1	1	1	
82	48.245	91.0739	18.0966	26.3946	72.936	22.1327	142.614	31.2581	51.774	26.253	62.9179	28.1897	18.803	30.1967	38.4116	12.9965	43.2703	25.7327	12.4496	22.3186	4.58739	59.066	7.24819	7.65474	117.872	46.0492	27.5057	84.2834	13.1392	65.691	133.909	34.7097	10.7112	29.7893	25.2191	8.04332	23.702	78.4789	28.4325	71.5899	34.0513	6.16363	17.8758	7.54691	56.4198	15.5069	33.1174	25.5719	16.2449	39.3431	16.8167	3.19078	45.0906	106.069	14.2114	6.55617	20.6567	15.4575	88.818	19.0759	1	1	1	1	1	1	1	1	1	1	