
1	138.804
2	138.803
3	138.803
4	138.802
5	138.802
6	138.801
7	138.801
8	138.8
9	138.8
10	138.799
11	138.799
12	138.798
13	138.798
14	138.797
15	138.797
16	138.796
17	138.796
18	138.795
19	138.795
20	138.794
21	138.794
22	138.793
23	138.793
24	138.792
25	138.791
26	138.791
27	138.79
28	138.79
29	138.789
30	138.789
31	138.788
32	138.787
33	138.787
34	138.786
35	138.785
36	138.785
37	138.784
38	138.783
39	138.783
40	138.782
41	138.782
42	138.781
43	138.78
44	138.779
45	138.779
46	138.778
47	138.777
48	138.777
49	138.776
50	138.775
51	138.774
52	138.774
53	138.773
54	138.772
55	138.771
56	138.771
57	138.77
58	138.769
59	138.768
60	138.767
61	138.767
62	138.766
63	138.765
64	138.764
65	138.763
66	138.762
67	138.762
68	138.761
69	138.76
70	138.759
71	138.758
72	138.757
73	138.756
74	138.755
75	138.754
76	138.753
77	138.752
78	138.751
79	138.75
80	138.749
81	138.748
82	138.747
83	138.746
84	138.745
85	138.744
86	138.743
87	138.742
88	138.741
89	138.74
90	138.739
91	138.738
92	138.737
93	138.735
94	138.734
95	138.733
96	138.732
97	138.731
98	138.73
99	138.728
100	138.727
101	138.726
102	138.725
103	138.724
104	138.722
105	138.721
106	138.72
107	138.718
108	138.717
109	138.716
110	138.714
111	138.713
112	138.712
113	138.71
114	138.709
115	138.707
116	138.706
117	138.705
118	138.703
119	138.702
120	138.7
121	138.699
122	138.697
123	138.696
124	138.694
125	138.692
126	138.691
127	138.689
128	138.688
129	138.686
130	138.684
131	138.683
132	138.681
133	138.679
134	138.678
135	138.676
136	138.674
137	138.672
138	138.671
139	138.669
140	138.667
141	138.665
142	138.663
143	138.661
144	138.66
145	138.658
146	138.656
147	138.654
148	138.652
149	138.65
150	138.648
151	138.646
152	138.644
153	138.642
154	138.639
155	138.637
156	138.635
157	138.633
158	138.631
159	138.629
160	138.626
161	138.624
162	138.622
163	138.619
164	138.617
165	138.615
166	138.612
167	138.61
168	138.608
169	138.605
170	138.603
171	138.6
172	138.598
173	138.595
174	138.593
175	138.59
176	138.587
177	138.585
178	138.582
179	138.579
180	138.576
181	138.574
182	138.571
183	138.568
184	138.565
185	138.562
186	138.559
187	138.557
188	138.554
189	138.551
190	138.547
191	138.544
192	138.541
193	138.538
194	138.535
195	138.532
196	138.529
197	138.525
198	138.522
199	138.519
200	138.515
201	138.512
202	138.509
203	138.505
204	138.502
205	138.498
206	138.494
207	138.491
208	138.487
209	138.483
210	138.48
211	138.476
212	138.472
213	138.468
214	138.464
215	138.461
216	138.457
217	138.453
218	138.448
219	138.444
220	138.44
221	138.436
222	138.432
223	138.428
224	138.423
225	138.419
226	138.415
227	138.41
228	138.406
229	138.401
230	138.397
231	138.392
232	138.387
233	138.382
234	138.378
235	138.373
236	138.368
237	138.363
238	138.358
239	138.353
240	138.348
241	138.343
242	138.338
243	138.332
244	138.327
245	138.322
246	138.316
247	138.311
248	138.305
249	138.3
250	138.294
251	138.288
252	138.283
253	138.277
254	138.271
255	138.265
256	138.259
257	138.253
258	138.247
259	138.241
260	138.234
261	138.228
262	138.222
263	138.215
264	138.209
265	138.202
266	138.196
267	138.189
268	138.182
269	138.175
270	138.168
271	138.161
272	138.154
273	138.147
274	138.14
275	138.132
276	138.125
277	138.117
278	138.11
279	138.102
280	138.095
281	138.087
282	138.079
283	138.071
284	138.063
285	138.055
286	138.047
287	138.038
288	138.03
289	138.021
290	138.013
291	138.004
292	137.995
293	137.986
294	137.978
295	137.969
296	137.959
297	137.95
298	137.941
299	137.931
300	137.922
301	137.912
302	137.902
303	137.893
304	137.883
305	137.873
306	137.862
307	137.852
308	137.842
309	137.831
310	137.821
311	137.81
312	137.799
313	137.788
314	137.777
315	137.766
316	137.755
317	137.743
318	137.732
319	137.72
320	137.708
321	137.696
322	137.684
323	137.672
324	137.66
325	137.647
326	137.635
327	137.622
328	137.609
329	137.596
330	137.583
331	137.569
332	137.556
333	137.542
334	137.529
335	137.515
336	137.501
337	137.486
338	137.472
339	137.458
340	137.443
341	137.428
342	137.413
343	137.398
344	137.383
345	137.367
346	137.351
347	137.336
348	137.32
349	137.303
350	137.287
351	137.27
352	137.254
353	137.237
354	137.22
355	137.202
356	137.185
357	137.167
358	137.149
359	137.131
360	137.113
361	137.094
362	137.075
363	137.057
364	137.037
365	137.018
366	136.998
367	136.979
368	136.959
369	136.938
370	136.918
371	136.897
372	136.876
373	136.855
374	136.834
375	136.812
376	136.79
377	136.768
378	136.745
379	136.723
380	136.7
381	136.676
382	136.653
383	136.629
384	136.605
385	136.581
386	136.556
387	136.531
388	136.506
389	136.481
390	136.455
391	136.429
392	136.403
393	136.376
394	136.349
395	136.322
396	136.294
397	136.266
398	136.238
399	136.209
400	136.18
401	136.151
402	136.121
403	136.091
404	136.061
405	136.03
406	135.999
407	135.967
408	135.935
409	135.903
410	135.871
411	135.838
412	135.804
413	135.77
414	135.736
415	135.701
416	135.666
417	135.631
418	135.595
419	135.558
420	135.522
421	135.484
422	135.446
423	135.408
424	135.37
425	135.33
426	135.291
427	135.25
428	135.21
429	135.169
430	135.127
431	135.085
432	135.042
433	134.998
434	134.955
435	134.91
436	134.865
437	134.819
438	134.773
439	134.726
440	134.679
441	134.631
442	134.587
443	137.552
444	134.768
445	134.535
446	137.502
447	134.634
448	134.5
449	137.448
450	134.496
451	134.464
452	137.391
453	134.352
454	134.426
455	137.331
456	134.203
457	134.386
458	137.269
459	134.086
460	137.259
461	134.045
462	137.216
463	134.006
464	137.172
465	133.965
466	137.127
467	133.923
468	137.08
469	133.88
470	137.032
471	133.836
472	136.982
473	133.79
474	136.93
475	133.743
476	136.877
477	133.695
478	136.822
479	133.645
480	136.766
481	133.593
482	136.707
483	133.54
484	136.646
485	133.486
486	136.584
487	133.43
488	136.519
489	133.372
490	136.452
491	133.312
492	136.383
493	133.251
494	136.311
495	133.187
496	136.237
497	133.122
498	136.16
499	133.054
500	136.081
501	132.985
502	135.998
503	132.913
504	135.913
505	132.839
506	135.825
507	132.763
508	135.7
509	132.684
510	135.604
511	132.586
512	135.506
513	132.502
514	135.404
515	132.416
516	135.298
517	132.327
518	135.188
519	132.235
520	135.074
521	132.14
522	134.956
523	132.042
524	134.833
525	131.941
526	134.705
527	131.837
528	134.572
529	131.729
530	134.433
531	131.618
532	134.289
533	131.503
534	134.139
535	131.385
536	133.982
537	131.262
538	133.819
539	131.136
540	133.649
541	131.005
542	133.472
543	130.87
544	133.286
545	130.81
546	133.156
547	132.296
548	132.877
549	130.627
550	132.74
551	132.131
552	132.44
553	130.497
554	132.281
555	131.95
556	131.959
557	130.359
558	131.776
559	131.758
560	131.429
561	130.212
562	131.397
563	133.55
564	129.754
565	131.177
566	133.354
567	129.592
568	130.964
569	133.051
570	129.428
571	130.741
572	132.719
573	129.255
574	130.503
575	132.357
576	129.072
577	130.252
578	131.962
579	128.877
580	129.985
581	131.53
582	128.67
583	129.702
584	131.053
585	128.451
586	129.402
587	130.527
588	128.218
589	129.085
590	129.941
591	127.971
592	128.75
593	129.284
594	127.71
595	127.882
596	128.945
597	127.297
598	127.955
599	127.963
600	126.538
601	127.403
602	127.405
603	126.678
604	126.569
605	126.508
606	126.235
607	126.603
608	124.926
609	125.658
610	126.12
611	124.838
612	125.791
613	125.3
614	126.327
615	121.488
616	124.393
617	124.439
618	124.707
619	121.779
620	123.167
621	122.135
622	123.662
623	119.44
624	121.002
625	122.502
626	122.428
627	119.1
628	120.095
629	118.127
630	120.289
631	117.587
632	116.199
633	115.172
634	114.585
635	114.262
636	113.521
637	109.683
638	109.068
639	106.65
640	103.11
641	98.9313
642	96.7964
643	92.3607
644	89.5319
645	84.7187
646	78.797
647	80.2644
648	74.1479
649	68.6832
650	63.7463
651	62.8863
652	62.5721