
1	128.255	132.473	125.28	120.774	140.638	132.022	122.963	70.6379	71.503	67.1633	84.1219	63.651	80.242	67.553	78.3323	79.7651	70.1323	1	1	1	1	1	1	1	
2	128.255	132.472	125.28	120.774	140.638	132.023	122.963	70.6376	71.5041	67.1635	84.1211	63.6506	80.2416	67.5532	78.3319	79.7651	70.1323	1	1	1	1	1	1	1	
3	128.254	132.472	125.28	120.774	140.638	132.023	122.963	70.6374	71.5041	67.1632	84.121	63.6504	80.2415	67.5531	78.3318	79.765	70.1322	1	1	1	1	1	1	1	
4	128.254	132.472	125.279	120.774	140.637	132.023	122.963	70.6372	71.504	67.1629	84.1209	63.6503	80.2415	67.553	78.3317	79.7649	70.1322	1	1	1	1	1	1	1	
5	128.254	132.472	125.279	120.774	140.637	132.023	122.963	70.637	71.5039	67.1627	84.1208	63.6502	80.2414	67.5529	78.3316	79.7649	70.1321	1	1	1	1	1	1	1	
6	128.254	132.472	125.279	120.774	140.637	132.023	122.962	70.6368	71.5039	67.1624	84.1207	63.6501	80.2414	67.5528	78.3315	79.7648	70.132	1	1	1	1	1	1	1	
7	128.254	132.472	125.279	120.773	140.637	132.023	122.962	70.6366	71.5038	67.1621	84.1206	63.65	80.2414	67.5527	78.3315	79.7647	70.132	1	1	1	1	1	1	1	
8	128.254	132.471	125.279	120.773	140.636	132.022	122.962	70.6364	71.5037	67.1618	84.1206	63.6499	80.2413	67.5526	78.3314	79.7646	70.1319	1	1	1	1	1	1	1	
9	128.254	132.471	125.279	120.773	140.636	132.022	122.962	70.6362	71.5037	67.1616	84.1205	63.6497	80.2413	67.5524	78.3313	79.7645	70.1318	1	1	1	1	1	1	1	
10	128.253	132.471	125.279	120.773	140.636	132.022	122.962	70.636	71.5036	67.1613	84.1204	63.6496	80.2412	67.5523	78.3312	79.7644	70.1318	1	1	1	1	1	1	1	
11	128.253	132.471	125.278	120.773	140.636	132.022	122.962	70.6357	71.5035	67.161	84.1203	63.6495	80.2412	67.5522	78.3311	79.7643	70.1317	1	1	1	1	1	1	1	
12	128.253	132.471	125.278	120.773	140.635	132.022	122.961	70.6355	71.5034	67.1607	84.1202	63.6494	80.2411	67.5521	78.331	79.7642	70.1316	1	1	1	1	1	1	1	
13	128.253	132.471	125.278	120.772	140.635	132.022	122.961	70.6353	71.5034	67.1604	84.1201	63.6492	80.2411	67.5519	78.3309	79.7641	70.1316	1	1	1	1	1	1	1	
14	128.253	132.471	125.278	120.772	140.635	132.022	122.961	70.6351	71.5033	67.1601	84.12	63.6491	80.241	67.5518	78.3309	79.7641	70.1315	1	1	1	1	1	1	1	
15	128.253	132.47	125.278	120.772	140.635	132.021	122.961	70.6349	71.5032	67.1598	84.1199	63.649	80.241	67.5517	78.3308	79.764	70.1314	1	1	1	1	1	1	1	
16	128.252	132.47	125.278	120.772	140.634	132.021	122.961	70.6346	71.5031	67.1595	84.1198	63.6488	80.241	67.5516	78.3307	79.7639	70.1313	1	1	1	1	1	1	1	
17	128.252	132.47	125.277	120.772	140.634	132.021	122.96	70.6344	71.5031	67.1592	84.1197	63.6487	80.2409	67.5514	78.3306	79.7638	70.1313	1	1	1	1	1	1	1	
18	128.252	132.47	125.277	120.772	140.634	132.021	122.96	70.6342	71.503	67.1589	84.1196	63.6486	80.2409	67.5513	78.3305	79.7637	70.1312	1	1	1	1	1	1	1	
19	128.252	132.47	125.277	120.771	140.634	132.021	122.96	70.6339	71.5029	67.1586	84.1195	63.6484	80.2408	67.5512	78.3304	79.7636	70.1311	1	1	1	1	1	1	1	
20	128.252	132.469	125.277	120.771	140.633	132.021	122.96	70.6337	71.5028	67.1583	84.1194	63.6483	80.2408	67.551	78.3303	79.7635	70.131	1	1	1	1	1	1	1	
21	128.252	132.469	125.277	120.771	140.633	132.02	122.96	70.6335	71.5028	67.158	84.1193	63.6482	80.2407	67.5509	78.3302	79.7634	70.131	1	1	1	1	1	1	1	
22	128.251	132.469	125.277	120.771	140.633	132.02	122.959	70.6332	71.5027	67.1576	84.1193	63.648	80.2407	67.5508	78.3301	79.7633	70.1309	1	1	1	1	1	1	1	
23	128.251	132.469	125.276	120.771	140.633	132.02	122.959	70.633	71.5026	67.1573	84.1191	63.6479	80.2406	67.5506	78.33	79.7632	70.1308	1	1	1	1	1	1	1	
24	128.251	132.469	125.276	120.77	140.632	132.02	122.959	70.6327	71.5025	67.157	84.119	63.6477	80.2406	67.5505	78.3299	79.7631	70.1307	1	1	1	1	1	1	1	
25	128.251	132.469	125.276	120.77	140.632	132.02	122.959	70.6325	71.5024	67.1567	84.1189	63.6476	80.2405	67.5503	78.3298	79.763	70.1307	1	1	1	1	1	1	1	
26	128.251	132.468	125.276	120.77	140.632	132.02	122.959	70.6322	71.5024	67.1563	84.1188	63.6474	80.2405	67.5502	78.3297	79.7629	70.1306	1	1	1	1	1	1	1	
27	128.251	132.468	125.276	120.77	140.632	132.02	122.958	70.632	71.5023	67.156	84.1187	63.6473	80.2404	67.5501	78.3296	79.7628	70.1305	1	1	1	1	1	1	1	
28	128.25	132.468	125.275	120.77	140.631	132.019	122.958	70.6317	71.5022	67.1557	84.1186	63.6471	80.2404	67.5499	78.3295	79.7626	70.1304	1	1	1	1	1	1	1	
29	128.25	132.468	125.275	120.77	140.631	132.019	122.958	70.6315	71.5021	67.1553	84.1185	63.647	80.2403	67.5498	78.3294	79.7625	70.1303	1	1	1	1	1	1	1	
30	128.25	132.468	125.275	120.769	140.631	132.019	122.958	70.6312	71.502	67.155	84.1184	63.6468	80.2402	67.5496	78.3293	79.7624	70.1302	1	1	1	1	1	1	1	
31	128.25	132.467	125.275	120.769	140.63	132.019	122.958	70.631	71.5019	67.1546	84.1183	63.6467	80.2402	67.5495	78.3292	79.7623	70.1302	1	1	1	1	1	1	1	
32	128.25	132.467	125.275	120.769	140.63	132.019	122.957	70.6307	71.5018	67.1543	84.1182	63.6465	80.2401	67.5493	78.3291	79.7622	70.1301	1	1	1	1	1	1	1	
33	128.25	132.467	125.274	120.769	140.63	132.019	122.957	70.6304	71.5018	67.1539	84.1181	63.6464	80.2401	67.5492	78.329	79.7621	70.13	1	1	1	1	1	1	1	
34	128.249	132.467	125.274	120.769	140.629	132.018	122.957	70.6302	71.5017	67.1536	84.118	63.6462	80.24	67.549	78.3289	79.762	70.1299	1	1	1	1	1	1	1	
35	128.249	132.467	125.274	120.768	140.629	132.018	122.957	70.6299	71.5016	67.1532	84.1179	63.6461	80.24	67.5489	78.3288	79.7619	70.1298	1	1	1	1	1	1	1	
36	128.249	132.466	125.274	120.768	140.629	132.018	122.957	70.6296	71.5015	67.1528	84.1177	63.6459	80.2399	67.5487	78.3286	79.7618	70.1297	1	1	1	1	1	1	1	
37	128.249	132.466	125.274	120.768	140.629	132.018	122.956	70.6293	71.5014	67.1525	84.1176	63.6457	80.2399	67.5485	78.3285	79.7616	70.1296	1	1	1	1	1	1	1	
38	128.249	132.466	125.273	120.768	140.628	132.018	122.956	70.629	71.5013	67.1521	84.1175	63.6456	80.2398	67.5484	78.3284	79.7615	70.1295	1	1	1	1	1	1	1	
39	128.248	132.466	125.273	120.767	140.628	132.017	122.956	70.6288	71.5012	67.1517	84.1174	63.6454	80.2397	67.5482	78.3283	79.7614	70.1295	1	1	1	1	1	1	1	
40	128.248	132.466	125.273	120.767	140.628	132.017	122.956	70.6285	71.5011	67.1513	84.1173	63.6452	80.2397	67.5481	78.3282	79.7613	70.1294	1	1	1	1	1	1	1	
41	128.248	132.465	125.273	120.767	140.627	132.017	122.955	70.6282	71.501	67.1509	84.1172	63.6451	80.2396	67.5479	78.3281	79.7612	70.1293	1	1	1	1	1	1	1	
42	128.248	132.465	125.273	120.767	140.627	132.017	122.955	70.6279	71.5009	67.1505	84.117	63.6449	80.2396	67.5477	78.3279	79.761	70.1292	1	1	1	1	1	1	1	
43	128.248	132.465	125.272	120.767	140.627	132.017	122.955	70.6276	71.5008	67.1501	84.1169	63.6447	80.2395	67.5476	78.3278	79.7609	70.1291	1	1	1	1	1	1	1	
44	128.247	132.465	125.272	120.766	140.626	132.016	122.955	70.6273	71.5007	67.1497	84.1168	63.6446	80.2394	67.5474	78.3277	79.7608	70.129	1	1	1	1	1	1	1	
45	128.247	132.465	125.272	120.766	140.626	132.016	122.954	70.627	71.5006	67.1493	84.1167	63.6444	80.2394	67.5472	78.3276	79.7607	70.1289	1	1	1	1	1	1	1	
46	128.247	132.464	125.272	120.766	140.626	132.016	122.954	70.6267	71.5005	67.1489	84.1165	63.6442	80.2393	67.547	78.3275	79.7605	70.1288	1	1	1	1	1	1	1	
47	128.247	132.464	125.272	120.766	140.625	132.016	122.954	70.6264	71.5004	67.1485	84.1164	63.644	80.2392	67.5469	78.3273	79.7604	70.1287	1	1	1	1	1	1	1	
48	128.246	132.464	125.271	120.765	140.625	132.016	122.954	70.6261	71.5003	67.1481	84.1163	63.6438	80.2392	67.5467	78.3272	79.7603	70.1286	1	1	1	1	1	1	1	
49	128.246	132.464	125.271	120.765	140.624	132.015	122.953	70.6257	71.5002	67.1477	84.1161	63.6437	80.2391	67.5465	78.3271	79.7601	70.1285	1	1	1	1	1	1	1	
50	128.246	132.463	125.271	120.765	140.624	132.015	122.953	70.6254	71.5001	67.1473	84.116	63.6435	80.239	67.5463	78.327	79.76	70.1284	1	1	1	1	1	1	1	
51	128.246	132.463	125.271	120.765	140.624	132.015	122.953	70.6251	71.5	67.1468	84.1159	63.6433	80.239	67.5461	78.3268	79.7599	70.1283	1	1	1	1	1	1	1	
52	128.246	132.463	125.27	120.764	140.623	132.015	122.953	70.6248	71.4999	67.1464	84.1157	63.6431	80.2389	67.546	78.3267	79.7597	70.1282	1	1	1	1	1	1	1	
53	128.245	132.463	125.27	120.764	140.623	132.015	122.952	70.6245	71.4998	67.146	84.1156	63.6429	80.2388	67.5458	78.3266	79.7596	70.1281	1	1	1	1	1	1	1	
54	128.245	132.462	125.27	120.764	140.623	132.014	122.952	70.6241	71.4997	67.1455	84.1155	63.6427	80.2388	67.5456	78.3264	79.7595	70.128	1	1	1	1	1	1	1	
55	128.245	132.462	125.27	120.764	140.622	132.014	122.952	70.6238	71.4996	67.1451	84.1153	63.6425	80.2387	67.5454	78.3263	79.7593	70.1279	1	1	1	1	1	1	1	
56	128.245	132.462	125.269	120.763	140.622	132.014	122.951	70.6235	71.4994	67.1446	84.1152	63.6423	80.2386	67.5452	78.3262	79.7592	70.1278	1	1	1	1	1	1	1	
57	128.244	132.462	125.269	120.763	140.622	132.014	122.951	70.6231	71.4993	67.1442	84.1151	63.6421	80.2386	67.545	78.326	79.759	70.1276	1	1	1	1	1	1	1	
58	128.244	132.461	125.269	120.763	140.621	132.014	122.951	70.6228	71.4992	67.1437	84.1149	63.6419	80.2385	67.5448	78.3259	79.7589	70.1275	1	1	1	1	1	1	1	
59	128.244	132.461	125.269	120.763	140.621	132.013	122.951	70.6224	71.4991	67.1433	84.1148	63.6417	80.2384	67.5446	78.3257	79.7587	70.1274	1	1	1	1	1	1	1	
60	128.244	132.461	125.268	120.762	140.62	132.013	122.95	70.6221	71.499	67.1428	84.1146	63.6415	80.2383	67.5444	78.3256	79.7586	70.1273	1	1	1	1	1	1	1	
61	128.243	132.461	125.268	120.762	140.62	132.013	122.95	70.6217	71.4989	67.1423	84.1145	63.6413	80.2383	67.5442	78.3255	79.7585	70.1272	1	1	1	1	1	1	1	
62	128.243	132.46	125.268	120.762	140.62	132.013	122.95	70.6214	71.4987	67.1418	84.1143	63.6411	80.2382	67.544	78.3253	79.7583	70.1271	1	1	1	1	1	1	1	
63	128.243	132.46	125.268	120.762	140.619	132.012	122.949	70.621	71.4986	67.1414	84.1142	63.6409	80.2381	67.5438	78.3252	79.7581	70.127	1	1	1	1	1	1	1	
64	128.243	132.46	125.267	120.761	140.619	132.012	122.949	70.6206	71.4985	67.1409	84.114	63.6407	80.238	67.5436	78.325	79.758	70.1268	1	1	1	1	1	1	1	
65	128.242	132.46	125.267	120.761	140.618	132.012	122.949	70.6203	71.4984	67.1404	84.1139	63.6405	80.238	67.5434	78.3249	79.7578	70.1267	1	1	1	1	1	1	1	
66	128.242	132.459	125.267	120.761	140.618	132.012	122.949	70.6199	71.4983	67.1399	84.1137	63.6402	80.2379	67.5432	78.3247	79.7577	70.1266	1	1	1	1	1	1	1	
67	128.242	132.459	125.266	120.761	140.617	132.011	122.948	70.6195	71.4981	67.1394	84.1136	63.64	80.2378	67.543	78.3246	79.7575	70.1265	1	1	1	1	1	1	1	
68	128.242	132.459	125.266	120.76	140.617	132.011	122.948	70.6191	71.498	67.1389	84.1134	63.6398	80.2377	67.5427	78.3244	79.7574	70.1264	1	1	1	1	1	1	1	
69	128.241	132.458	125.266	120.76	140.617	132.011	122.948	70.6187	71.4979	67.1384	84.1132	63.6396	80.2376	67.5425	78.3242	79.7572	70.1262	1	1	1	1	1	1	1	
70	128.241	132.458	125.266	120.76	140.616	132.011	122.947	70.6183	71.4978	67.1378	84.1131	63.6393	80.2376	67.5423	78.3241	79.757	70.1261	1	1	1	1	1	1	1	
71	128.241	132.458	125.265	120.759	140.616	132.01	122.947	70.618	71.4976	67.1373	84.1129	63.6391	80.2375	67.5421	78.3239	79.7569	70.126	1	1	1	1	1	1	1	
72	128.241	132.458	125.265	120.759	140.615	132.01	122.947	70.6176	71.4975	67.1368	84.1127	63.6389	80.2374	67.5418	78.3238	79.7567	70.1259	1	1	1	1	1	1	1	
73	128.24	132.457	125.265	120.759	140.615	132.01	122.946	70.6172	71.4974	67.1362	84.1126	63.6386	80.2373	67.5416	78.3236	79.7565	70.1257	1	1	1	1	1	1	1	
74	128.24	132.457	125.264	120.758	140.614	132.01	122.946	70.6168	71.4972	67.1357	84.1124	63.6384	80.2372	67.5414	78.3234	79.7564	70.1256	1	1	1	1	1	1	1	
75	128.24	132.457	125.264	120.758	140.614	132.009	122.946	70.6163	71.4971	67.1352	84.1122	63.6382	80.2372	67.5412	78.3233	79.7562	70.1255	1	1	1	1	1	1	1	
76	128.239	132.456	125.264	120.758	140.613	132.009	122.945	70.6159	71.497	67.1346	84.1121	63.6379	80.2371	67.5409	78.3231	79.756	70.1253	1	1	1	1	1	1	1	
77	128.239	132.456	125.264	120.758	140.613	132.009	122.945	70.6155	71.4968	67.1341	84.1119	63.6377	80.237	67.5407	78.3229	79.7559	70.1252	1	1	1	1	1	1	1	
78	128.239	132.456	125.263	120.757	140.612	132.009	122.945	70.6151	71.4967	67.1335	84.1117	63.6374	80.2369	67.5404	78.3228	79.7557	70.1251	1	1	1	1	1	1	1	
79	128.239	132.455	125.263	120.757	140.612	132.008	122.944	70.6147	71.4965	67.1329	84.1115	63.6372	80.2368	67.5402	78.3226	79.7555	70.1249	1	1	1	1	1	1	1	
80	128.238	132.455	125.263	120.757	140.612	132.008	122.944	70.6142	71.4964	67.1324	84.1114	63.6369	80.2367	67.54	78.3224	79.7553	70.1248	1	1	1	1	1	1	1	
81	128.238	132.455	125.262	120.756	140.611	132.008	122.944	70.6138	71.4962	67.1318	84.1112	63.6367	80.2366	67.5397	78.3223	79.7551	70.1246	1	1	1	1	1	1	1	
82	128.238	132.454	125.262	120.756	140.611	132.007	122.943	70.6134	71.4961	67.1312	84.111	63.6364	80.2365	67.5395	78.3221	79.755	70.1245	1	1	1	1	1	1	1	
83	128.237	132.454	125.262	120.756	140.61	132.007	122.943	70.6129	71.496	67.1306	84.1108	63.6362	80.2364	67.5392	78.3219	79.7548	70.1244	1	1	1	1	1	1	1	
84	128.237	132.454	125.261	120.755	140.61	132.007	122.942	70.6125	71.4958	67.13	84.1106	63.6359	80.2363	67.5389	78.3217	79.7546	70.1242	1	1	1	1	1	1	1	
85	128.237	132.453	125.261	120.755	140.609	132.007	122.942	70.612	71.4957	67.1294	84.1104	63.6356	80.2363	67.5387	78.3215	79.7544	70.1241	1	1	1	1	1	1	1	
86	128.236	132.453	125.261	120.755	140.609	132.006	122.942	70.6116	71.4955	67.1288	84.1103	63.6354	80.2362	67.5384	78.3213	79.7542	70.1239	1	1	1	1	1	1	1	
87	128.236	132.453	125.26	120.754	140.608	132.006	122.941	70.6111	71.4954	67.1282	84.1101	63.6351	80.2361	67.5382	78.3212	79.754	70.1238	1	1	1	1	1	1	1	
88	128.236	132.452	125.26	120.754	140.607	132.006	122.941	70.6106	71.4952	67.1276	84.1099	63.6348	80.236	67.5379	78.321	79.7538	70.1236	1	1	1	1	1	1	1	
89	128.235	132.452	125.26	120.754	140.607	132.005	122.941	70.6102	71.495	67.1269	84.1097	63.6346	80.2359	67.5376	78.3208	79.7536	70.1235	1	1	1	1	1	1	1	
90	128.235	132.452	125.259	120.753	140.606	132.005	122.94	70.6097	71.4949	67.1263	84.1095	63.6343	80.2358	67.5374	78.3206	79.7534	70.1233	1	1	1	1	1	1	1	
91	128.235	132.451	125.259	120.753	140.606	132.005	122.94	70.6092	71.4947	67.1256	84.1093	63.634	80.2357	67.5371	78.3204	79.7532	70.1232	1	1	1	1	1	1	1	
92	128.234	132.451	125.259	120.752	140.605	132.004	122.939	70.6087	71.4946	67.125	84.1091	63.6337	80.2356	67.5368	78.3202	79.753	70.123	1	1	1	1	1	1	1	
93	128.234	132.451	125.258	120.752	140.605	132.004	122.939	70.6082	71.4944	67.1243	84.1089	63.6334	80.2355	67.5365	78.32	79.7528	70.1229	1	1	1	1	1	1	1	
94	128.234	132.45	125.258	120.752	140.604	132.004	122.939	70.6077	71.4942	67.1237	84.1087	63.6331	80.2354	67.5363	78.3198	79.7526	70.1227	1	1	1	1	1	1	1	
95	128.233	132.45	125.257	120.751	140.604	132.003	122.938	70.6072	71.4941	67.123	84.1085	63.6328	80.2353	67.536	78.3196	79.7524	70.1225	1	1	1	1	1	1	1	
96	128.233	132.45	125.257	120.751	140.603	132.003	122.938	70.6067	71.4939	67.1223	84.1083	63.6326	80.2352	67.5357	78.3194	79.7522	70.1224	1	1	1	1	1	1	1	
97	128.233	132.449	125.257	120.751	140.602	132.003	122.937	70.6062	71.4937	67.1217	84.108	63.6323	80.235	67.5354	78.3192	79.752	70.1222	1	1	1	1	1	1	1	
98	128.232	132.449	125.256	120.75	140.602	132.002	122.937	70.6057	71.4936	67.121	84.1078	63.632	80.2349	67.5351	78.319	79.7517	70.122	1	1	1	1	1	1	1	
99	128.232	132.448	125.256	120.75	140.601	132.002	122.936	70.6052	71.4934	67.1203	84.1076	63.6316	80.2348	67.5348	78.3188	79.7515	70.1219	1	1	1	1	1	1	1	
100	128.232	132.448	125.256	120.749	140.601	132.002	122.936	70.6047	71.4932	67.1196	84.1074	63.6313	80.2347	67.5345	78.3186	79.7513	70.1217	1	1	1	1	1	1	1	
101	128.231	132.448	125.255	120.749	140.6	132.001	122.936	70.6041	71.493	67.1189	84.1072	63.631	80.2346	67.5342	78.3183	79.7511	70.1215	1	1	1	1	1	1	1	
102	128.231	132.447	125.255	120.749	140.6	132.001	122.935	70.6036	71.4929	67.1182	84.1069	63.6307	80.2345	67.5339	78.3181	79.7509	70.1214	1	1	1	1	1	1	1	
103	128.23	132.447	125.254	120.748	140.599	132.001	122.935	70.603	71.4927	67.1174	84.1067	63.6304	80.2344	67.5336	78.3179	79.7506	70.1212	1	1	1	1	1	1	1	
104	128.23	132.446	125.254	120.748	140.598	132	122.934	70.6025	71.4925	67.1167	84.1065	63.6301	80.2343	67.5333	78.3177	79.7504	70.121	1	1	1	1	1	1	1	
105	128.23	132.446	125.254	120.747	140.598	132	122.934	70.6019	71.4923	67.116	84.1063	63.6298	80.2342	67.533	78.3175	79.7502	70.1208	1	1	1	1	1	1	1	
106	128.229	132.446	125.253	120.747	140.597	132	122.933	70.6014	71.4921	67.1152	84.106	63.6294	80.234	67.5326	78.3172	79.7499	70.1206	1	1	1	1	1	1	1	
107	128.229	132.445	125.253	120.746	140.596	131.999	122.933	70.6008	71.492	67.1145	84.1058	63.6291	80.2339	67.5323	78.317	79.7497	70.1205	1	1	1	1	1	1	1	
108	128.228	132.445	125.252	120.746	140.596	131.999	122.932	70.6002	71.4918	67.1137	84.1056	63.6288	80.2338	67.532	78.3168	79.7495	70.1203	1	1	1	1	1	1	1	
109	128.228	132.444	125.252	120.746	140.595	131.999	122.932	70.5997	71.4916	67.1129	84.1053	63.6284	80.2337	67.5317	78.3165	79.7492	70.1201	1	1	1	1	1	1	1	
110	128.228	132.444	125.251	120.745	140.594	131.998	122.931	70.5991	71.4914	67.1121	84.1051	63.6281	80.2336	67.5313	78.3163	79.749	70.1199	1	1	1	1	1	1	1	
111	128.227	132.443	125.251	120.745	140.594	131.998	122.931	70.5985	71.4912	67.1114	84.1048	63.6277	80.2334	67.531	78.3161	79.7487	70.1197	1	1	1	1	1	1	1	
112	128.227	132.443	125.251	120.744	140.593	131.997	122.93	70.5979	71.491	67.1106	84.1046	63.6274	80.2333	67.5307	78.3158	79.7485	70.1195	1	1	1	1	1	1	1	
113	128.226	132.443	125.25	120.744	140.592	131.997	122.93	70.5973	71.4908	67.1098	84.1043	63.627	80.2332	67.5303	78.3156	79.7482	70.1193	1	1	1	1	1	1	1	
114	128.226	132.442	125.25	120.743	140.592	131.997	122.929	70.5967	71.4906	67.109	84.1041	63.6267	80.2331	67.53	78.3153	79.748	70.1191	1	1	1	1	1	1	1	
115	128.226	132.442	125.249	120.743	140.591	131.996	122.929	70.5961	71.4904	67.1081	84.1038	63.6263	80.2329	67.5296	78.3151	79.7477	70.1189	1	1	1	1	1	1	1	
116	128.225	132.441	125.249	120.742	140.59	131.996	122.928	70.5955	71.4902	67.1073	84.1036	63.626	80.2328	67.5293	78.3148	79.7475	70.1187	1	1	1	1	1	1	1	
117	128.225	132.441	125.248	120.742	140.59	131.995	122.928	70.5948	71.49	67.1065	84.1033	63.6256	80.2327	67.5289	78.3146	79.7472	70.1185	1	1	1	1	1	1	1	
118	128.224	132.44	125.248	120.742	140.589	131.995	122.927	70.5942	71.4898	67.1056	84.1031	63.6252	80.2325	67.5286	78.3143	79.7469	70.1183	1	1	1	1	1	1	1	
119	128.224	132.44	125.247	120.741	140.588	131.995	122.927	70.5936	71.4896	67.1048	84.1028	63.6249	80.2324	67.5282	78.3141	79.7467	70.1181	1	1	1	1	1	1	1	
120	128.223	132.439	125.247	120.741	140.588	131.994	122.926	70.5929	71.4893	67.1039	84.1025	63.6245	80.2323	67.5278	78.3138	79.7464	70.1179	1	1	1	1	1	1	1	
121	128.223	132.439	125.246	120.74	140.587	131.994	122.926	70.5923	71.4891	67.1031	84.1023	63.6241	80.2321	67.5275	78.3136	79.7461	70.1177	1	1	1	1	1	1	1	
122	128.222	132.438	125.246	120.74	140.586	131.993	122.925	70.5916	71.4889	67.1022	84.102	63.6237	80.232	67.5271	78.3133	79.7458	70.1175	1	1	1	1	1	1	1	
123	128.222	132.438	125.246	120.739	140.585	131.993	122.925	70.591	71.4887	67.1013	84.1017	63.6233	80.2319	67.5267	78.313	79.7456	70.1173	1	1	1	1	1	1	1	
124	128.221	132.437	125.245	120.739	140.585	131.992	122.924	70.5903	71.4885	67.1004	84.1014	63.6229	80.2317	67.5263	78.3128	79.7453	70.1171	1	1	1	1	1	1	1	
125	128.221	132.437	125.245	120.738	140.584	131.992	122.924	70.5896	71.4882	67.0995	84.1011	63.6225	80.2316	67.5259	78.3125	79.745	70.1169	1	1	1	1	1	1	1	
126	128.221	132.436	125.244	120.738	140.583	131.992	122.923	70.5889	71.488	67.0986	84.1009	63.6221	80.2314	67.5256	78.3122	79.7447	70.1166	1	1	1	1	1	1	1	
127	128.22	132.436	125.244	120.737	140.582	131.991	122.922	70.5882	71.4878	67.0977	84.1006	63.6217	80.2313	67.5252	78.3119	79.7444	70.1164	1	1	1	1	1	1	1	
128	128.22	132.435	125.243	120.737	140.581	131.991	122.922	70.5875	71.4876	67.0967	84.1003	63.6213	80.2312	67.5248	78.3116	79.7441	70.1162	1	1	1	1	1	1	1	
129	128.219	132.435	125.242	120.736	140.581	131.99	122.921	70.5868	71.4873	67.0958	84.1	63.6209	80.231	67.5244	78.3114	79.7438	70.116	1	1	1	1	1	1	1	
130	128.219	132.434	125.242	120.735	140.58	131.99	122.921	70.5861	71.4871	67.0948	84.0997	63.6205	80.2309	67.524	78.3111	79.7435	70.1157	1	1	1	1	1	1	1	
131	128.218	132.434	125.241	120.735	140.579	131.989	122.92	70.5854	71.4869	67.0939	84.0994	63.6201	80.2307	67.5236	78.3108	79.7432	70.1155	1	1	1	1	1	1	1	
132	128.218	132.433	125.241	120.734	140.578	131.989	122.92	70.5847	71.4866	67.0929	84.0991	63.6197	80.2306	67.5231	78.3105	79.7429	70.1153	1	1	1	1	1	1	1	
133	128.217	132.433	125.24	120.734	140.577	131.988	122.919	70.5839	71.4864	67.0919	84.0988	63.6192	80.2304	67.5227	78.3102	79.7426	70.115	1	1	1	1	1	1	1	
134	128.217	132.432	125.24	120.733	140.577	131.988	122.918	70.5832	71.4861	67.0909	84.0985	63.6188	80.2303	67.5223	78.3099	79.7423	70.1148	1	1	1	1	1	1	1	
135	128.216	132.432	125.239	120.733	140.576	131.987	122.918	70.5824	71.4859	67.0899	84.0982	63.6184	80.2301	67.5219	78.3096	79.742	70.1145	1	1	1	1	1	1	1	
136	128.215	132.431	125.239	120.732	140.575	131.987	122.917	70.5817	71.4856	67.0889	84.0979	63.6179	80.2299	67.5214	78.3093	79.7417	70.1143	1	1	1	1	1	1	1	
137	128.215	132.43	125.238	120.732	140.574	131.986	122.916	70.5809	71.4854	67.0879	84.0975	63.6175	80.2298	67.521	78.309	79.7414	70.1141	1	1	1	1	1	1	1	
138	128.214	132.43	125.238	120.731	140.573	131.986	122.916	70.5801	71.4851	67.0869	84.0972	63.617	80.2296	67.5206	78.3087	79.741	70.1138	1	1	1	1	1	1	1	
139	128.214	132.429	125.237	120.73	140.572	131.985	122.915	70.5794	71.4849	67.0858	84.0969	63.6166	80.2295	67.5201	78.3083	79.7407	70.1136	1	1	1	1	1	1	1	
140	128.213	132.429	125.236	120.73	140.571	131.985	122.915	70.5786	71.4846	67.0848	84.0966	63.6161	80.2293	67.5197	78.308	79.7404	70.1133	1	1	1	1	1	1	1	
141	128.213	132.428	125.236	120.729	140.57	131.984	122.914	70.5778	71.4843	67.0837	84.0962	63.6156	80.2291	67.5192	78.3077	79.74	70.113	1	1	1	1	1	1	1	
142	128.212	132.428	125.235	120.729	140.57	131.984	122.913	70.577	71.4841	67.0826	84.0959	63.6152	80.229	67.5188	78.3074	79.7397	70.1128	1	1	1	1	1	1	1	
143	128.212	132.427	125.235	120.728	140.569	131.983	122.913	70.5762	71.4838	67.0815	84.0956	63.6147	80.2288	67.5183	78.3071	79.7394	70.1125	1	1	1	1	1	1	1	
144	128.211	132.426	125.234	120.727	140.568	131.983	122.912	70.5753	71.4835	67.0804	84.0952	63.6142	80.2286	67.5178	78.3067	79.739	70.1123	1	1	1	1	1	1	1	
145	128.21	132.426	125.233	120.727	140.567	131.982	122.911	70.5745	71.4833	67.0793	84.0949	63.6137	80.2285	67.5174	78.3064	79.7387	70.112	1	1	1	1	1	1	1	
146	128.21	132.425	125.233	120.726	140.566	131.982	122.911	70.5737	71.483	67.0782	84.0945	63.6132	80.2283	67.5169	78.306	79.7383	70.1117	1	1	1	1	1	1	1	
147	128.209	132.424	125.232	120.725	140.565	131.981	122.91	70.5728	71.4827	67.0771	84.0942	63.6127	80.2281	67.5164	78.3057	79.738	70.1114	1	1	1	1	1	1	1	
148	128.209	132.424	125.232	120.725	140.564	131.981	122.909	70.572	71.4824	67.0759	84.0938	63.6122	80.2279	67.5159	78.3054	79.7376	70.1112	1	1	1	1	1	1	1	
149	128.208	132.423	125.231	120.724	140.563	131.98	122.908	70.5711	71.4821	67.0748	84.0935	63.6117	80.2277	67.5154	78.305	79.7373	70.1109	1	1	1	1	1	1	1	
150	128.207	132.423	125.23	120.724	140.562	131.979	122.908	70.5702	71.4818	67.0736	84.0931	63.6112	80.2276	67.5149	78.3047	79.7369	70.1106	1	1	1	1	1	1	1	
151	128.207	132.422	125.23	120.723	140.561	131.979	122.907	70.5694	71.4816	67.0724	84.0928	63.6107	80.2274	67.5144	78.3043	79.7365	70.1103	1	1	1	1	1	1	1	
152	128.206	132.421	125.229	120.722	140.56	131.978	122.906	70.5685	71.4813	67.0712	84.0924	63.6102	80.2272	67.5139	78.3039	79.7361	70.11	1	1	1	1	1	1	1	
153	128.206	132.421	125.228	120.721	140.559	131.978	122.905	70.5676	71.481	67.07	84.092	63.6096	80.227	67.5134	78.3036	79.7358	70.1097	1	1	1	1	1	1	1	
154	128.205	132.42	125.228	120.721	140.558	131.977	122.905	70.5667	71.4807	67.0688	84.0916	63.6091	80.2268	67.5129	78.3032	79.7354	70.1094	1	1	1	1	1	1	1	
155	128.204	132.419	125.227	120.72	140.557	131.977	122.904	70.5657	71.4804	67.0676	84.0913	63.6086	80.2266	67.5124	78.3028	79.735	70.1092	1	1	1	1	1	1	1	
156	128.204	132.419	125.226	120.719	140.556	131.976	122.903	70.5648	71.4801	67.0664	84.0909	63.608	80.2264	67.5119	78.3025	79.7346	70.1089	1	1	1	1	1	1	1	
157	128.203	132.418	125.226	120.719	140.555	131.975	122.902	70.5639	71.4797	67.0651	84.0905	63.6075	80.2262	67.5113	78.3021	79.7342	70.1086	1	1	1	1	1	1	1	
158	128.202	132.417	125.225	120.718	140.554	131.975	122.902	70.5629	71.4794	67.0638	84.0901	63.6069	80.226	67.5108	78.3017	79.7338	70.1082	1	1	1	1	1	1	1	
159	128.202	132.416	125.224	120.717	140.553	131.974	122.901	70.562	71.4791	67.0626	84.0897	63.6064	80.2258	67.5102	78.3013	79.7334	70.1079	1	1	1	1	1	1	1	
160	128.201	132.416	125.224	120.717	140.552	131.973	122.9	70.561	71.4788	67.0613	84.0893	63.6058	80.2256	67.5097	78.3009	79.733	70.1076	1	1	1	1	1	1	1	
161	128.2	132.415	125.223	120.716	140.55	131.973	122.899	70.56	71.4785	67.06	84.0889	63.6052	80.2254	67.5091	78.3005	79.7326	70.1073	1	1	1	1	1	1	1	
162	128.2	132.414	125.222	120.715	140.549	131.972	122.898	70.559	71.4781	67.0586	84.0885	63.6047	80.2252	67.5086	78.3001	79.7322	70.107	1	1	1	1	1	1	1	
163	128.199	132.414	125.221	120.714	140.548	131.972	122.898	70.558	71.4778	67.0573	84.0881	63.6041	80.225	67.508	78.2997	79.7318	70.1067	1	1	1	1	1	1	1	
164	128.198	132.413	125.221	120.714	140.547	131.971	122.897	70.557	71.4775	67.056	84.0876	63.6035	80.2248	67.5074	78.2993	79.7314	70.1063	1	1	1	1	1	1	1	
165	128.198	132.412	125.22	120.713	140.546	131.97	122.896	70.556	71.4772	67.0546	84.0872	63.6029	80.2246	67.5069	78.2989	79.7309	70.106	1	1	1	1	1	1	1	
166	128.197	132.411	125.219	120.712	140.545	131.97	122.895	70.555	71.4768	67.0532	84.0868	63.6023	80.2244	67.5063	78.2985	79.7305	70.1057	1	1	1	1	1	1	1	
167	128.196	132.411	125.218	120.711	140.544	131.969	122.894	70.554	71.4765	67.0518	84.0864	63.6017	80.2242	67.5057	78.2981	79.7301	70.1053	1	1	1	1	1	1	1	
168	128.195	132.41	125.218	120.71	140.542	131.968	122.893	70.5529	71.4761	67.0504	84.0859	63.6011	80.224	67.5051	78.2977	79.7296	70.105	1	1	1	1	1	1	1	
169	128.195	132.409	125.217	120.71	140.541	131.968	122.893	70.5519	71.4758	67.049	84.0855	63.6004	80.2237	67.5045	78.2973	79.7292	70.1047	1	1	1	1	1	1	1	
170	128.194	132.408	125.216	120.709	140.54	131.967	122.892	70.5508	71.4754	67.0476	84.0851	63.5998	80.2235	67.5039	78.2968	79.7287	70.1043	1	1	1	1	1	1	1	
171	128.193	132.407	125.215	120.708	140.539	131.966	122.891	70.5497	71.4751	67.0462	84.0846	63.5992	80.2233	67.5033	78.2964	79.7283	70.104	1	1	1	1	1	1	1	
172	128.192	132.407	125.214	120.707	140.538	131.965	122.89	70.5486	71.4747	67.0447	84.0842	63.5985	80.2231	67.5027	78.2959	79.7278	70.1036	1	1	1	1	1	1	1	
173	128.192	132.406	125.214	120.706	140.536	131.965	122.889	70.5475	71.4743	67.0432	84.0837	63.5979	80.2228	67.502	78.2955	79.7274	70.1033	1	1	1	1	1	1	1	
174	128.191	132.405	125.213	120.706	140.535	131.964	122.888	70.5464	71.474	67.0417	84.0832	63.5972	80.2226	67.5014	78.2951	79.7269	70.1029	1	1	1	1	1	1	1	
175	128.19	132.404	125.212	120.705	140.534	131.963	122.887	70.5453	71.4736	67.0402	84.0828	63.5966	80.2224	67.5008	78.2946	79.7264	70.1025	1	1	1	1	1	1	1	
176	128.189	132.403	125.211	120.704	140.532	131.963	122.886	70.5441	71.4732	67.0387	84.0823	63.5959	80.2221	67.5001	78.2941	79.726	70.1022	1	1	1	1	1	1	1	
177	128.188	132.402	125.21	120.703	140.531	131.962	122.885	70.543	71.4729	67.0372	84.0818	63.5952	80.2219	67.4995	78.2937	79.7255	70.1018	1	1	1	1	1	1	1	
178	128.188	132.402	125.209	120.702	140.53	131.961	122.884	70.5418	71.4725	67.0356	84.0813	63.5946	80.2217	67.4988	78.2932	79.725	70.1014	1	1	1	1	1	1	1	
179	128.187	132.401	125.209	120.701	140.529	131.96	122.883	70.5407	71.4721	67.034	84.0809	63.5939	80.2214	67.4982	78.2927	79.7245	70.101	1	1	1	1	1	1	1	
180	128.186	132.4	125.208	120.7	140.527	131.96	122.882	70.5395	71.4717	67.0325	84.0804	63.5932	80.2212	67.4975	78.2923	79.724	70.1007	1	1	1	1	1	1	1	
181	128.185	132.399	125.207	120.699	140.526	131.959	122.881	70.5383	71.4713	67.0309	84.0799	63.5925	80.2209	67.4968	78.2918	79.7235	70.1003	1	1	1	1	1	1	1	
182	128.184	132.398	125.206	120.699	140.524	131.958	122.88	70.5371	71.4709	67.0292	84.0794	63.5918	80.2207	67.4961	78.2913	79.723	70.0999	1	1	1	1	1	1	1	
183	128.183	132.397	125.205	120.698	140.523	131.957	122.879	70.5359	71.4705	67.0276	84.0789	63.5911	80.2204	67.4954	78.2908	79.7225	70.0995	1	1	1	1	1	1	1	
184	128.183	132.396	125.204	120.697	140.522	131.956	122.878	70.5346	71.4701	67.026	84.0784	63.5903	80.2202	67.4947	78.2903	79.722	70.0991	1	1	1	1	1	1	1	
185	128.182	132.395	125.203	120.696	140.52	131.956	122.877	70.5334	71.4697	67.0243	84.0778	63.5896	80.2199	67.494	78.2898	79.7215	70.0987	1	1	1	1	1	1	1	
186	128.181	132.394	125.202	120.695	140.519	131.955	122.876	70.5321	71.4693	67.0226	84.0773	63.5889	80.2196	67.4933	78.2893	79.7209	70.0983	1	1	1	1	1	1	1	
187	128.18	132.393	125.201	120.694	140.517	131.954	122.875	70.5309	71.4689	67.0209	84.0768	63.5881	80.2194	67.4926	78.2888	79.7204	70.0979	1	1	1	1	1	1	1	
188	128.179	132.392	125.2	120.693	140.516	131.953	122.874	70.5296	71.4684	67.0192	84.0763	63.5874	80.2191	67.4919	78.2883	79.7199	70.0975	1	1	1	1	1	1	1	
189	128.178	132.392	125.199	120.692	140.515	131.952	122.873	70.5283	71.468	67.0174	84.0757	63.5866	80.2188	67.4911	78.2878	79.7193	70.097	1	1	1	1	1	1	1	
190	128.177	132.391	125.198	120.691	140.513	131.951	122.872	70.527	71.4676	67.0157	84.0752	63.5858	80.2186	67.4904	78.2872	79.7188	70.0966	1	1	1	1	1	1	1	
191	128.176	132.39	125.198	120.69	140.512	131.951	122.871	70.5257	71.4671	67.0139	84.0746	63.5851	80.2183	67.4896	78.2867	79.7182	70.0962	1	1	1	1	1	1	1	
192	128.175	132.389	125.197	120.689	140.51	131.95	122.87	70.5243	71.4667	67.0121	84.0741	63.5843	80.218	67.4889	78.2862	79.7177	70.0958	1	1	1	1	1	1	1	
193	128.174	132.388	125.196	120.688	140.509	131.949	122.869	70.523	71.4663	67.0103	84.0735	63.5835	80.2177	67.4881	78.2856	79.7171	70.0953	1	1	1	1	1	1	1	
194	128.173	132.387	125.195	120.687	140.507	131.948	122.868	70.5216	71.4658	67.0085	84.073	63.5827	80.2175	67.4873	78.2851	79.7165	70.0949	1	1	1	1	1	1	1	
195	128.172	132.386	125.194	120.686	140.505	131.947	122.867	70.5202	71.4654	67.0066	84.0724	63.5819	80.2172	67.4866	78.2845	79.7159	70.0944	1	1	1	1	1	1	1	
196	128.172	132.385	125.193	120.685	140.504	131.946	122.865	70.5188	71.4649	67.0048	84.0718	63.5811	80.2169	67.4858	78.2839	79.7154	70.094	1	1	1	1	1	1	1	
197	128.171	132.383	125.191	120.684	140.502	131.945	122.864	70.5174	71.4644	67.0029	84.0712	63.5802	80.2166	67.485	78.2834	79.7148	70.0935	1	1	1	1	1	1	1	
198	128.17	132.382	125.19	120.683	140.501	131.944	122.863	70.516	71.464	67.001	84.0707	63.5794	80.2163	67.4842	78.2828	79.7142	70.0931	1	1	1	1	1	1	1	
199	128.169	132.381	125.189	120.682	140.499	131.943	122.862	70.5146	71.4635	66.9991	84.0701	63.5786	80.216	67.4833	78.2822	79.7136	70.0926	1	1	1	1	1	1	1	
200	128.168	132.38	125.188	120.681	140.497	131.942	122.861	70.5131	71.463	66.9971	84.0695	63.5777	80.2157	67.4825	78.2817	79.713	70.0921	1	1	1	1	1	1	1	
201	128.167	132.379	125.187	120.679	140.496	131.941	122.859	70.5117	71.4625	66.9951	84.0689	63.5769	80.2154	67.4817	78.2811	79.7124	70.0917	1	1	1	1	1	1	1	
202	128.165	132.378	125.186	120.678	140.494	131.94	122.858	70.5102	71.462	66.9932	84.0682	63.576	80.2151	67.4809	78.2805	79.7117	70.0912	1	1	1	1	1	1	1	
203	128.164	132.377	125.185	120.677	140.492	131.94	122.857	70.5087	71.4616	66.9912	84.0676	63.5751	80.2148	67.48	78.2799	79.7111	70.0907	1	1	1	1	1	1	1	
204	128.163	132.376	125.184	120.676	140.491	131.939	122.856	70.5072	71.4611	66.9891	84.067	63.5742	80.2145	67.4792	78.2793	79.7105	70.0902	1	1	1	1	1	1	1	
205	128.162	132.375	125.183	120.675	140.489	131.938	122.855	70.5057	71.4606	66.9871	84.0664	63.5733	80.2142	67.4783	78.2786	79.7098	70.0897	1	1	1	1	1	1	1	
206	128.161	132.374	125.182	120.674	140.487	131.937	122.853	70.5041	71.4601	66.985	84.0657	63.5724	80.2138	67.4774	78.278	79.7092	70.0892	1	1	1	1	1	1	1	
207	128.16	132.372	125.181	120.673	140.485	131.936	122.852	70.5026	71.4595	66.9829	84.0651	63.5715	80.2135	67.4765	78.2774	79.7085	70.0887	1	1	1	1	1	1	1	
208	128.159	132.371	125.179	120.671	140.484	131.935	122.851	70.501	71.459	66.9808	84.0644	63.5706	80.2132	67.4756	78.2768	79.7079	70.0882	1	1	1	1	1	1	1	
209	128.158	132.37	125.178	120.67	140.482	131.933	122.849	70.4994	71.4585	66.9787	84.0638	63.5696	80.2129	67.4747	78.2761	79.7072	70.0877	1	1	1	1	1	1	1	
210	128.157	132.369	125.177	120.669	140.48	131.932	122.848	70.4978	71.458	66.9765	84.0631	63.5687	80.2125	67.4738	78.2755	79.7065	70.0872	1	1	1	1	1	1	1	
211	128.156	132.368	125.176	120.668	140.478	131.931	122.847	70.4962	71.4574	66.9743	84.0624	63.5677	80.2122	67.4729	78.2748	79.7059	70.0866	1	1	1	1	1	1	1	
212	128.155	132.367	125.175	120.667	140.476	131.93	122.845	70.4945	71.4569	66.9721	84.0618	63.5668	80.2118	67.472	78.2742	79.7052	70.0861	1	1	1	1	1	1	1	
213	128.153	132.365	125.173	120.665	140.475	131.929	122.844	70.4929	71.4564	66.9699	84.0611	63.5658	80.2115	67.4711	78.2735	79.7045	70.0856	1	1	1	1	1	1	1	
214	128.152	132.364	125.172	120.664	140.473	131.928	122.843	70.4912	71.4558	66.9677	84.0604	63.5648	80.2112	67.4701	78.2728	79.7038	70.085	1	1	1	1	1	1	1	
215	128.151	132.363	125.171	120.663	140.471	131.927	122.841	70.4895	71.4553	66.9654	84.0597	63.5638	80.2108	67.4692	78.2722	79.7031	70.0845	1	1	1	1	1	1	1	
216	128.15	132.362	125.17	120.662	140.469	131.926	122.84	70.4878	71.4547	66.9631	84.059	63.5628	80.2104	67.4682	78.2715	79.7024	70.0839	1	1	1	1	1	1	1	
217	128.149	132.36	125.168	120.66	140.467	131.925	122.838	70.4861	71.4541	66.9608	84.0583	63.5618	80.2101	67.4672	78.2708	79.7016	70.0834	1	1	1	1	1	1	1	
218	128.147	132.359	125.167	120.659	140.465	131.924	122.837	70.4844	71.4536	66.9585	84.0575	63.5608	80.2097	67.4662	78.2701	79.7009	70.0828	1	1	1	1	1	1	1	
219	128.146	132.358	125.166	120.658	140.463	131.923	122.836	70.4826	71.453	66.9561	84.0568	63.5597	80.2094	67.4652	78.2694	79.7002	70.0822	1	1	1	1	1	1	1	
220	128.145	132.356	125.165	120.656	140.461	131.921	122.834	70.4808	71.4524	66.9537	84.0561	63.5587	80.209	67.4642	78.2687	79.6994	70.0816	1	1	1	1	1	1	1	
221	128.144	132.355	125.163	120.655	140.459	131.92	122.833	70.479	71.4518	66.9513	84.0553	63.5576	80.2086	67.4632	78.2679	79.6987	70.0811	1	1	1	1	1	1	1	
222	128.142	132.354	125.162	120.654	140.457	131.919	122.831	70.4772	71.4512	66.9488	84.0546	63.5566	80.2082	67.4622	78.2672	79.6979	70.0805	1	1	1	1	1	1	1	
223	128.141	132.352	125.161	120.652	140.455	131.918	122.83	70.4754	71.4506	66.9464	84.0538	63.5555	80.2079	67.4611	78.2665	79.6972	70.0799	1	1	1	1	1	1	1	
224	128.14	132.351	125.159	120.651	140.453	131.917	122.828	70.4735	71.45	66.9439	84.0531	63.5544	80.2075	67.4601	78.2657	79.6964	70.0793	1	1	1	1	1	1	1	
225	128.139	132.35	125.158	120.649	140.451	131.915	122.827	70.4717	71.4494	66.9414	84.0523	63.5533	80.2071	67.459	78.265	79.6956	70.0787	1	1	1	1	1	1	1	
226	128.137	132.348	125.156	120.648	140.448	131.914	122.825	70.4698	71.4488	66.9388	84.0515	63.5522	80.2067	67.458	78.2642	79.6948	70.078	1	1	1	1	1	1	1	
227	128.136	132.347	125.155	120.647	140.446	131.913	122.823	70.4679	71.4481	66.9363	84.0507	63.5511	80.2063	67.4569	78.2635	79.694	70.0774	1	1	1	1	1	1	1	
228	128.135	132.345	125.154	120.645	140.444	131.912	122.822	70.466	71.4475	66.9337	84.0499	63.5499	80.2059	67.4558	78.2627	79.6932	70.0768	1	1	1	1	1	1	1	
229	128.133	132.344	125.152	120.644	140.442	131.91	122.82	70.464	71.4469	66.931	84.0491	63.5488	80.2055	67.4547	78.2619	79.6924	70.0762	1	1	1	1	1	1	1	
230	128.132	132.342	125.151	120.642	140.44	131.909	122.819	70.462	71.4462	66.9284	84.0483	63.5476	80.2051	67.4536	78.2611	79.6916	70.0755	1	1	1	1	1	1	1	
231	128.13	132.341	125.149	120.641	140.437	131.908	122.817	70.4601	71.4456	66.9257	84.0475	63.5465	80.2047	67.4525	78.2603	79.6907	70.0749	1	1	1	1	1	1	1	
232	128.129	132.339	125.148	120.639	140.435	131.907	122.815	70.458	71.4449	66.923	84.0467	63.5453	80.2043	67.4513	78.2595	79.6899	70.0742	1	1	1	1	1	1	1	
233	128.128	132.338	125.146	120.638	140.433	131.905	122.814	70.456	71.4442	66.9203	84.0458	63.5441	80.2038	67.4502	78.2587	79.689	70.0736	1	1	1	1	1	1	1	
234	128.126	132.336	125.145	120.636	140.43	131.904	122.812	70.454	71.4436	66.9175	84.045	63.5429	80.2034	67.449	78.2579	79.6882	70.0729	1	1	1	1	1	1	1	
235	128.125	132.335	125.143	120.634	140.428	131.903	122.81	70.4519	71.4429	66.9147	84.0441	63.5416	80.203	67.4478	78.257	79.6873	70.0722	1	1	1	1	1	1	1	
236	128.123	132.333	125.142	120.633	140.426	131.901	122.809	70.4498	71.4422	66.9119	84.0433	63.5404	80.2026	67.4467	78.2562	79.6864	70.0715	1	1	1	1	1	1	1	
237	128.122	132.332	125.14	120.631	140.423	131.9	122.807	70.4477	71.4415	66.9091	84.0424	63.5392	80.2021	67.4455	78.2553	79.6856	70.0708	1	1	1	1	1	1	1	
238	128.12	132.33	125.139	120.63	140.421	131.898	122.805	70.4456	71.4408	66.9062	84.0415	63.5379	80.2017	67.4443	78.2545	79.6847	70.0702	1	1	1	1	1	1	1	
239	128.119	132.329	125.137	120.628	140.418	131.897	122.803	70.4434	71.4401	66.9033	84.0406	63.5366	80.2012	67.443	78.2536	79.6838	70.0694	1	1	1	1	1	1	1	
240	128.117	132.327	125.135	120.626	140.416	131.896	122.801	70.4412	71.4394	66.9003	84.0397	63.5353	80.2008	67.4418	78.2528	79.6828	70.0687	1	1	1	1	1	1	1	
241	128.116	132.325	125.134	120.625	140.414	131.894	122.8	70.439	71.4387	66.8974	84.0388	63.534	80.2003	67.4406	78.2519	79.6819	70.068	1	1	1	1	1	1	1	
242	128.114	132.324	125.132	120.623	140.411	131.893	122.798	70.4368	71.4379	66.8944	84.0379	63.5327	80.1999	67.4393	78.251	79.681	70.0673	1	1	1	1	1	1	1	
243	128.113	132.322	125.13	120.621	140.408	131.891	122.796	70.4346	71.4372	66.8913	84.0369	63.5314	80.1994	67.438	78.2501	79.6801	70.0666	1	1	1	1	1	1	1	
244	128.111	132.32	125.129	120.62	140.406	131.89	122.794	70.4323	71.4365	66.8883	84.036	63.5301	80.1989	67.4367	78.2492	79.6791	70.0658	1	1	1	1	1	1	1	
245	128.109	132.319	125.127	120.618	140.403	131.888	122.792	70.43	71.4357	66.8852	84.0351	63.5287	80.1985	67.4354	78.2482	79.6781	70.0651	1	1	1	1	1	1	1	
246	128.108	132.317	125.125	120.616	140.401	131.887	122.79	70.4277	71.435	66.882	84.0341	63.5273	80.198	67.4341	78.2473	79.6772	70.0643	1	1	1	1	1	1	1	
247	128.106	132.315	125.124	120.615	140.398	131.885	122.788	70.4253	71.4342	66.8789	84.0331	63.526	80.1975	67.4328	78.2464	79.6762	70.0636	1	1	1	1	1	1	1	
248	128.104	132.313	125.122	120.613	140.395	131.884	122.786	70.423	71.4334	66.8757	84.0322	63.5246	80.197	67.4315	78.2454	79.6752	70.0628	1	1	1	1	1	1	1	
249	128.103	132.312	125.12	120.611	140.393	131.882	122.784	70.4206	71.4326	66.8725	84.0312	63.5231	80.1965	67.4301	78.2445	79.6742	70.062	1	1	1	1	1	1	1	
250	128.101	132.31	125.118	120.609	140.39	131.881	122.782	70.4182	71.4318	66.8692	84.0302	63.5217	80.196	67.4288	78.2435	79.6732	70.0612	1	1	1	1	1	1	1	
251	128.099	132.308	125.117	120.607	140.387	131.879	122.78	70.4157	71.4311	66.8659	84.0292	63.5203	80.1955	67.4274	78.2425	79.6722	70.0604	1	1	1	1	1	1	1	
252	128.098	132.306	125.115	120.605	140.384	131.877	122.778	70.4133	71.4302	66.8626	84.0282	63.5188	80.195	67.426	78.2415	79.6711	70.0596	1	1	1	1	1	1	1	
253	128.096	132.304	125.113	120.604	140.381	131.876	122.776	70.4108	71.4294	66.8592	84.0271	63.5173	80.1945	67.4246	78.2405	79.6701	70.0588	1	1	1	1	1	1	1	
254	128.094	132.303	125.111	120.602	140.379	131.874	122.774	70.4083	71.4286	66.8558	84.0261	63.5159	80.194	67.4232	78.2395	79.669	70.058	1	1	1	1	1	1	1	
255	128.092	132.301	125.109	120.6	140.376	131.873	122.772	70.4057	71.4278	66.8524	84.025	63.5144	80.1934	67.4217	78.2385	79.668	70.0571	1	1	1	1	1	1	1	
256	128.091	132.299	125.107	120.598	140.373	131.871	122.77	70.4032	71.4269	66.8489	84.024	63.5128	80.1929	67.4203	78.2375	79.6669	70.0563	1	1	1	1	1	1	1	
257	128.089	132.297	125.105	120.596	140.37	131.869	122.768	70.4006	71.4261	66.8454	84.0229	63.5113	80.1924	67.4188	78.2364	79.6658	70.0555	1	1	1	1	1	1	1	
258	128.087	132.295	125.103	120.594	140.367	131.868	122.766	70.398	71.4252	66.8418	84.0218	63.5097	80.1918	67.4173	78.2354	79.6647	70.0546	1	1	1	1	1	1	1	
259	128.085	132.293	125.101	120.592	140.364	131.866	122.764	70.3953	71.4244	66.8383	84.0207	63.5082	80.1913	67.4158	78.2343	79.6636	70.0537	1	1	1	1	1	1	1	
260	128.083	132.291	125.099	120.59	140.361	131.864	122.761	70.3926	71.4235	66.8346	84.0196	63.5066	80.1907	67.4143	78.2333	79.6625	70.0529	1	1	1	1	1	1	1	
261	128.081	132.289	125.097	120.588	140.358	131.862	122.759	70.3899	71.4226	66.831	84.0185	63.505	80.1902	67.4128	78.2322	79.6614	70.052	1	1	1	1	1	1	1	
262	128.079	132.287	125.095	120.586	140.355	131.861	122.757	70.3872	71.4217	66.8273	84.0174	63.5034	80.1896	67.4113	78.2311	79.6602	70.0511	1	1	1	1	1	1	1	
263	128.077	132.285	125.093	120.584	140.352	131.859	122.755	70.3845	71.4208	66.8235	84.0162	63.5017	80.189	67.4097	78.23	79.6591	70.0502	1	1	1	1	1	1	1	
264	128.076	132.283	125.091	120.582	140.348	131.857	122.752	70.3817	71.4199	66.8198	84.0151	63.5001	80.1884	67.4081	78.2289	79.6579	70.0493	1	1	1	1	1	1	1	
265	128.074	132.281	125.089	120.579	140.345	131.855	122.75	70.3789	71.419	66.816	84.0139	63.4984	80.1879	67.4065	78.2277	79.6567	70.0483	1	1	1	1	1	1	1	
266	128.072	132.279	125.087	120.577	140.342	131.853	122.748	70.376	71.4181	66.8121	84.0128	63.4967	80.1873	67.4049	78.2266	79.6555	70.0474	1	1	1	1	1	1	1	
267	128.07	132.276	125.085	120.575	140.339	131.851	122.745	70.3731	71.4171	66.8082	84.0116	63.495	80.1867	67.4033	78.2255	79.6543	70.0465	1	1	1	1	1	1	1	
268	128.067	132.274	125.083	120.573	140.335	131.849	122.743	70.3702	71.4162	66.8043	84.0104	63.4933	80.1861	67.4017	78.2243	79.6531	70.0455	1	1	1	1	1	1	1	
269	128.065	132.272	125.081	120.571	140.332	131.848	122.74	70.3673	71.4152	66.8003	84.0092	63.4916	80.1855	67.4	78.2231	79.6519	70.0446	1	1	1	1	1	1	1	
270	128.063	132.27	125.079	120.569	140.329	131.846	122.738	70.3643	71.4143	66.7963	84.0079	63.4898	80.1849	67.3983	78.2219	79.6506	70.0436	1	1	1	1	1	1	1	
271	128.061	132.268	125.076	120.566	140.325	131.844	122.736	70.3613	71.4133	66.7922	84.0067	63.488	80.1842	67.3967	78.2207	79.6494	70.0426	1	1	1	1	1	1	1	
272	128.059	132.265	125.074	120.564	140.322	131.842	122.733	70.3583	71.4123	66.7881	84.0055	63.4862	80.1836	67.3949	78.2195	79.6481	70.0416	1	1	1	1	1	1	1	
273	128.057	132.263	125.072	120.562	140.318	131.84	122.731	70.3553	71.4113	66.7839	84.0042	63.4844	80.183	67.3932	78.2183	79.6468	70.0406	1	1	1	1	1	1	1	
274	128.055	132.261	125.07	120.559	140.315	131.838	122.728	70.3522	71.4103	66.7798	84.0029	63.4826	80.1823	67.3915	78.2171	79.6456	70.0396	1	1	1	1	1	1	1	
275	128.053	132.259	125.067	120.557	140.311	131.836	122.725	70.3491	71.4093	66.7755	84.0016	63.4807	80.1817	67.3897	78.2158	79.6442	70.0386	1	1	1	1	1	1	1	
276	128.05	132.256	125.065	120.555	140.308	131.834	122.723	70.3459	71.4082	66.7712	84.0003	63.4789	80.181	67.3879	78.2146	79.6429	70.0375	1	1	1	1	1	1	1	
277	128.048	132.254	125.063	120.552	140.304	131.832	122.72	70.3427	71.4072	66.7669	83.999	63.477	80.1804	67.3861	78.2133	79.6416	70.0365	1	1	1	1	1	1	1	
278	128.046	132.251	125.06	120.55	140.3	131.829	122.717	70.3395	71.4062	66.7625	83.9977	63.4751	80.1797	67.3843	78.212	79.6402	70.0354	1	1	1	1	1	1	1	
279	128.044	132.249	125.058	120.547	140.297	131.827	122.715	70.3363	71.4051	66.7581	83.9964	63.4731	80.179	67.3825	78.2107	79.6389	70.0344	1	1	1	1	1	1	1	
280	128.041	132.247	125.055	120.545	140.293	131.825	122.712	70.333	71.404	66.7536	83.995	63.4712	80.1784	67.3806	78.2094	79.6375	70.0333	1	1	1	1	1	1	1	
281	128.039	132.244	125.053	120.542	140.289	131.823	122.709	70.3297	71.4029	66.7491	83.9936	63.4692	80.1777	67.3788	78.2081	79.6361	70.0322	1	1	1	1	1	1	1	
282	128.037	132.242	125.05	120.54	140.285	131.821	122.707	70.3263	71.4019	66.7446	83.9922	63.4672	80.177	67.3769	78.2067	79.6347	70.0311	1	1	1	1	1	1	1	
283	128.034	132.239	125.048	120.537	140.282	131.819	122.704	70.3229	71.4008	66.74	83.9909	63.4652	80.1763	67.375	78.2054	79.6333	70.03	1	1	1	1	1	1	1	
284	128.032	132.237	125.045	120.535	140.278	131.816	122.701	70.3195	71.3996	66.7353	83.9894	63.4631	80.1756	67.373	78.204	79.6319	70.0288	1	1	1	1	1	1	1	
285	128.03	132.234	125.043	120.532	140.274	131.814	122.698	70.316	71.3985	66.7306	83.988	63.4611	80.1749	67.3711	78.2026	79.6304	70.0277	1	1	1	1	1	1	1	
286	128.027	132.231	125.04	120.53	140.27	131.812	122.695	70.3125	71.3974	66.7258	83.9866	63.459	80.1741	67.3691	78.2012	79.629	70.0265	1	1	1	1	1	1	1	
287	128.025	132.229	125.038	120.527	140.266	131.81	122.692	70.309	71.3962	66.721	83.9851	63.4569	80.1734	67.3671	78.1998	79.6275	70.0254	1	1	1	1	1	1	1	
288	128.022	132.226	125.035	120.524	140.262	131.807	122.689	70.3054	71.3951	66.7162	83.9836	63.4548	80.1727	67.3651	78.1984	79.626	70.0242	1	1	1	1	1	1	1	
289	128.02	132.223	125.032	120.521	140.258	131.805	122.686	70.3018	71.3939	66.7113	83.9822	63.4526	80.1719	67.3631	78.197	79.6245	70.023	1	1	1	1	1	1	1	
290	128.017	132.221	125.03	120.519	140.253	131.803	122.683	70.2982	71.3927	66.7063	83.9807	63.4504	80.1712	67.361	78.1955	79.6229	70.0218	1	1	1	1	1	1	1	
291	128.014	132.218	125.027	120.516	140.249	131.8	122.68	70.2945	71.3915	66.7013	83.9791	63.4483	80.1704	67.359	78.194	79.6214	70.0206	1	1	1	1	1	1	1	
292	128.012	132.215	125.024	120.513	140.245	131.798	122.677	70.2908	71.3903	66.6962	83.9776	63.446	80.1696	67.3569	78.1926	79.6198	70.0194	1	1	1	1	1	1	1	
293	128.009	132.212	125.021	120.51	140.241	131.795	122.674	70.2871	71.3891	66.6911	83.9761	63.4438	80.1689	67.3548	78.1911	79.6183	70.0181	1	1	1	1	1	1	1	
294	128.007	132.21	125.019	120.507	140.236	131.793	122.671	70.2833	71.3879	66.6859	83.9745	63.4415	80.1681	67.3526	78.1896	79.6167	70.0169	1	1	1	1	1	1	1	
295	128.004	132.207	125.016	120.505	140.232	131.79	122.668	70.2794	71.3866	66.6807	83.9729	63.4392	80.1673	67.3505	78.188	79.6151	70.0156	1	1	1	1	1	1	1	
296	128.001	132.204	125.013	120.502	140.228	131.788	122.665	70.2755	71.3854	66.6754	83.9713	63.4369	80.1665	67.3483	78.1865	79.6135	70.0143	1	1	1	1	1	1	1	
297	127.998	132.201	125.01	120.499	140.223	131.785	122.661	70.2716	71.3841	66.67	83.9697	63.4346	80.1657	67.3461	78.1849	79.6118	70.013	1	1	1	1	1	1	1	
298	127.996	132.198	125.007	120.496	140.219	131.783	122.658	70.2677	71.3828	66.6646	83.9681	63.4322	80.1649	67.3439	78.1833	79.6102	70.0117	1	1	1	1	1	1	1	
299	127.993	132.195	125.004	120.493	140.214	131.78	122.655	70.2637	71.3815	66.6591	83.9664	63.4298	80.164	67.3416	78.1817	79.6085	70.0104	1	1	1	1	1	1	1	
300	127.99	132.192	125.001	120.49	140.209	131.777	122.651	70.2596	71.3802	66.6536	83.9648	63.4274	80.1632	67.3393	78.1801	79.6068	70.0091	1	1	1	1	1	1	1	
301	127.987	132.189	124.998	120.487	140.205	131.775	122.648	70.2556	71.3789	66.648	83.9631	63.425	80.1624	67.337	78.1785	79.6051	70.0077	1	1	1	1	1	1	1	
302	127.984	132.186	124.995	120.483	140.2	131.772	122.645	70.2514	71.3775	66.6424	83.9614	63.4225	80.1615	67.3347	78.1769	79.6034	70.0064	1	1	1	1	1	1	1	
303	127.981	132.183	124.992	120.48	140.195	131.769	122.641	70.2473	71.3762	66.6367	83.9597	63.42	80.1606	67.3324	78.1752	79.6016	70.005	1	1	1	1	1	1	1	
304	127.978	132.18	124.989	120.477	140.19	131.767	122.638	70.2431	71.3748	66.6309	83.9579	63.4175	80.1598	67.33	78.1735	79.5999	70.0036	1	1	1	1	1	1	1	
305	127.975	132.177	124.986	120.474	140.186	131.764	122.634	70.2388	71.3734	66.6251	83.9562	63.415	80.1589	67.3276	78.1718	79.5981	70.0022	1	1	1	1	1	1	1	
306	127.972	132.173	124.982	120.471	140.181	131.761	122.631	70.2345	71.372	66.6192	83.9544	63.4124	80.158	67.3252	78.1701	79.5963	70.0008	1	1	1	1	1	1	1	
307	127.969	132.17	124.979	120.467	140.176	131.758	122.627	70.2302	71.3706	66.6133	83.9526	63.4098	80.1571	67.3228	78.1684	79.5945	69.9993	1	1	1	1	1	1	1	
308	127.966	132.167	124.976	120.464	140.171	131.755	122.623	70.2258	71.3692	66.6073	83.9508	63.4072	80.1562	67.3203	78.1667	79.5926	69.9979	1	1	1	1	1	1	1	
309	127.963	132.164	124.973	120.461	140.166	131.753	122.62	70.2213	71.3678	66.6012	83.949	63.4045	80.1553	67.3178	78.1649	79.5908	69.9964	1	1	1	1	1	1	1	
310	127.96	132.16	124.969	120.457	140.161	131.75	122.616	70.2169	71.3663	66.595	83.9472	63.4018	80.1544	67.3153	78.1631	79.5889	69.9949	1	1	1	1	1	1	1	
311	127.957	132.157	124.966	120.454	140.155	131.747	122.612	70.2123	71.3649	66.5888	83.9453	63.3991	80.1534	67.3127	78.1613	79.587	69.9934	1	1	1	1	1	1	1	
312	127.954	132.153	124.963	120.45	140.15	131.744	122.609	70.2078	71.3634	66.5825	83.9434	63.3963	80.1525	67.3102	78.1595	79.5851	69.9919	1	1	1	1	1	1	1	
313	127.95	132.15	124.959	120.447	140.145	131.741	122.605	70.2031	71.3619	66.5762	83.9415	63.3936	80.1515	67.3076	78.1577	79.5831	69.9903	1	1	1	1	1	1	1	
314	127.947	132.147	124.956	120.443	140.14	131.738	122.601	70.1985	71.3604	66.5698	83.9396	63.3908	80.1506	67.3049	78.1558	79.5812	69.9888	1	1	1	1	1	1	1	
315	127.944	132.143	124.952	120.44	140.134	131.735	122.597	70.1938	71.3589	66.5633	83.9377	63.3879	80.1496	67.3023	78.1539	79.5792	69.9872	1	1	1	1	1	1	1	
316	127.94	132.139	124.949	120.436	140.129	131.731	122.593	70.189	71.3573	66.5567	83.9357	63.3851	80.1486	67.2996	78.152	79.5772	69.9856	1	1	1	1	1	1	1	
317	127.937	132.136	124.945	120.433	140.123	131.728	122.589	70.1842	71.3558	66.5501	83.9337	63.3822	80.1476	67.2969	78.1501	79.5752	69.984	1	1	1	1	1	1	1	
318	127.934	132.132	124.942	120.429	140.118	131.725	122.585	70.1793	71.3542	66.5434	83.9317	63.3793	80.1466	67.2942	78.1482	79.5731	69.9824	1	1	1	1	1	1	1	
319	127.93	132.129	124.938	120.425	140.112	131.722	122.581	70.1744	71.3526	66.5366	83.9297	63.3763	80.1456	67.2914	78.1462	79.5711	69.9808	1	1	1	1	1	1	1	
320	127.927	132.125	124.934	120.421	140.106	131.719	122.577	70.1694	71.351	66.5298	83.9276	63.3733	80.1446	67.2886	78.1443	79.569	69.9791	1	1	1	1	1	1	1	
321	127.923	132.121	124.93	120.418	140.1	131.715	122.573	70.1644	71.3494	66.5229	83.9256	63.3703	80.1435	67.2858	78.1423	79.5669	69.9774	1	1	1	1	1	1	1	
322	127.92	132.117	124.927	120.414	140.095	131.712	122.568	70.1593	71.3477	66.5159	83.9235	63.3672	80.1425	67.283	78.1402	79.5648	69.9758	1	1	1	1	1	1	1	
323	127.916	132.114	124.923	120.41	140.089	131.709	122.564	70.1542	71.3461	66.5088	83.9214	63.3641	80.1414	67.2801	78.1382	79.5626	69.974	1	1	1	1	1	1	1	
324	127.912	132.11	124.919	120.406	140.083	131.705	122.56	70.149	71.3444	66.5017	83.9193	63.361	80.1404	67.2772	78.1362	79.5605	69.9723	1	1	1	1	1	1	1	
325	127.909	132.106	124.915	120.402	140.077	131.702	122.555	70.1437	71.3427	66.4944	83.9171	63.3579	80.1393	67.2742	78.1341	79.5583	69.9706	1	1	1	1	1	1	1	
326	127.905	132.102	124.911	120.398	140.071	131.698	122.551	70.1385	71.341	66.4871	83.9149	63.3547	80.1382	67.2713	78.132	79.556	69.9688	1	1	1	1	1	1	1	
327	127.901	132.098	124.907	120.394	140.065	131.695	122.547	70.1331	71.3393	66.4797	83.9127	63.3514	80.1371	67.2683	78.1299	79.5538	69.967	1	1	1	1	1	1	1	
328	127.897	132.094	124.903	120.39	140.058	131.691	122.542	70.1277	71.3376	66.4723	83.9105	63.3482	80.136	67.2652	78.1277	79.5515	69.9652	1	1	1	1	1	1	1	
329	127.894	132.09	124.899	120.386	140.052	131.688	122.538	70.1222	71.3358	66.4647	83.9083	63.3449	80.1349	67.2622	78.1255	79.5492	69.9634	1	1	1	1	1	1	1	
330	127.89	132.086	124.895	120.382	140.046	131.684	122.533	70.1167	71.334	66.4571	83.906	63.3415	80.1337	67.2591	78.1234	79.5469	69.9615	1	1	1	1	1	1	1	
331	127.886	132.081	124.891	120.377	140.039	131.681	122.528	70.1111	71.3322	66.4494	83.9037	63.3382	80.1326	67.256	78.1211	79.5446	69.9597	1	1	1	1	1	1	1	
332	127.882	132.077	124.887	120.373	140.033	131.677	122.524	70.1055	71.3304	66.4416	83.9014	63.3348	80.1314	67.2528	78.1189	79.5422	69.9578	1	1	1	1	1	1	1	
333	127.878	132.073	124.882	120.369	140.026	131.673	122.519	70.0998	71.3286	66.4337	83.8991	63.3313	80.1302	67.2496	78.1167	79.5399	69.9559	1	1	1	1	1	1	1	
334	127.874	132.069	124.878	120.365	140.02	131.669	122.514	70.094	71.3267	66.4257	83.8967	63.3279	80.1291	67.2464	78.1144	79.5374	69.9539	1	1	1	1	1	1	1	
335	127.87	132.064	124.874	120.36	140.013	131.666	122.509	70.0882	71.3249	66.4177	83.8943	63.3243	80.1279	67.2431	78.1121	79.535	69.952	1	1	1	1	1	1	1	
336	127.866	132.06	124.869	120.356	140.006	131.662	122.505	70.0823	71.323	66.4095	83.8919	63.3208	80.1267	67.2398	78.1098	79.5325	69.95	1	1	1	1	1	1	1	
337	127.861	132.055	124.865	120.351	139.999	131.658	122.5	70.0764	71.3211	66.4013	83.8894	63.3172	80.1254	67.2365	78.1074	79.5301	69.948	1	1	1	1	1	1	1	
338	127.857	132.051	124.861	120.347	139.993	131.654	122.495	70.0704	71.3192	66.393	83.887	63.3135	80.1242	67.2331	78.105	79.5275	69.946	1	1	1	1	1	1	1	
339	127.853	132.046	124.856	120.342	139.986	131.65	122.49	70.0643	71.3172	66.3846	83.8845	63.3099	80.123	67.2297	78.1026	79.525	69.944	1	1	1	1	1	1	1	
340	127.849	132.042	124.851	120.337	139.979	131.646	122.484	70.0582	71.3152	66.376	83.882	63.3062	80.1217	67.2263	78.1002	79.5224	69.9419	1	1	1	1	1	1	1	
341	127.844	132.037	124.847	120.333	139.971	131.642	122.479	70.052	71.3133	66.3674	83.8794	63.3024	80.1204	67.2229	78.0978	79.5198	69.9398	1	1	1	1	1	1	1	
342	127.84	132.033	124.842	120.328	139.964	131.638	122.474	70.0457	71.3113	66.3587	83.8769	63.2986	80.1191	67.2194	78.0953	79.5172	69.9377	1	1	1	1	1	1	1	
343	127.835	132.028	124.837	120.323	139.957	131.634	122.469	70.0394	71.3092	66.3499	83.8743	63.2948	80.1178	67.2158	78.0928	79.5146	69.9356	1	1	1	1	1	1	1	
344	127.831	132.023	124.833	120.318	139.95	131.63	122.464	70.033	71.3072	66.341	83.8717	63.2909	80.1165	67.2122	78.0903	79.5119	69.9334	1	1	1	1	1	1	1	
345	127.826	132.018	124.828	120.313	139.942	131.625	122.458	70.0266	71.3051	66.332	83.869	63.287	80.1152	67.2086	78.0877	79.5092	69.9313	1	1	1	1	1	1	1	
346	127.822	132.013	124.823	120.309	139.935	131.621	122.453	70.02	71.303	66.323	83.8663	63.283	80.1138	67.205	78.0851	79.5064	69.9291	1	1	1	1	1	1	1	
347	127.817	132.008	124.818	120.304	139.927	131.617	122.447	70.0134	71.3009	66.3138	83.8636	63.279	80.1125	67.2013	78.0825	79.5037	69.9268	1	1	1	1	1	1	1	
348	127.812	132.003	124.813	120.299	139.919	131.612	122.442	70.0067	71.2988	66.3045	83.8609	63.2749	80.1111	67.1976	78.0799	79.5009	69.9246	1	1	1	1	1	1	1	
349	127.808	131.998	124.808	120.293	139.911	131.608	122.436	70	71.2966	66.2951	83.8581	63.2708	80.1097	67.1938	78.0772	79.4981	69.9223	1	1	1	1	1	1	1	
350	127.803	131.993	124.803	120.288	139.904	131.604	122.43	69.9932	71.2945	66.2856	83.8553	63.2667	80.1083	67.19	78.0745	79.4952	69.92	1	1	1	1	1	1	1	
351	127.798	131.988	124.798	120.283	139.896	131.599	122.425	69.9863	71.2923	66.2759	83.8525	63.2625	80.1069	67.1861	78.0718	79.4923	69.9177	1	1	1	1	1	1	1	
352	127.793	131.983	124.793	120.278	139.888	131.594	122.419	69.9793	71.29	66.2662	83.8497	63.2582	80.1055	67.1823	78.0691	79.4894	69.9153	1	1	1	1	1	1	1	
353	127.788	131.978	124.787	120.272	139.879	131.59	122.413	69.9723	71.2878	66.2564	83.8468	63.254	80.104	67.1783	78.0663	79.4865	69.9129	1	1	1	1	1	1	1	
354	127.783	131.972	124.782	120.267	139.871	131.585	122.407	69.9652	71.2855	66.2465	83.8439	63.2496	80.1026	67.1744	78.0635	79.4835	69.9105	1	1	1	1	1	1	1	
355	127.778	131.967	124.777	120.262	139.863	131.581	122.401	69.958	71.2832	66.2364	83.8409	63.2452	80.1011	67.1704	78.0607	79.4805	69.9081	1	1	1	1	1	1	1	
356	127.773	131.961	124.771	120.256	139.855	131.576	122.395	69.9508	71.2809	66.2262	83.838	63.2408	80.0996	67.1663	78.0578	79.4774	69.9056	1	1	1	1	1	1	1	
357	127.768	131.956	124.766	120.251	139.846	131.571	122.389	69.9434	71.2786	66.216	83.835	63.2363	80.0981	67.1622	78.0549	79.4744	69.9032	1	1	1	1	1	1	1	
358	127.763	131.95	124.76	120.245	139.837	131.566	122.383	69.936	71.2762	66.2056	83.8319	63.2318	80.0966	67.1581	78.052	79.4712	69.9006	1	1	1	1	1	1	1	
359	127.757	131.945	124.755	120.239	139.829	131.561	122.377	69.9285	71.2738	66.1951	83.8289	63.2272	80.0951	67.1539	78.0491	79.4681	69.8981	1	1	1	1	1	1	1	
360	127.752	131.939	124.749	120.234	139.82	131.556	122.37	69.9209	71.2714	66.1844	83.8258	63.2226	80.0935	67.1497	78.0461	79.4649	69.8955	1	1	1	1	1	1	1	
361	127.747	131.933	124.743	120.228	139.811	131.551	122.364	69.9133	71.269	66.1737	83.8226	63.2179	80.0919	67.1454	78.0431	79.4617	69.8929	1	1	1	1	1	1	1	
362	127.741	131.928	124.737	120.222	139.802	131.546	122.357	69.9055	71.2665	66.1628	83.8195	63.2132	80.0904	67.1411	78.04	79.4585	69.8903	1	1	1	1	1	1	1	
363	127.736	131.922	124.732	120.216	139.793	131.541	122.351	69.8977	71.2641	66.1518	83.8163	63.2084	80.0888	67.1367	78.037	79.4552	69.8876	1	1	1	1	1	1	1	
364	127.73	131.916	124.726	120.21	139.784	131.536	122.344	69.8898	71.2616	66.1407	83.813	63.2035	80.0871	67.1323	78.0339	79.4519	69.8849	1	1	1	1	1	1	1	
365	127.724	131.91	124.72	120.204	139.775	131.531	122.338	69.8818	71.259	66.1295	83.8098	63.1986	80.0855	67.1279	78.0307	79.4485	69.8822	1	1	1	1	1	1	1	
366	127.719	131.904	124.714	120.198	139.765	131.525	122.331	69.8737	71.2565	66.1181	83.8065	63.1937	80.0838	67.1234	78.0276	79.4452	69.8795	1	1	1	1	1	1	1	
367	127.713	131.898	124.707	120.192	139.756	131.52	122.324	69.8656	71.2539	66.1066	83.8031	63.1887	80.0822	67.1188	78.0244	79.4417	69.8767	1	1	1	1	1	1	1	
368	127.707	131.891	124.701	120.185	139.746	131.515	122.317	69.8573	71.2513	66.095	83.7998	63.1836	80.0805	67.1143	78.0211	79.4383	69.8739	1	1	1	1	1	1	1	
369	127.701	131.885	124.695	120.179	139.737	131.509	122.31	69.849	71.2486	66.0832	83.7963	63.1785	80.0788	67.1096	78.0178	79.4348	69.871	1	1	1	1	1	1	1	
370	127.695	131.879	124.689	120.173	139.727	131.504	122.303	69.8405	71.246	66.0713	83.7929	63.1733	80.0771	67.1049	78.0145	79.4313	69.8681	1	1	1	1	1	1	1	
371	127.689	131.872	124.682	120.166	139.717	131.498	122.296	69.832	71.2433	66.0593	83.7894	63.1681	80.0753	67.1002	78.0112	79.4277	69.8652	1	1	1	1	1	1	1	
372	127.683	131.866	124.676	120.16	139.707	131.492	122.289	69.8234	71.2405	66.0471	83.7859	63.1628	80.0736	67.0954	78.0078	79.4241	69.8623	1	1	1	1	1	1	1	
373	127.677	131.859	124.669	120.153	139.697	131.487	122.282	69.8147	71.2378	66.0348	83.7824	63.1574	80.0718	67.0906	78.0044	79.4204	69.8593	1	1	1	1	1	1	1	
374	127.671	131.853	124.663	120.146	139.687	131.481	122.274	69.8059	71.235	66.0224	83.7788	63.152	80.07	67.0857	78.001	79.4168	69.8563	1	1	1	1	1	1	1	
375	127.665	131.846	124.656	120.14	139.676	131.475	122.267	69.797	71.2322	66.0098	83.7751	63.1465	80.0682	67.0807	77.9975	79.413	69.8532	1	1	1	1	1	1	1	
376	127.658	131.839	124.649	120.133	139.666	131.469	122.259	69.788	71.2294	65.997	83.7715	63.1409	80.0663	67.0757	77.994	79.4093	69.8502	1	1	1	1	1	1	1	
377	127.652	131.833	124.642	120.126	139.655	131.463	122.252	69.7789	71.2265	65.9841	83.7678	63.1353	80.0645	67.0707	77.9904	79.4055	69.847	1	1	1	1	1	1	1	
378	127.646	131.826	124.636	120.119	139.645	131.457	122.244	69.7698	71.2236	65.9711	83.764	63.1297	80.0626	67.0656	77.9868	79.4016	69.8439	1	1	1	1	1	1	1	
379	127.639	131.819	124.629	120.112	139.634	131.451	122.236	69.7605	71.2207	65.9579	83.7602	63.1239	80.0607	67.0604	77.9832	79.3977	69.8407	1	1	1	1	1	1	1	
380	127.632	131.812	124.622	120.105	139.623	131.445	122.229	69.7511	71.2177	65.9446	83.7564	63.1181	80.0588	67.0552	77.9795	79.3938	69.8375	1	1	1	1	1	1	1	
381	127.626	131.805	124.614	120.097	139.612	131.439	122.221	69.7416	71.2148	65.9311	83.7525	63.1123	80.0568	67.05	77.9758	79.3898	69.8342	1	1	1	1	1	1	1	
382	127.619	131.797	124.607	120.09	139.6	131.432	122.213	69.732	71.2117	65.9175	83.7486	63.1063	80.0549	67.0447	77.9721	79.3858	69.8309	1	1	1	1	1	1	1	
383	127.612	131.79	124.6	120.083	139.589	131.426	122.205	69.7223	71.2087	65.9037	83.7447	63.1003	80.0529	67.0393	77.9683	79.3817	69.8276	1	1	1	1	1	1	1	
384	127.605	131.783	124.593	120.075	139.578	131.42	122.196	69.7125	71.2056	65.8897	83.7407	63.0942	80.0509	67.0339	77.9645	79.3776	69.8242	1	1	1	1	1	1	1	
385	127.598	131.775	124.585	120.068	139.566	131.413	122.188	69.7026	71.2025	65.8756	83.7367	63.0881	80.0489	67.0284	77.9606	79.3735	69.8208	1	1	1	1	1	1	1	
386	127.591	131.768	124.578	120.06	139.554	131.407	122.18	69.6926	71.1994	65.8613	83.7326	63.0819	80.0469	67.0228	77.9567	79.3693	69.8173	1	1	1	1	1	1	1	
387	127.584	131.76	124.57	120.053	139.543	131.4	122.171	69.6825	71.1962	65.8468	83.7285	63.0756	80.0448	67.0172	77.9528	79.365	69.8138	1	1	1	1	1	1	1	
388	127.577	131.752	124.562	120.045	139.531	131.393	122.163	69.6722	71.193	65.8322	83.7243	63.0692	80.0427	67.0116	77.9488	79.3608	69.8103	1	1	1	1	1	1	1	
389	127.569	131.745	124.554	120.037	139.519	131.386	122.154	69.6619	71.1898	65.8174	83.7201	63.0628	80.0406	67.0058	77.9448	79.3564	69.8067	1	1	1	1	1	1	1	
390	127.562	131.737	124.547	120.029	139.506	131.379	122.145	69.6515	71.1865	65.8024	83.7158	63.0563	80.0385	67	77.9407	79.352	69.8031	1	1	1	1	1	1	1	
391	127.555	131.729	124.539	120.021	139.494	131.373	122.136	69.6409	71.1832	65.7873	83.7115	63.0497	80.0363	66.9942	77.9366	79.3476	69.7994	1	1	1	1	1	1	1	
392	127.547	131.721	124.531	120.013	139.481	131.366	122.128	69.6302	71.1799	65.7719	83.7072	63.0431	80.0342	66.9883	77.9325	79.3431	69.7957	1	1	1	1	1	1	1	
393	127.539	131.712	124.522	120.005	139.469	131.358	122.118	69.6194	71.1765	65.7564	83.7028	63.0363	80.032	66.9823	77.9283	79.3386	69.7919	1	1	1	1	1	1	1	
394	127.532	131.704	124.514	119.996	139.456	131.351	122.109	69.6085	71.1731	65.7407	83.6983	63.0295	80.0297	66.9763	77.924	79.334	69.7881	1	1	1	1	1	1	1	
395	127.524	131.696	124.506	119.988	139.443	131.344	122.1	69.5974	71.1697	65.7249	83.6939	63.0226	80.0275	66.9702	77.9197	79.3294	69.7843	1	1	1	1	1	1	1	
396	127.516	131.687	124.497	119.979	139.43	131.337	122.091	69.5863	71.1662	65.7088	83.6893	63.0157	80.0252	66.964	77.9154	79.3247	69.7804	1	1	1	1	1	1	1	
397	127.508	131.679	124.489	119.971	139.417	131.329	122.081	69.575	71.1627	65.6925	83.6847	63.0086	80.0229	66.9578	77.911	79.32	69.7765	1	1	1	1	1	1	1	
398	127.5	131.67	124.48	119.962	139.403	131.322	122.072	69.5636	71.1591	65.6761	83.6801	63.0015	80.0206	66.9515	77.9066	79.3152	69.7725	1	1	1	1	1	1	1	
399	127.492	131.662	124.471	119.953	139.39	131.314	122.062	69.5521	71.1555	65.6594	83.6754	62.9942	80.0183	66.9451	77.9021	79.3104	69.7685	1	1	1	1	1	1	1	
400	127.484	131.653	124.463	119.944	139.376	131.306	122.052	69.5404	71.1519	65.6426	83.6707	62.9869	80.0159	66.9387	77.8976	79.3055	69.7644	1	1	1	1	1	1	1	
401	127.475	131.644	124.454	119.935	139.362	131.299	122.042	69.5286	71.1483	65.6256	83.6659	62.9795	80.0135	66.9322	77.893	79.3006	69.7603	1	1	1	1	1	1	1	
402	127.467	131.635	124.445	119.926	139.348	131.291	122.032	69.5167	71.1446	65.6083	83.6611	62.9721	80.0111	66.9256	77.8884	79.2956	69.7561	1	1	1	1	1	1	1	
403	127.458	131.626	124.436	119.917	139.334	131.283	122.022	69.5047	71.1408	65.5909	83.6562	62.9645	80.0087	66.919	77.8838	79.2905	69.7519	1	1	1	1	1	1	1	
404	127.45	131.617	124.426	119.908	139.319	131.275	122.012	69.4925	71.1371	65.5732	83.6512	62.9568	80.0062	66.9123	77.8791	79.2854	69.7476	1	1	1	1	1	1	1	
405	127.441	131.607	124.417	119.899	139.305	131.267	122.002	69.4802	71.1333	65.5553	83.6463	62.9491	80.0037	66.9055	77.8743	79.2803	69.7433	1	1	1	1	1	1	1	
406	127.432	131.598	124.408	119.889	139.29	131.259	121.991	69.4677	71.1294	65.5372	83.6412	62.9412	80.0012	66.8986	77.8695	79.275	69.7389	1	1	1	1	1	1	1	
407	127.423	131.588	124.398	119.879	139.275	131.25	121.981	69.4551	71.1255	65.5189	83.6361	62.9333	79.9986	66.8917	77.8646	79.2698	69.7345	1	1	1	1	1	1	1	
408	127.414	131.579	124.388	119.87	139.26	131.242	121.97	69.4424	71.1216	65.5004	83.6309	62.9253	79.9961	66.8847	77.8597	79.2644	69.73	1	1	1	1	1	1	1	
409	127.405	131.569	124.379	119.86	139.245	131.233	121.959	69.4295	71.1176	65.4816	83.6257	62.9172	79.9935	66.8776	77.8547	79.259	69.7255	1	1	1	1	1	1	1	
410	127.396	131.559	124.369	119.85	139.23	131.225	121.948	69.4165	71.1136	65.4626	83.6205	62.9089	79.9908	66.8704	77.8497	79.2536	69.7209	1	1	1	1	1	1	1	
411	127.387	131.549	124.359	119.84	139.214	131.216	121.937	69.4034	71.1096	65.4434	83.6151	62.9006	79.9882	66.8632	77.8447	79.2481	69.7162	1	1	1	1	1	1	1	
412	127.377	131.539	124.349	119.83	139.198	131.207	121.926	69.3901	71.1055	65.424	83.6097	62.8922	79.9855	66.8559	77.8395	79.2425	69.7115	1	1	1	1	1	1	1	
413	127.368	131.529	124.338	119.82	139.182	131.198	121.915	69.3766	71.1014	65.4043	83.6043	62.8837	79.9828	66.8485	77.8344	79.2369	69.7068	1	1	1	1	1	1	1	
414	127.358	131.519	124.328	119.809	139.166	131.189	121.903	69.363	71.0972	65.3844	83.5988	62.8751	79.98	66.841	77.8291	79.2312	69.702	1	1	1	1	1	1	1	
415	127.348	131.508	124.318	119.799	139.15	131.18	121.892	69.3493	71.093	65.3642	83.5932	62.8663	79.9773	66.8335	77.8238	79.2254	69.6971	1	1	1	1	1	1	1	
416	127.338	131.498	124.307	119.788	139.133	131.171	121.88	69.3354	71.0887	65.3438	83.5876	62.8575	79.9745	66.8259	77.8185	79.2196	69.6922	1	1	1	1	1	1	1	
417	127.329	131.487	124.296	119.777	139.117	131.162	121.868	69.3213	71.0844	65.3231	83.5819	62.8486	79.9716	66.8181	77.8131	79.2137	69.6872	1	1	1	1	1	1	1	
418	127.318	131.476	124.286	119.767	139.1	131.153	121.856	69.3071	71.0801	65.3022	83.5762	62.8395	79.9688	66.8103	77.8076	79.2077	69.6821	1	1	1	1	1	1	1	
419	127.308	131.465	124.275	119.756	139.083	131.143	121.844	69.2928	71.0757	65.281	83.5704	62.8304	79.9659	66.8025	77.8021	79.2017	69.677	1	1	1	1	1	1	1	
420	127.298	131.454	124.264	119.744	139.065	131.133	121.832	69.2782	71.0712	65.2596	83.5645	62.8211	79.9629	66.7945	77.7965	79.1956	69.6718	1	1	1	1	1	1	1	
421	127.288	131.443	124.252	119.733	139.048	131.124	121.819	69.2635	71.0668	65.2378	83.5586	62.8117	79.96	66.7864	77.7909	79.1894	69.6666	1	1	1	1	1	1	1	
422	127.277	131.432	124.241	119.722	139.03	131.114	121.807	69.2487	71.0622	65.2159	83.5526	62.8022	79.957	66.7783	77.7852	79.1832	69.6613	1	1	1	1	1	1	1	
423	127.266	131.42	124.23	119.71	139.012	131.104	121.794	69.2337	71.0577	65.1936	83.5465	62.7926	79.954	66.7701	77.7795	79.1769	69.6559	1	1	1	1	1	1	1	
424	127.256	131.409	124.218	119.699	138.994	131.094	121.781	69.2185	71.053	65.1711	83.5404	62.7829	79.9509	66.7617	77.7736	79.1705	69.6504	1	1	1	1	1	1	1	
425	127.245	131.397	124.206	119.687	138.976	131.084	121.768	69.2031	71.0484	65.1482	83.5342	62.7731	79.9478	66.7533	77.7678	79.1641	69.6449	1	1	1	1	1	1	1	
426	127.234	131.385	124.194	119.675	138.957	131.073	121.755	69.1876	71.0437	65.1251	83.5279	62.7631	79.9447	66.7448	77.7618	79.1576	69.6394	1	1	1	1	1	1	1	
427	127.222	131.373	124.182	119.663	138.938	131.063	121.742	69.1719	71.0389	65.1017	83.5216	62.753	79.9416	66.7362	77.7558	79.151	69.6337	1	1	1	1	1	1	1	
428	127.211	131.361	124.17	119.651	138.919	131.053	121.728	69.156	71.0341	65.0781	83.5152	62.7428	79.9384	66.7275	77.7497	79.1443	69.628	1	1	1	1	1	1	1	
429	127.2	131.349	124.158	119.639	138.9	131.042	121.715	69.1399	71.0292	65.0541	83.5087	62.7325	79.9352	66.7187	77.7436	79.1376	69.6222	1	1	1	1	1	1	1	
430	127.188	131.336	124.145	119.626	138.881	131.031	121.701	69.1237	71.0243	65.0298	83.5021	62.722	79.9319	66.7099	77.7374	79.1307	69.6164	1	1	1	1	1	1	1	
431	127.177	131.324	124.133	119.614	138.861	131.02	121.687	69.1072	71.0194	65.0052	83.4955	62.7114	79.9286	66.7009	77.7311	79.1238	69.6104	1	1	1	1	1	1	1	
432	127.165	131.311	124.12	119.601	138.841	131.009	121.673	69.0906	71.0144	64.9803	83.4888	62.7007	79.9253	66.6918	77.7248	79.1169	69.6044	1	1	1	1	1	1	1	
433	127.153	131.298	124.107	119.588	138.821	130.998	121.659	69.0738	71.0093	64.955	83.482	62.6898	79.9219	66.6826	77.7184	79.1098	69.5983	1	1	1	1	1	1	1	
434	127.141	131.285	124.094	119.575	138.8	130.987	121.644	69.0568	71.0042	64.9295	83.4752	62.6788	79.9185	66.6733	77.7119	79.1027	69.5922	1	1	1	1	1	1	1	
435	127.128	131.272	124.081	119.562	138.779	130.975	121.63	69.0396	70.999	64.9036	83.4683	62.6677	79.9151	66.664	77.7054	79.0955	69.5859	1	1	1	1	1	1	1	
436	127.116	131.259	124.068	119.548	138.758	130.964	121.615	69.0223	70.9938	64.8774	83.4613	62.6564	79.9116	66.6545	77.6988	79.0882	69.5796	1	1	1	1	1	1	1	
437	127.104	131.245	124.054	119.535	138.737	130.952	121.6	69.0047	70.9885	64.8508	83.4542	62.645	79.9081	66.6449	77.6921	79.0808	69.5732	1	1	1	1	1	1	1	
438	127.091	131.232	124.04	119.521	138.716	130.94	121.585	68.9869	70.9832	64.8239	83.4471	62.6335	79.9046	66.6352	77.6853	79.0733	69.5668	1	1	1	1	1	1	1	
439	127.078	131.218	124.027	119.507	138.694	130.928	121.57	68.9689	70.9778	64.7966	83.4398	62.6218	79.901	66.6254	77.6785	79.0658	69.5602	1	1	1	1	1	1	1	
440	127.065	131.204	124.013	119.493	138.672	130.916	121.554	68.9507	70.9724	64.769	83.4325	62.6099	79.8974	66.6155	77.6716	79.0581	69.5535	1	1	1	1	1	1	1	
441	127.052	131.19	123.998	119.479	138.65	130.904	121.539	68.9323	70.9669	64.7411	83.4251	62.5979	79.8937	66.6055	77.6647	79.0504	69.5468	1	1	1	1	1	1	1	
442	127.039	131.176	123.984	119.465	138.627	130.892	121.523	68.9137	70.9614	64.7127	83.4177	62.5858	79.89	66.5954	77.6576	79.0426	69.54	1	1	1	1	1	1	1	
443	127.057	131.203	124.013	119.472	138.644	130.913	121.547	69.1366	70.8349	65.4575	83.2126	62.4923	79.8883	66.6268	77.3329	79.0774	69.4623	1	1	1	1	1	1	1	
444	127.01	131.156	123.964	119.426	138.589	130.869	121.498	68.8551	70.9321	64.7147	83.3956	62.5932	79.8686	66.5829	77.6215	79.0259	69.5094	1	1	1	1	1	1	1	
445	126.998	131.133	123.941	119.42	138.559	130.854	121.475	68.8532	70.9421	64.6304	83.3949	62.554	79.8769	66.5665	77.6343	79.0197	69.5173	1	1	1	1	1	1	1	
446	127.018	131.16	123.971	119.428	138.576	130.877	121.5	69.0859	70.8137	65.3971	83.1843	62.454	79.8763	66.5975	77.3019	79.055	69.4387	1	1	1	1	1	1	1	
447	126.968	131.112	123.92	119.381	138.519	130.83	121.449	68.7954	70.9136	64.63	83.3718	62.5571	79.8561	66.5518	77.5982	79.0014	69.4868	1	1	1	1	1	1	1	
448	126.956	131.088	123.896	119.374	138.487	130.815	121.425	68.7938	70.9244	64.5404	83.3712	62.5157	79.865	66.5347	77.6118	78.995	69.4953	1	1	1	1	1	1	1	
449	126.977	131.117	123.928	119.383	138.506	130.839	121.451	69.0337	70.7919	65.334	83.1551	62.414	79.8638	66.5669	77.2701	79.0314	69.4142	1	1	1	1	1	1	1	
450	126.925	131.067	123.874	119.334	138.446	130.79	121.398	68.7337	70.8945	64.542	83.3473	62.5196	79.8431	66.5197	77.5741	78.976	69.4634	1	1	1	1	1	1	1	
451	126.912	131.041	123.849	119.327	138.412	130.774	121.373	68.7323	70.9061	64.4467	83.3468	62.476	79.8528	66.5017	77.5886	78.9694	69.4725	1	1	1	1	1	1	1	
452	126.935	131.071	123.883	119.337	138.432	130.8	121.4	68.9796	70.7694	65.2683	83.1249	62.3726	79.851	66.5352	77.2373	79.007	69.3888	1	1	1	1	1	1	1	
453	126.88	131.019	123.826	119.285	138.37	130.749	121.345	68.6697	70.8749	64.4507	83.3219	62.4808	79.8297	66.4865	77.5491	78.9498	69.4389	1	1	1	1	1	1	1	
454	126.867	130.992	123.8	119.278	138.335	130.732	121.319	68.6686	70.8872	64.3493	83.3215	62.4347	79.84	66.4677	77.5646	78.9429	69.4487	1	1	1	1	1	1	1	
455	126.891	131.025	123.836	119.289	138.356	130.759	121.348	68.9237	70.7462	65.2001	83.0938	62.3297	79.8376	66.5025	77.2035	78.9818	69.3623	1	1	1	1	1	1	1	
456	126.834	130.97	123.777	119.234	138.291	130.706	121.291	68.6035	70.8545	64.3558	83.2957	62.4404	79.8158	66.4522	77.5233	78.9226	69.4135	1	1	1	1	1	1	1	
457	126.82	130.942	123.749	119.227	138.254	130.688	121.263	68.6026	70.8678	64.2479	83.2953	62.3919	79.8269	66.4325	77.5398	78.9155	69.4239	1	1	1	1	1	1	1	
458	126.846	130.976	123.788	119.239	138.278	130.717	121.294	68.8656	70.7222	65.1291	83.0617	62.2853	79.8238	66.4688	77.1687	78.9557	69.3347	1	1	1	1	1	1	1	
459	126.786	130.919	123.725	119.182	138.209	130.662	121.234	68.5349	70.8335	64.2573	83.2686	62.3986	79.8014	66.4168	77.4966	78.8944	69.387	1	1	1	1	1	1	1	
460	126.815	130.942	123.756	119.205	138.226	130.688	121.256	68.823	70.7046	65.0867	83.0404	62.2565	79.8139	66.4477	77.1437	78.941	69.3156	1	1	1	1	1	1	1	
461	126.753	130.885	123.691	119.146	138.153	130.631	121.195	68.4871	70.8188	64.1909	83.2501	62.3706	79.7913	66.3928	77.4781	78.8752	69.3684	1	1	1	1	1	1	1	
462	126.784	130.907	123.722	119.17	138.171	130.659	121.217	68.7819	70.6878	65.0371	83.0181	62.2255	79.8041	66.4243	77.1193	78.9228	69.2961	1	1	1	1	1	1	1	
463	126.719	130.849	123.655	119.109	138.096	130.6	121.155	68.4388	70.8041	64.1215	83.2311	62.3412	79.7811	66.368	77.4594	78.8554	69.3496	1	1	1	1	1	1	1	
464	126.751	130.873	123.687	119.134	138.114	130.629	121.178	68.74	70.6707	64.986	82.9953	62.1936	79.7941	66.4003	77.0945	78.9042	69.276	1	1	1	1	1	1	1	
465	126.685	130.812	123.618	119.071	138.037	130.568	121.114	68.3894	70.7891	64.0503	83.2116	62.311	79.7707	66.3427	77.4402	78.8351	69.3303	1	1	1	1	1	1	1	
466	126.718	130.837	123.652	119.098	138.056	130.598	121.138	68.697	70.6531	64.9335	82.972	62.1609	79.7839	66.3757	77.0691	78.8852	69.2555	1	1	1	1	1	1	1	
467	126.65	130.775	123.58	119.033	137.976	130.535	121.073	68.3388	70.7737	63.9772	83.1917	62.2801	79.7601	66.3168	77.4206	78.8144	69.3104	1	1	1	1	1	1	1	
468	126.684	130.8	123.615	119.06	137.996	130.566	121.097	68.6529	70.6352	64.8795	82.9482	62.1275	79.7734	66.3507	77.0432	78.8658	69.2344	1	1	1	1	1	1	1	
469	126.613	130.736	123.541	118.993	137.914	130.502	121.03	68.2869	70.758	63.9023	83.1714	62.2484	79.7492	66.2904	77.4006	78.7932	69.29	1	1	1	1	1	1	1	
470	126.649	130.762	123.578	119.022	137.934	130.534	121.055	68.6078	70.617	64.8241	82.924	62.0932	79.7626	66.3251	77.0168	78.8458	69.2126	1	1	1	1	1	1	1	
471	126.576	130.697	123.501	118.952	137.85	130.468	120.986	68.2338	70.7419	63.8253	83.1506	62.2159	79.738	66.2634	77.3801	78.7715	69.2689	1	1	1	1	1	1	1	
472	126.613	130.724	123.54	118.982	137.872	130.501	121.012	68.5615	70.5983	64.7672	82.8992	62.0582	79.7516	66.2989	76.9899	78.8255	69.1903	1	1	1	1	1	1	1	
473	126.539	130.657	123.461	118.911	137.784	130.432	120.941	68.1794	70.7255	63.7464	83.1294	62.1825	79.7266	66.2358	77.3591	78.7493	69.2473	1	1	1	1	1	1	1	
474	126.577	130.685	123.501	118.942	137.807	130.467	120.968	68.5141	70.5792	64.7087	82.8739	62.0222	79.7403	66.2722	76.9624	78.8046	69.1674	1	1	1	1	1	1	1	
475	126.5	130.615	123.419	118.868	137.717	130.396	120.895	68.1237	70.7088	63.6653	83.1076	62.1483	79.7149	66.2076	77.3377	78.7265	69.225	1	1	1	1	1	1	1	
476	126.54	130.644	123.461	118.9	137.741	130.432	120.923	68.4655	70.5598	64.6486	82.8481	61.9854	79.7287	66.2448	76.9343	78.7832	69.1438	1	1	1	1	1	1	1	
477	126.46	130.573	123.376	118.824	137.648	130.36	120.848	68.0666	70.6916	63.5821	83.0854	62.1132	79.7029	66.1787	77.3157	78.7032	69.2021	1	1	1	1	1	1	1	
478	126.501	130.603	123.42	118.858	137.673	130.397	120.877	68.4157	70.5399	64.5868	82.8218	61.9477	79.7168	66.2169	76.9057	78.7613	69.1196	1	1	1	1	1	1	1	
479	126.419	130.53	123.332	118.78	137.576	130.322	120.799	68.0081	70.6741	63.4966	83.0627	62.0772	79.6906	66.1493	77.2932	78.6793	69.1786	1	1	1	1	1	1	1	
480	126.462	130.56	123.378	118.814	137.603	130.36	120.829	68.3647	70.5196	64.5232	82.7949	61.909	79.7046	66.1884	76.8765	78.739	69.0946	1	1	1	1	1	1	1	
481	126.377	130.485	123.287	118.734	137.504	130.283	120.75	67.9481	70.6562	63.4089	83.0394	62.0402	79.678	66.1191	77.2702	78.6548	69.1543	1	1	1	1	1	1	1	
482	126.422	130.517	123.335	118.77	137.531	130.323	120.781	68.3123	70.4988	64.4579	82.7675	61.8694	79.6921	66.1592	76.8467	78.716	69.069	1	1	1	1	1	1	1	
483	126.334	130.44	123.241	118.686	137.429	130.243	120.699	67.8867	70.638	63.3188	83.0156	62.0023	79.6651	66.0883	77.2467	78.6298	69.1293	1	1	1	1	1	1	1	
484	126.381	130.472	123.291	118.724	137.458	130.285	120.731	68.2587	70.4776	64.3907	82.7395	61.8288	79.6793	66.1294	76.8163	78.6925	69.0426	1	1	1	1	1	1	1	
485	126.291	130.393	123.194	118.638	137.352	130.203	120.647	67.8238	70.6193	63.2262	82.9913	61.9634	79.6519	66.0568	77.2227	78.6041	69.1036	1	1	1	1	1	1	1	
486	126.339	130.427	123.245	118.677	137.382	130.246	120.68	68.2036	70.456	64.3215	82.7109	61.7872	79.6661	66.0989	76.7853	78.6685	69.0155	1	1	1	1	1	1	1	
487	126.246	130.345	123.145	118.589	137.272	130.161	120.593	67.7593	70.6002	63.131	82.9664	61.9234	79.6384	66.0247	77.198	78.5778	69.0771	1	1	1	1	1	1	1	
488	126.296	130.38	123.199	118.629	137.305	130.206	120.628	68.1472	70.4339	64.2504	82.6818	61.7445	79.6526	66.0677	76.7536	78.6439	68.9875	1	1	1	1	1	1	1	
489	126.2	130.296	123.096	118.538	137.191	130.118	120.538	67.6932	70.5807	63.0333	82.941	61.8824	79.6245	65.9918	77.1729	78.5509	69.0498	1	1	1	1	1	1	1	
490	126.252	130.332	123.152	118.58	137.225	130.165	120.574	68.0893	70.4113	64.1772	82.652	61.7007	79.6388	66.0359	76.7213	78.6186	68.9588	1	1	1	1	1	1	1	
491	126.152	130.245	123.045	118.486	137.108	130.075	120.482	67.6254	70.5608	62.9328	82.915	61.8403	79.6102	65.9581	77.1471	78.5233	69.0216	1	1	1	1	1	1	1	
492	126.207	130.283	123.103	118.53	137.143	130.123	120.519	68.0299	70.3883	64.1018	82.6216	61.6559	79.6246	66.0033	76.6883	78.5928	68.9292	1	1	1	1	1	1	1	
493	126.104	130.194	122.992	118.432	137.022	130.03	120.424	67.556	70.5404	62.8295	82.8883	61.7971	79.5957	65.9238	77.1207	78.495	68.9926	1	1	1	1	1	1	1	
494	126.161	130.232	123.053	118.478	137.058	130.08	120.463	67.969	70.3647	64.0242	82.5906	61.6099	79.61	65.9701	76.6547	78.5663	68.8987	1	1	1	1	1	1	1	
495	126.054	130.141	122.939	118.377	136.933	129.984	120.365	67.4848	70.5196	62.7234	82.8611	61.7527	79.5807	65.8886	77.0937	78.4661	68.9627	1	1	1	1	1	1	1	
496	126.113	130.18	123.002	118.425	136.972	130.036	120.405	67.9064	70.3407	63.9443	82.5589	61.5627	79.5951	65.936	76.6204	78.5392	68.8673	1	1	1	1	1	1	1	
497	126.004	130.086	122.884	118.321	136.842	129.936	120.305	67.4118	70.4983	62.6142	82.8332	61.7072	79.5654	65.8527	77.0661	78.4364	68.9319	1	1	1	1	1	1	1	
498	126.065	130.127	122.949	118.371	136.883	129.991	120.345	67.8423	70.3161	63.862	82.5266	61.5143	79.5798	65.9013	76.5854	78.5115	68.8349	1	1	1	1	1	1	1	
499	125.951	130.031	122.827	118.263	136.749	129.888	120.242	67.3369	70.4766	62.5019	82.8048	61.6603	79.5497	65.8159	77.0378	78.406	68.9001	1	1	1	1	1	1	1	
500	126.015	130.073	122.896	118.315	136.791	129.944	120.284	67.7764	70.291	63.7773	82.4937	61.4647	79.564	65.8657	76.5497	78.483	68.8016	1	1	1	1	1	1	1	
501	125.898	129.973	122.769	118.204	136.652	129.838	120.179	67.2602	70.4544	62.3864	82.7756	61.6122	79.5336	65.7784	77.0088	78.3748	68.8673	1	1	1	1	1	1	1	
502	125.964	130.017	122.84	118.258	136.697	129.897	120.222	67.7089	70.2654	63.6899	82.46	61.4138	79.5479	65.8293	76.5132	78.4538	68.7672	1	1	1	1	1	1	1	
503	125.843	129.915	122.709	118.143	136.553	129.788	120.113	67.1814	70.4318	62.2675	82.7458	61.5628	79.5171	65.74	76.9792	78.3428	68.8335	1	1	1	1	1	1	1	
504	125.912	129.96	122.784	118.199	136.6	129.848	120.158	67.6395	70.2392	63.5998	82.4257	61.3616	79.5313	65.7922	76.4761	78.4239	68.7318	1	1	1	1	1	1	1	
505	125.787	129.854	122.648	118.081	136.451	129.735	120.046	67.1007	70.4086	62.1452	82.7153	61.512	79.5002	65.7007	76.9489	78.3101	68.7986	1	1	1	1	1	1	1	
506	125.858	129.901	122.726	118.139	136.5	129.799	120.092	67.5683	70.2125	63.507	82.3906	61.308	79.5143	65.7541	76.4381	78.3933	68.6952	1	1	1	1	1	1	1	
507	125.729	129.793	122.585	118.017	136.346	129.682	119.977	67.0179	70.3849	62.0193	82.6841	61.4598	79.4829	65.6605	76.9179	78.2765	68.7625	1	1	1	1	1	1	1	
508	126.184	130.224	123.052	118.462	136.781	130.131	120.408	67.9329	70.5417	63.8813	82.7792	61.607	79.8197	66.1767	76.7473	78.6699	69.0177	1	1	1	1	1	1	1	
509	125.666	129.724	122.517	117.947	136.235	129.622	119.901	66.929	70.3578	61.8793	82.6486	61.4028	79.4634	65.6138	76.8826	78.239	68.722	1	1	1	1	1	1	1	
510	126.125	130.159	122.988	118.396	136.673	130.076	120.336	67.8555	70.5114	63.779	82.7401	61.5481	79.7998	66.1343	76.7053	78.6355	68.9763	1	1	1	1	1	1	1	
511	125.982	130.039	122.833	118.261	136.504	129.946	120.209	67.2598	70.6879	62.2104	83.0417	61.7094	79.7625	66.0307	77.1974	78.5092	69.0376	1	1	1	1	1	1	1	
512	126.061	130.088	122.919	118.324	136.558	130.015	120.258	67.7695	70.4776	63.6645	82.697	61.4848	79.7769	66.0852	76.6588	78.5977	68.93	1	1	1	1	1	1	1	
513	125.917	129.969	122.762	118.189	136.386	129.885	120.132	67.1674	70.66	62.0694	83.0058	61.6503	79.7415	65.985	77.1614	78.4707	68.9951	1	1	1	1	1	1	1	
514	125.999	130.02	122.852	118.255	136.443	129.957	120.182	67.6878	70.4463	63.556	82.6564	61.4231	79.7561	66.041	76.6155	78.5621	68.8863	1	1	1	1	1	1	1	
515	125.851	129.898	122.69	118.115	136.266	129.823	120.052	67.0731	70.6321	61.9244	82.9691	61.59	79.7204	65.9384	77.1253	78.4319	68.9518	1	1	1	1	1	1	1	
516	125.936	129.951	122.783	118.184	136.325	129.898	120.105	67.6039	70.4144	63.444	82.615	61.3598	79.7348	65.9958	76.5715	78.5257	68.8412	1	1	1	1	1	1	1	
517	125.783	129.825	122.615	118.04	136.141	129.76	119.971	66.9764	70.6036	61.7748	82.9316	61.528	79.6988	65.8908	77.0883	78.3921	68.9071	1	1	1	1	1	1	1	
518	125.871	129.879	122.713	118.111	136.203	129.838	120.025	67.5176	70.3818	63.3283	82.5728	61.2949	79.7129	65.9495	76.5265	78.4883	68.7947	1	1	1	1	1	1	1	
519	125.713	129.75	122.539	117.962	136.012	129.695	119.888	66.8771	70.5745	61.6207	82.8933	61.4642	79.6766	65.842	77.0504	78.3512	68.8609	1	1	1	1	1	1	1	
520	125.805	129.806	122.641	118.036	136.077	129.776	119.943	67.429	70.3485	63.2088	82.5296	61.2282	79.6903	65.9021	76.4807	78.45	68.7466	1	1	1	1	1	1	1	
521	125.642	129.673	122.461	117.882	135.88	129.629	119.802	66.7752	70.5448	61.4618	82.854	61.3985	79.6539	65.7921	77.0117	78.3093	68.8131	1	1	1	1	1	1	1	
522	125.737	129.731	122.567	117.959	135.947	129.712	119.859	67.338	70.3145	63.0853	82.4856	61.1597	79.6672	65.8537	76.4339	78.4107	68.6969	1	1	1	1	1	1	1	
523	125.568	129.594	122.38	117.8	135.743	129.56	119.714	66.6706	70.5144	61.2979	82.8139	61.3309	79.6306	65.7411	76.972	78.2663	68.7636	1	1	1	1	1	1	1	
524	125.667	129.653	122.49	117.88	135.813	129.647	119.773	67.2444	70.2798	62.9576	82.4407	61.0893	79.6435	65.8041	76.3861	78.3704	68.6455	1	1	1	1	1	1	1	
525	125.493	129.513	122.297	117.716	135.602	129.49	119.623	66.5633	70.4834	61.1289	82.7729	61.2614	79.6067	65.6889	76.9314	78.2223	68.7125	1	1	1	1	1	1	1	
526	125.596	129.574	122.412	117.799	135.675	129.58	119.684	67.1482	70.2443	62.8257	82.3949	61.017	79.6191	65.7534	76.3374	78.3291	68.5923	1	1	1	1	1	1	1	
527	125.416	129.429	122.212	117.63	135.456	129.418	119.53	66.4531	70.4518	60.9544	82.731	61.1899	79.5822	65.6356	76.8899	78.177	68.6595	1	1	1	1	1	1	1	
528	125.522	129.492	122.331	117.716	135.532	129.511	119.593	67.0493	70.2081	62.6891	82.3481	60.9427	79.594	65.7015	76.2877	78.2866	68.5373	1	1	1	1	1	1	1	
529	125.336	129.343	122.125	117.541	135.305	129.344	119.434	66.3401	70.4195	60.7743	82.6881	61.1162	79.5571	65.5809	76.8473	78.1306	68.6047	1	1	1	1	1	1	1	
530	125.447	129.408	122.249	117.63	135.385	129.441	119.499	66.9476	70.1712	62.5478	82.3004	60.8663	79.5683	65.6484	76.237	78.2431	68.4804	1	1	1	1	1	1	1	
531	125.255	129.254	122.035	117.449	135.149	129.268	119.336	66.224	70.3866	60.5884	82.6442	61.0403	79.5313	65.5251	76.8037	78.083	68.548	1	1	1	1	1	1	1	
532	125.369	129.321	122.164	117.542	135.232	129.368	119.403	66.843	70.1334	62.4015	82.2517	60.7878	79.5418	65.5941	76.1852	78.1984	68.4215	1	1	1	1	1	1	1	
533	125.171	129.164	121.942	117.355	134.988	129.19	119.235	66.1048	70.353	60.3963	82.5994	60.9622	79.5049	65.4679	76.7592	78.0341	68.4892	1	1	1	1	1	1	1	
534	125.29	129.232	122.076	117.451	135.075	129.294	119.303	66.7354	70.0949	62.25	82.2021	60.7071	79.5146	65.5385	76.1325	78.1525	68.3605	1	1	1	1	1	1	1	
535	125.085	129.07	121.847	117.258	134.821	129.11	119.131	65.9825	70.3187	60.1977	82.5536	60.8817	79.4778	65.4095	76.7135	77.9839	68.4282	1	1	1	1	1	1	1	
536	125.209	129.141	121.986	117.358	134.912	129.218	119.201	66.6248	70.0556	62.093	82.1515	60.624	79.4867	65.4817	76.0786	78.1054	68.2973	1	1	1	1	1	1	1	
537	124.997	128.974	121.749	117.159	134.648	129.027	119.024	65.8569	70.2838	59.9925	82.5068	60.7988	79.4501	65.3497	76.6668	77.9324	68.3651	1	1	1	1	1	1	1	
538	125.125	129.047	121.894	117.262	134.743	129.139	119.096	66.511	70.0155	61.9302	82.0998	60.5387	79.458	65.4235	76.0237	78.0571	68.2317	1	1	1	1	1	1	1	
539	124.907	128.875	121.648	117.056	134.469	128.943	118.914	65.728	70.2482	59.7802	82.4589	60.7133	79.4216	65.2885	76.6189	77.8796	68.2995	1	1	1	1	1	1	1	
540	125.039	128.95	121.798	117.163	134.568	129.059	118.988	66.3939	69.9746	61.7614	82.0472	60.4508	79.4284	65.3639	75.9677	78.0074	68.1637	1	1	1	1	1	1	1	
541	124.814	128.773	121.544	116.951	134.284	128.856	118.8	65.5956	70.2119	59.5606	82.41	60.6253	79.3924	65.2259	76.57	77.8253	68.2315	1	1	1	1	1	1	1	
542	124.951	128.85	121.7	117.061	134.386	128.976	118.877	66.2734	69.9328	61.5861	81.9935	60.3605	79.3981	65.303	75.9105	77.9564	68.0932	1	1	1	1	1	1	1	
543	124.718	128.668	121.437	116.843	134.092	128.766	118.684	65.4597	70.1749	59.3332	82.3601	60.5345	79.3626	65.1619	76.5198	77.7696	68.1609	1	1	1	1	1	1	1	
544	124.86	128.748	121.6	116.957	134.198	128.891	118.763	66.1494	69.8902	61.4041	81.9387	60.2675	79.367	65.2406	75.8522	77.9041	68.02	1	1	1	1	1	1	1	
545	124.62	128.56	121.326	116.731	133.892	128.675	118.564	65.3202	70.1372	59.0977	82.3091	60.4409	79.3319	65.0964	76.4685	77.7124	68.0876	1	1	1	1	1	1	1	
546	125.143	129.083	121.905	117.233	134.419	129.212	119.063	67.4653	70.3113	61.9983	82.5314	59.9496	79.526	65.3187	76.2404	77.6146	68.3058	1	1	1	1	1	1	1	
547	124.62	128.526	121.292	116.705	133.8	128.665	118.515	65.5813	70.1665	58.9907	82.3259	60.2782	79.366	65.0647	76.5095	77.6051	68.1411	1	1	1	1	1	1	1	
548	124.673	128.57	121.387	116.722	133.817	128.729	118.551	65.9836	69.8077	61.0368	81.8146	60.0622	79.3068	65.1185	75.7228	77.7555	67.8779	1	1	1	1	1	1	1	
549	124.416	128.341	121.093	116.495	133.476	128.487	118.317	65.0612	70.06	58.6014	82.2006	60.2285	79.2729	64.9667	76.359	77.5913	67.9403	1	1	1	1	1	1	1	
550	124.959	128.88	121.7	117.018	134.022	129.045	118.832	67.2611	70.2342	61.6255	82.4304	59.7281	79.4692	65.1929	76.1293	77.4936	68.1629	1	1	1	1	1	1	1	
551	124.417	128.3	121.06	116.47	133.371	128.475	118.262	65.3167	70.0915	58.4844	82.2198	60.0655	79.3072	64.9296	76.4064	77.4795	67.9914	1	1	1	1	1	1	1	
552	124.474	128.347	121.163	116.487	133.39	128.543	118.3	65.7205	69.7158	60.6217	81.6938	59.8533	79.239	64.9841	75.5954	77.6353	67.7118	1	1	1	1	1	1	1	
553	124.201	128.103	120.848	116.247	133.021	128.286	118.052	64.7606	69.9797	58.0666	82.0898	60.0165	79.2072	64.8261	76.2468	77.4654	67.7736	1	1	1	1	1	1	1	
554	124.763	128.663	121.482	116.787	133.59	128.866	118.585	67.0333	70.1536	61.2178	82.3248	59.4983	79.4073	65.0599	76.0124	77.3647	68.0044	1	1	1	1	1	1	1	
555	124.202	128.059	120.813	116.221	132.906	128.273	117.993	65.0356	70.014	57.9376	82.1092	59.8394	79.2456	64.7884	76.2983	77.3473	67.8288	1	1	1	1	1	1	1	
556	124.263	128.109	120.924	116.238	132.927	128.347	118.033	65.4415	69.62	60.1707	81.568	59.6315	79.1673	64.8433	75.4625	77.508	67.5319	1	1	1	1	1	1	1	
557	123.974	127.85	120.587	115.984	132.529	128.073	117.77	64.4444	69.8968	57.4891	81.9743	59.7903	79.1386	64.6791	76.1291	77.3327	67.593	1	1	1	1	1	1	1	
558	124.555	128.433	121.248	116.542	133.12	128.676	118.322	66.7901	70.0691	60.7719	82.2137	59.2538	79.3418	64.9204	75.8898	77.2284	67.8317	1	1	1	1	1	1	1	
559	123.975	127.803	120.549	115.957	132.401	128.06	117.707	64.7404	69.9341	57.3459	81.9936	59.5975	79.1816	64.641	76.1848	77.208	67.6523	1	1	1	1	1	1	1	
560	124.041	127.857	120.67	115.972	132.425	128.139	117.749	65.1465	69.5204	59.679	81.4367	59.3954	79.0918	64.6959	75.3238	77.3732	67.3364	1	1	1	1	1	1	1	
561	123.734	127.581	120.31	115.705	131.993	127.848	117.47	64.1126	69.8115	56.8638	81.8541	59.5487	79.067	64.5257	76.0058	77.1929	67.3969	1	1	1	1	1	1	1	
562	124.335	128.186	121	116.279	132.608	128.475	118.041	66.5306	69.9807	60.2823	82.097	58.9935	79.2725	64.7742	75.761	77.0841	67.6429	1	1	1	1	1	1	1	
563	124.007	127.792	120.591	115.898	132.293	128.098	117.663	65.3392	69.5158	60.0648	81.4093	59.2073	79.0942	64.7021	75.19	77.2836	67.2761	1	1	1	1	1	1	1	
564	123.589	127.433	120.151	115.504	131.688	127.721	117.29	63.9145	69.7181	56.7996	81.7742	59.4087	78.9823	64.4433	75.8939	77.066	67.2353	1	1	1	1	1	1	1	
565	124.178	128.002	120.819	116.091	132.251	128.33	117.831	66.3562	69.9132	60.0313	82.0227	58.7831	79.2225	64.6827	75.6661	76.9895	67.5035	1	1	1	1	1	1	1	
566	123.839	127.593	120.394	115.693	131.903	127.938	117.438	65.1237	69.4406	59.7584	81.3135	59.0112	79.0361	64.5976	75.0808	77.1805	67.117	1	1	1	1	1	1	1	
567	123.399	127.218	119.928	115.275	131.251	127.543	117.048	63.6448	69.646	56.3501	81.6797	59.2138	78.9196	64.3255	75.7932	76.9502	67.064	1	1	1	1	1	1	1	
568	123.999	127.798	120.614	115.875	131.82	128.166	117.598	66.1418	69.8419	59.6407	81.931	58.566	79.1661	64.5687	75.5631	76.8742	67.3404	1	1	1	1	1	1	1	
569	123.66	127.382	120.182	115.471	131.467	127.77	117.201	64.8893	69.3628	59.382	81.2125	58.8065	78.9754	64.4862	74.9674	77.0704	66.9444	1	1	1	1	1	1	1	
570	123.2	126.991	119.693	115.035	130.775	127.357	116.794	63.3648	69.5742	55.8467	81.5827	59.0074	78.8565	64.2035	75.6892	76.8303	66.8823	1	1	1	1	1	1	1	
571	123.811	127.584	120.397	115.647	131.353	127.995	117.354	65.9167	69.7687	59.2108	81.8359	58.3385	79.1077	64.4504	75.4563	76.7538	67.1652	1	1	1	1	1	1	1	
572	123.473	127.162	119.961	115.239	130.998	127.595	116.951	64.6444	69.283	58.9747	81.1088	58.592	78.9125	64.3718	74.8506	76.9558	66.7596	1	1	1	1	1	1	1	
573	122.993	126.755	119.447	114.783	130.263	127.163	116.528	63.0747	69.5011	55.3098	81.4833	58.7903	78.7917	64.0784	75.5816	76.7058	66.6878	1	1	1	1	1	1	1	
574	123.616	127.359	120.17	115.407	130.851	127.816	117.096	65.6808	69.6933	58.7472	81.7377	58.0997	79.0471	64.3286	75.3456	76.6284	66.9765	1	1	1	1	1	1	1	
575	123.279	126.931	119.728	114.994	130.493	127.413	116.69	64.3886	69.2012	58.5372	81.0025	58.3669	78.8475	64.2544	74.7303	76.8365	66.5612	1	1	1	1	1	1	1	
576	122.779	126.507	119.189	114.519	129.713	126.962	116.25	62.7741	69.427	54.7382	81.3817	58.562	78.7252	63.9502	75.4704	76.5766	66.4789	1	1	1	1	1	1	1	
577	123.412	127.122	119.93	115.153	130.308	127.629	116.826	65.4338	69.6157	58.2468	81.6365	57.8488	78.9844	64.2032	75.231	76.4978	66.7728	1	1	1	1	1	1	1	
578	123.077	126.688	119.484	114.737	129.947	127.223	116.415	64.1216	69.1175	58.0663	80.8937	58.1305	78.7804	64.1342	74.6065	76.7124	66.3475	1	1	1	1	1	1	1	
579	122.557	126.247	118.918	114.243	129.118	126.754	115.959	62.4633	69.352	54.1283	81.2781	58.3218	78.6572	63.819	75.3555	76.4424	66.2542	1	1	1	1	1	1	1	
580	123.199	126.873	119.677	114.886	129.72	127.434	116.541	65.1756	69.5361	57.7051	81.5323	57.5852	78.9197	64.0742	75.1123	76.3618	66.5522	1	1	1	1	1	1	1	
581	122.868	126.433	119.227	114.467	129.355	127.027	116.127	63.8433	69.032	57.5577	80.7825	57.8823	78.7113	64.0112	74.479	76.5833	66.1166	1	1	1	1	1	1	1	
582	122.327	125.975	118.633	113.952	128.472	126.537	115.653	62.1427	69.2766	53.4754	81.1727	58.0689	78.588	63.6852	75.2369	76.3035	66.0116	1	1	1	1	1	1	1	
583	122.977	126.611	119.41	114.604	129.079	127.23	116.241	64.9066	69.4545	57.1166	81.4252	57.308	78.8532	63.9419	74.9893	76.2203	66.3126	1	1	1	1	1	1	1	
584	122.65	126.166	118.957	114.182	128.711	126.822	115.824	63.5538	68.9449	57.0061	80.6691	57.6214	78.6405	63.8858	74.3478	76.4491	65.8666	1	1	1	1	1	1	1	
585	122.089	125.69	118.335	113.648	127.769	126.314	115.333	61.8134	69.2011	52.7739	81.0659	57.8028	78.5181	63.5492	75.1145	76.1597	65.7493	1	1	1	1	1	1	1	
586	122.747	126.336	119.129	114.306	128.379	127.019	115.925	64.6273	69.3712	56.4744	81.3154	57.0167	78.7852	63.8063	74.8619	76.0731	66.0517	1	1	1	1	1	1	1	
587	122.425	125.885	118.673	113.881	128.006	126.611	115.505	63.2537	68.8562	56.4049	80.5535	57.3474	78.5682	63.7582	74.2127	76.3097	65.5947	1	1	1	1	1	1	1	
588	121.845	125.392	118.022	113.329	126.999	126.083	114.999	61.4769	69.1262	52.0166	80.9581	57.5226	78.4482	63.4113	74.9885	76.0114	65.4647	1	1	1	1	1	1	1	
589	122.508	126.046	118.832	113.992	127.608	126.8	115.593	64.3391	69.2864	55.7699	81.2031	56.7104	78.7162	63.6679	74.7299	75.9201	65.7666	1	1	1	1	1	1	1	
590	122.193	125.59	118.373	113.564	127.229	126.392	115.171	62.9441	68.7664	55.7455	80.4361	57.0594	78.4949	63.6288	74.0736	76.1651	65.2983	1	1	1	1	1	1	1	
591	121.593	125.081	117.695	112.994	126.15	125.845	114.648	61.1359	69.0527	51.1945	80.8502	57.2279	78.3792	63.2724	74.8589	75.859	65.1551	1	1	1	1	1	1	1	
592	122.261	125.741	118.518	113.66	126.754	126.573	115.243	64.0442	69.2007	54.9921	81.0886	56.3885	78.6467	63.5271	74.5933	75.7614	65.454	1	1	1	1	1	1	1	
593	121.954	125.28	118.057	113.229	126.368	126.167	114.82	62.6271	68.6759	55.017	80.317	56.7569	78.4214	63.4984	73.9303	76.0151	64.9739	1	1	1	1	1	1	1	
594	121.336	124.755	117.351	112.644	125.206	125.602	114.283	60.7945	68.9818	50.2954	80.743	56.9179	78.3126	63.1335	74.7262	75.703	64.8175	1	1	1	1	1	1	1	
595	121.576	125.575	117.827	113.598	132.102	116.696	115.16	63.6435	68.6611	57.1741	80.0203	56.4364	78.4743	61.813	73.571	74.7468	66.7997	1	1	1	1	1	1	1	
596	121.298	124.941	117.479	113.059	128.821	122.071	114.596	62.0222	68.0364	57.2432	79.4996	56.4897	78.2732	62.9169	72.9415	75.2997	65.5996	1	1	1	1	1	1	1	
597	120.715	124.283	116.789	112.317	126.29	123.589	113.882	60.0862	68.5719	51.2917	80.1789	56.5814	78.1573	62.659	74.0941	75.1623	65.0688	1	1	1	1	1	1	1	
598	121.494	124.947	117.707	112.954	126.042	125.326	114.429	63.125	68.8378	54.5596	80.5752	55.6155	78.4338	63.0009	74.053	75.1953	65.1265	1	1	1	1	1	1	1	
599	121.284	124.496	117.284	112.502	125.17	125.327	113.996	61.7214	68.3819	54.2414	79.9187	56.019	78.2108	63.0659	73.5009	75.5537	64.4577	1	1	1	1	1	1	1	
600	120.222	124.134	116.157	112.155	130.271	114.751	113.748	59.7497	68.2944	52.0449	79.371	56.6856	78.0207	60.9076	73.4054	74.3491	66.105	1	1	1	1	1	1	1	
601	120.93	124.648	117.149	112.741	127.728	121.547	114.203	62.5999	68.3296	55.7825	79.8737	55.3615	78.353	62.5095	73.2062	74.5945	65.6121	1	1	1	1	1	1	1	
602	120.73	124.06	116.762	112.181	125.756	123.487	113.62	61.1222	68.0174	54.8402	79.4251	55.6724	78.0836	62.6727	72.9342	75.0751	64.6164	1	1	1	1	1	1	1	
603	120.164	123.48	116.004	111.462	123.512	123.837	112.979	59.2283	68.5315	48.8145	80.0778	55.79	78.001	62.3945	73.984	74.8875	64.1098	1	1	1	1	1	1	1	
604	120.442	124.323	116.541	112.405	130.545	114.266	113.854	62.4542	68.2326	55.3621	79.3203	55.3153	78.1874	60.591	72.8511	73.8609	66.2606	1	1	1	1	1	1	1	
605	120.219	123.693	116.198	111.871	126.897	120.146	113.309	60.6879	67.5748	55.6696	78.8555	55.346	77.9523	62.1614	72.2282	74.527	64.7267	1	1	1	1	1	1	1	
606	119.62	122.978	115.418	111.056	123.8	121.962	112.525	58.6895	68.2244	48.9389	79.6347	55.3963	77.8757	61.9838	73.4604	74.4253	64.0374	1	1	1	1	1	1	1	
607	120.764	123.986	116.738	112.011	123.457	124.382	113.371	62.2428	68.7804	52.4108	80.4262	54.6255	78.4354	62.7803	73.7587	74.7672	64.2561	1	1	1	1	1	1	1	
608	120.065	123.618	115.868	111.802	129.531	113.687	113.199	60.8777	67.7631	55.6786	78.5629	55.6226	78.0579	60.4169	72.0958	74.0337	65.8897	1	1	1	1	1	1	1	
609	119.043	122.54	114.768	110.699	124.692	118.434	112.155	58.2203	67.8217	48.9822	79.0263	55.0881	77.8006	61.4737	72.6886	73.8956	64.1833	1	1	1	1	1	1	1	
610	120.151	123.425	116.094	111.548	123.448	122.474	112.857	61.683	68.4244	52.1856	79.8832	54.1594	78.2977	62.3322	73.1568	74.2658	64.1699	1	1	1	1	1	1	1	
611	120.068	122.926	115.701	111.023	121.702	123.448	112.359	60.1892	68.0385	51.5943	79.3799	54.5905	78.0465	62.5516	72.7753	74.7563	63.1695	1	1	1	1	1	1	1	
612	119.383	123.184	115.243	110.912	128.524	112.675	112.701	61.0675	67.6057	57.179	78.0169	57.1151	77.8967	57.9296	71.2397	72.2434	65.173	1	1	1	1	1	1	1	
613	118.761	122.142	114.175	110.294	123.981	117.916	111.713	58.1424	67.614	49.3135	78.999	55.2969	78.0336	61.1048	72.065	73.4638	64.0298	1	1	1	1	1	1	1	
614	119.538	122.584	115.17	110.777	122.086	121.63	111.999	61.088	68.0547	51.5023	79.5309	53.7277	78.2043	61.7199	72.4625	73.6516	63.5119	1	1	1	1	1	1	1	
615	118.752	103.927	114.145	109.437	128.017	122.8	112.447	59.7179	66.9504	54.8357	77.0691	53.9473	77.6062	60.2932	71.1409	73.3114	65.4812	1	1	1	1	1	1	1	
616	118.505	113.566	114.246	109.136	124.273	123.001	111.964	59.8285	67.0986	56.3802	78.3052	56.5311	77.8427	58.8519	70.5586	72.1025	63.1838	1	1	1	1	1	1	1	
617	118.139	116.587	113.172	108.821	120.426	122.733	110.673	57.0953	67.5344	47.4021	79.4695	54.8578	77.8825	60.4513	71.9074	73.2059	62.5552	1	1	1	1	1	1	1	
618	118.36	119.459	113.689	109.8	127.248	110.842	111.259	60.1896	67.2268	52.8565	78.503	53.5989	77.8309	58.3971	70.9493	71.9671	65.4097	1	1	1	1	1	1	1	
619	118.17	119.841	113.396	109.357	122.693	116.789	110.691	58.2643	66.7022	53.0377	77.9758	53.4997	77.5605	60.7045	70.6435	72.9296	62.7089	1	1	1	1	1	1	1	
620	118.151	120.339	113.579	108.803	120.101	119.6	110.541	59.0308	67.1944	53.7023	78.2922	55.2833	77.5876	59.1099	70.7543	71.9453	61.4536	1	1	1	1	1	1	1	
621	117.048	100.607	111.625	107.345	125.113	120.76	110.465	56.5364	66.7627	48.6928	76.4276	53.6502	77.3704	58.8127	70.8087	72.07	65.1038	1	1	1	1	1	1	1	
622	117.622	110.743	112.608	108.062	120.915	122.025	110.347	59.0526	66.9463	51.2946	78.9259	52.5211	77.822	59.5364	70.6975	71.9997	62.3781	1	1	1	1	1	1	1	
623	116.862	114.615	111.677	107.954	125.649	109.041	109.736	57.3403	66.1206	52.888	77.1506	53.2147	77.1451	56.9005	69.4452	71.2201	64.4315	1	1	1	1	1	1	1	
624	116.754	116.889	112.009	107.594	121.168	114.848	109.681	57.6904	66.3073	54.898	77.4616	54.7253	77.2997	57.4658	69.2545	70.6574	61.6221	1	1	1	1	1	1	1	
625	116.495	116.861	110.762	107.062	116.492	117.272	108.426	55.1003	66.9275	45.2065	78.7103	52.9653	77.5153	59.7058	70.6802	71.9616	60.5305	1	1	1	1	1	1	1	
626	116.891	118.103	111.494	107.973	123.713	104.99	109.086	58.9159	66.8936	49.275	77.9867	52.0037	77.6669	55.6723	70.115	70.6515	64.836	1	1	1	1	1	1	1	
627	116.805	117.744	111.156	107.512	117.964	112.331	108.604	56.7999	66.2891	50.4058	77.4359	51.9359	77.3834	59.587	69.7587	71.6995	60.5332	1	1	1	1	1	1	1	
628	116.681	117.576	111.017	106.474	113.941	115.537	108.09	57.2262	66.6138	50.9192	77.6615	53.6034	77.2501	57.9944	69.6452	70.6132	58.3496	1	1	1	1	1	1	1	
629	116.961	98.3497	110.461	106.205	121.333	118.79	108.902	58.6593	66.2996	54.6817	75.3084	50.9423	77.3074	58.6515	69.5604	71.0277	65.0529	1	1	1	1	1	1	1	
630	115.861	105.188	108.704	104.859	113.237	118.339	106.939	55.067	66.5736	45.4756	78.0376	51.5134	77.5436	58.7741	70.1629	70.8348	58.8916	1	1	1	1	1	1	1	
631	114.994	108.569	107.599	104.251	118.35	102.64	105.768	54.405	65.0945	46.7546	75.9376	51.2438	76.3075	53.5913	68.0695	69.2486	63.8453	1	1	1	1	1	1	1	
632	116.025	111.633	108.887	105.401	110.823	110.504	106.356	56.9205	66.1575	50.3553	78.1693	49.8484	77.1975	58.5407	69.2819	70.2948	57.8525	1	1	1	1	1	1	1	
633	98.5311	111.032	106.649	102.824	116.163	112.191	104.799	55.8423	64.5125	51.7413	75.9985	50.582	75.4164	55.1414	66.9943	66.9746	63.4679	1	1	1	1	1	1	1	
634	106.861	110.473	106.273	103.141	107.206	114.701	104.347	53.9554	64.8274	51.9729	76.5559	50.8181	77.0309	58.1878	67.5634	69.755	56.4595	1	1	1	1	1	1	1	
635	109.441	109.796	105.505	102.741	113.775	99.3881	103.798	54.7274	64.9507	51.7012	77.2154	49.0028	76.7827	50.9773	67.8667	67.9756	65.2857	1	1	1	1	1	1	1	
636	110.047	108.541	104.305	101.914	101.802	104.611	103.1	52.6142	65.756	45.4696	78.0389	48.6146	77.4874	57.3488	69.0409	68.6125	54.7464	1	1	1	1	1	1	1	
637	92.6871	104.83	101.669	98.9686	110.032	105.838	100.91	51.2458	63.5116	44.5225	75.5893	47.0232	72.963	56.3545	67.0075	65.7754	64.0611	1	1	1	1	1	1	1	
638	101.093	104.682	102.738	99.6239	98.0786	108.103	101.654	53.8231	64.556	48.5088	78.5842	46.5099	76.5894	58.7	68.4043	67.0345	53.1301	1	1	1	1	1	1	1	
639	100.325	99.9269	98.8608	95.5752	106.643	85.7247	99.7727	52.0841	62.9347	46.8812	76.1863	46.5484	76.2529	43.3102	65.8559	64.5489	62.6352	1	1	1	1	1	1	1	
640	98.9038	95.9644	96.7778	94.2088	94.4068	94.3563	98.7429	49.5938	62.4753	47.5951	76.7464	44.9417	77.1122	55.3131	66.1939	65.5847	51.0632	1	1	1	1	1	1	1	
641	83.3653	93.9408	93.6047	89.9432	103.581	93.5886	95.3768	49.0461	60.6605	46.0659	79.8843	40.8814	68.8112	57.2122	66.8118	62.2582	60.4414	1	1	1	1	1	1	1	
642	87.9849	91.8498	88.5037	84.6486	90.4208	91.6749	90.6032	46.2015	60.2959	38.957	81.2796	36.9934	73.6318	59.5862	66.1062	60.2065	48.3419	1	1	1	1	1	1	1	
643	88.0918	64.0673	85.6337	80.032	97.058	90.7334	86.1359	44.1688	59.3132	38.8391	56.7277	34.4243	74.9523	61.4434	66.1701	58.3608	54.7959	1	1	1	1	1	1	1	
644	86.7484	76.9707	82.9898	74.6478	85.994	89.0589	78.5954	43.4089	56.7771	36.4502	68.1329	28.8461	74.4479	61.3934	65.5087	56.5754	44.7045	1	1	1	1	1	1	1	
645	84.6495	76.6047	78.8163	68.0493	91.2726	57.0416	73.939	41.3771	56.0598	33.6454	68.4408	25.0261	72.9111	30.2192	61.5447	54.7235	49.8461	1	1	1	1	1	1	1	
646	81.16	75.9075	77.0716	62.5584	80.5356	68.6286	66.1089	38.3676	51.4925	28.7639	68.8526	20.7363	69.7579	41.3114	59.8461	51.8098	39.8938	1	1	1	1	1	1	1	
647	67.9337	73.7156	78.1462	60.7965	81.6179	69.0307	64.8759	37.8547	51.0484	24.6447	66.8474	19.2122	57.3856	42.284	58.8115	51.3975	40.6905	1	1	1	1	1	1	1	
648	69.3786	70.321	79.2831	54.1511	73.0517	68.5084	59.4866	35.6382	46.701	21.9407	63.9212	18.5198	58.075	42.4511	58.4339	45.0743	32.6694	1	1	1	1	1	1	1	
649	65.7361	66.0547	60.3442	48.0439	72.1084	65.4809	55.9368	31.2541	43.387	17.5017	59.654	18.1892	54.6093	39.7351	38.5466	39.0788	31.4654	1	1	1	1	1	1	1	
650	57.9186	62.249	58.8048	43.9898	65.5463	60.752	50.522	27.4173	38.2078	13.9316	55.9877	17.5475	46.7906	35.1524	36.249	35.0847	25.4289	1	1	1	1	1	1	1	
651	46.5179	54.8585	50.8893	38.0459	63.9696	54.0296	39.7999	18.913	27.5199	11.892	48.6306	17.0379	35.3692	28.617	28.2389	29.3294	23.9978	1	1	1	1	1	1	1	
652	38.2849	48.5202	44.1593	34.0008	63.6339	50.241	31.9519	13.5128	19.7822	10.8781	42.2967	16.4113	27.2266	25.0235	21.5024	25.565	23.6819	1	1	1	1	1	1	1	