      0 44.5654 13.8936 30.1009 68.4013 65.7188 92.9134  9.1172 95.3928 32.7359 12.9334 59.6369 50.0818 94.3721 43.3572 15.4129 96.2334 2.43898 80.5202 66.0725 78.1444 17.5491  60.169 14.2604 23.6726 97.2121  88.188 2.05115 6.50943 77.7049 85.2541 16.1935 4.07073 40.6615 1.48338 71.0834 54.6782 86.3525 69.2051 4.14955 98.5843 62.7103 25.1145 28.3841 91.9461 26.7945 86.0951 52.0238 48.4716 31.9893  16.023 60.8846  93.268 24.0922
17.6782       0 9.55585 84.8401 13.1027 70.0733 60.1577 88.1451 51.2548 75.2739 42.2756 24.1877 54.0848 4.19706 95.5127 86.8986 68.9702 17.0848 45.0388 59.3114 61.1108 88.4384 80.0812 93.5357 76.5927 40.4684 72.4666 43.6247  12.192 31.5124 5.57377 52.3891 87.1083 64.5857 41.5078 19.1324 63.1928 17.9133 46.6023 36.4285 62.7782 45.2409 94.4107 12.1464 99.4965 61.7077 84.0155 73.9622 60.5148 2.72216 54.9025 16.7186 6.30407  1.9543
12.8021 44.3233       0 22.2723 20.1491 92.0692 4.71884 73.9614  57.496 47.6095 95.6847 12.9631 71.3581 41.5391 87.5325 30.5145 97.2032 90.3078 49.3947 4.00603 83.4547 19.6125 50.6554 77.1549  88.853 45.2189 87.9236 17.1627 70.0894 45.4569 43.4656 77.0389 50.5885 92.7643 84.7426 73.6315 61.3387 99.3792 3.44474 96.5529 70.8768 28.6992 11.3985 13.7606 79.9912 96.2429 17.4835 46.1122 68.4586 96.8583 4.80847 87.5925  24.286 85.4101
3.00402 86.8223 75.7485       0 19.6849  3.3679 39.3023 56.4727 25.5549 64.1728 5.39012  89.305 39.0955 51.5518 99.1203 22.5698 65.7459 67.1713 77.5146 21.8863 87.4873  88.438 89.9476 75.5249 86.5157 30.2938  25.906 63.9111 29.2121 75.2865 5.50637 81.4131 14.6999 76.7053 82.1149 23.5736 31.7852 76.1936 81.5346 24.7121 85.4825 25.0688 88.0768 91.8152 90.2986 78.8111 96.8124 68.1733 17.2944 87.6982 34.8574 57.5848 47.2227 44.9941
69.1398 71.7655 6.90304 9.00531       0 97.1575 56.3709 33.2308 79.2007 60.1803 89.2651 26.0946 23.1258 65.2675 59.2372 54.7622 3.33047 65.6715 66.1147 29.0871 42.2561 21.0405 89.7369  57.085 45.3062 8.12559 49.0965 29.8311 51.4571 84.0419 61.6959 98.2937 31.8409 37.0593 60.0281 71.8888 68.9381 39.1326 45.6843 76.5842 88.2733 6.58298 59.9071 60.3895 80.8967  9.8702 40.8503 13.8852 95.3137 24.7414 79.4184 75.4763 7.17354  53.174
82.3177 3.56135 21.5676 61.2564 55.5488       0 9.33985 88.9287 11.1346 83.2196 40.2964 92.0716 27.4503 33.4536 10.6861 36.4652 96.0134 75.4238 4.02359 65.8979 75.8437 43.8895 12.0076 22.0284  58.377 13.3832 24.8994 11.1457 81.4869 74.8603 54.6392  34.487 68.3105 83.7242 73.2036 51.5518  21.971 70.5004 17.6514  55.824 94.7621 68.0673 44.9208 26.1653 87.6354 11.5879 71.7339 22.9402 65.8029 67.2323 48.1255  48.081 71.1579 15.3586
42.5597 70.5299 20.8495 46.0343  16.114 32.3905       0 35.6788 42.6018  98.884 47.5448 18.9152 99.8711 88.5274 63.5791 45.0575 96.0806 48.3666 67.7024 28.2861 20.0435 95.2384 69.4309 26.4564 66.8639 82.0537 40.4408 4.48403 18.6196 54.0548 46.7294 37.7929 5.76908  72.167 3.60814 66.0439 85.8335 74.8951 81.1844 12.3337 66.7058 12.9975 22.2989 92.4781 37.6073  85.707 65.4109  36.637 58.9439 58.1505 95.4319 4.03466 4.40428 75.7206
58.1472 87.0522 70.0326 94.5649 56.2453  68.289 76.8849       0  81.926 95.7411 43.5594 14.9823 20.0445 41.7669 74.1989  33.397 66.9983 60.0398 58.5155 73.1394 70.2013 86.8522 5.45366 90.2208 25.0191 25.0444 94.8912 11.3982 94.0678  15.512 14.6936 33.9471 23.7809 62.2026 37.8633 51.7776 51.0748 16.1623  14.843 99.0011 21.5591 30.3707 36.7976 25.5307 26.6586 17.4061 34.5425 34.0122 70.9511 50.6009 98.2916 53.7312 64.2829 73.8561
13.3433 32.5533 17.6111 14.1341 21.0493 86.4159 78.6797 96.8094       0 15.2226  16.644 84.1136 42.1794 74.4498 27.2118 84.7731 10.2365 56.7731 59.0915  9.3101 34.3052 46.3108 88.9089 26.0709 41.1614 4.21998 58.0872 92.3167 93.9356  10.773 43.5177 76.1892 2.22601 77.7549 2.32612 29.9555 52.6866 95.2997 18.2106 83.3002  22.797  7.0197 41.1535 62.6847 23.6636 17.8791 52.7787 84.8635 15.1709 85.0779 23.4319 23.5926 78.9143 37.5751
42.4858 70.9157 99.6817 17.9554 96.3831 73.5157 61.7444 74.0426 47.7938       0 64.9733  88.801 84.8344 79.5877  31.235 63.0579 14.3139 97.5321  73.975 78.7247 10.9109 63.1497 37.3527  56.469 40.7479 11.4063 94.4439 16.5236 50.6518 44.0151 19.4649 97.7464 48.2273  54.737 87.6872 50.0221 59.0141 36.7894 97.7475 45.5577 83.3576 62.7045 99.7619 87.5517 95.0624 92.0994  94.717 88.1162 74.5556 88.1176 58.7286   4.387 76.3045 12.7511
60.1116  15.141 77.4854 50.2141 25.8381 58.5696 89.4681 8.56293 58.6127 88.7979       0 98.5548 28.9263 88.6244 30.6997 98.5644 61.1807 51.6113  41.224 66.5864 2.15261 37.1187 38.7829  74.012 80.8869 30.8163 85.9048 79.8889 53.8412 16.0714 12.1482 12.0662 91.7599 37.9344 8.46272 16.4091  6.8429 53.5307 82.3808 24.8627 50.3977 25.0353 41.3873 1.07045 84.1811 4.93316 24.4777 70.6228 91.7007  44.919 15.0232 35.7946 9.98462 18.8243
94.7877 63.5493 99.4769 41.7604 68.2189 86.4749 51.3874 43.9924 89.1191 70.7804 56.1644       0 46.2136 54.5416 94.2893 33.2013 45.0294 3.86845 81.3307 29.2368  13.653 36.2194 55.2482  20.061 98.4708 80.5725 21.5688 99.3938 70.2954 73.8979 7.68264 23.3977 16.5546 85.4855 7.15388  89.474 6.97582 51.8842 93.9634 92.3109 73.5439 30.4546  61.455 87.2808  50.507 14.4689 12.6346 44.5991 31.7123 20.2179 85.4365 32.9615 44.2555 7.01424
10.6543 40.4412 51.2794 94.7795 85.6575 23.5658 5.65956 68.7773 85.2166 50.0165 42.5822 48.9519       0 92.7739 63.1583 40.2956 85.3094  50.028  45.919  95.278 29.8655  72.317  25.315 76.2185 70.7168 84.0651 56.5726 76.6597 12.5151 84.4326 75.2422 20.3959 88.9793 68.1479 9.82546 93.0284 4.08355 66.6218 53.4432 24.4659 76.5937 1.68471 83.8078 42.5324  13.907 79.3885 33.8934 80.4457 4.05254 14.3983 45.7666 83.1577 24.6811 54.9551
86.3493 24.5475 87.4997 26.4309 55.6874 4.39893  8.0932 6.42827  24.228 91.9894 28.5867 23.4237 29.8797       0 19.6541 74.4178 90.8283 39.1962 98.3562  63.057 98.0018 62.2288 16.0017 68.8108 58.7831 93.9651 89.3016 73.2789 23.7603 97.1178 83.4631 43.8246 94.2259 80.9768 61.7864 53.2442 13.1628 12.8701  21.419 66.3757 35.0603  14.462 14.0443  20.531 67.8689 79.0956 25.0008 78.9672 35.3906 5.04001  96.987 64.9835 2.76741 33.9503
99.5514  37.105 52.8726 89.2362 61.4228 2.64789 55.4856 6.16215 42.0265   68.94 94.5688 24.5224 68.1629 34.5045       0 44.2086 24.8798 46.0444 51.9365  16.866  20.287 45.1715 16.8259  82.482 82.2365 24.7889 66.1042 46.9116 50.1392 55.6423 24.9024 16.3357 67.6761 97.9852 83.1486 52.6007  26.309 93.3022 45.6112 82.5061 36.6246 20.5953  93.754 34.1758 69.8285  47.666 57.1976 68.7455 83.8907 13.3018 6.59156 37.7623 12.6314 78.8577
42.1454  67.114 88.9294 42.6362 69.4969 28.8611 16.8637 40.3969 41.6768 96.1091 15.9321 51.6621 19.9325 26.0046 36.8485       0 89.7019 68.5223 76.9028 70.3468 21.9594 51.6856 99.1294 1.42168 90.9065  81.743 42.7457 32.6871 83.7765 19.9178 46.5316  55.739 63.6783 5.33977 92.1664 73.8979 98.9306  47.529 24.3011  17.217 68.8309  60.224 97.2245 33.3108 56.2822 92.3361 88.4758 7.31772 65.5617 10.6302 82.4056 61.2201 25.7889  61.442
99.5932 46.2973 30.0672 19.2587 98.6708 69.2776 12.1343 81.9733 85.6527 67.0713 26.9328 62.9365 14.9467 78.4196 82.0584 76.4831       0 36.0176 13.2617 18.6191 4.16114 21.6442 38.5311 52.5185 61.7502 98.2755 95.9184 24.7562 84.9961 73.0997 65.5511 19.1005  72.881 26.2451  92.865 91.4054 48.4382  23.896  54.757 26.0993 3.02315 25.6857 91.7209 80.1451 14.2414 76.9217  42.403 40.0902 62.9438 78.3319 65.0288 17.6044 18.1428 27.9907
11.6825 52.1464 76.1839 37.3937  71.582  14.204 33.0996 29.0763 67.9765 14.8934 18.8231 32.4726 78.9132 98.3019 86.0867 85.4509 66.7882       0 20.0744 77.4701 5.64563 64.0346 40.5533 82.2557 22.4711 8.75325 22.0458 87.8732 45.5066 87.0385 85.1374 27.7385  17.544 58.7123 14.8803 3.41457 94.6643 93.7344 33.0484 70.4487 44.2629 93.0936 88.7575 79.8328 76.7017 75.9255   93.86 87.6091 25.1853 79.9413 14.8642 1.29171 83.3943 28.0057
53.3304 53.8984 41.7203 66.9784 3.55035 58.9945 85.6374 1.48456 5.69988  1.8144 77.0801 97.8357 42.5275 86.1616 98.1631 71.8683 92.6588 48.1973       0 85.6395 79.6398 32.2069 11.0625 63.4078 85.1082 60.3077 58.7352 73.6193 35.9268 8.24413 32.8924 3.23034 49.4436 33.2915 13.4417 62.2301 11.1868 34.2791 47.6898  91.349 84.9307 69.1611 35.6765 64.4765 98.7279 89.4648 47.9914 56.6674 97.6936 97.5627 63.9636 53.3056 61.6913 76.9135
26.8616 62.8348 35.1839 11.5634 83.4146 3.37519 2.65023 9.90577 91.0698 31.2724 95.0592 58.6138 79.5593 40.1205 99.0042 72.8376 52.8709 76.8685 30.0355       0 37.5573 92.7126   96.28 90.4744 83.7783 2.05656 83.1076 95.8024 46.6258 19.3771 21.5369 1.05917 73.9339 86.0681 10.4292 36.7205 73.1877 40.8978 39.9791 78.7863 62.2969 10.4532 99.8522 2.21421 46.8946 25.2547  73.274 12.8479 35.0962 83.3361 52.2885 54.6616 65.4797 65.2866
20.0116 76.8422 39.9365 35.8306 76.5208 11.4176 33.2793 56.6499 62.7038 45.0634 91.0939 82.0049 38.6154 57.9914 15.0532 89.8514 48.9921 43.3334 37.2403 83.9931       0  12.763 36.5976 7.34435 37.9243 62.4344 61.0526 85.4075 17.5338 30.9498 30.8049 14.3835 85.8078 8.41856   13.76 62.0539 57.0479   97.25 86.1074 11.8345 75.3671 43.1857 84.4457 10.2975 26.1074  18.092 10.9108  40.366 45.9255 50.6333 36.5352 9.58773 38.3149 99.8347
63.0745  27.032 18.0588 78.8202 62.0347 44.8154   58.81 68.6654 74.1513 29.7477 31.2173 72.5959 87.5461 76.1983   23.41 71.6586 70.0335 18.7005 80.2893 99.2885 1.37714       0 83.2245 41.3956 48.1207 96.6555 68.6897 4.85312 60.3561 19.3308 16.3709 33.1848 78.0335 55.4691 14.6939 12.3488 74.6872  33.192 82.9485    86.9 67.4062 13.1585 86.5905 9.68638 61.7046 54.4624 85.6026 31.0179 9.79273 20.8858 49.5617 42.3782 62.5773 94.1525
 68.194 78.9238 76.4056 55.7407 57.3946 96.8955 93.8141 91.3239  2.6491 36.4999 33.1255 48.8599 68.6944 68.9843 50.4547 20.0862 43.7015 42.5992 91.8537 42.3413 86.8194 84.0679       0 45.2562 88.2884 86.0741 94.0858 33.9527  54.167 14.7936  32.165 6.92023 90.3224 14.5671 24.9785 64.1842 50.5378 83.2086 18.5035 77.0845 5.07666 30.8453 28.5787 17.0373 13.7237 42.4163 51.8111 41.8031 74.9941 72.2311 51.8499 97.3105 50.5789 15.2139
97.7825 43.6833 69.8032  23.197 24.0957  77.128 61.3201 1.08732 96.8281 16.9101 60.4738 47.4693 48.9797 36.6135 68.0243 31.1005 21.9281 73.8345 22.9284 67.4191 36.2658 81.4509 83.3276       0 53.7991 8.02214 81.8024 25.6875  21.248 57.6376 94.3902 46.5602 10.8106 20.8032 16.9794 13.8596 92.3295 99.6963 86.6954 75.5214 23.6883 61.1086 40.3579 36.9868 7.82379 15.5407 19.2978 80.5987 72.9835  85.887 67.8363 99.2894 53.4556 97.4526
53.4853 98.7588 39.6946 20.7292 39.7777  29.307 1.26027 47.9805  25.576 43.3336 51.4259 73.2889 95.5014 80.1818 26.0765 53.5073 23.8913 93.4528 37.0982 26.1992 39.7336 91.4142 77.0306 56.9145       0 94.7536 76.9198 31.0053 9.54163 15.4136 71.9492 28.6903 25.7239 50.5278 41.1911 54.3324  30.593 79.5432 42.1032  37.208  74.981  58.179 63.1902 45.6172 4.82646 32.7013 1.13547 46.7714  59.982 6.15278 13.4916 95.4796 80.0677 29.5342
77.5409 6.69513 69.7738 76.1019 67.7683 62.9979 99.1819 6.84161 41.3046 9.70387 84.0854 56.9291  89.302 76.7612 99.2069 52.4216  19.983  74.118 56.2061  49.245 14.5516 80.0689 66.1555 39.5913 75.0542       0 13.8172 92.1488 49.5814 54.7167 29.8316 96.9187 34.4494 58.6102 97.2401 6.52824 30.3025 21.1837 89.7623 8.43119 17.3051 94.5003 49.3989 20.6179 59.3856 36.2796  6.2736 64.6183 3.50107 85.3113 31.3526 54.8236 35.9698 47.5356
43.2569 62.8549 53.5682 51.2836 37.6491 46.3889 48.3555 30.1621 32.4369 92.4568 30.6682 89.0138 57.1797 56.7631 8.15687 69.5126 65.7324 96.9944 55.8139  10.343 71.8889 30.7786 62.2645 63.8431 33.0817 37.7181       0 23.7026 97.5816 20.2523 66.2196 11.6292 37.0438 81.6315 52.4903  77.107 89.8411 13.3295 21.5625 86.8981 62.3585 63.9623 64.4311 98.3525 53.0167 11.7172 17.1495 68.8228 56.7089 19.8344 96.7002 53.9546 21.9019 56.7619
37.0341 97.3472 24.1652  95.822 28.0842 96.2132 45.0857 28.9459 84.9065 47.9894 2.90688  69.041 62.0704 63.7245 67.8636 34.3603 49.5867  22.076 69.7757 81.1453 32.6021 10.6558 63.5492 68.7135 67.6572 76.6299 86.2064       0 53.5295 57.1222 46.9045 44.7327 72.4735 19.5203 53.7564 6.74529 22.2192  99.082 41.1558 26.4951 61.3421 65.4964 49.2431 81.4002 48.1625 56.8349 39.9231 35.7989 23.0192 25.5159 59.7577 1.86948 52.2197 29.3955
59.2381 52.4781 39.9841 36.3996 13.9727   5.621 15.9673 53.6387 36.6101 44.6117 80.1086 56.0922 91.9145 23.1536 6.95066 98.8102  85.116 54.6289 62.8919  92.389 25.2769 61.3522 44.8735  69.524 68.1643 36.9758  93.983 12.3976       0 12.1736 57.4481  18.722 90.9599  88.461 77.9203 60.6323 71.1212 15.2067 59.2711 24.8853 40.3681 34.5223 13.4048 8.64412  15.345 55.2503 76.8281 97.3443  70.374 44.3171 60.4886 47.8718 29.9485 18.1721
83.7076 45.1009 63.3652 96.4291 30.0226 76.6844 79.2062 18.0469 35.7112 43.1547 29.6102 61.7756 37.9756 64.4588 23.4878 31.3347 81.1953 90.1878 7.39982 32.5561 7.80045 79.4834 50.9314 80.3483 52.7599 15.5347  40.573 89.4075 78.7683       0 56.3798 91.0691 95.4617 21.4933 43.4703 55.0483 98.7015 99.6498 87.6216 81.2234 87.9287 34.2221 1.66287 47.3087 7.89591 68.5985 68.4637 42.6495 70.4523 61.5745 46.4499 57.1816 31.7264 77.6486
16.2867 64.1296 86.5596 48.3206 71.1315  21.514 85.8067 3.72532 36.5608 54.2943 88.8877 96.9187 76.4994 15.9617 78.6348 64.6679 94.3683 92.4007 45.0523 28.9452 66.8117 15.7167 34.1358 79.7129 17.9189 46.7947 81.5671 43.6107 31.4701 52.9977       0   91.94 26.1433 77.8352 79.8889 82.1366 77.0297 69.1587 23.4168 33.2857 24.7878 76.8905 65.1413 45.7619 8.53586 93.6922  21.127 75.6374 26.8595 19.8732 78.2549 58.1093 21.6821 78.8358
29.9919 96.0435 52.8778 65.5005  81.374 70.3398 8.88073 61.7559 32.0029 76.3476 92.0419 15.7291 41.9962 17.5257 49.3079 14.2231 81.3494 56.0679 43.4121 58.4615 3.42131 77.9013 5.04249 82.7844 90.8368 34.1879  82.171 13.4487 35.9128 88.8785 42.7022       0 94.0307 29.1225 78.4037 31.7156 25.7993 1.55919 28.4762 28.0348 38.9524 96.2327 37.5193 36.0282 7.29115 81.0448 62.9232 49.3681 18.8456 75.3064 75.5116 8.75643 23.2165 41.2643
1.38575 79.8323 71.9211 81.2691 42.1253 46.7577 39.3638 6.19199 85.9659 18.4285 70.8858 84.9633 91.0603 67.6558 19.0004 18.2333 50.1655 7.27257 51.4386 90.8675 67.9112 67.9218 31.0126  73.884 29.3526 55.0031 13.0396 33.0322 89.9603 72.7355 60.9536 43.4583       0  85.079 83.9782 73.1806 61.8943 17.5631 34.2239 17.6518 50.7069  78.463 95.0736 58.4551 7.39237 30.3062 52.4792 16.6117 30.9671 63.2967 1.35233 72.9002 37.0305 78.6028
28.0888 8.45286 55.6492 69.5928 90.2806 13.5832 89.5255 76.6867 93.0568 1.90384 84.5725 9.88179 47.8575 56.5008 66.1673 94.1824 91.5715 82.7085  93.447 31.9513 50.2664 34.3293 83.7912 56.8678 6.77184 91.0136 69.4907 59.7734 1.55943 97.4546 78.1191  68.979 75.7318       0 64.6315 55.7681 38.3684 68.5379 25.8616 29.8387 94.6646 5.58968 75.5397 58.5225 87.5271 89.9351 37.6105 21.7496 94.3181 16.7316 82.0634 45.7018 44.9682 64.2459
 31.996 82.8658 28.6263 48.1696 1.05898 72.7077  47.183 18.2286 56.5578 40.5204 96.4321 5.03413 80.0918 68.0775 48.4282 35.7929 47.0953 23.2392 20.9267 79.3478 89.9087 66.3393 93.9901 58.3093 77.3525 63.4816 8.07704 76.3598 64.1248  64.165 47.2085 15.3286 8.73061 5.82775       0 54.2892 56.5845 76.7528 10.0108 51.7469 24.4349 21.3015 25.5961 27.8434 96.5898 59.8559 59.7356 17.5414   35.14 63.0046 10.3689 65.3412 69.4392 85.2585
69.5256 51.5977 77.8241 89.2744   50.05 43.9152 94.7347 38.4228 65.1666 77.6089 60.1509 11.0579 14.1861 32.9233 77.2376 71.9955 52.4959 71.9441 17.5533 19.9545 10.1673 87.9623 20.7495 30.9689 73.6588 62.1287 61.1361 61.8633 41.4174 56.7774 22.6495 41.7519 14.4109 22.1383 44.0063       0 30.8324 55.6957 78.9082 93.2361 38.9803 84.0459 54.9807 18.8445 87.2891 39.1764 92.3295 29.4969 26.2807 87.0381 79.7707 48.3766  43.204 31.7768
10.4065 11.0142 76.2168 30.8492 45.8294 18.6251 97.8653 65.6153 4.19144 84.1235 24.8689 1.95342 74.3079 88.9544 75.8534 30.6476 87.5849 58.1323 96.4706 96.8492 26.1102 77.2187 94.7988 77.8962 64.1489 4.39677 93.3901 69.9191 82.0463 72.3149 32.7583 3.46597 44.0423 54.3237 37.8351 7.31993       0 39.0382  42.513 84.6626 89.4267  72.657 20.4606 83.6878 75.1625 1.52309  9.3444 43.6898  60.121 82.9639 30.1889 92.7828 16.1261 78.6045
73.5557 53.3957 48.4758 93.2039  16.173 5.09822 62.1697 52.9074 98.1596 39.4044 43.9768 22.9493 79.9629 56.6049 12.0073 79.8504 43.1759 70.6058 87.6291 7.63395 9.95211 61.5777  63.421 83.7657 44.2164 45.5353 47.5178 79.8438 81.7444 18.2198 92.9379 52.1215 13.4997 76.9947 63.1267 20.3332  42.418       0 90.1951 63.0807 90.1407  33.299  46.895 20.3215 34.1971  45.563 25.1465 53.1784 93.0839 21.1551 5.80082 68.3759 72.8434 60.9791
27.6728 38.6499 47.8567 83.8394 6.29531 12.2041 71.6196 56.4602 47.0926   73.35 3.71027 25.0402 33.2307 73.6902 51.4365 5.39252 19.4943 31.9838 75.0688 92.0939 79.3687 74.8145 25.2032 21.1897 97.6779 86.1731 56.0274 72.2615 35.4852 71.2894 36.3431 74.6991 37.1919 83.3409 80.8695 95.8471 80.9072  70.858       0 92.2372 59.5393 14.4167 90.7784 43.3752 13.9476 55.5824  26.872 62.5092 96.2318  37.639 78.0624 2.10782 7.48689 5.63289
22.7498 42.5675 92.8278 43.9834 65.8787 5.04105  76.545 62.4247  75.082  98.346 40.5129  85.067 16.4873 63.4042 3.06524 15.4207 96.8215 14.9054 55.5621 6.15931 59.4154 23.5295 83.7077 3.96714 5.31031 7.61676 51.4773 62.2359  75.982 82.0879  75.276 78.6551 45.2683 32.0786 39.1612 36.2754 12.0259 34.3379 59.7236       0 12.2237 78.6767 60.6141 46.3725  97.826 18.4022 61.1231 28.5533 74.2919 68.0418 52.6208 16.3754 94.0404 16.1796
16.0415 24.3114 48.1575 11.1593 12.5561  77.614 23.9141   26.95 45.9534 24.2543 8.95013 11.7503 64.7973 36.1926 42.2423 42.9083 56.4898 68.1379 61.6041 85.3587  19.863 24.7274 99.7737 40.2346 83.9643 55.9417 41.9617 95.3674 32.3962 61.2349 12.4028 49.8679  60.727 31.7317 50.8139 69.3553 1.43212 87.4372 87.9426 8.63832       0 95.0035 46.6569 7.87321 29.2595 37.6624 19.8635 41.2946 67.6395 9.27266 63.5294 71.7629  49.148 72.7302
86.7844  52.791 25.3422 34.0535 31.1335 69.7737 61.0877 64.0231 5.70528 62.1479 47.1735  23.595  61.157 62.3146 81.1362  3.9569  79.675 82.5951 16.2927 58.6804 80.5213 11.9331 62.9861 94.2017 78.5647 16.9894 41.9322 52.1503 88.3264 86.3608 47.4913 85.7653 28.9518 21.2754 88.3322 12.2562 86.7501 24.3887  75.132 17.0998 9.93704       0 32.1657 43.4457 97.1287 59.5156 50.3497 33.1319 87.9326  81.558 92.0855 36.9024 16.4715 23.4572
17.5375 6.11676 92.3047 84.7438 34.0976  90.516 27.9325 6.41712 64.2011 69.1264 95.6773 65.6126 61.7009 17.9459 96.3545  47.622 41.8509 17.7739 36.8928 34.3962 72.0684 58.7489 38.9559 23.0281  3.7811 87.1892 72.0461 61.6296 46.2773 55.9858 81.9586 2.05286  60.823 17.5641 45.3151 25.7494 18.0018 85.2222  53.687 60.2737 84.7675 9.13124       0 33.6533 48.3331 31.8711 72.7577 72.1524 6.00422 87.2597 38.0573 48.3369 38.2959 22.1938
25.6957 63.7526 98.4369 5.93875 97.2136 1.17973 28.5737 94.7274   31.17 73.2708 50.5323 59.7022 59.6896 28.9665 5.40055 82.2039 41.7992 18.1659 7.52309 80.6367 48.7285 96.0444 25.0887 16.4531 54.6812 40.0068 97.5343 72.0272 43.9113 45.6675 86.6451 69.2638 49.7063 98.8796 59.6393 62.3836 4.51567  54.059 41.3858 32.1042 50.0921 95.6882 30.4647       0 42.1665 17.0509 52.7569 21.7403  70.692  22.671 9.29601 54.9206  72.829 27.6853
73.1336 76.3385 12.8418 59.4843 85.8208 73.1726 68.1809 69.4514 28.9333 54.1373 74.7602 46.0187 90.0367 25.2469 99.7903 77.3747 70.5033 21.7913  14.649 21.7374 78.5231 73.1619 77.9878 63.0125 37.3478 10.9546 31.2338 25.4293 12.0867 83.4785 30.9545 29.5899 23.1776 2.25213 50.1187 64.5004 98.9129 36.2587  95.551 82.4755 43.9974  51.914 45.2099 62.9767       0 38.6112 74.3505 12.0991 23.3231  85.598 89.0726 1.88598 18.2389 56.4075
17.0889 42.2217 45.1773   73.98 94.5203 92.1639 82.4181 11.5793 6.22751 38.0664 90.2461  89.135 29.8638 51.4504 47.2486 90.8306 65.7307 62.8182 87.8293 50.2621 91.3553 3.92043 54.7818 5.51007 85.0176 11.9782 38.1503 8.54119 95.4165 11.6281 6.86106 17.3885  28.499 15.5494 28.4637 77.3501 43.3108 78.5244 98.2982 42.7798 21.3921 28.7265 15.8231 66.8291 18.1616       0 29.9552 40.8979 88.8949 99.5614 43.6488 85.0992 49.9273  1.0515
66.8411 30.8666 87.3663  47.575 66.7105 29.0408 44.4374 35.1243 71.8467 69.3799 65.4644 11.3643 78.6221  53.971  41.249  72.936 31.5011 85.6882 83.4259 50.9835 69.6879   47.73 24.2181 16.8748 45.5877 21.7498   40.28 4.71427 27.6878 64.5853 33.1767 25.0028 13.3846 4.21939 51.8057 36.2815  3.4463   1.588 64.6869 48.3212 18.9229 55.9122 27.6892 81.7164 97.4487 9.38696       0  28.058 36.2537 32.3011 90.7016 16.1407 97.6179 88.1273
72.7268 22.6358  41.909 77.7431 84.4916 42.4502 79.3151 51.4247  14.586 21.2086 1.69299 8.95521 4.98346 3.66653 81.8487 53.8578 75.7522  56.809 26.9106 39.3565 81.6842 93.8061 16.5189  15.531  98.098 9.23004 27.1522 49.1855 96.0828 56.5783 95.5055 47.6904 95.0586 27.4972 42.9837 55.9058 47.3512 59.1547  50.308 8.57481 46.0205 76.5997 36.9308 43.1218 78.2389 15.5329 16.7535       0  85.267   63.93 54.1014 18.4903 35.3817 83.3982
27.7714 93.3682 21.3612 11.3737 66.1024 6.36783 15.5177 39.6555  73.204 51.9598 9.06919 21.6076 8.77697 49.7523 33.3354 76.2815 32.5188 64.3524 7.90374 27.7322  96.001  66.955 94.3351 86.7657  7.4887 19.7314 59.1961 95.4144 40.9231 97.6666 90.9984  44.127  45.043 73.2616  42.344 79.7647 37.9751 72.2588 31.3467 13.2285  64.655 21.8202 4.58058 46.6619 93.8633 54.4625 23.8152  28.507       0 79.5027 57.5131 85.3909 33.3216 28.0571
20.1716  83.765 29.0866 14.5533 69.2608 87.0353 30.0748 35.6088 76.5466 70.1943 42.5445 9.19999 21.1496 40.1326 39.4121 44.8043 24.1599 33.8854 42.9239  36.623 49.3276 78.9369 34.2807 79.2826 30.6959 81.0575 98.0151 77.3336 62.6147 71.8294  65.069 27.2332 61.8283 36.5109 64.2474 97.5116 13.6331 34.8671 12.3767 39.6702 3.85363 25.0733 62.3657 46.1929 96.1766 97.8518 88.2241 83.7254 33.9474       0 54.6653 68.4463 59.3093 65.0408
98.5884 84.4706 76.0929 88.3065 67.9062 44.8254 80.9653 60.3305 5.65579  51.481 95.7521 66.5691 83.5428  42.787 80.8529 26.6954 28.6232 33.6775 55.9462 92.8684 19.2415 86.5187  12.799 6.00545 81.8764 10.2866 10.2598 44.9879 42.7086 74.9553 17.0424 47.7496 68.9925 13.5653 52.4128 91.6263 20.5388 99.0525 89.2871 86.3611 8.31741 86.0529  36.783  44.336 25.1336 39.7876 89.0275 63.0372 20.3632 47.2661       0  72.152 99.8614 48.6848
46.7829 70.2103 60.2977 46.2044 42.6231 16.7854 47.7971 95.3055 35.9078 96.0232 99.1631 3.61248 46.3924 7.74372 47.3886 66.1329 80.5109 7.68577  44.144 11.7253 81.2833  78.718 30.9327 93.1101  44.413 81.1658 20.2487 80.8219 57.4569 28.6165 21.8033 57.5105 30.8509 80.6802  55.104 41.8186  94.023 69.5088 17.4541 24.0629 40.0221 64.0059 88.0262 55.9594 19.9707 71.5545  33.726 67.8729 59.0058  30.136 93.0483       0 70.6366 27.8918
 82.246  10.797 46.1454 92.3735 31.2955 31.8507 87.8848 4.27424 50.6979  98.942 72.7618 80.7959 8.69571 16.3309 61.8221 16.4629 93.1934  51.586 23.2131 35.9116 49.7048 88.6669 17.5051 20.6782 77.8166  77.713 66.7049 81.1867 22.9708 90.1602 80.4399  59.418 39.8618 90.9801 77.9413 9.86039 87.3203 67.0591 94.3252 26.5702 70.2598 37.2317 48.9562 54.8792 57.8812 52.3141 73.8267 14.7434 42.7401 49.7497 4.22697 10.8245       0 59.1933
66.7824 63.3944 52.4985 44.0472 25.3008  41.721 74.7794 51.6544 7.30489 86.9809 28.8777  15.429 52.2371 11.7713 31.3076 45.7816 71.3247 75.2767 47.7999 35.2097 6.06095 70.5866 11.9994 50.2617 70.1648 95.3607 4.34556 77.9406 95.8755 88.7489 48.2073 53.6698 59.3149 27.1324 76.3914 55.8105 70.0767 82.2611 7.79063 63.4456 12.3941 16.8982 64.3617 60.3734 37.8573 81.2039 40.8386  4.8403 94.3573 19.4972 57.2398 69.4625 50.4403       0
