
1	353.145
2	353.145
3	353.144
4	353.144
5	353.144
6	353.143
7	353.143
8	353.142
9	353.142
10	353.141
11	353.141
12	353.14
13	353.14
14	353.139
15	353.139
16	353.138
17	353.138
18	353.137
19	353.137
20	353.136
21	353.136
22	353.135
23	353.135
24	353.134
25	353.134
26	353.133
27	353.133
28	353.132
29	353.132
30	353.131
31	353.131
32	353.13
33	353.129
34	353.129
35	353.128
36	353.128
37	353.127
38	353.126
39	353.126
40	353.125
41	353.125
42	353.124
43	353.123
44	353.123
45	353.122
46	353.121
47	353.121
48	353.12
49	353.119
50	353.119
51	353.118
52	353.117
53	353.117
54	353.116
55	353.115
56	353.114
57	353.114
58	353.113
59	353.112
60	353.112
61	353.111
62	353.11
63	353.109
64	353.108
65	353.108
66	353.107
67	353.106
68	353.105
69	353.104
70	353.104
71	353.103
72	353.102
73	353.101
74	353.1
75	353.099
76	353.098
77	353.097
78	353.097
79	353.096
80	353.095
81	353.094
82	353.093
83	353.092
84	353.091
85	353.09
86	353.089
87	353.088
88	353.087
89	353.086
90	353.085
91	353.084
92	353.083
93	353.082
94	353.081
95	353.08
96	353.079
97	353.078
98	353.076
99	353.075
100	353.074
101	353.073
102	353.072
103	353.071
104	353.07
105	353.068
106	353.067
107	353.066
108	353.065
109	353.064
110	353.062
111	353.061
112	353.06
113	353.058
114	353.057
115	353.056
116	353.055
117	353.053
118	353.052
119	353.05
120	353.049
121	353.048
122	353.046
123	353.045
124	353.043
125	353.042
126	353.041
127	353.039
128	353.038
129	353.036
130	353.034
131	353.033
132	353.031
133	353.03
134	353.028
135	353.027
136	353.025
137	353.023
138	353.022
139	353.02
140	353.018
141	353.017
142	353.015
143	353.013
144	353.011
145	353.01
146	353.008
147	353.006
148	353.004
149	353.002
150	353.001
151	352.999
152	352.997
153	352.995
154	352.993
155	352.991
156	352.989
157	352.987
158	352.985
159	352.983
160	352.981
161	352.979
162	352.977
163	352.974
164	352.972
165	352.97
166	352.968
167	352.966
168	352.964
169	352.961
170	352.959
171	352.957
172	352.954
173	352.952
174	352.95
175	352.947
176	352.945
177	352.942
178	352.94
179	352.937
180	352.935
181	352.932
182	352.93
183	352.927
184	352.924
185	352.922
186	352.919
187	352.916
188	352.914
189	352.911
190	352.908
191	352.905
192	352.902
193	352.9
194	352.897
195	352.894
196	352.891
197	352.888
198	352.885
199	352.882
200	352.879
201	352.875
202	352.872
203	352.869
204	352.866
205	352.863
206	352.859
207	352.856
208	352.853
209	352.849
210	352.846
211	352.842
212	352.839
213	352.835
214	352.832
215	352.828
216	352.825
217	352.821
218	352.817
219	352.814
220	352.81
221	352.806
222	352.802
223	352.798
224	352.794
225	352.79
226	352.786
227	352.782
228	352.778
229	352.774
230	352.77
231	352.766
232	352.761
233	352.757
234	352.753
235	352.748
236	352.744
237	352.739
238	352.735
239	352.73
240	352.725
241	352.721
242	352.716
243	352.711
244	352.706
245	352.702
246	352.697
247	352.692
248	352.687
249	352.682
250	352.677
251	352.671
252	352.666
253	352.661
254	352.655
255	352.65
256	352.645
257	352.639
258	352.634
259	352.628
260	352.622
261	352.617
262	352.611
263	352.605
264	352.599
265	352.593
266	352.587
267	352.581
268	352.575
269	352.569
270	352.562
271	352.556
272	352.55
273	352.543
274	352.537
275	352.53
276	352.523
277	352.517
278	352.51
279	352.503
280	352.496
281	352.489
282	352.482
283	352.475
284	352.467
285	352.46
286	352.453
287	352.445
288	352.438
289	352.43
290	352.422
291	352.415
292	352.407
293	352.399
294	352.391
295	352.383
296	352.375
297	352.366
298	352.358
299	352.35
300	352.341
301	352.333
302	352.324
303	352.315
304	352.306
305	352.297
306	352.288
307	352.279
308	352.27
309	352.26
310	352.251
311	352.242
312	352.232
313	352.222
314	352.212
315	352.202
316	352.192
317	352.182
318	352.172
319	352.162
320	352.151
321	352.141
322	352.13
323	352.119
324	352.108
325	352.097
326	352.086
327	352.075
328	352.064
329	352.052
330	352.041
331	352.029
332	352.017
333	352.005
334	351.993
335	351.981
336	351.969
337	351.956
338	351.944
339	351.931
340	351.918
341	351.906
342	351.892
343	351.879
344	351.866
345	351.852
346	351.839
347	351.825
348	351.811
349	351.797
350	351.783
351	351.769
352	351.754
353	351.739
354	351.725
355	351.71
356	351.695
357	351.679
358	351.664
359	351.648
360	351.633
361	351.617
362	351.601
363	351.584
364	351.568
365	351.551
366	351.535
367	351.518
368	351.501
369	351.483
370	351.466
371	351.448
372	351.431
373	351.413
374	351.394
375	351.376
376	351.357
377	351.339
378	351.32
379	351.301
380	351.281
381	351.262
382	351.242
383	351.222
384	351.202
385	351.182
386	351.161
387	351.14
388	351.119
389	351.098
390	351.076
391	351.055
392	351.033
393	351.011
394	350.988
395	350.966
396	350.943
397	350.92
398	350.896
399	350.873
400	350.849
401	350.825
402	350.801
403	350.776
404	350.751
405	350.726
406	350.701
407	350.675
408	350.649
409	350.623
410	350.597
411	350.57
412	350.543
413	350.516
414	350.488
415	350.46
416	350.432
417	350.472
418	350.377
419	350.346
420	350.386
421	350.289
422	350.328
423	350.229
424	350.269
425	350.167
426	350.208
427	350.105
428	350.146
429	350.041
430	350.082
431	349.975
432	350.018
433	349.908
434	349.952
435	349.84
436	349.884
437	349.77
438	349.815
439	349.699
440	349.745
441	349.626
442	349.672
443	349.551
444	349.599
445	349.475
446	349.524
447	349.398
448	349.447
449	349.318
450	349.369
451	349.237
452	349.288
453	349.155
454	349.206
455	349.07
456	349.123
457	348.984
458	349.037
459	348.895
460	348.95
461	348.805
462	348.861
463	348.713
464	348.769
465	348.619
466	348.676
467	348.523
468	348.581
469	348.424
470	348.483
471	348.324
472	348.384
473	348.221
474	348.282
475	348.116
476	348.178
477	348.009
478	348.072
479	347.899
480	347.963
481	347.787
482	347.852
483	347.672
484	347.738
485	347.555
486	347.622
487	347.435
488	347.504
489	347.313
490	347.382
491	347.187
492	347.258
493	347.059
494	347.131
495	346.929
496	347.001
497	346.795
498	346.869
499	346.658
500	346.733
501	346.518
502	346.594
503	346.375
504	346.452
505	346.228
506	346.307
507	346.078
508	346.158
509	345.925
510	346.006
511	345.769
512	345.85
513	345.608
514	345.691
515	345.444
516	345.528
517	345.276
518	345.361
519	345.105
520	345.191
521	344.929
522	345.016
523	344.749
524	344.837
525	344.565
526	344.684
527	344.383
528	344.474
529	344.19
530	344.283
531	343.994
532	344.088
533	343.794
534	343.889
535	343.588
536	343.685
537	343.378
538	343.475
539	343.163
540	343.262
541	342.943
542	343.042
543	342.718
544	342.818
545	342.487
546	342.588
547	342.251
548	342.353
549	342.009
550	342.112
551	341.761
552	341.866
553	341.507
554	341.613
555	341.248
556	341.354
557	340.982
558	341.089
559	340.709
560	340.817
561	340.43
562	340.538
563	340.143
564	340.253
565	339.85
566	339.96
567	339.55
568	339.66
569	339.242
570	339.353
571	338.926
572	339.038
573	338.602
574	338.714
575	338.271
576	338.383
577	337.93
578	338.043
579	337.581
580	337.694
581	337.223
582	337.336
583	336.856
584	336.969
585	336.479
586	336.592
587	336.093
588	336.205
589	335.696
590	335.808
591	335.289
592	335.4
593	334.871
594	334.981
595	334.442
596	334.551
597	334.001
598	334.109
599	333.548
600	333.655
601	333.083
602	333.189
603	332.605
604	332.709
605	332.113
606	332.216
607	331.641
608	337.994
609	332.217
610	331.421
611	330.952
612	337.221
613	331.243
614	330.613
615	336.242
616	330.852
617	329.763
618	335.992
619	329.688
620	329.48
621	334.918
622	329.243
623	328.576
624	334.622
625	327.998
626	328.244
627	333.468
628	327.496
629	327.281
630	333.119
631	326.164
632	326.891
633	331.876
634	325.597
635	325.864
636	331.465
637	324.474
638	331.113
639	323.886
640	330.529
641	323.313
642	329.916
643	322.722
644	329.282
645	322.112
646	328.626
647	321.481
648	327.948
649	320.829
650	327.245
651	320.153
652	326.518
653	319.454
654	325.764
655	318.752
656	325.178
657	319.545
658	324.183
659	317.308
660	323.332
661	316.568
662	322.665
663	317.307
664	321.566
665	314.821
666	320.608
667	314.151
668	319.846
669	315.735
670	318.212
671	312.623
672	317.301
673	313.194
674	317.201
675	310.261
676	315.675
677	310.909
678	314.127
679	309.098
680	312.608
681	309.194
682	312.339
683	306.433
684	310.444
685	307.506
686	308.286
687	303.645
688	308.236
689	303.821
690	305.675
691	301.809
692	303.59
693	301.013
694	303.05
695	297.99
696	300.459
697	298.674
698	297.848
699	294.114
700	297.04
701	293.91
702	293.789
703	291.55
704	291.097
705	289.389
706	289.667
707	285.529
708	285.442
709	285.546
710	281.759
711	284.055
712	279.496
713	276.626
714	274.601
715	272.853
716	269.957
717	265.541
718	259.072
719	244.666
720	230.757
721	221.092
722	184.781
723	156.93
724	113.603
725	102.82
726	88.1374
727	99.8047