0.903349
0.903352
0.903356
0.903359
0.903363
0.903368
0.903373
0.903378
0.903384
0.903391
0.903398
0.903406
0.903415
0.903425
0.903436
0.903448
0.903462
0.903477
0.903494
0.903512
0.903533
0.903556
0.903581
0.903609
0.90364
0.903674
0.903712
0.903754
0.903801
0.903854
0.903911
0.903976
0.904047
0.904127
0.904215
0.904314
0.904424
0.904546
0.904683
0.904836
0.905007
0.905198
0.905413
0.905654
0.905926
0.905609
0.906427
0.906118
0.907171
0.906729
0.908108
0.90741
0.909249
0.908317
0.910766
0.909382
0.912734
0.909875
0.911283
0.916048
0.912093
0.913589
0.920629
0.915191
0.915362
0.915043
0.920835
0.929614
0.917293
0.943118
0.935145
0.919407
0.937114
0.913698
0.919211
0.924212
