
1	1	1	1	1	1	1	1	89.2847	82.304	55.8724	82.2399	81.5085	77.6926	78.3365	86.6777	84.0323	83.4637	138.804	129.616	133.042	109.438	135.569	119.892	133.145	
2	1	1	1	1	1	1	1	89.2843	82.3039	55.872	82.2393	81.5088	77.6919	78.3353	86.6772	84.0322	83.4634	138.799	129.617	133.04	109.437	135.568	119.892	133.146	
3	1	1	1	1	1	1	1	89.2835	82.3029	55.8712	82.2382	81.5081	77.6904	78.3343	86.6763	84.0311	83.462	138.794	129.616	133.039	109.436	135.567	119.89	133.145	
4	1	1	1	1	1	1	1	89.2826	82.3019	55.8704	82.237	81.5073	77.6888	78.3331	86.6754	84.0299	83.4605	138.788	129.615	133.038	109.435	135.566	119.889	133.144	
5	1	1	1	1	1	1	1	89.2816	82.3007	55.8695	82.2356	81.5064	77.6869	78.3318	86.6743	84.0286	83.4588	138.781	129.613	133.036	109.433	135.564	119.887	133.143	
6	1	1	1	1	1	1	1	89.2805	82.2994	55.8685	82.2341	81.5055	77.6849	78.3303	86.6731	84.0271	83.4569	138.774	129.612	133.035	109.432	135.562	119.886	133.141	
7	1	1	1	1	1	1	1	89.2792	82.2979	55.8673	82.2325	81.5044	77.6826	78.3288	86.6718	84.0255	83.4548	138.766	129.61	133.033	109.43	135.56	119.884	133.14	
8	1	1	1	1	1	1	1	89.2779	82.2964	55.8661	82.2306	81.5032	77.6801	78.327	86.6704	84.0237	83.4525	138.757	129.608	133.03	109.428	135.558	119.882	133.138	
9	1	1	1	1	1	1	1	89.2763	82.2946	55.8647	82.2286	81.5019	77.6773	78.325	86.6688	84.0217	83.4499	138.748	129.606	133.028	109.426	135.556	119.88	133.136	
10	1	1	1	1	1	1	1	89.2746	82.2926	55.8632	82.2263	81.5005	77.6742	78.3229	86.667	84.0195	83.4471	138.737	129.604	133.026	109.424	135.553	119.877	133.134	
11	1	1	1	1	1	1	1	89.2728	82.2905	55.8615	82.2238	81.4988	77.6708	78.3205	86.6651	84.017	83.4439	138.725	129.601	133.023	109.421	135.55	119.874	133.132	
12	1	1	1	1	1	1	1	89.2707	82.2881	55.8596	82.221	81.4971	77.667	78.3178	86.6629	84.0143	83.4405	138.711	129.598	133.02	109.419	135.547	119.871	133.129	
13	1	1	1	1	1	1	1	89.2684	82.2854	55.8575	82.218	81.4951	77.6628	78.3149	86.6605	84.0113	83.4366	138.697	129.595	133.016	109.416	135.543	119.868	133.126	
14	1	1	1	1	1	1	1	89.2659	82.2825	55.8552	82.2146	81.4929	77.6582	78.3117	86.6579	84.008	83.4323	138.681	129.592	133.012	109.412	135.539	119.864	133.123	
15	1	1	1	1	1	1	1	89.2631	82.2792	55.8526	82.2108	81.4905	77.653	78.3081	86.655	84.0043	83.4276	138.662	129.588	133.008	109.408	135.534	119.86	133.12	
16	1	1	1	1	1	1	1	89.26	82.2756	55.8498	82.2067	81.4878	77.6474	78.3041	86.6517	84.0003	83.4224	138.642	129.584	133.003	109.404	135.529	119.855	133.116	
17	1	1	1	1	1	1	1	89.2565	82.2716	55.8467	82.202	81.4849	77.6411	78.2997	86.6481	83.9958	83.4166	138.62	129.579	132.998	109.4	135.524	119.85	133.112	
18	1	1	1	1	1	1	1	89.2527	82.2672	55.8432	82.1969	81.4816	77.6341	78.2948	86.6441	83.9908	83.4102	138.596	129.574	132.992	109.394	135.518	119.844	133.107	
19	1	1	1	1	1	1	1	89.2484	82.2623	55.8393	82.1913	81.478	77.6264	78.2894	86.6397	83.9853	83.4031	138.569	129.568	132.985	109.389	135.511	119.838	133.102	
20	1	1	1	1	1	1	1	89.2437	82.2568	55.835	82.185	81.474	77.6178	78.2834	86.6348	83.9792	83.3952	138.538	129.562	132.978	109.383	135.504	119.831	133.096	
21	1	1	1	1	1	1	1	89.2385	82.2508	55.8302	82.1781	81.4696	77.6084	78.2768	86.6294	83.9724	83.3865	138.505	129.555	132.97	109.376	135.495	119.823	133.09	
22	1	1	1	1	1	1	1	89.2327	82.2442	55.8249	82.1705	81.4647	77.5979	78.2695	86.6234	83.9649	83.3768	138.468	129.547	132.961	109.368	135.486	119.814	133.083	
23	1	1	1	1	1	1	1	89.2263	82.2368	55.819	82.162	81.4594	77.5863	78.2614	86.6168	83.9567	83.3661	138.427	129.539	132.952	109.359	135.476	119.805	133.075	
24	1	1	1	1	1	1	1	89.2192	82.2286	55.8124	82.1526	81.4534	77.5734	78.2524	86.6094	83.9475	83.3542	138.381	129.529	132.941	109.35	135.465	119.794	133.067	
25	1	1	1	1	1	1	1	89.2112	82.2195	55.8051	82.1422	81.4468	77.5591	78.2424	86.6012	83.9374	83.3411	138.331	129.519	132.929	109.339	135.452	119.783	133.057	
26	1	1	1	1	1	1	1	89.2025	82.2095	55.797	82.1306	81.4395	77.5433	78.2314	86.5922	83.9262	83.3266	138.275	129.507	132.916	109.328	135.439	119.77	133.047	
27	1	1	1	1	1	1	1	89.1927	82.1983	55.788	82.1179	81.4315	77.5258	78.2192	86.5822	83.9138	83.3104	138.212	129.494	132.901	109.315	135.423	119.755	133.035	
28	1	1	1	1	1	1	1	89.1819	82.1859	55.7779	82.1038	81.4226	77.5065	78.2057	86.5711	83.9	83.2925	138.143	129.48	132.885	109.301	135.406	119.739	133.022	
29	1	1	1	1	1	1	1	89.1698	82.1722	55.7667	82.0881	81.4127	77.485	78.1907	86.5588	83.8848	83.2727	138.066	129.464	132.867	109.285	135.388	119.722	133.008	
30	1	1	1	1	1	1	1	89.1564	82.157	55.7542	82.0708	81.4019	77.4612	78.1741	86.5451	83.868	83.2507	137.981	129.446	132.847	109.268	135.367	119.702	132.992	
31	1	1	1	1	1	1	1	89.1415	82.1402	55.7403	82.0517	81.3899	77.4348	78.1557	86.53	83.8494	83.2264	137.886	129.427	132.824	109.248	135.344	119.68	132.974	
32	1	1	1	1	1	1	1	89.1249	82.1215	55.7247	82.0304	81.3767	77.4055	78.1354	86.5132	83.8288	83.1993	137.78	129.405	132.8	109.227	135.318	119.656	132.955	
33	1	1	1	1	1	1	1	89.1065	82.1007	55.7073	82.0069	81.3622	77.3731	78.1129	86.4946	83.806	83.1694	137.663	129.381	132.773	109.203	135.29	119.629	132.933	
34	1	1	1	1	1	1	1	89.0859	82.0776	55.6878	81.9809	81.3461	77.3371	78.0879	86.4739	83.7808	83.1361	137.532	129.355	132.743	109.177	135.258	119.6	132.909	
35	1	1	1	1	1	1	1	89.0629	82.052	55.6659	81.9521	81.3284	77.2972	78.0602	86.451	83.7529	83.0992	137.387	129.326	132.709	109.148	135.224	119.567	132.883	
36	1	1	1	1	1	1	1	89.0373	82.0236	55.6415	81.9202	81.309	77.2529	78.0296	86.4255	83.722	83.0583	137.224	129.293	132.672	109.116	135.185	119.53	132.853	
37	1	1	1	1	1	1	1	89.0087	81.992	55.6139	81.8848	81.2875	77.2038	77.9956	86.3972	83.6879	83.0128	137.043	129.257	132.631	109.08	135.142	119.49	132.821	
38	1	1	1	1	1	1	1	88.9767	81.9569	55.583	81.8457	81.264	77.1494	77.958	86.3659	83.6502	82.9623	136.841	129.217	132.585	109.041	135.095	119.444	132.785	
39	1	1	1	1	1	1	1	88.9409	81.9179	55.5481	81.8024	81.2381	77.0889	77.9163	86.331	83.6085	82.9063	136.615	129.173	132.535	108.997	135.042	119.394	132.744	
40	1	1	1	1	1	1	1	88.9008	81.8745	55.5088	81.7545	81.2097	77.0218	77.8701	86.2923	83.5624	82.844	136.362	129.124	132.479	108.948	134.983	119.338	132.7	
41	1	1	1	1	1	1	1	88.8558	81.8262	55.4643	81.7014	81.1786	76.9473	77.8189	86.2493	83.5114	82.7747	136.079	129.07	132.416	108.894	134.918	119.276	132.651	
42	1	1	1	1	1	1	1	88.8053	81.7725	55.4138	81.6427	81.1445	76.8646	77.7622	86.2014	83.4552	82.6977	135.761	129.01	132.347	108.835	134.846	119.207	132.596	
43	1	1	1	1	1	1	1	88.7485	81.7126	55.3565	81.5777	81.1073	76.7727	77.6993	86.1482	83.393	82.6121	135.404	128.943	132.271	108.769	134.766	119.13	132.536	
44	1	1	1	1	1	1	1	88.6844	81.646	55.2912	81.5058	81.0668	76.6706	77.6297	86.0891	83.3244	82.5169	135.002	128.869	132.185	108.696	134.677	119.044	132.468	
45	1	1	1	1	1	1	1	88.6121	81.5717	55.2167	81.4263	81.0227	76.5573	77.5526	86.0233	83.2487	82.4109	134.548	128.787	132.091	108.615	134.578	118.949	132.394	
46	1	1	1	1	1	1	1	88.5506	81.4578	55.2369	81.3918	80.9241	76.3978	77.5357	85.9764	83.1202	82.3215	137.407	128.529	131.967	108.478	131.519	118.882	132.383	
47	1	1	1	1	1	1	1	88.4732	81.397	55.218	81.2129	80.8864	76.2692	77.3418	85.8606	82.9898	82.1268	133.847	128.564	131.859	108.411	134.042	118.725	132.222	
48	1	1	1	1	1	1	1	88.395	81.2479	55.1006	81.1763	80.7755	76.0985	77.3382	85.7947	82.8975	82.0429	137.015	128.269	131.71	108.25	130.594	118.638	132.2	
49	1	1	1	1	1	1	1	88.2691	81.175	55.0714	80.968	80.7495	75.9271	77.1019	85.6607	82.7329	81.7966	132.657	128.309	131.576	108.168	133.605	118.443	132.005	
50	1	1	1	1	1	1	1	88.2	80.9828	54.9447	80.9036	80.5921	75.7249	77.0881	85.5637	82.615	81.6899	136.458	127.949	131.39	107.968	129.488	118.332	131.972	
51	1	1	1	1	1	1	1	88.0077	80.8944	54.8891	80.6624	80.5857	75.4996	76.8012	85.4087	82.4096	81.3793	131.157	127.989	131.223	107.866	133.029	118.088	131.736	
52	1	1	1	1	1	1	1	88.6401	81.3049	55.3799	81.2156	81.0067	75.9691	77.4411	85.9078	82.9408	81.9079	135.663	127.56	130.983	107.728	128.139	118.005	131.674	
53	1	1	1	1	1	1	1	88.3269	81.1782	55.2605	80.9184	81.0181	75.6444	77.07	85.7116	82.6621	81.4921	129.235	127.586	130.766	107.59	132.25	117.694	131.386	
54	1	1	1	1	1	1	1	88.3132	80.8229	55.1312	80.7144	80.668	75.342	76.9858	85.473	82.4377	81.2901	134.607	127.05	130.47	107.274	126.493	117.504	131.307	
55	1	1	1	1	1	1	1	87.8456	80.672	54.9315	80.3846	80.7426	74.9207	76.541	85.2551	82.0925	80.7653	126.809	127.069	130.203	107.106	131.237	117.115	130.966	
56	1	1	1	1	1	1	1	87.9201	80.1959	54.8455	80.0611	80.2384	74.5709	76.4016	84.9002	81.795	80.4984	133.114	126.414	129.826	106.711	124.503	116.865	130.847	
57	1	1	1	1	1	1	1	87.2191	80.0147	54.5075	79.7022	80.4187	74.0148	75.865	84.6648	81.3635	79.829	123.662	126.409	129.487	106.5	129.889	116.373	130.441	
58	1	1	1	1	1	1	1	87.2426	79.4623	54.8496	79.2515	79.8081	73.4947	75.5512	84.248	80.887	79.3456	130.985	125.681	128.904	105.939	131.214	116.232	124.357	
59	1	1	1	1	1	1	1	86.9113	78.818	54.3696	78.616	79.6869	72.9192	75.1281	83.7994	80.2583	78.7779	132.656	124.879	128.385	105.416	121.273	115.61	127.998	
60	1	1	1	1	1	1	1	85.9858	78.5072	54.1215	78.0789	79.7969	72.1093	74.3304	83.3719	79.5728	77.7335	118.512	124.868	127.902	105.15	127.091	114.816	128.651	
61	1	1	1	1	1	1	1	86.0831	77.7099	54.5552	77.4576	78.7592	71.3798	73.829	82.6306	78.9861	76.8938	126.063	123.916	127.105	104.404	128.88	114.49	121.307	
62	1	1	1	1	1	1	1	85.756	76.5807	53.9862	76.2297	78.6053	70.6237	73.0913	81.8302	77.956	76.023	128.42	122.678	126.25	103.576	116.743	113.57	125.171	
63	1	1	1	1	1	1	1	84.0888	75.2629	51.0301	76.0177	78.5518	70.0347	69.5194	81.8667	76.8206	77.0744	109.683	122.148	124.542	102.481	122.155	111.718	125.513	
64	1	1	1	1	1	1	1	84.0322	74.1546	53.1347	74.9913	76.6393	68.3193	70.3857	80.1824	76.3831	74.1624	117.073	121.186	123.666	101.797	124.672	111.285	116.707	
65	1	1	1	1	1	1	1	84.1561	72.5255	53.3013	72.5224	76.8008	67.4128	69.6626	78.6227	74.878	72.3216	119.411	119.214	122.28	100.573	110.576	110.007	120.252	
66	1	1	1	1	1	1	1	80.2023	68.2176	48.0641	61.896	72.9206	63.7644	67.236	75.8602	69.7742	69.4148	117.376	116.189	106.559	96.5449	112.329	105.901	117.724	
67	1	1	1	1	1	1	1	78.9609	66.0009	48.9045	62.1864	71.5853	62.2548	67.0981	73.3337	69.5265	64.6739	116.389	113.657	109.841	95.1116	114.434	104.506	107.265	
68	1	1	1	1	1	1	1	73.0873	60.7577	44.5897	56.8573	72.4325	59.1384	58.9327	71.1213	65.5369	61.7914	86.8421	110.116	106.252	91.0263	112.34	99.6398	107.355	
69	1	1	1	1	1	1	1	74.0827	54.4549	49.1416	45.0867	71.6017	54.6606	55.7749	65.1864	63.3556	53.4388	85.3776	103.392	101.3	86.7145	94.963	94.3328	103.99	
70	1	1	1	1	1	1	1	68.4857	46.3524	48.9481	27.6087	64.8466	42.2281	45.9848	56.7823	57.4236	45.3612	75.0658	92.8505	90.4228	76.6243	90.0635	83.8857	86.7713	
71	1	1	1	1	1	1	1	60.0898	32.0939	51.1745	11.572	69.0949	26.7376	31.8116	49.4693	46.5878	42.2175	66.5919	67.3929	79.0059	65.2693	80.5061	72.9858	85.0552	
72	1	1	1	1	1	1	1	48.6852	22.8308	50.4133	8.48586	53.3156	14.3248	26.9887	37.0985	24.015	41.8346	60.2075	63.9548	59.8559	50.5495	65.7154	60.5997	67.8656	
73	1	1	1	1	1	1	1	32.2475	15.8858	41.4953	7.67009	40.624	12.1656	26.4759	25.7928	9.88057	41.5666	50.8339	62.9708	45.9828	38.4247	54.3027	48.0952	55.2834	
74	1	1	1	1	1	1	1	18.8829	13.2754	31.4487	7.29735	41.3427	12.0844	26.2159	23.9334	9.56932	40.8617	40.9971	62.9624	42.2406	33.2486	52.8344	40.9874	56.6158	
75	1	1	1	1	1	1	1	18.2138	13.034	26.1262	7.20764	41.7423	11.8712	26.129	23.6837	9.32475	40.8299	35.4486	63.1522	41.4991	32.7073	52.622	37.6455	56.809	
76	1	1	1	1	1	1	1	18.0434	12.9387	25.985	7.05552	55.7061	11.7903	26.0215	23.5807	9.1957	40.8219	35.2269	63.1575	36.9813	30.2749	52.3693	36.4908	70.6672	
77	1	1	1	1	1	1	1	17.6818	12.753	25.5931	6.90041	64.9237	11.5856	25.8285	23.3201	8.96762	40.8238	34.6337	63.1731	34.5336	28.7416	51.9083	35.957	79.633	