0 0 0 0 0 0 0 0 0 0 0 0 1 0 0 0 0 0 0 0 0 0 0 0
0 0 0 0 0 0 0 0 0 0 1 0 0 0 0 0 0 0 0 0 0 0 0 0
0 0 0 0 0 0 0 0 0 0 0 0 0 0 1 0 0 0 0 0 0 0 0 0
0 0 0 0 0 0 0 0 0 0 0 0 0 0 0 1 0 0 0 0 0 0 0 0
0 0 0 0 0 0 0 0 0 0 0 0 0 0 0 0 1 0 0 0 0 0 0 0
0 0 0 0 0 0 0 0 0 0 0 0 0 1 0 0 0 0 0 0 0 0 0 0
0 0 0 0 0 0 0 0 1 0 0 0 0 0 0 0 0 0 0 0 0 0 0 0
0 0 0 0 0 0 0 0 0 0 0 0 0 0 0 0 0 0 0 0 1 0 0 0
0 0 0 0 0 0 0 1 0 0 0 0 0 0 0 0 0 0 0 0 0 0 0 0
0 0 0 0 0 0 0 0 0 0 0 0 0 0 0 0 0 1 0 0 0 0 0 0
0 0 0 0 0 0 0 0 0 0 0 1 0 0 0 0 0 0 0 0 0 0 0 0
0 0 0 0 0 0 0 0 0 0 0 0 0 0 0 0 0 0 0 0 0 0 0 1
0 0 0 0 0 0 0 0 0 1 0 0 0 0 0 0 0 0 0 0 0 0 0 0
0 0 0 0 0 0 0 0 0 0 0 0 0 0 0 0 0 0 0 0 0 0 1 0
0 0 0 0 0 0 0 0 0 0 0 0 0 0 0 0 0 0 0 0 0 1 0 0
0 0 0 0 0 0 0 0 0 0 0 0 0 0 0 0 0 0 0 1 0 0 0 0
0 0 0 0 0 0 0 0 0 0 0 0 0 0 0 0 0 0 1 0 0 0 0 0
0 0 0 0 0 0 0 0 0 0 0 0 0 0 0 0 0 0 0 0 0 0 0 0
0 0 0 0 0 0 0 0 0 0 0 0 0 0 0 0 0 0 0 0 0 0 0 0
0 0 0 0 0 0 0 0 0 0 0 0 0 0 0 0 0 0 0 0 0 0 0 0
0 0 0 0 0 0 0 0 0 0 0 0 0 0 0 0 0 0 0 0 0 0 0 0
0 0 0 0 0 0 0 0 0 0 0 0 0 0 0 0 0 0 0 0 0 0 0 0
0 0 0 0 0 0 0 0 0 0 0 0 0 0 0 0 0 0 0 0 0 0 0 0
0 0 0 0 0 0 0 0 0 0 0 0 0 0 0 0 0 0 0 0 0 0 0 0
SA -> f -> c -> EA & SB -> d -> e -> EG & SC -> h -> EE & SD -> i -> EC & SE -> j -> EB & SF -> g -> EF & SG -> b -> a -> ED
max(1.000000 + 9.579110 + 1.000000 + 12.996456 + 1.000000 + 8.027783 + 1.000000 = 34.603348, 1.000000 + 4.900408 + 1.000000 + 57.675563 + 1.000000 + 13.715359 + 1.000000 = 80.291331, 1.000000 + 21.317126 + 1.000000 + 27.547533 + 1.000000 = 51.864659, 1.000000 + 6.965674 + 1.000000 + 24.498798 + 1.000000 = 34.464472, 1.000000 + 38.818120 + 1.000000 + 21.335474 + 1.000000 = 63.153594, 1.000000 + 23.816160 + 1.000000 + 9.110385 + 1.000000 = 35.926545, 1.000000 + 10.749188 + 1.000000 + 3.923517 + 1.000000 + 9.810009 + 1.000000 = 28.482715)
80.2913

The input parameters are for : 7 vehicles 10 tasks taken for -random values to find the -max cost with gamma = 1 and eta = 1 and Tkappa as 1 with kT_fac as 0.9 and kT_start as 100 and kT_stop as 0.001

Total computational time taken:3.64494
