0.907845
0.90785
0.907855
0.90786
0.907866
0.907873
0.90788
0.907888
0.907897
0.907907
0.907918
0.90793
0.907943
0.907957
0.907973
0.907991
0.90801
0.908032
0.908055
0.908081
0.90811
0.908142
0.908176
0.908215
0.908258
0.908305
0.908356
0.908414
0.908477
0.908547
0.908624
0.908709
0.908804
0.908909
0.909024
0.909153
0.909295
0.909453
0.909628
0.909822
0.910038
0.910278
0.910546
0.910845
0.911178
0.91155
0.911966
0.912433
0.912956
0.913544
0.914206
0.911588
0.915196
0.912284
0.91691
0.913063
0.919124
0.914055
0.922153
0.915047
0.925374
0.916522
0.917551
0.918881
0.929901
0.921265
0.923982
0.924503
0.928227
0.9302
0.920489
