
1	240.81
2	240.809
3	240.809
4	240.808
5	240.808
6	240.807
7	240.807
8	240.807
9	240.806
10	240.806
11	240.805
12	240.805
13	240.804
14	240.804
15	240.803
16	240.803
17	240.802
18	240.802
19	240.801
20	240.801
21	240.8
22	240.8
23	240.799
24	240.798
25	240.798
26	240.797
27	240.797
28	240.796
29	240.796
30	240.795
31	240.794
32	240.794
33	240.793
34	240.793
35	240.792
36	240.791
37	240.791
38	240.79
39	240.789
40	240.789
41	240.788
42	240.788
43	240.787
44	240.786
45	240.786
46	240.785
47	240.784
48	240.783
49	240.783
50	240.782
51	240.781
52	240.781
53	240.78
54	240.779
55	240.778
56	240.778
57	240.777
58	240.776
59	240.775
60	240.774
61	240.774
62	240.773
63	240.772
64	240.771
65	240.77
66	240.77
67	240.769
68	240.768
69	240.767
70	240.766
71	240.765
72	240.764
73	240.763
74	240.763
75	240.762
76	240.761
77	240.76
78	240.759
79	240.758
80	240.757
81	240.756
82	240.755
83	240.754
84	240.753
85	240.752
86	240.751
87	240.75
88	240.749
89	240.748
90	240.747
91	240.746
92	240.745
93	240.743
94	240.742
95	240.741
96	240.74
97	240.739
98	240.738
99	240.737
100	240.735
101	240.734
102	240.733
103	240.732
104	240.731
105	240.729
106	240.728
107	240.727
108	240.726
109	240.724
110	240.723
111	240.722
112	240.72
113	240.719
114	240.718
115	240.716
116	240.715
117	240.713
118	240.712
119	240.711
120	240.709
121	240.708
122	240.706
123	240.705
124	240.703
125	240.702
126	240.7
127	240.699
128	240.697
129	240.696
130	240.694
131	240.692
132	240.691
133	240.689
134	240.687
135	240.686
136	240.684
137	240.682
138	240.681
139	240.679
140	240.677
141	240.675
142	240.673
143	240.672
144	240.67
145	240.668
146	240.666
147	240.664
148	240.662
149	240.66
150	240.658
151	240.656
152	240.654
153	240.652
154	240.65
155	240.648
156	240.646
157	240.644
158	240.642
159	240.64
160	240.638
161	240.635
162	240.633
163	240.631
164	240.629
165	240.627
166	240.624
167	240.622
168	240.62
169	240.617
170	240.615
171	240.612
172	240.61
173	240.607
174	240.605
175	240.602
176	240.6
177	240.597
178	240.595
179	240.592
180	240.59
181	240.587
182	240.584
183	240.581
184	240.579
185	240.576
186	240.573
187	240.57
188	240.567
189	240.564
190	240.562
191	240.559
192	240.556
193	240.553
194	240.55
195	240.546
196	240.543
197	240.54
198	240.537
199	240.534
200	240.531
201	240.527
202	240.524
203	240.521
204	240.517
205	240.514
206	240.51
207	240.507
208	240.503
209	240.5
210	240.496
211	240.493
212	240.489
213	240.485
214	240.482
215	240.478
216	240.474
217	240.47
218	240.466
219	240.462
220	240.458
221	240.454
222	240.45
223	240.446
224	240.442
225	240.438
226	240.434
227	240.429
228	240.425
229	240.421
230	240.416
231	240.412
232	240.407
233	240.403
234	240.398
235	240.394
236	240.389
237	240.384
238	240.38
239	240.375
240	240.37
241	240.365
242	240.36
243	240.355
244	240.35
245	240.345
246	240.34
247	240.334
248	240.329
249	240.324
250	240.318
251	240.313
252	240.307
253	240.302
254	240.296
255	240.291
256	240.285
257	240.279
258	240.273
259	240.267
260	240.261
261	240.255
262	240.249
263	240.243
264	240.237
265	240.231
266	240.224
267	240.218
268	240.211
269	240.205
270	240.198
271	240.192
272	240.185
273	240.178
274	240.171
275	240.164
276	240.157
277	240.15
278	240.143
279	240.136
280	240.128
281	240.121
282	240.114
283	240.106
284	240.098
285	240.091
286	240.083
287	240.075
288	240.067
289	240.059
290	240.051
291	240.043
292	240.034
293	240.026
294	240.018
295	240.009
296	240.001
297	239.992
298	239.983
299	239.974
300	239.965
301	239.956
302	239.947
303	239.938
304	239.928
305	239.919
306	239.909
307	239.9
308	239.89
309	239.88
310	239.87
311	239.86
312	239.85
313	239.84
314	239.829
315	239.819
316	239.808
317	239.797
318	239.787
319	239.776
320	239.765
321	239.753
322	239.742
323	239.731
324	239.719
325	239.708
326	239.696
327	239.684
328	239.672
329	239.66
330	239.648
331	239.635
332	239.623
333	239.61
334	239.597
335	239.585
336	239.572
337	239.558
338	239.545
339	239.532
340	239.518
341	239.504
342	239.49
343	239.476
344	239.462
345	239.448
346	239.351
347	239.333
348	239.319
349	239.304
350	239.289
351	239.275
352	239.259
353	239.244
354	239.229
355	239.213
356	239.197
357	239.181
358	239.165
359	239.149
360	239.133
361	239.116
362	239.099
363	239.082
364	239.065
365	239.048
366	239.03
367	239.013
368	238.995
369	238.977
370	238.959
371	238.94
372	238.922
373	238.903
374	238.884
375	238.864
376	238.845
377	238.825
378	238.805
379	238.785
380	238.765
381	238.745
382	238.724
383	238.703
384	238.682
385	238.66
386	238.639
387	238.617
388	238.595
389	238.572
390	238.55
391	238.527
392	238.504
393	238.481
394	238.457
395	238.433
396	238.409
397	238.385
398	238.36
399	238.335
400	238.31
401	238.285
402	238.259
403	238.233
404	238.207
405	238.18
406	238.154
407	238.127
408	238.099
409	238.071
410	238.043
411	238.015
412	237.987
413	237.958
414	237.928
415	237.899
416	237.869
417	237.839
418	237.808
419	237.777
420	237.746
421	237.714
422	237.682
423	237.65
424	237.617
425	237.584
426	237.551
427	237.517
428	237.483
429	237.449
430	237.414
431	237.379
432	237.343
433	237.307
434	237.27
435	237.234
436	237.196
437	237.159
438	237.12
439	237.082
440	237.147
441	237.015
442	236.964
443	237.031
444	236.894
445	236.842
446	236.911
447	236.77
448	236.83
449	236.685
450	236.745
451	236.598
452	236.66
453	236.509
454	236.572
455	236.417
456	236.482
457	236.324
458	236.39
459	236.228
460	236.295
461	236.131
462	236.199
463	236.031
464	236.101
465	235.929
466	236
467	235.824
468	235.896
469	235.717
470	235.791
471	235.607
472	235.683
473	235.495
474	235.572
475	235.38
476	235.459
477	235.262
478	235.343
479	235.142
480	235.224
481	235.019
482	235.102
483	234.892
484	234.978
485	234.763
486	234.85
487	234.631
488	234.719
489	234.495
490	234.586
491	234.356
492	234.448
493	234.214
494	234.308
495	234.068
496	234.164
497	233.918
498	234.017
499	233.765
500	233.865
501	233.608
502	233.71
503	233.447
504	233.552
505	233.282
506	233.389
507	233.113
508	233.222
509	232.94
510	233.05
511	232.762
512	232.875
513	232.579
514	232.694
515	232.392
516	232.509
517	232.264
518	232.368
519	232.053
520	232.175
521	231.854
522	231.978
523	231.65
524	231.777
525	231.441
526	231.57
527	231.226
528	231.359
529	231.006
530	231.142
531	230.781
532	230.919
533	230.549
534	230.691
535	230.312
536	230.457
537	230.069
538	230.217
539	229.819
540	229.97
541	229.563
542	229.717
543	229.3
544	229.458
545	229.03
546	229.191
547	228.752
548	228.918
549	228.468
550	228.637
551	228.175
552	228.348
553	227.875
554	228.052
555	227.566
556	227.748
557	227.249
558	227.435
559	226.923
560	227.113
561	226.588
562	226.783
563	226.244
564	226.443
565	225.89
566	226.094
567	225.525
568	225.735
569	225.15
570	225.365
571	224.764
572	224.984
573	224.381
574	231.14
575	225.32
576	224.499
577	223.943
578	230.617
579	224.595
580	223.87
581	229.771
582	224.447
583	223.13
584	229.793
585	223.44
586	223.189
587	228.833
588	223.263
589	222.391
590	228.848
591	222.176
592	222.442
593	227.795
594	221.974
595	221.58
596	227.803
597	220.8
598	221.618
599	226.643
600	220.569
601	220.686
602	226.641
603	219.297
604	220.708
605	225.359
606	219.268
607	225.261
608	218.844
609	224.83
610	218.45
611	224.36
612	218.046
613	223.87
614	217.626
615	223.361
616	217.191
617	223.621
618	216.081
619	223.077
620	215.653
621	222.552
622	215.793
623	221.087
624	215.296
625	220.371
626	214.729
627	220.686
628	213.456
629	219.992
630	212.931
631	219.341
632	213.045
633	217.577
634	212.374
635	217.92
636	210.943
637	217.07
638	211.083
639	215.11
640	210.308
641	215.47
642	208.742
643	214.466
644	208.834
645	212.234
646	207.92
647	212.59
648	206.189
649	211.376
650	206.197
651	208.787
652	205.1
653	209.105
654	203.167
655	207.573
656	203.026
657	204.451
658	201.674
659	204.629
660	199.838
661	202.314
662	202.237
663	200.279
664	197.277
665	197.508
666	195.866
667	193.911
668	194.268
669	192.115
670	187.682
671	192.011
672	182.313
673	182.479
674	183.475
675	169.589
676	164.131
677	165.525
678	145.06
679	131.479
680	119.352
681	101.286
682	86.4855
683	82.0863
684	81.9286
685	83.0588
686	87.9772
687	101.643