
1	131.509
2	131.509
3	131.509
4	131.508
5	131.508
6	131.507
7	131.507
8	131.507
9	131.506
10	131.506
11	131.506
12	131.505
13	131.505
14	131.504
15	131.504
16	131.504
17	131.503
18	131.503
19	131.502
20	131.502
21	131.502
22	131.501
23	131.501
24	131.5
25	131.5
26	131.499
27	131.499
28	131.499
29	131.498
30	131.498
31	131.497
32	131.497
33	131.496
34	131.496
35	131.495
36	131.495
37	131.494
38	131.494
39	131.493
40	131.493
41	131.492
42	131.492
43	131.491
44	131.491
45	131.49
46	131.49
47	131.489
48	131.488
49	131.488
50	131.487
51	131.487
52	131.486
53	131.486
54	131.485
55	131.484
56	131.484
57	131.483
58	131.483
59	131.482
60	131.481
61	131.481
62	131.48
63	131.48
64	131.479
65	131.478
66	131.478
67	131.477
68	131.476
69	131.476
70	131.475
71	131.474
72	131.473
73	131.473
74	131.472
75	131.471
76	131.471
77	131.47
78	131.469
79	131.468
80	131.468
81	131.467
82	131.466
83	131.465
84	131.464
85	131.464
86	131.463
87	131.462
88	131.461
89	131.46
90	131.46
91	131.459
92	131.458
93	131.457
94	131.456
95	131.455
96	131.454
97	131.453
98	131.452
99	131.452
100	131.451
101	131.45
102	131.449
103	131.448
104	131.447
105	131.446
106	131.445
107	131.444
108	131.443
109	131.442
110	131.441
111	131.44
112	131.439
113	131.438
114	131.436
115	131.435
116	131.434
117	131.433
118	131.432
119	131.431
120	131.43
121	131.429
122	131.427
123	131.426
124	131.425
125	131.424
126	131.423
127	131.421
128	131.42
129	131.419
130	131.418
131	131.416
132	131.415
133	131.414
134	131.413
135	131.411
136	131.41
137	131.409
138	131.407
139	131.406
140	131.404
141	131.403
142	131.402
143	131.4
144	131.399
145	131.397
146	131.396
147	131.394
148	131.393
149	131.391
150	131.39
151	131.388
152	131.386
153	131.385
154	131.383
155	131.382
156	131.38
157	131.378
158	131.377
159	131.375
160	131.373
161	131.371
162	131.37
163	131.368
164	131.366
165	131.364
166	131.362
167	131.361
168	131.359
169	131.357
170	131.355
171	131.353
172	131.351
173	131.349
174	131.347
175	131.345
176	131.343
177	131.341
178	131.339
179	131.337
180	131.335
181	131.333
182	131.331
183	131.328
184	131.326
185	131.324
186	131.322
187	131.32
188	131.317
189	131.315
190	131.313
191	131.31
192	131.308
193	131.305
194	131.303
195	131.301
196	131.298
197	131.296
198	131.293
199	131.291
200	131.288
201	131.285
202	131.283
203	131.28
204	131.277
205	131.275
206	131.272
207	131.269
208	131.266
209	131.263
210	131.261
211	131.258
212	131.255
213	131.252
214	131.249
215	131.246
216	131.243
217	131.24
218	131.237
219	131.233
220	131.23
221	131.227
222	131.224
223	131.221
224	131.217
225	131.214
226	131.211
227	131.207
228	131.204
229	131.2
230	131.197
231	131.193
232	131.19
233	131.186
234	131.182
235	131.179
236	131.175
237	131.171
238	131.167
239	131.163
240	131.159
241	131.155
242	131.151
243	131.147
244	131.143
245	131.139
246	131.135
247	131.131
248	131.127
249	131.122
250	131.118
251	131.114
252	131.109
253	131.105
254	131.1
255	131.096
256	131.091
257	131.086
258	131.082
259	131.077
260	131.072
261	131.067
262	131.062
263	131.057
264	131.052
265	131.047
266	131.042
267	131.037
268	131.032
269	131.027
270	131.021
271	131.016
272	131.01
273	131.005
274	130.999
275	130.994
276	130.988
277	130.982
278	130.976
279	130.97
280	130.965
281	130.959
282	130.953
283	130.946
284	130.94
285	130.934
286	130.928
287	130.921
288	130.915
289	130.908
290	130.902
291	130.895
292	130.888
293	130.881
294	130.875
295	130.868
296	130.861
297	130.853
298	130.846
299	130.839
300	130.832
301	130.824
302	130.817
303	130.809
304	130.802
305	130.794
306	130.786
307	130.778
308	130.77
309	130.762
310	130.754
311	130.746
312	130.737
313	130.729
314	130.72
315	130.712
316	130.703
317	130.694
318	130.685
319	130.676
320	130.667
321	130.658
322	130.649
323	130.639
324	130.63
325	130.62
326	130.61
327	130.601
328	130.591
329	130.581
330	130.571
331	130.56
332	130.55
333	130.539
334	130.529
335	130.518
336	130.507
337	130.496
338	130.485
339	130.474
340	130.463
341	130.451
342	130.44
343	130.428
344	130.416
345	130.404
346	130.392
347	130.38
348	130.368
349	130.355
350	130.343
351	130.33
352	130.317
353	130.304
354	130.291
355	130.277
356	130.264
357	130.25
358	130.236
359	130.222
360	130.208
361	130.194
362	130.179
363	130.165
364	130.15
365	130.135
366	130.12
367	130.105
368	130.089
369	130.074
370	130.058
371	130.042
372	130.026
373	130.009
374	129.993
375	129.976
376	129.959
377	129.942
378	129.924
379	129.907
380	129.889
381	129.871
382	129.853
383	129.835
384	129.816
385	129.797
386	129.778
387	129.759
388	129.74
389	129.72
390	129.7
391	129.68
392	129.66
393	129.639
394	129.618
395	129.597
396	129.576
397	129.554
398	129.532
399	129.51
400	129.487
401	129.465
402	129.442
403	129.419
404	129.395
405	129.371
406	129.347
407	129.323
408	129.298
409	129.273
410	129.248
411	129.222
412	129.197
413	129.17
414	129.144
415	129.117
416	129.09
417	129.062
418	129.034
419	129.006
420	128.978
421	128.949
422	128.92
423	128.89
424	128.86
425	128.83
426	128.799
427	128.768
428	128.736
429	128.704
430	128.672
431	128.639
432	128.606
433	128.572
434	128.538
435	128.504
436	128.469
437	128.433
438	128.398
439	128.361
440	128.325
441	128.287
442	128.25
443	128.211
444	128.173
445	128.133
446	128.094
447	128.053
448	128.013
449	127.971
450	127.929
451	127.887
452	127.844
453	127.8
454	127.756
455	127.711
456	127.666
457	127.619
458	127.573
459	127.525
460	127.477
461	127.429
462	127.379
463	127.329
464	127.279
465	127.227
466	127.175
467	127.122
468	127.068
469	127.014
470	126.959
471	126.903
472	126.846
473	126.788
474	126.73
475	126.67
476	126.61
477	126.549
478	126.487
479	126.424
480	126.36
481	126.295
482	126.229
483	126.163
484	126.095
485	126.026
486	125.956
487	125.885
488	125.813
489	125.74
490	125.665
491	125.59
492	125.513
493	125.43
494	125.354
495	125.274
496	125.193
497	125.11
498	125.026
499	124.94
500	124.853
501	124.764
502	124.674
503	124.583
504	124.49
505	124.395
506	124.299
507	124.201
508	124.102
509	124.001
510	123.897
511	123.793
512	123.686
513	123.577
514	123.466
515	123.354
516	123.239
517	123.122
518	123.003
519	122.882
520	122.758
521	122.632
522	122.504
523	122.373
524	122.24
525	122.104
526	121.965
527	121.824
528	121.679
529	121.532
530	121.381
531	121.228
532	121.071
533	120.91
534	120.747
535	120.579
536	120.408
537	120.233
538	120.054
539	119.871
540	119.684
541	119.492
542	119.296
543	119.094
544	118.888
545	118.677
546	118.611
547	124.739
548	120.615
549	118.925
550	118.231
551	124.334
552	120.012
553	118.161
554	117.977
555	123.722
556	119.274
557	117.365
558	123.517
559	118.824
560	117.077
561	123.03
562	117.156
563	116.338
564	122.208
565	117.408
566	116.438
567	121.825
568	115.639
569	115.622
570	120.846
571	115.806
572	115.719
573	119.244
574	114.313
575	115.01
576	119.331
577	113.92
578	113.953
579	117.958
580	112.52
581	118.992
582	112.811
583	112.669
584	116.272
585	111.13
586	117.141
587	111.061
588	112.221
589	113.206
590	108.901
591	114.342
592	107.7
593	114.726
594	106.834
595	107.759
596	109.276
597	105.205
598	109.854
599	103.995
600	109.203
601	105.309
602	108.39
603	101.678
604	105.327
605	103.103
606	102.284
607	106
608	99.336
609	99.3651
610	99.2219
611	94.9785
612	94.987
613	90.6873
614	91.9743
615	89.0976
616	89.6298
617	86.8631
618	92.9704
619	88.208
620	87.5313
621	84.7953
622	84.6358
623	83.7192
624	83.0457
625	82.0037
626	80.9376
627	84.6196
628	84.6101
629	85.3739
630	80.8339
631	81.8484
632	78.6254