   0  17.088 20.3961 24.7257  12.083 27.8568 10.6301 24.7588 10.2611 10.7355 15.5563 23.7539      18 20.8087 4.52769 17.2409  6.0208 13.0384 11.1803 20.0998  31.241 27.5136 8.60233 22.3886
 17.088       0 28.6356 13.0599 20.2485 10.7703 8.06226 24.0208 7.04911 11.5434 7.07107  18.554 28.8444 23.3452  16.568 14.5344 20.4022 5.83095 21.3776 8.94427 27.2029 18.0278 17.0294 27.4089
20.3961 28.6356       0  25.926 9.05539 37.2022 27.2947 13.1529 23.0931 29.5169 31.7805 18.3371 4.47214   8.544 24.9098 15.9138 14.7054 22.8473 31.3209 24.0832      20 24.5967 13.0384 5.02494
24.7257 13.0599  25.926       0 20.6243 14.0911 19.7474 15.8354 15.7178 23.6349 20.1137     8.9 28.1311 17.9655 26.3108 10.4216 24.9802 12.4483 32.5632 4.83322  16.005 5.24976 19.6306 22.5701
 12.083 20.2485 9.05539 20.6243       0 29.6985 18.2483 13.8924 14.2088    20.5 22.8035 15.5322 8.60233 9.21954 16.4469 10.3078 7.43303 14.4222 23.2594 17.4929 21.0238  21.095       4 10.3078
27.8568 10.7703 37.2022 14.0911 29.6985       0 18.2483 29.4109 17.7564  21.006 15.0333 22.6771 38.2099 30.4138 27.0647 21.5232 30.9556 15.8114      31 13.4164 30.0666      19 27.0185 34.9178
10.6301 8.06226 27.2947 19.7474 18.2483 18.2483       0 26.5707 5.10784 3.90512       5 22.7431 26.2488 24.3311 8.86002 17.0074 15.5322 7.81025 13.3417      15 31.3847 24.0832 14.3178 27.5182
24.7588 24.0208 13.1529 15.8354 13.8924 29.4109 26.5707       0  21.473 30.0042 29.6142 6.94622      17 5.09902 28.5044 9.70824 21.2191 19.4165  35.609 16.2788 7.28011 12.7279 16.2788 8.38153
10.2611 7.04911 23.0931 15.7178 14.2088 17.7564 5.10784  21.473       0 8.76584 8.75728 17.7409 22.6294 19.4034  10.728 11.9013 13.3843 3.26956 16.8609 10.8853 26.3304  19.588 10.5589 22.8219
10.7355 11.5434 29.5169 23.6349    20.5  21.006 3.90512 30.0042 8.76584       0 6.18466 26.5047 27.9508 27.4089 7.43303 20.5913 16.4469 11.6726 10.0125 18.9011 35.0892 27.9866    16.5 30.2655
15.5563 7.07107 31.7805 20.1137 22.8035 15.0333       5 29.6142 8.75728 6.18466       0 24.8847 31.0161 28.0179 13.2098  19.906 20.5244  10.198 16.0312 15.8114 33.6155      25 18.9737 31.5634
23.7539  18.554 18.3371     8.9 15.5322 22.6771 22.7431 6.94622 17.7409 26.5047 24.8847       0   21.36 9.86154 26.7067  6.5192 21.8403 15.0083 33.6786 10.0125 8.73212 6.26498 16.2865 14.3003
     18 28.8444 4.47214 28.1311 8.60233 38.2099 26.2488      17 22.6294 27.9508 31.0161   21.36       0 12.0416 22.5056 17.7553 12.0104 23.0217 28.4429 25.6125 24.0832 27.5136  12.083 9.34077
20.8087 23.3452   8.544 17.9655 9.21954 30.4138 24.3311 5.09902 19.4034 27.4089 28.0179 9.86154 12.0416       0 24.8697 9.01388 16.6508 18.0278 31.9061      17 12.3693 16.1245 12.2066 4.60977
4.52769  16.568 24.9098 26.3108 16.4469 27.0647 8.86002 28.5044  10.728 7.43303 13.2098 26.7067 22.5056 24.8697       0 20.2299    10.5 13.9463 7.10634 21.5058 34.6482 29.7405 12.7475 26.7442
17.2409 14.5344 15.9138 10.4216 10.3078 21.5232 17.0074 9.70824 11.9013 20.5913  19.906  6.5192 17.7553 9.01388 20.2299       0 15.7003 9.70824 27.2443 8.20061 14.6031 11.0114 10.1119 13.4164
 6.0208 20.4022 14.7054 24.9802 7.43303 30.9556 15.5322 21.2191 13.3843 16.4469 20.5244 21.8403 12.0104 16.6508    10.5 15.7003       0 15.2069 16.6208 20.8866 28.2179 26.6693 5.59017 17.3349
13.0384 5.83095 22.8473 12.4483 14.4222 15.8114 7.81025 19.4165 3.26956 11.6726  10.198 15.0083 23.0217 18.0278 13.9463 9.70824 15.2069       0 20.1246 7.61577 23.7065 16.4012 11.3137 21.8689
11.1803 21.3776 31.3209 32.5632 23.2594      31 13.3417  35.609 16.8609 10.0125 16.0312 33.6786 28.4429 31.9061 7.10634 27.2443 16.6208 20.1246       0 27.7308 41.7253 36.3593 19.7231 33.5596
20.0998 8.94427 24.0832 4.83322 17.4929 13.4164      15 16.2788 10.8853 18.9011 15.8114 10.0125 25.6125      17 21.5058 8.20061 20.8866 7.61577 27.7308       0 18.4391 9.21954 15.8114 21.5232
 31.241 27.2029      20  16.005 21.0238 30.0666 31.3847 7.28011 26.3304 35.0892 33.6155 8.73212 24.0832 12.3693 34.6482 14.6031 28.2179 23.7065 41.7253 18.4391       0 11.1803 23.0217 15.0083
27.5136 18.0278 24.5967 5.24976  21.095      19 24.0832 12.7279  19.588 27.9866      25 6.26498 27.5136 16.1245 29.7405 11.0114 26.6693 16.4012 36.3593 9.21954 11.1803       0  21.095 20.5244
8.60233 17.0294 13.0384 19.6306       4 27.0185 14.3178 16.2788 10.5589    16.5 18.9737 16.2865  12.083 12.2066 12.7475 10.1119 5.59017 11.3137 19.7231 15.8114 23.0217  21.095       0 14.0801
22.3886 27.4089 5.02494 22.5701 10.3078 34.9178 27.5182 8.38153 22.8219 30.2655 31.5634 14.3003 9.34077 4.60977 26.7442 13.4164 17.3349 21.8689 33.5596 21.5232 15.0083 20.5244 14.0801       0


