      0 14.8661 43.0174 33.4552 15.3379 45.2769 34.7851 14.4222 29.5466 18.3576 24.5967 20.8087 18.0278 12.2066 31.7805 19.0263 36.2215 25.0799 44.0114 9.84886 47.7598 32.8024      30 7.56637
14.8661       0 45.5247 34.1211    28.5      41 28.1603 3.60555 34.0588 4.47214 17.2627 31.7805 14.4222  21.587 26.9258 33.2415  32.573      30 36.0555 5.09902      50 39.9625 28.6531 15.2069
43.0174 45.5247       0 11.7154    35.5 20.0125 26.5801 41.9345 13.7295 43.8463  31.504 28.6094 31.1849 31.4086 23.5053 39.7555 19.0394 18.0693 30.5041 43.4108 4.74342 15.5081 17.9025 35.6546
33.4552 34.1211 11.7154       0 29.4109 15.9452    16.5 30.5164  8.8459 32.2219 19.8305 23.9426 19.7041 23.0489  12.659 34.7311 9.96243 10.9659 22.9401  32.423 15.9452 16.1012 6.26498  25.894
15.3379    28.5    35.5 29.4109       0    44.5 37.8715 26.6693 22.1416 30.7612 30.6472 7.43303 23.7539 9.01388  33.738  6.0208 36.1006  18.554 47.1832 23.5213 40.0281 21.7083 28.9007 13.7295
45.2769      41 20.0125 15.9452    44.5       0 13.4164 37.6563 24.7588 37.6431 23.7697 39.6611 28.0179      37 14.1421 50.1199 9.05539 26.6271 11.7047 41.1947      21 31.4006 15.8114  37.977
34.7851 28.1603 26.5801    16.5 37.8715 13.4164       0   25.02 23.7697 24.5153      11      35 16.7631 29.2062 4.47214 43.8634 7.61577 23.2594 9.43398 29.0689 29.5466 31.7805 11.4018 28.1824
14.4222 3.60555 41.9345 30.5164 26.6693 37.6563   25.02       0 30.6105 4.12311 14.0357 29.2746 10.8167  19.105 23.5372 31.7805 29.1204 26.6271 33.2415       5 46.4004 36.7151 25.0599 13.0096
29.5466 34.0588 13.7295  8.8459 22.1416 24.7588 23.7697 30.6105       0 33.2866 23.5372 15.8114 20.5913   17.72 19.4165 26.9258 18.3576 4.47214  31.305 31.1448 18.4391 8.06226 12.3693 22.3886
18.3576 4.47214 43.8463 32.2219 30.7612 37.6431 24.5153 4.12311 33.2866       0 13.9284 33.1361 12.8062 23.0217 23.7697 35.9026 29.5466 29.5296      32 8.60233 48.1664 39.8121 26.4008  17.066
24.5967 17.2627  31.504 19.8305 30.6472 23.7697      11 14.0357 23.5372 13.9284       0 29.7321 7.07107 21.6333 9.84886 36.6197 15.6525 21.0238 19.6469 18.1108 35.4683  31.257 13.6015 18.8215
20.8087 31.7805 28.6094 23.9426 7.43303 39.6611      35 29.2746 15.8114 33.1361 29.7321       0 23.5372  10.198 30.6105 11.1803 31.8904 13.0384 43.9318 27.2029 33.0151 14.3178 24.7588 16.6208
18.0278 14.4222 31.1849 19.7041 23.7539 28.0179 16.7631 10.8167 20.5913 12.8062 7.07107 23.5372       0 14.7648 14.0357 29.6816  19.105  17.088      26 13.3417  35.609 27.5136 14.3178 11.8004
12.2066  21.587 31.4086 23.0489 9.01388      37 29.2062  19.105   17.72 23.0217 21.6333  10.198 14.7648       0 25.2389      15 28.2312 13.3417 38.6005  17.088 36.1386 20.6155 21.1896     6.5
31.7805 26.9258 23.5053  12.659  33.738 14.1421 4.47214 23.5372 19.4165 23.7697 9.84886 30.6105 14.0357 25.2389       0 39.6989 5.83095 18.7883 13.4536  27.074 26.9258 27.4591 7.07107 24.8244
19.0263 33.2415 39.7555 34.7311  6.0208 50.1199 43.8634 31.7805 26.9258 35.9026 36.6197 11.1803 29.6816      15 39.6989       0 41.8808 23.7697 53.1507 28.1603 44.1022   25.02 34.6699 19.1377
36.2215  32.573 19.0394 9.96243 36.1006 9.05539 7.61577 29.1204 18.3576 29.5466 15.6525 31.8904  19.105 28.2312 5.83095 41.8808       0  19.105      13 32.3883 21.9317      26  7.2111 28.9353
25.0799      30 18.0693 10.9659  18.554 26.6271 23.2594 26.6271 4.47214 29.5296 21.0238 13.0384  17.088 13.3417 18.7883 23.7697  19.105       0 31.6228 26.8701 22.8035 10.4403 12.2066 17.9234
44.0114 36.0555 30.5041 22.9401 47.1832 11.7047 9.43398 33.2415  31.305      32 19.6469 43.9318      26 38.6005 13.4536 53.1507      13 31.6228       0 37.6563  32.249      39 19.4165 37.5666
9.84886 5.09902 43.4108  32.423 23.5213 41.1947 29.0689       5 31.1448 8.60233 18.1108 27.2029 13.3417  17.088  27.074 28.1603 32.3883 26.8701 37.6563       0 48.0208 36.4005 27.5136 10.5948
47.7598      50 4.74342 15.9452 40.0281      21 29.5466 46.4004 18.4391 48.1664 35.4683 33.0151  35.609 36.1386 26.9258 44.1022 21.9317 22.8035  32.249 48.0208       0 19.4165 21.9317 40.3887
32.8024 39.9625 15.5081 16.1012 21.7083 31.4006 31.7805 36.7151 8.06226 39.8121  31.257 14.3178 27.5136 20.6155 27.4591   25.02      26 10.4403      39 36.4005 19.4165       0 20.3961 26.5189
     30 28.6531 17.9025 6.26498 28.9007 15.8114 11.4018 25.0599 12.3693 26.4008 13.6015 24.7588 14.3178 21.1896 7.07107 34.6699  7.2111 12.2066 19.4165 27.5136 21.9317 20.3961       0 22.5222
7.56637 15.2069 35.6546  25.894 13.7295  37.977 28.1824 13.0096 22.3886  17.066 18.8215 16.6208 11.8004     6.5 24.8244 19.1377 28.9353 17.9234 37.5666 10.5948 40.3887 26.5189 22.5222       0


