      0 14.5602 37.3363 24.3311 59.1354 44.2719 37.0135      20 45.6946 24.3311 46.0435 33.5261 48.0416 25.0599 23.3238      37 64.6607 50.9902
14.5602       0 22.8473 22.3607 44.5982 33.2866 26.5707 21.2603  31.305 12.8062 32.5576 18.9737 34.0588 17.8885      10 31.0644 50.8035 38.6264
37.3363 22.8473       0 32.8938 21.8403 27.8927      20 35.6931 8.60233 20.2485 13.3417 4.24264 17.0294  28.178 15.0333 31.8277      29 27.4591
24.3311 22.3607 32.8938       0 52.2398 53.7401 19.6469 5.65685 38.4708 34.4093 34.0588  31.305 49.1935 40.2492      20 13.6015 51.9711 57.2014
59.1354 44.5982 21.8403 52.2398       0 35.8469 34.4819 56.0089 14.0357 39.4081 19.3132  25.632 18.7883 46.0109 36.6742 46.8188 15.0333 29.6142
44.2719 33.2866 27.8927 53.7401 35.8469       0 47.0106  54.037      32 20.5913 40.1995      26  17.088 20.0998 34.0588 57.4543 49.7293 8.94427
37.0135 26.5707      20 19.6469 34.4819 47.0106       0 24.6982 21.9545 33.0151 15.2971 21.0238 36.7967 41.0122 17.2627   12.53 32.3883 47.4342
     20 21.2603 35.6931 5.65685 56.0089  54.037 24.6982       0 42.0476 33.9411 38.4708 33.5261  51.264  38.833 21.5407 19.2094 56.7539 58.3095
45.6946  31.305 8.60233 38.4708 14.0357      32 21.9545 42.0476       0 28.4253 8.94427 12.8062  17.088 36.0555 22.8035 34.4819 20.6155 29.1204
24.3311 12.8062 20.2485 34.4093 39.4081 20.5913 33.0151 33.9411 28.4253       0 33.1059 16.1245 24.7386 8.24621 16.4924 40.8044 49.0408 26.6833
46.0435 32.5576 13.3417 34.0588 19.3132 40.1995 15.2971 38.4708 8.94427 33.1059       0  17.088      26 41.2311 22.8035 27.5136 18.7883 37.9473
33.5261 18.9737 4.24264  31.305  25.632      26 21.0238 33.5261 12.8062 16.1245  17.088       0 17.8885 24.1661 12.1655 32.0156 33.2415 26.9072
48.0416 34.0588 17.0294 49.1935 18.7883  17.088 36.7967  51.264  17.088 24.7386      26 17.8885       0 29.5296 29.7321 48.8365 32.7567 12.1655
25.0599 17.8885  28.178 40.2492 46.0109 20.0998 41.0122  38.833 36.0555 8.24621 41.2311 24.1661 29.5296       0 24.0832 48.0521 56.6127 28.0713
23.3238      10 15.0333      20 36.6742 34.0588 17.2627 21.5407 22.8035 16.4924 22.8035 12.1655 29.7321 24.0832       0 24.3516 41.3401 37.2022
     37 31.0644 31.8277 13.6015 46.8188 57.4543   12.53 19.2094 34.4819 40.8044 27.5136 32.0156 48.8365 48.0521 24.3516       0 43.0116 58.8982
64.6607 50.8035      29 51.9711 15.0333 49.7293 32.3883 56.7539 20.6155 49.0408 18.7883 33.2415 32.7567 56.6127 41.3401 43.0116       0 44.2832
50.9902 38.6264 27.4591 57.2014 29.6142 8.94427 47.4342 58.3095 29.1204 26.6833 37.9473 26.9072 12.1655 28.0713 37.2022 58.8982 44.2832       0

