
1	315.149
2	315.138
3	315.137
4	315.137
5	315.137
6	315.136
7	315.136
8	315.136
9	315.135
10	315.135
11	315.134
12	315.134
13	315.134
14	315.133
15	315.133
16	315.133
17	315.132
18	315.132
19	315.131
20	315.131
21	315.131
22	315.13
23	315.13
24	315.129
25	315.129
26	315.128
27	315.128
28	315.128
29	315.127
30	315.127
31	315.126
32	315.126
33	315.125
34	315.125
35	315.124
36	315.124
37	315.123
38	315.123
39	315.122
40	315.122
41	315.121
42	315.121
43	315.12
44	315.12
45	315.119
46	315.119
47	315.118
48	315.118
49	315.117
50	315.117
51	315.116
52	315.116
53	315.115
54	315.114
55	315.114
56	315.113
57	315.113
58	315.112
59	315.111
60	315.111
61	315.11
62	315.11
63	315.109
64	315.108
65	315.108
66	315.107
67	315.106
68	315.106
69	315.105
70	315.104
71	315.104
72	315.103
73	315.102
74	315.102
75	315.101
76	315.1
77	315.1
78	315.099
79	315.098
80	315.097
81	315.097
82	315.096
83	315.095
84	315.094
85	315.094
86	315.093
87	315.092
88	315.091
89	315.09
90	315.09
91	315.089
92	315.088
93	315.087
94	315.115
95	315.086
96	315.114
97	315.085
98	315.113
99	315.084
100	315.112
101	315.082
102	315.111
103	315.081
104	315.109
105	315.08
106	315.108
107	315.079
108	315.107
109	315.077
110	315.105
111	315.076
112	315.104
113	315.075
114	315.103
115	315.073
116	315.101
117	315.072
118	315.1
119	315.07
120	315.098
121	315.069
122	315.097
123	315.067
124	315.095
125	315.066
126	315.094
127	315.064
128	315.092
129	315.063
130	315.091
131	315.061
132	315.089
133	315.059
134	315.087
135	315.057
136	315.086
137	315.056
138	315.084
139	315.054
140	315.082
141	315.052
142	315.08
143	315.05
144	315.078
145	315.048
146	315.077
147	315.046
148	315.075
149	315.044
150	315.073
151	315.042
152	315.071
153	315.04
154	315.069
155	315.038
156	315.067
157	315.036
158	315.064
159	315.034
160	315.062
161	315.032
162	315.06
163	315.03
164	315.058
165	315.027
166	315.055
167	315.025
168	315.053
169	315.022
170	315.051
171	315.02
172	315.048
173	315.017
174	315.046
175	315.015
176	315.043
177	315.012
178	315.04
179	315.01
180	315.038
181	315.007
182	315.035
183	315.004
184	315.032
185	315.001
186	315.029
187	314.998
188	315.026
189	314.995
190	315.024
191	314.992
192	315.021
193	314.989
194	315.017
195	314.986
196	315.014
197	314.983
198	315.011
199	314.98
200	315.008
201	314.976
202	315.004
203	314.973
204	315.001
205	314.969
206	314.998
207	314.966
208	314.994
209	314.962
210	314.99
211	314.959
212	314.987
213	314.955
214	314.983
215	314.951
216	314.979
217	314.947
218	314.975
219	314.943
220	314.971
221	314.939
222	314.967
223	314.935
224	314.963
225	314.931
226	314.959
227	314.926
228	314.954
229	314.922
230	314.95
231	314.917
232	314.945
233	314.913
234	314.941
235	314.908
236	314.936
237	314.903
238	314.931
239	314.898
240	314.926
241	314.893
242	314.921
243	314.888
244	314.916
245	314.883
246	314.911
247	314.877
248	314.905
249	314.872
250	314.9
251	314.866
252	314.894
253	314.861
254	314.889
255	314.855
256	314.883
257	314.849
258	314.877
259	314.843
260	314.871
261	314.837
262	314.865
263	314.831
264	314.859
265	314.824
266	314.852
267	314.818
268	314.846
269	314.811
270	314.839
271	314.804
272	314.832
273	314.797
274	314.825
275	314.79
276	314.818
277	314.783
278	314.811
279	314.775
280	314.803
281	314.768
282	314.796
283	314.76
284	314.788
285	314.752
286	314.78
287	314.744
288	314.772
289	314.736
290	314.764
291	314.728
292	314.755
293	314.719
294	314.747
295	314.71
296	314.738
297	314.701
298	314.729
299	314.692
300	314.72
301	314.683
302	314.711
303	314.674
304	314.701
305	314.664
306	314.692
307	314.654
308	314.682
309	314.644
310	314.672
311	314.634
312	314.661
313	314.623
314	314.651
315	314.612
316	314.64
317	314.601
318	314.629
319	314.59
320	314.618
321	314.579
322	314.606
323	314.567
324	314.595
325	314.555
326	314.583
327	314.543
328	314.571
329	314.531
330	314.558
331	314.518
332	314.546
333	314.505
334	314.533
335	314.492
336	314.519
337	314.478
338	314.506
339	314.464
340	314.492
341	314.45
342	314.478
343	314.436
344	314.464
345	314.421
346	314.449
347	314.406
348	314.434
349	314.391
350	314.418
351	314.375
352	314.403
353	314.359
354	314.387
355	314.343
356	314.37
357	314.326
358	314.354
359	314.309
360	314.337
361	314.292
362	314.319
363	314.274
364	314.302
365	314.256
366	314.283
367	314.237
368	314.265
369	314.218
370	314.246
371	314.199
372	314.227
373	314.179
374	314.207
375	314.159
376	314.187
377	314.138
378	314.166
379	314.117
380	314.145
381	314.096
382	314.124
383	314.074
384	314.102
385	314.051
386	314.079
387	314.028
388	314.056
389	314.005
390	314.033
391	313.981
392	314.009
393	313.957
394	313.984
395	313.932
396	313.959
397	313.906
398	313.934
399	313.88
400	313.908
401	313.853
402	313.881
403	313.826
404	313.854
405	313.798
406	313.826
407	313.77
408	313.798
409	313.741
410	313.769
411	313.711
412	313.739
413	313.681
414	313.709
415	313.649
416	313.678
417	313.618
418	313.646
419	313.585
420	313.614
421	313.552
422	313.58
423	313.518
424	313.547
425	313.484
426	313.512
427	313.448
428	313.477
429	313.412
430	313.44
431	313.375
432	313.404
433	313.337
434	313.366
435	313.298
436	313.327
437	313.259
438	313.288
439	313.218
440	313.247
441	313.177
442	313.206
443	313.135
444	313.164
445	313.092
446	313.121
447	313.047
448	313.077
449	313.002
450	313.031
451	312.956
452	312.985
453	312.909
454	312.938
455	312.86
456	312.89
457	312.811
458	312.841
459	312.76
460	312.79
461	312.708
462	312.739
463	312.655
464	312.686
465	312.601
466	312.632
467	312.546
468	312.576
469	312.489
470	312.52
471	312.431
472	312.462
473	312.372
474	312.403
475	312.311
476	312.342
477	312.249
478	312.281
479	312.185
480	312.217
481	312.12
482	312.152
483	312.053
484	312.086
485	311.985
486	312.018
487	311.915
488	311.949
489	311.844
490	311.878
491	311.771
492	311.805
493	311.696
494	311.73
495	311.619
496	311.654
497	311.541
498	311.576
499	311.46
500	311.496
501	311.378
502	311.414
503	311.294
504	311.33
505	311.207
506	311.245
507	311.119
508	311.157
509	311.029
510	311.067
511	310.936
512	310.975
513	310.841
514	310.88
515	310.744
516	310.784
517	310.644
518	310.685
519	310.542
520	310.583
521	310.437
522	310.479
523	310.33
524	310.373
525	310.22
526	310.264
527	310.108
528	310.152
529	309.993
530	310.038
531	309.874
532	309.921
533	309.753
534	309.801
535	309.629
536	309.677
537	309.502
538	309.551
539	309.371
540	309.422
541	309.237
542	309.289
543	309.1
544	309.153
545	308.96
546	309.014
547	308.815
548	308.871
549	308.667
550	308.725
551	308.516
552	308.574
553	308.36
554	308.42
555	308.2
556	308.262
557	308.037
558	308.1
559	307.868
560	307.934
561	307.696
562	307.764
563	307.519
564	307.589
565	307.338
566	307.409
567	307.151
568	307.225
569	306.96
570	307.036
571	306.764
572	306.842
573	306.562
574	306.644
575	306.355
576	306.439
577	306.143
578	306.23
579	305.925
580	308.441
581	308.157
582	308.298
583	308.029
584	308.175
585	307.898
586	308.05
587	307.764
588	307.921
589	307.627
590	307.79
591	307.487
592	307.654
593	307.342
594	307.516
595	307.194
596	307.374
597	307.042
598	307.228
599	306.886
600	307.079
601	306.726
602	306.926
603	306.561
604	306.769
605	306.392
606	306.608
607	306.219
608	306.442
609	306.041
610	306.273
611	305.858
612	306.099
613	305.67
614	305.92
615	305.477
616	305.748
617	305.334
618	305.537
619	305.228
620	305.32
621	304.882
622	305.161
623	304.714
624	304.94
625	304.597
626	304.704
627	304.248
628	304.993
629	304.983
630	304.074
631	304.139
632	303.819
633	304.375
634	304.587
635	303.368
636	304.156
637	304.137
638	303.156
639	303.718
640	303.836
641	302.699
642	303.515
643	303.425
644	302.407
645	302.967
646	303.208
647	301.975
648	302.704
649	302.687
650	301.714
651	302.191
652	302.318
653	301.186
654	301.94
655	301.847
656	300.828
657	301.298
658	301.575
659	300.331
660	300.98
661	300.971
662	300.003
663	300.378
664	300.513
665	299.392
666	300.063
667	299.972
668	298.948
669	299.306
670	299.628
671	298.372
672	298.918
673	298.922
674	297.958
675	298.204
676	298.349
677	297.244
678	297.801
679	297.723
680	296.688
681	296.902
682	297.28
683	296.017
684	296.423
685	296.45
686	295.483
687	295.565
688	295.725
689	294.645
690	295.04
691	294.994
692	293.938
693	293.963
694	294.413
695	293.147
696	293.362
697	293.427
698	292.451
699	292.316
700	292.498
701	291.454
702	291.616
703	291.634
704	290.541
705	290.309
706	290.856
707	289.594
708	289.542
709	289.668
710	288.668
711	288.237
712	288.459
713	287.465
714	287.281
715	287.415
716	286.258
717	285.66
718	286.347
719	285.104
720	284.662
721	286.687
722	283.739
723	284.866
724	285.12
725	284.242
726	283.568
727	283.952
728	282.735
729	281.935
730	283.197
731	283.098
732	281.79
733	279.437
734	281.085
735	281.062
736	279.688
737	277.224
738	278.693
739	278.949
740	277.728
741	275.063
742	276.279
743	276.09
744	274.834
745	273.247
746	272.593
747	273.144
748	272.63
749	269.482
750	269.954
751	269.771
752	268.816
753	265.849
754	264.209
755	265.787
756	269.807
757	272.296
758	275.669
759	273.513
760	268.378
761	268.279
762	263.384
763	260.778
764	253.772
765	248.053
766	236.48
767	224.797
768	199.249
769	137.452
770	106.756
771	111.681
772	120.298
773	119.632