
1	1	1	1	1	1	1	69.6738	74.8021	69.9525	78.9597	83.1241	48.4093	52.1857	115.097	111.759	131.509	110.5	108.388	122.279	
2	1	1	1	1	1	1	69.673	74.8011	69.9528	78.9603	83.1248	48.4101	52.1853	115.097	111.759	131.509	110.501	108.387	122.279	
3	1	1	1	1	1	1	69.6729	74.8009	69.9528	78.9602	83.1247	48.41	52.1853	115.096	111.759	131.508	110.501	108.387	122.279	
4	1	1	1	1	1	1	69.6728	74.8008	69.9527	78.9601	83.1247	48.4098	52.1852	115.096	111.759	131.508	110.501	108.387	122.279	
5	1	1	1	1	1	1	69.6726	74.8007	69.9526	78.9601	83.1246	48.4097	52.1852	115.096	111.758	131.508	110.5	108.387	122.279	
6	1	1	1	1	1	1	69.6725	74.8006	69.9526	78.96	83.1246	48.4096	52.1851	115.096	111.758	131.507	110.5	108.387	122.279	
7	1	1	1	1	1	1	69.6724	74.8005	69.9525	78.9599	83.1245	48.4094	52.185	115.096	111.758	131.507	110.5	108.386	122.279	
8	1	1	1	1	1	1	69.6723	74.8003	69.9524	78.9599	83.1245	48.4093	52.185	115.096	111.758	131.506	110.5	108.386	122.279	
9	1	1	1	1	1	1	69.6721	74.8002	69.9523	78.9598	83.1244	48.4091	52.1849	115.096	111.758	131.506	110.5	108.386	122.278	
10	1	1	1	1	1	1	69.672	74.8001	69.9523	78.9597	83.1244	48.409	52.1848	115.095	111.758	131.506	110.5	108.386	122.278	
11	1	1	1	1	1	1	69.6719	74.8	69.9522	78.9597	83.1243	48.4088	52.1848	115.095	111.758	131.505	110.5	108.386	122.278	
12	1	1	1	1	1	1	69.6717	74.7998	69.9521	78.9596	83.1243	48.4087	52.1847	115.095	111.758	131.505	110.5	108.386	122.278	
13	1	1	1	1	1	1	69.6716	74.7997	69.9521	78.9595	83.1242	48.4085	52.1846	115.095	111.758	131.505	110.5	108.386	122.278	
14	1	1	1	1	1	1	69.6715	74.7996	69.952	78.9594	83.1242	48.4083	52.1845	115.095	111.758	131.504	110.5	108.386	122.278	
15	1	1	1	1	1	1	69.6713	74.7994	69.9519	78.9594	83.1241	48.4082	52.1845	115.095	111.757	131.504	110.499	108.385	122.278	
16	1	1	1	1	1	1	69.6712	74.7993	69.9518	78.9593	83.1241	48.408	52.1844	115.094	111.757	131.503	110.499	108.385	122.278	
17	1	1	1	1	1	1	69.671	74.7992	69.9517	78.9592	83.124	48.4079	52.1843	115.094	111.757	131.503	110.499	108.385	122.277	
18	1	1	1	1	1	1	69.6709	74.799	69.9517	78.9592	83.124	48.4077	52.1843	115.094	111.757	131.503	110.499	108.385	122.277	
19	1	1	1	1	1	1	69.6708	74.7989	69.9516	78.9591	83.1239	48.4075	52.1842	115.094	111.757	131.502	110.499	108.385	122.277	
20	1	1	1	1	1	1	69.6706	74.7988	69.9515	78.959	83.1238	48.4074	52.1841	115.094	111.757	131.502	110.499	108.385	122.277	
21	1	1	1	1	1	1	69.6705	74.7986	69.9514	78.9589	83.1238	48.4072	52.184	115.094	111.757	131.501	110.499	108.385	122.277	
22	1	1	1	1	1	1	69.6703	74.7985	69.9514	78.9588	83.1237	48.407	52.184	115.094	111.757	131.501	110.499	108.384	122.277	
23	1	1	1	1	1	1	69.6702	74.7983	69.9513	78.9588	83.1237	48.4069	52.1839	115.093	111.756	131.5	110.499	108.384	122.277	
24	1	1	1	1	1	1	69.67	74.7982	69.9512	78.9587	83.1236	48.4067	52.1838	115.093	111.756	131.5	110.498	108.384	122.276	
25	1	1	1	1	1	1	69.6699	74.7981	69.9511	78.9586	83.1235	48.4065	52.1837	115.093	111.756	131.5	110.498	108.384	122.276	
26	1	1	1	1	1	1	69.6697	74.7979	69.951	78.9585	83.1235	48.4063	52.1836	115.093	111.756	131.499	110.498	108.384	122.276	
27	1	1	1	1	1	1	69.6696	74.7978	69.9509	78.9585	83.1234	48.4062	52.1836	115.093	111.756	131.499	110.498	108.384	122.276	
28	1	1	1	1	1	1	69.6694	74.7976	69.9508	78.9584	83.1234	48.406	52.1835	115.092	111.756	131.498	110.498	108.384	122.276	
29	1	1	1	1	1	1	69.6693	74.7975	69.9508	78.9583	83.1233	48.4058	52.1834	115.092	111.756	131.498	110.498	108.383	122.276	
30	1	1	1	1	1	1	69.6691	74.7973	69.9507	78.9582	83.1232	48.4056	52.1833	115.092	111.756	131.497	110.498	108.383	122.276	
31	1	1	1	1	1	1	69.6689	74.7972	69.9506	78.9581	83.1232	48.4054	52.1832	115.092	111.755	131.497	110.498	108.383	122.275	
32	1	1	1	1	1	1	69.6688	74.797	69.9505	78.958	83.1231	48.4052	52.1831	115.092	111.755	131.496	110.497	108.383	122.275	
33	1	1	1	1	1	1	69.6686	74.7968	69.9504	78.9579	83.123	48.405	52.1831	115.092	111.755	131.496	110.497	108.383	122.275	
34	1	1	1	1	1	1	69.6684	74.7967	69.9503	78.9579	83.123	48.4049	52.183	115.091	111.755	131.495	110.497	108.383	122.275	
35	1	1	1	1	1	1	69.6683	74.7965	69.9502	78.9578	83.1229	48.4047	52.1829	115.091	111.755	131.495	110.497	108.382	122.275	
36	1	1	1	1	1	1	69.6681	74.7964	69.9501	78.9577	83.1228	48.4045	52.1828	115.091	111.755	131.494	110.497	108.382	122.275	
37	1	1	1	1	1	1	69.6679	74.7962	69.95	78.9576	83.1228	48.4043	52.1827	115.091	111.755	131.494	110.497	108.382	122.274	
38	1	1	1	1	1	1	69.6678	74.796	69.9499	78.9575	83.1227	48.4041	52.1826	115.091	111.755	131.493	110.497	108.382	122.274	
39	1	1	1	1	1	1	69.6676	74.7959	69.9498	78.9574	83.1226	48.4039	52.1825	115.09	111.754	131.493	110.496	108.382	122.274	
40	1	1	1	1	1	1	69.6674	74.7957	69.9497	78.9573	83.1226	48.4037	52.1824	115.09	111.754	131.492	110.496	108.382	122.274	
41	1	1	1	1	1	1	69.6672	74.7955	69.9496	78.9572	83.1225	48.4035	52.1823	115.09	111.754	131.492	110.496	108.381	122.274	
42	1	1	1	1	1	1	69.667	74.7953	69.9495	78.9571	83.1224	48.4032	52.1822	115.09	111.754	131.491	110.496	108.381	122.274	
43	1	1	1	1	1	1	69.6669	74.7952	69.9494	78.957	83.1223	48.403	52.1822	115.09	111.754	131.491	110.496	108.381	122.273	
44	1	1	1	1	1	1	69.6667	74.795	69.9493	78.9569	83.1223	48.4028	52.1821	115.089	111.754	131.49	110.496	108.381	122.273	
45	1	1	1	1	1	1	69.6665	74.7948	69.9492	78.9568	83.1222	48.4026	52.182	115.089	111.753	131.49	110.496	108.381	122.273	
46	1	1	1	1	1	1	69.6663	74.7946	69.9491	78.9567	83.1221	48.4024	52.1819	115.089	111.753	131.489	110.495	108.381	122.273	
47	1	1	1	1	1	1	69.6661	74.7945	69.949	78.9566	83.122	48.4022	52.1818	115.089	111.753	131.489	110.495	108.38	122.273	
48	1	1	1	1	1	1	69.6659	74.7943	69.9489	78.9565	83.122	48.402	52.1817	115.089	111.753	131.488	110.495	108.38	122.273	
49	1	1	1	1	1	1	69.6657	74.7941	69.9488	78.9564	83.1219	48.4017	52.1816	115.088	111.753	131.488	110.495	108.38	122.272	
50	1	1	1	1	1	1	69.6655	74.7939	69.9487	78.9563	83.1218	48.4015	52.1815	115.088	111.753	131.487	110.495	108.38	122.272	
51	1	1	1	1	1	1	69.6653	74.7937	69.9486	78.9562	83.1217	48.4013	52.1814	115.088	111.753	131.486	110.495	108.38	122.272	
52	1	1	1	1	1	1	69.6651	74.7935	69.9485	78.9561	83.1217	48.401	52.1813	115.088	111.752	131.486	110.494	108.379	122.272	
53	1	1	1	1	1	1	69.6649	74.7933	69.9484	78.956	83.1216	48.4008	52.1812	115.087	111.752	131.485	110.494	108.379	122.272	
54	1	1	1	1	1	1	69.6647	74.7931	69.9483	78.9559	83.1215	48.4006	52.181	115.087	111.752	131.485	110.494	108.379	122.271	
55	1	1	1	1	1	1	69.6645	74.7929	69.9482	78.9558	83.1214	48.4003	52.1809	115.087	111.752	131.484	110.494	108.379	122.271	
56	1	1	1	1	1	1	69.6643	74.7927	69.948	78.9557	83.1213	48.4001	52.1808	115.087	111.752	131.484	110.494	108.379	122.271	
57	1	1	1	1	1	1	69.6641	74.7925	69.9479	78.9556	83.1212	48.3999	52.1807	115.086	111.752	131.483	110.494	108.378	122.271	
58	1	1	1	1	1	1	69.6639	74.7923	69.9478	78.9555	83.1212	48.3996	52.1806	115.086	111.751	131.482	110.494	108.378	122.271	
59	1	1	1	1	1	1	69.6637	74.7921	69.9477	78.9554	83.1211	48.3994	52.1805	115.086	111.751	131.482	110.493	108.378	122.27	
60	1	1	1	1	1	1	69.6635	74.7919	69.9476	78.9553	83.121	48.3991	52.1804	115.086	111.751	131.481	110.493	108.378	122.27	
61	1	1	1	1	1	1	69.6632	74.7917	69.9474	78.9551	83.1209	48.3989	52.1803	115.086	111.751	131.48	110.493	108.378	122.27	
62	1	1	1	1	1	1	69.663	74.7915	69.9473	78.955	83.1208	48.3986	52.1802	115.085	111.751	131.48	110.493	108.377	122.27	
63	1	1	1	1	1	1	69.6628	74.7913	69.9472	78.9549	83.1207	48.3984	52.18	115.085	111.751	131.479	110.493	108.377	122.27	
64	1	1	1	1	1	1	69.6626	74.7911	69.9471	78.9548	83.1206	48.3981	52.1799	115.085	111.75	131.478	110.492	108.377	122.269	
65	1	1	1	1	1	1	69.6624	74.7909	69.947	78.9547	83.1205	48.3978	52.1798	115.084	111.75	131.478	110.492	108.377	122.269	
66	1	1	1	1	1	1	69.6621	74.7906	69.9468	78.9546	83.1205	48.3976	52.1797	115.084	111.75	131.477	110.492	108.376	122.269	
67	1	1	1	1	1	1	69.6619	74.7904	69.9467	78.9544	83.1204	48.3973	52.1796	115.084	111.75	131.476	110.492	108.376	122.269	
68	1	1	1	1	1	1	69.6617	74.7902	69.9466	78.9543	83.1203	48.397	52.1794	115.084	111.75	131.476	110.492	108.376	122.269	
69	1	1	1	1	1	1	69.6614	74.79	69.9464	78.9542	83.1202	48.3968	52.1793	115.083	111.749	131.475	110.492	108.376	122.268	
70	1	1	1	1	1	1	69.6612	74.7897	69.9463	78.9541	83.1201	48.3965	52.1792	115.083	111.749	131.474	110.491	108.375	122.268	
71	1	1	1	1	1	1	69.6609	74.7895	69.9462	78.9539	83.12	48.3962	52.1791	115.083	111.749	131.474	110.491	108.375	122.268	
72	1	1	1	1	1	1	69.6607	74.7893	69.946	78.9538	83.1199	48.3959	52.1789	115.083	111.749	131.473	110.491	108.375	122.268	
73	1	1	1	1	1	1	69.6605	74.789	69.9459	78.9537	83.1198	48.3956	52.1788	115.082	111.749	131.472	110.491	108.375	122.267	
74	1	1	1	1	1	1	69.6602	74.7888	69.9458	78.9535	83.1197	48.3954	52.1787	115.082	111.748	131.472	110.491	108.375	122.267	
75	1	1	1	1	1	1	69.66	74.7885	69.9456	78.9534	83.1196	48.3951	52.1786	115.082	111.748	131.471	110.49	108.374	122.267	
76	1	1	1	1	1	1	69.6597	74.7883	69.9455	78.9533	83.1195	48.3948	52.1784	115.081	111.748	131.47	110.49	108.374	122.267	
77	1	1	1	1	1	1	69.6594	74.7881	69.9453	78.9532	83.1194	48.3945	52.1783	115.081	111.748	131.469	110.49	108.374	122.266	
78	1	1	1	1	1	1	69.6592	74.7878	69.9452	78.953	83.1193	48.3942	52.1782	115.081	111.748	131.469	110.49	108.374	122.266	
79	1	1	1	1	1	1	69.6589	74.7876	69.9451	78.9529	83.1192	48.3939	52.178	115.081	111.747	131.468	110.49	108.373	122.266	
80	1	1	1	1	1	1	69.6587	74.7873	69.9449	78.9527	83.1191	48.3936	52.1779	115.08	111.747	131.467	110.489	108.373	122.266	
81	1	1	1	1	1	1	69.6584	74.7871	69.9448	78.9526	83.119	48.3933	52.1777	115.08	111.747	131.466	110.489	108.373	122.265	
82	1	1	1	1	1	1	69.6581	74.7868	69.9446	78.9525	83.1189	48.3929	52.1776	115.08	111.747	131.466	110.489	108.372	122.265	
83	1	1	1	1	1	1	69.6578	74.7865	69.9445	78.9523	83.1188	48.3926	52.1775	115.079	111.747	131.465	110.489	108.372	122.265	
84	1	1	1	1	1	1	69.6576	74.7863	69.9443	78.9522	83.1186	48.3923	52.1773	115.079	111.746	131.464	110.488	108.372	122.265	
85	1	1	1	1	1	1	69.6573	74.786	69.9442	78.952	83.1185	48.392	52.1772	115.079	111.746	131.463	110.488	108.372	122.264	
86	1	1	1	1	1	1	69.657	74.7857	69.944	78.9519	83.1184	48.3917	52.177	115.078	111.746	131.462	110.488	108.371	122.264	
87	1	1	1	1	1	1	69.6567	74.7855	69.9439	78.9517	83.1183	48.3913	52.1769	115.078	111.746	131.462	110.488	108.371	122.264	
88	1	1	1	1	1	1	69.6564	74.7852	69.9437	78.9516	83.1182	48.391	52.1767	115.078	111.745	131.461	110.488	108.371	122.264	
89	1	1	1	1	1	1	69.6562	74.7849	69.9435	78.9514	83.1181	48.3907	52.1766	115.077	111.745	131.46	110.487	108.371	122.263	
90	1	1	1	1	1	1	69.6559	74.7846	69.9434	78.9513	83.118	48.3903	52.1764	115.077	111.745	131.459	110.487	108.37	122.263	
91	1	1	1	1	1	1	69.6556	74.7843	69.9432	78.9511	83.1178	48.39	52.1763	115.077	111.745	131.458	110.487	108.37	122.263	
92	1	1	1	1	1	1	69.6553	74.7841	69.943	78.951	83.1177	48.3896	52.1761	115.076	111.744	131.457	110.487	108.37	122.263	
93	1	1	1	1	1	1	69.655	74.7838	69.9429	78.9508	83.1176	48.3893	52.176	115.076	111.744	131.456	110.486	108.369	122.262	
94	1	1	1	1	1	1	69.6547	74.7835	69.9427	78.9506	83.1175	48.3889	52.1758	115.076	111.744	131.456	110.486	108.369	122.262	
95	1	1	1	1	1	1	69.6544	74.7832	69.9425	78.9505	83.1174	48.3886	52.1756	115.075	111.744	131.455	110.486	108.369	122.262	
96	1	1	1	1	1	1	69.654	74.7829	69.9424	78.9503	83.1172	48.3882	52.1755	115.075	111.743	131.454	110.486	108.368	122.261	
97	1	1	1	1	1	1	69.6537	74.7826	69.9422	78.9502	83.1171	48.3879	52.1753	115.075	111.743	131.453	110.485	108.368	122.261	
98	1	1	1	1	1	1	69.6534	74.7823	69.942	78.95	83.117	48.3875	52.1752	115.074	111.743	131.452	110.485	108.368	122.261	
99	1	1	1	1	1	1	69.6531	74.782	69.9418	78.9498	83.1169	48.3871	52.175	115.074	111.743	131.451	110.485	108.368	122.26	
100	1	1	1	1	1	1	69.6528	74.7817	69.9417	78.9497	83.1167	48.3868	52.1748	115.074	111.742	131.45	110.485	108.367	122.26	
101	1	1	1	1	1	1	69.6524	74.7813	69.9415	78.9495	83.1166	48.3864	52.1747	115.073	111.742	131.449	110.484	108.367	122.26	
102	1	1	1	1	1	1	69.6521	74.781	69.9413	78.9493	83.1165	48.386	52.1745	115.073	111.742	131.448	110.484	108.367	122.26	
103	1	1	1	1	1	1	69.6518	74.7807	69.9411	78.9491	83.1163	48.3856	52.1743	115.073	111.742	131.447	110.484	108.366	122.259	
104	1	1	1	1	1	1	69.6514	74.7804	69.9409	78.949	83.1162	48.3852	52.1741	115.072	111.741	131.446	110.484	108.366	122.259	
105	1	1	1	1	1	1	69.6511	74.7801	69.9408	78.9488	83.1161	48.3848	52.174	115.072	111.741	131.445	110.483	108.366	122.259	
106	1	1	1	1	1	1	69.6508	74.7797	69.9406	78.9486	83.1159	48.3844	52.1738	115.071	111.741	131.444	110.483	108.365	122.258	
107	1	1	1	1	1	1	69.6504	74.7794	69.9404	78.9484	83.1158	48.384	52.1736	115.071	111.74	131.443	110.483	108.365	122.258	
108	1	1	1	1	1	1	69.6501	74.7791	69.9402	78.9482	83.1156	48.3836	52.1734	115.071	111.74	131.442	110.482	108.365	122.258	
109	1	1	1	1	1	1	69.6497	74.7787	69.94	78.9481	83.1155	48.3832	52.1732	115.07	111.74	131.441	110.482	108.364	122.257	
110	1	1	1	1	1	1	69.6493	74.7784	69.9398	78.9479	83.1154	48.3828	52.173	115.07	111.74	131.44	110.482	108.364	122.257	
111	1	1	1	1	1	1	69.649	74.778	69.9396	78.9477	83.1152	48.3824	52.1729	115.069	111.739	131.439	110.482	108.364	122.257	
112	1	1	1	1	1	1	69.6486	74.7777	69.9394	78.9475	83.1151	48.3819	52.1727	115.069	111.739	131.438	110.481	108.363	122.256	
113	1	1	1	1	1	1	69.6482	74.7773	69.9392	78.9473	83.1149	48.3815	52.1725	115.069	111.739	131.437	110.481	108.363	122.256	
114	1	1	1	1	1	1	69.6479	74.777	69.939	78.9471	83.1148	48.3811	52.1723	115.068	111.738	131.436	110.481	108.362	122.256	
115	1	1	1	1	1	1	69.6475	74.7766	69.9388	78.9469	83.1146	48.3807	52.1721	115.068	111.738	131.435	110.48	108.362	122.255	
116	1	1	1	1	1	1	69.6471	74.7762	69.9386	78.9467	83.1145	48.3802	52.1719	115.067	111.738	131.434	110.48	108.362	122.255	
117	1	1	1	1	1	1	69.6467	74.7759	69.9383	78.9465	83.1143	48.3798	52.1717	115.067	111.738	131.433	110.48	108.361	122.254	
118	1	1	1	1	1	1	69.6463	74.7755	69.9381	78.9463	83.1142	48.3793	52.1715	115.066	111.737	131.431	110.479	108.361	122.254	
119	1	1	1	1	1	1	69.646	74.7751	69.9379	78.9461	83.114	48.3789	52.1713	115.066	111.737	131.43	110.479	108.361	122.254	
120	1	1	1	1	1	1	69.6456	74.7747	69.9377	78.9459	83.1139	48.3784	52.1711	115.065	111.737	131.429	110.479	108.36	122.253	
121	1	1	1	1	1	1	69.6452	74.7744	69.9375	78.9457	83.1137	48.3779	52.1709	115.065	111.736	131.428	110.479	108.36	122.253	
122	1	1	1	1	1	1	69.6448	74.774	69.9373	78.9455	83.1135	48.3775	52.1707	115.065	111.736	131.427	110.478	108.359	122.253	
123	1	1	1	1	1	1	69.6443	74.7736	69.937	78.9452	83.1134	48.377	52.1704	115.064	111.736	131.426	110.478	108.359	122.252	
124	1	1	1	1	1	1	69.6439	74.7732	69.9368	78.945	83.1132	48.3765	52.1702	115.064	111.735	131.424	110.478	108.359	122.252	
125	1	1	1	1	1	1	69.6435	74.7728	69.9366	78.9448	83.113	48.376	52.17	115.063	111.735	131.423	110.477	108.358	122.251	
126	1	1	1	1	1	1	69.6431	74.7724	69.9363	78.9446	83.1129	48.3755	52.1698	115.063	111.735	131.422	110.477	108.358	122.251	
127	1	1	1	1	1	1	69.6427	74.772	69.9361	78.9444	83.1127	48.3751	52.1696	115.062	111.734	131.421	110.477	108.357	122.251	
128	1	1	1	1	1	1	69.6422	74.7716	69.9359	78.9441	83.1125	48.3746	52.1693	115.062	111.734	131.42	110.476	108.357	122.25	
129	1	1	1	1	1	1	69.6418	74.7711	69.9356	78.9439	83.1124	48.3741	52.1691	115.061	111.734	131.418	110.476	108.356	122.25	
130	1	1	1	1	1	1	69.6414	74.7707	69.9354	78.9437	83.1122	48.3735	52.1689	115.061	111.733	131.417	110.476	108.356	122.249	
131	1	1	1	1	1	1	69.6409	74.7703	69.9352	78.9435	83.112	48.373	52.1687	115.06	111.733	131.416	110.475	108.356	122.249	
132	1	1	1	1	1	1	69.6405	74.7699	69.9349	78.9432	83.1118	48.3725	52.1684	115.06	111.732	131.414	110.475	108.355	122.249	
133	1	1	1	1	1	1	69.64	74.7694	69.9347	78.943	83.1116	48.372	52.1682	115.059	111.732	131.413	110.474	108.355	122.248	
134	1	1	1	1	1	1	69.6396	74.769	69.9344	78.9428	83.1115	48.3715	52.168	115.059	111.732	131.412	110.474	108.354	122.248	
135	1	1	1	1	1	1	69.6391	74.7685	69.9342	78.9425	83.1113	48.3709	52.1677	115.058	111.731	131.41	110.474	108.354	122.247	
136	1	1	1	1	1	1	69.6386	74.7681	69.9339	78.9423	83.1111	48.3704	52.1675	115.058	111.731	131.409	110.473	108.353	122.247	
137	1	1	1	1	1	1	69.6382	74.7676	69.9336	78.942	83.1109	48.3698	52.1672	115.057	111.731	131.408	110.473	108.353	122.246	
138	1	1	1	1	1	1	69.6377	74.7672	69.9334	78.9418	83.1107	48.3693	52.167	115.057	111.73	131.406	110.473	108.352	122.246	
139	1	1	1	1	1	1	69.6372	74.7667	69.9331	78.9415	83.1105	48.3687	52.1667	115.056	111.73	131.405	110.472	108.352	122.246	
140	1	1	1	1	1	1	69.6367	74.7663	69.9329	78.9413	83.1103	48.3682	52.1665	115.056	111.729	131.404	110.472	108.351	122.245	
141	1	1	1	1	1	1	69.6362	74.7658	69.9326	78.941	83.1101	48.3676	52.1662	115.055	111.729	131.402	110.471	108.351	122.245	
142	1	1	1	1	1	1	69.6357	74.7653	69.9323	78.9408	83.1099	48.367	52.166	115.054	111.729	131.401	110.471	108.351	122.244	
143	1	1	1	1	1	1	69.6352	74.7648	69.932	78.9405	83.1097	48.3664	52.1657	115.054	111.728	131.399	110.471	108.35	122.244	
144	1	1	1	1	1	1	69.6347	74.7643	69.9318	78.9402	83.1095	48.3659	52.1654	115.053	111.728	131.398	110.47	108.35	122.243	
145	1	1	1	1	1	1	69.6342	74.7639	69.9315	78.94	83.1093	48.3653	52.1652	115.053	111.727	131.396	110.47	108.349	122.243	
146	1	1	1	1	1	1	69.6337	74.7634	69.9312	78.9397	83.1091	48.3647	52.1649	115.052	111.727	131.395	110.469	108.349	122.242	
147	1	1	1	1	1	1	69.6332	74.7629	69.9309	78.9394	83.1089	48.3641	52.1646	115.051	111.727	131.393	110.469	108.348	122.242	
148	1	1	1	1	1	1	69.6327	74.7624	69.9306	78.9391	83.1087	48.3634	52.1644	115.051	111.726	131.392	110.469	108.348	122.241	
149	1	1	1	1	1	1	69.6321	74.7618	69.9303	78.9389	83.1085	48.3628	52.1641	115.05	111.726	131.39	110.468	108.347	122.241	
150	1	1	1	1	1	1	69.6316	74.7613	69.93	78.9386	83.1083	48.3622	52.1638	115.05	111.725	131.389	110.468	108.346	122.24	
151	1	1	1	1	1	1	69.6311	74.7608	69.9297	78.9383	83.1081	48.3616	52.1635	115.049	111.725	131.387	110.467	108.346	122.24	
152	1	1	1	1	1	1	69.6305	74.7603	69.9294	78.938	83.1078	48.3609	52.1632	115.048	111.724	131.385	110.467	108.345	122.239	
153	1	1	1	1	1	1	69.63	74.7597	69.9291	78.9377	83.1076	48.3603	52.163	115.048	111.724	131.384	110.466	108.345	122.239	
154	1	1	1	1	1	1	69.6294	74.7592	69.9288	78.9374	83.1074	48.3596	52.1627	115.047	111.723	131.382	110.466	108.344	122.238	
155	1	1	1	1	1	1	69.6288	74.7587	69.9285	78.9371	83.1072	48.359	52.1624	115.047	111.723	131.381	110.466	108.344	122.238	
156	1	1	1	1	1	1	69.6283	74.7581	69.9282	78.9368	83.1069	48.3583	52.1621	115.046	111.723	131.379	110.465	108.343	122.237	
157	1	1	1	1	1	1	69.6277	74.7576	69.9279	78.9365	83.1067	48.3577	52.1618	115.045	111.722	131.377	110.465	108.343	122.237	
158	1	1	1	1	1	1	69.6271	74.757	69.9276	78.9362	83.1065	48.357	52.1615	115.045	111.722	131.376	110.464	108.342	122.236	
159	1	1	1	1	1	1	69.6265	74.7564	69.9272	78.9359	83.1062	48.3563	52.1612	115.044	111.721	131.374	110.464	108.341	122.235	
160	1	1	1	1	1	1	69.6259	74.7559	69.9269	78.9356	83.106	48.3556	52.1609	115.043	111.721	131.372	110.463	108.341	122.235	
161	1	1	1	1	1	1	69.6253	74.7553	69.9266	78.9353	83.1058	48.3549	52.1605	115.043	111.72	131.37	110.463	108.34	122.234	
162	1	1	1	1	1	1	69.6247	74.7547	69.9263	78.935	83.1055	48.3542	52.1602	115.042	111.72	131.369	110.462	108.34	122.234	
163	1	1	1	1	1	1	69.6241	74.7541	69.9259	78.9347	83.1053	48.3535	52.1599	115.041	111.719	131.367	110.462	108.339	122.233	
164	1	1	1	1	1	1	69.6235	74.7535	69.9256	78.9343	83.105	48.3528	52.1596	115.04	111.719	131.365	110.461	108.338	122.233	
165	1	1	1	1	1	1	69.6229	74.7529	69.9252	78.934	83.1048	48.352	52.1593	115.04	111.718	131.363	110.461	108.338	122.232	
166	1	1	1	1	1	1	69.6222	74.7523	69.9249	78.9337	83.1045	48.3513	52.1589	115.039	111.718	131.361	110.46	108.337	122.231	
167	1	1	1	1	1	1	69.6216	74.7517	69.9245	78.9333	83.1043	48.3506	52.1586	115.038	111.717	131.36	110.46	108.337	122.231	
168	1	1	1	1	1	1	69.6209	74.7511	69.9242	78.933	83.104	48.3498	52.1583	115.038	111.717	131.358	110.459	108.336	122.23	
169	1	1	1	1	1	1	69.6203	74.7505	69.9238	78.9327	83.1038	48.349	52.1579	115.037	111.716	131.356	110.459	108.335	122.23	
170	1	1	1	1	1	1	69.6196	74.7498	69.9235	78.9323	83.1035	48.3483	52.1576	115.036	111.716	131.354	110.458	108.335	122.229	
171	1	1	1	1	1	1	69.619	74.7492	69.9231	78.932	83.1032	48.3475	52.1572	115.035	111.715	131.352	110.458	108.334	122.228	
172	1	1	1	1	1	1	69.6183	74.7485	69.9227	78.9316	83.103	48.3467	52.1569	115.035	111.714	131.35	110.457	108.333	122.228	
173	1	1	1	1	1	1	69.6176	74.7479	69.9224	78.9313	83.1027	48.3459	52.1565	115.034	111.714	131.348	110.457	108.333	122.227	
174	1	1	1	1	1	1	69.6169	74.7472	69.922	78.9309	83.1024	48.3451	52.1562	115.033	111.713	131.346	110.456	108.332	122.226	
175	1	1	1	1	1	1	69.6163	74.7466	69.9216	78.9306	83.1021	48.3443	52.1558	115.032	111.713	131.344	110.455	108.331	122.226	
176	1	1	1	1	1	1	69.6156	74.7459	69.9212	78.9302	83.1019	48.3435	52.1555	115.031	111.712	131.342	110.455	108.331	122.225	
177	1	1	1	1	1	1	69.6148	74.7452	69.9208	78.9298	83.1016	48.3427	52.1551	115.031	111.712	131.34	110.454	108.33	122.224	
178	1	1	1	1	1	1	69.6141	74.7445	69.9205	78.9294	83.1013	48.3419	52.1547	115.03	111.711	131.338	110.454	108.329	122.224	
179	1	1	1	1	1	1	69.6134	74.7438	69.9201	78.9291	83.101	48.341	52.1543	115.029	111.711	131.336	110.453	108.329	122.223	
180	1	1	1	1	1	1	69.6127	74.7431	69.9197	78.9287	83.1007	48.3402	52.154	115.028	111.71	131.334	110.453	108.328	122.222	
181	1	1	1	1	1	1	69.6119	74.7424	69.9193	78.9283	83.1004	48.3393	52.1536	115.027	111.709	131.332	110.452	108.327	122.222	
182	1	1	1	1	1	1	69.6112	74.7417	69.9189	78.9279	83.1001	48.3384	52.1532	115.027	111.709	131.329	110.451	108.326	122.221	
183	1	1	1	1	1	1	69.6105	74.741	69.9184	78.9275	83.0998	48.3376	52.1528	115.026	111.708	131.327	110.451	108.326	122.22	
184	1	1	1	1	1	1	69.6097	74.7402	69.918	78.9271	83.0995	48.3367	52.1524	115.025	111.707	131.325	110.45	108.325	122.22	
185	1	1	1	1	1	1	69.6089	74.7395	69.9176	78.9267	83.0992	48.3358	52.152	115.024	111.707	131.323	110.45	108.324	122.219	
186	1	1	1	1	1	1	69.6082	74.7388	69.9172	78.9263	83.0989	48.3349	52.1516	115.023	111.706	131.32	110.449	108.323	122.218	
187	1	1	1	1	1	1	69.6074	74.738	69.9168	78.9259	83.0986	48.334	52.1512	115.022	111.706	131.318	110.448	108.323	122.217	
188	1	1	1	1	1	1	69.6066	74.7372	69.9163	78.9255	83.0983	48.333	52.1508	115.021	111.705	131.316	110.448	108.322	122.217	
189	1	1	1	1	1	1	69.6058	74.7365	69.9159	78.9251	83.098	48.3321	52.1504	115.02	111.704	131.314	110.447	108.321	122.216	
190	1	1	1	1	1	1	69.605	74.7357	69.9155	78.9247	83.0976	48.3312	52.15	115.02	111.704	131.311	110.447	108.32	122.215	
191	1	1	1	1	1	1	69.6042	74.7349	69.915	78.9242	83.0973	48.3302	52.1495	115.019	111.703	131.309	110.446	108.319	122.214	
192	1	1	1	1	1	1	69.6033	74.7341	69.9146	78.9238	83.097	48.3293	52.1491	115.018	111.702	131.306	110.445	108.319	122.214	
193	1	1	1	1	1	1	69.6025	74.7333	69.9141	78.9234	83.0966	48.3283	52.1487	115.017	111.702	131.304	110.445	108.318	122.213	
194	1	1	1	1	1	1	69.6017	74.7325	69.9136	78.9229	83.0963	48.3273	52.1482	115.016	111.701	131.302	110.444	108.317	122.212	
195	1	1	1	1	1	1	69.6008	74.7317	69.9132	78.9225	83.096	48.3263	52.1478	115.015	111.7	131.299	110.443	108.316	122.211	
196	1	1	1	1	1	1	69.6	74.7309	69.9127	78.922	83.0956	48.3253	52.1473	115.014	111.7	131.297	110.443	108.315	122.21	
197	1	1	1	1	1	1	69.5991	74.73	69.9122	78.9216	83.0953	48.3243	52.1469	115.013	111.699	131.294	110.442	108.315	122.209	
198	1	1	1	1	1	1	69.5982	74.7292	69.9118	78.9211	83.0949	48.3233	52.1464	115.012	111.698	131.292	110.441	108.314	122.209	
199	1	1	1	1	1	1	69.5974	74.7283	69.9113	78.9207	83.0946	48.3222	52.146	115.011	111.697	131.289	110.44	108.313	122.208	
200	1	1	1	1	1	1	69.5965	74.7275	69.9108	78.9202	83.0942	48.3212	52.1455	115.01	111.697	131.286	110.44	108.312	122.207	
201	1	1	1	1	1	1	69.5956	74.7266	69.9103	78.9197	83.0939	48.3201	52.1451	115.009	111.696	131.284	110.439	108.311	122.206	
202	1	1	1	1	1	1	69.5946	74.7257	69.9098	78.9193	83.0935	48.3191	52.1446	115.008	111.695	131.281	110.438	108.31	122.205	
203	1	1	1	1	1	1	69.5937	74.7248	69.9093	78.9188	83.0931	48.318	52.1441	115.007	111.695	131.278	110.438	108.309	122.204	
204	1	1	1	1	1	1	69.5928	74.7239	69.9088	78.9183	83.0928	48.3169	52.1436	115.006	111.694	131.276	110.437	108.308	122.204	
205	1	1	1	1	1	1	69.5919	74.723	69.9083	78.9178	83.0924	48.3158	52.1431	115.005	111.693	131.273	110.436	108.307	122.203	
206	1	1	1	1	1	1	69.5909	74.7221	69.9078	78.9173	83.092	48.3147	52.1426	115.004	111.692	131.27	110.435	108.306	122.202	
207	1	1	1	1	1	1	69.59	74.7212	69.9072	78.9168	83.0916	48.3136	52.1421	115.002	111.691	131.267	110.435	108.305	122.201	
208	1	1	1	1	1	1	69.589	74.7203	69.9067	78.9163	83.0912	48.3124	52.1416	115.001	111.691	131.265	110.434	108.305	122.2	
209	1	1	1	1	1	1	69.588	74.7193	69.9062	78.9158	83.0908	48.3113	52.1411	115	111.69	131.262	110.433	108.304	122.199	
210	1	1	1	1	1	1	69.587	74.7184	69.9056	78.9153	83.0904	48.3101	52.1406	114.999	111.689	131.259	110.432	108.303	122.198	
211	1	1	1	1	1	1	69.586	74.7174	69.9051	78.9148	83.09	48.309	52.1401	114.998	111.688	131.256	110.431	108.302	122.197	
212	1	1	1	1	1	1	69.585	74.7164	69.9046	78.9142	83.0896	48.3078	52.1396	114.997	111.687	131.253	110.431	108.301	122.196	
213	1	1	1	1	1	1	69.584	74.7154	69.904	78.9137	83.0892	48.3066	52.139	114.996	111.687	131.25	110.43	108.3	122.195	
214	1	1	1	1	1	1	69.583	74.7144	69.9034	78.9132	83.0888	48.3054	52.1385	114.994	111.686	131.247	110.429	108.299	122.194	
215	1	1	1	1	1	1	69.5819	74.7134	69.9029	78.9126	83.0884	48.3041	52.138	114.993	111.685	131.244	110.428	108.298	122.193	
216	1	1	1	1	1	1	69.5809	74.7124	69.9023	78.9121	83.088	48.3029	52.1374	114.992	111.684	131.241	110.427	108.297	122.192	
217	1	1	1	1	1	1	69.5798	74.7114	69.9017	78.9115	83.0876	48.3017	52.1369	114.991	111.683	131.238	110.426	108.296	122.191	
218	1	1	1	1	1	1	69.5787	74.7104	69.9011	78.911	83.0871	48.3004	52.1363	114.99	111.682	131.235	110.426	108.294	122.19	
219	1	1	1	1	1	1	69.5777	74.7093	69.9005	78.9104	83.0867	48.2991	52.1357	114.988	111.681	131.232	110.425	108.293	122.189	
220	1	1	1	1	1	1	69.5766	74.7082	69.8999	78.9098	83.0862	48.2978	52.1352	114.987	111.681	131.228	110.424	108.292	122.188	
221	1	1	1	1	1	1	69.5755	74.7072	69.8993	78.9092	83.0858	48.2965	52.1346	114.986	111.68	131.225	110.423	108.291	122.187	
222	1	1	1	1	1	1	69.5743	74.7061	69.8987	78.9087	83.0854	48.2952	52.134	114.985	111.679	131.222	110.422	108.29	122.186	
223	1	1	1	1	1	1	69.5732	74.705	69.8981	78.9081	83.0849	48.2939	52.1334	114.983	111.678	131.219	110.421	108.289	122.185	
224	1	1	1	1	1	1	69.5721	74.7039	69.8975	78.9075	83.0844	48.2925	52.1328	114.982	111.677	131.215	110.42	108.288	122.184	
225	1	1	1	1	1	1	69.5709	74.7028	69.8969	78.9069	83.084	48.2912	52.1322	114.981	111.676	131.212	110.419	108.287	122.183	
226	1	1	1	1	1	1	69.5698	74.7017	69.8962	78.9063	83.0835	48.2898	52.1316	114.979	111.675	131.209	110.418	108.286	122.182	
227	1	1	1	1	1	1	69.5686	74.7005	69.8956	78.9056	83.083	48.2884	52.131	114.978	111.674	131.205	110.418	108.284	122.181	
228	1	1	1	1	1	1	69.5674	74.6994	69.895	78.905	83.0826	48.287	52.1304	114.977	111.673	131.202	110.417	108.283	122.179	
229	1	1	1	1	1	1	69.5662	74.6982	69.8943	78.9044	83.0821	48.2856	52.1298	114.975	111.672	131.198	110.416	108.282	122.178	
230	1	1	1	1	1	1	69.565	74.697	69.8936	78.9038	83.0816	48.2842	52.1291	114.974	111.671	131.195	110.415	108.281	122.177	
231	1	1	1	1	1	1	69.5638	74.6959	69.893	78.9031	83.0811	48.2827	52.1285	114.973	111.67	131.191	110.414	108.28	122.176	
232	1	1	1	1	1	1	69.5625	74.6947	69.8923	78.9025	83.0806	48.2813	52.1278	114.971	111.669	131.187	110.413	108.278	122.175	
233	1	1	1	1	1	1	69.5613	74.6934	69.8916	78.9018	83.0801	48.2798	52.1272	114.97	111.668	131.184	110.412	108.277	122.174	
234	1	1	1	1	1	1	69.56	74.6922	69.8909	78.9012	83.0796	48.2783	52.1265	114.968	111.667	131.18	110.411	108.276	122.172	
235	1	1	1	1	1	1	69.5587	74.691	69.8903	78.9005	83.0791	48.2768	52.1259	114.967	111.666	131.176	110.41	108.275	122.171	
236	1	1	1	1	1	1	69.5574	74.6897	69.8896	78.8998	83.0786	48.2753	52.1252	114.965	111.665	131.173	110.409	108.273	122.17	
237	1	1	1	1	1	1	69.5561	74.6885	69.8888	78.8992	83.078	48.2738	52.1245	114.964	111.664	131.169	110.408	108.272	122.169	
238	1	1	1	1	1	1	69.5548	74.6872	69.8881	78.8985	83.0775	48.2722	52.1238	114.962	111.663	131.165	110.407	108.271	122.168	
239	1	1	1	1	1	1	69.5535	74.6859	69.8874	78.8978	83.077	48.2706	52.1231	114.961	111.662	131.161	110.405	108.27	122.166	
240	1	1	1	1	1	1	69.5522	74.6846	69.8867	78.8971	83.0764	48.269	52.1224	114.959	111.661	131.157	110.404	108.268	122.165	
241	1	1	1	1	1	1	69.5508	74.6833	69.8859	78.8964	83.0759	48.2674	52.1217	114.958	111.66	131.153	110.403	108.267	122.164	
242	1	1	1	1	1	1	69.5494	74.682	69.8852	78.8956	83.0753	48.2658	52.121	114.956	111.658	131.149	110.402	108.266	122.162	
243	1	1	1	1	1	1	69.548	74.6806	69.8845	78.8949	83.0748	48.2642	52.1203	114.955	111.657	131.145	110.401	108.264	122.161	
244	1	1	1	1	1	1	69.5466	74.6793	69.8837	78.8942	83.0742	48.2625	52.1196	114.953	111.656	131.141	110.4	108.263	122.16	
245	1	1	1	1	1	1	69.5452	74.6779	69.8829	78.8935	83.0737	48.2608	52.1188	114.951	111.655	131.137	110.399	108.261	122.158	
246	1	1	1	1	1	1	69.5438	74.6765	69.8822	78.8927	83.0731	48.2591	52.1181	114.95	111.654	131.133	110.398	108.26	122.157	
247	1	1	1	1	1	1	69.5424	74.6751	69.8814	78.892	83.0725	48.2574	52.1173	114.948	111.653	131.128	110.397	108.259	122.156	
248	1	1	1	1	1	1	69.5409	74.6737	69.8806	78.8912	83.0719	48.2557	52.1166	114.947	111.652	131.124	110.395	108.257	122.154	
249	1	1	1	1	1	1	69.5394	74.6722	69.8798	78.8904	83.0713	48.254	52.1158	114.945	111.65	131.12	110.394	108.256	122.153	
250	1	1	1	1	1	1	69.5379	74.6708	69.879	78.8897	83.0707	48.2522	52.115	114.943	111.649	131.116	110.393	108.254	122.152	
251	1	1	1	1	1	1	69.5364	74.6693	69.8782	78.8889	83.0701	48.2504	52.1143	114.941	111.648	131.111	110.392	108.253	122.15	
252	1	1	1	1	1	1	69.5349	74.6679	69.8773	78.8881	83.0695	48.2486	52.1135	114.94	111.647	131.107	110.391	108.251	122.149	
253	1	1	1	1	1	1	69.5334	74.6664	69.8765	78.8873	83.0689	48.2468	52.1127	114.938	111.645	131.102	110.389	108.25	122.147	
254	1	1	1	1	1	1	69.5318	74.6649	69.8757	78.8865	83.0683	48.2449	52.1119	114.936	111.644	131.098	110.388	108.248	122.146	
255	1	1	1	1	1	1	69.5303	74.6633	69.8748	78.8856	83.0676	48.2431	52.111	114.934	111.643	131.093	110.387	108.247	122.144	
256	1	1	1	1	1	1	69.5287	74.6618	69.874	78.8848	83.067	48.2412	52.1102	114.933	111.642	131.088	110.386	108.245	122.143	
257	1	1	1	1	1	1	69.5271	74.6602	69.8731	78.884	83.0664	48.2393	52.1094	114.931	111.64	131.084	110.384	108.243	122.141	
258	1	1	1	1	1	1	69.5255	74.6587	69.8722	78.8831	83.0657	48.2374	52.1085	114.929	111.639	131.079	110.383	108.242	122.14	
259	1	1	1	1	1	1	69.5238	74.6571	69.8713	78.8823	83.065	48.2354	52.1077	114.927	111.638	131.074	110.382	108.24	122.138	
260	1	1	1	1	1	1	69.5222	74.6555	69.8705	78.8814	83.0644	48.2335	52.1068	114.925	111.636	131.069	110.381	108.239	122.137	
261	1	1	1	1	1	1	69.5205	74.6539	69.8696	78.8806	83.0637	48.2315	52.106	114.923	111.635	131.064	110.379	108.237	122.135	
262	1	1	1	1	1	1	69.5188	74.6522	69.8686	78.8797	83.063	48.2295	52.1051	114.921	111.634	131.06	110.378	108.235	122.133	
263	1	1	1	1	1	1	69.5171	74.6506	69.8677	78.8788	83.0623	48.2274	52.1042	114.919	111.632	131.055	110.377	108.234	122.132	
264	1	1	1	1	1	1	69.5154	74.6489	69.8668	78.8779	83.0617	48.2254	52.1033	114.917	111.631	131.049	110.375	108.232	122.13	
265	1	1	1	1	1	1	69.5137	74.6472	69.8659	78.877	83.061	48.2233	52.1024	114.915	111.629	131.044	110.374	108.23	122.128	
266	1	1	1	1	1	1	69.5119	74.6455	69.8649	78.8761	83.0602	48.2212	52.1015	114.913	111.628	131.039	110.372	108.228	122.127	
267	1	1	1	1	1	1	69.5101	74.6438	69.864	78.8752	83.0595	48.2191	52.1006	114.911	111.626	131.034	110.371	108.227	122.125	
268	1	1	1	1	1	1	69.5083	74.642	69.863	78.8742	83.0588	48.217	52.0996	114.909	111.625	131.029	110.37	108.225	122.123	
269	1	1	1	1	1	1	69.5065	74.6403	69.862	78.8733	83.0581	48.2148	52.0987	114.907	111.624	131.023	110.368	108.223	122.122	
270	1	1	1	1	1	1	69.5047	74.6385	69.861	78.8723	83.0573	48.2126	52.0977	114.905	111.622	131.018	110.367	108.221	122.12	
271	1	1	1	1	1	1	69.5029	74.6367	69.86	78.8714	83.0566	48.2104	52.0968	114.903	111.62	131.013	110.365	108.219	122.118	
272	1	1	1	1	1	1	69.501	74.6348	69.859	78.8704	83.0558	48.2082	52.0958	114.901	111.619	131.007	110.364	108.218	122.116	
273	1	1	1	1	1	1	69.4991	74.633	69.858	78.8694	83.0551	48.2059	52.0948	114.899	111.617	131.002	110.362	108.216	122.115	
274	1	1	1	1	1	1	69.4972	74.6311	69.857	78.8684	83.0543	48.2036	52.0938	114.897	111.616	130.996	110.361	108.214	122.113	
275	1	1	1	1	1	1	69.4953	74.6293	69.856	78.8674	83.0535	48.2013	52.0928	114.894	111.614	130.99	110.359	108.212	122.111	
276	1	1	1	1	1	1	69.4933	74.6274	69.8549	78.8664	83.0527	48.199	52.0918	114.892	111.613	130.985	110.358	108.21	122.109	
277	1	1	1	1	1	1	69.4914	74.6254	69.8539	78.8654	83.052	48.1966	52.0908	114.89	111.611	130.979	110.356	108.208	122.107	
278	1	1	1	1	1	1	69.4894	74.6235	69.8528	78.8643	83.0511	48.1942	52.0897	114.888	111.609	130.973	110.354	108.206	122.105	
279	1	1	1	1	1	1	69.4874	74.6215	69.8517	78.8633	83.0503	48.1918	52.0887	114.885	111.608	130.967	110.353	108.204	122.103	
280	1	1	1	1	1	1	69.4853	74.6196	69.8506	78.8622	83.0495	48.1894	52.0876	114.883	111.606	130.961	110.351	108.202	122.102	
281	1	1	1	1	1	1	69.4833	74.6176	69.8495	78.8612	83.0487	48.1869	52.0866	114.881	111.604	130.955	110.35	108.2	122.1	
282	1	1	1	1	1	1	69.4812	74.6155	69.8484	78.8601	83.0479	48.1845	52.0855	114.878	111.603	130.949	110.348	108.198	122.098	
283	1	1	1	1	1	1	69.4791	74.6135	69.8473	78.859	83.047	48.1819	52.0844	114.876	111.601	130.943	110.346	108.196	122.096	
284	1	1	1	1	1	1	69.477	74.6114	69.8461	78.8579	83.0462	48.1794	52.0833	114.873	111.599	130.937	110.345	108.194	122.094	
285	1	1	1	1	1	1	69.4749	74.6093	69.845	78.8568	83.0453	48.1768	52.0822	114.871	111.598	130.93	110.343	108.192	122.092	
286	1	1	1	1	1	1	69.4727	74.6072	69.8438	78.8557	83.0444	48.1742	52.081	114.869	111.596	130.924	110.341	108.19	122.09	
287	1	1	1	1	1	1	69.4705	74.6051	69.8427	78.8545	83.0435	48.1716	52.0799	114.866	111.594	130.918	110.339	108.187	122.087	
288	1	1	1	1	1	1	69.4683	74.6029	69.8415	78.8534	83.0426	48.1689	52.0788	114.864	111.592	130.911	110.338	108.185	122.085	
289	1	1	1	1	1	1	69.4661	74.6007	69.8403	78.8522	83.0417	48.1663	52.0776	114.861	111.59	130.904	110.336	108.183	122.083	
290	1	1	1	1	1	1	69.4638	74.5985	69.8391	78.851	83.0408	48.1635	52.0764	114.858	111.589	130.898	110.334	108.181	122.081	
291	1	1	1	1	1	1	69.4616	74.5963	69.8379	78.8499	83.0399	48.1608	52.0752	114.856	111.587	130.891	110.332	108.179	122.079	
292	1	1	1	1	1	1	69.4593	74.5941	69.8366	78.8487	83.039	48.158	52.074	114.853	111.585	130.884	110.331	108.176	122.077	
293	1	1	1	1	1	1	69.4569	74.5918	69.8354	78.8474	83.038	48.1552	52.0728	114.85	111.583	130.877	110.329	108.174	122.075	
294	1	1	1	1	1	1	69.4546	74.5895	69.8341	78.8462	83.0371	48.1524	52.0716	114.848	111.581	130.871	110.327	108.172	122.072	
295	1	1	1	1	1	1	69.4522	74.5872	69.8329	78.845	83.0361	48.1495	52.0704	114.845	111.579	130.864	110.325	108.169	122.07	
296	1	1	1	1	1	1	69.4498	74.5848	69.8316	78.8437	83.0352	48.1466	52.0691	114.842	111.577	130.856	110.323	108.167	122.068	
297	1	1	1	1	1	1	69.4474	74.5824	69.8303	78.8425	83.0342	48.1437	52.0679	114.839	111.575	130.849	110.321	108.164	122.065	
298	1	1	1	1	1	1	69.4449	74.58	69.829	78.8412	83.0332	48.1407	52.0666	114.837	111.573	130.842	110.319	108.162	122.063	
299	1	1	1	1	1	1	69.4425	74.5776	69.8277	78.8399	83.0322	48.1377	52.0653	114.834	111.571	130.835	110.317	108.16	122.061	
300	1	1	1	1	1	1	69.44	74.5752	69.8263	78.8386	83.0312	48.1347	52.064	114.831	111.569	130.827	110.315	108.157	122.058	
301	1	1	1	1	1	1	69.4374	74.5727	69.825	78.8373	83.0301	48.1316	52.0627	114.828	111.567	130.82	110.313	108.155	122.056	
302	1	1	1	1	1	1	69.4349	74.5702	69.8236	78.836	83.0291	48.1286	52.0613	114.825	111.565	130.812	110.311	108.152	122.054	
303	1	1	1	1	1	1	69.4323	74.5676	69.8223	78.8346	83.0281	48.1254	52.06	114.822	111.563	130.805	110.309	108.149	122.051	
304	1	1	1	1	1	1	69.4297	74.5651	69.8209	78.8333	83.027	48.1223	52.0586	114.819	111.561	130.797	110.307	108.147	122.049	
305	1	1	1	1	1	1	69.4271	74.5625	69.8195	78.8319	83.0259	48.1191	52.0573	114.816	111.558	130.789	110.305	108.144	122.046	
306	1	1	1	1	1	1	69.4244	74.5599	69.8181	78.8305	83.0249	48.1158	52.0559	114.813	111.556	130.781	110.303	108.142	122.044	
307	1	1	1	1	1	1	69.4217	74.5572	69.8166	78.8291	83.0238	48.1126	52.0545	114.81	111.554	130.773	110.301	108.139	122.041	
308	1	1	1	1	1	1	69.419	74.5546	69.8152	78.8277	83.0227	48.1092	52.053	114.807	111.552	130.765	110.299	108.136	122.038	
309	1	1	1	1	1	1	69.4163	74.5519	69.8137	78.8263	83.0216	48.1059	52.0516	114.804	111.55	130.757	110.296	108.133	122.036	
310	1	1	1	1	1	1	69.4135	74.5491	69.8123	78.8249	83.0204	48.1025	52.0502	114.8	111.547	130.749	110.294	108.131	122.033	
311	1	1	1	1	1	1	69.4107	74.5464	69.8108	78.8234	83.0193	48.0991	52.0487	114.797	111.545	130.741	110.292	108.128	122.03	
312	1	1	1	1	1	1	69.4079	74.5436	69.8093	78.8219	83.0181	48.0956	52.0472	114.794	111.543	130.732	110.29	108.125	122.028	
313	1	1	1	1	1	1	69.405	74.5408	69.8077	78.8204	83.017	48.0921	52.0457	114.791	111.54	130.724	110.287	108.122	122.025	
314	1	1	1	1	1	1	69.4021	74.5379	69.8062	78.8189	83.0158	48.0886	52.0442	114.787	111.538	130.715	110.285	108.119	122.022	
315	1	1	1	1	1	1	69.3992	74.535	69.8047	78.8174	83.0146	48.085	52.0427	114.784	111.536	130.707	110.283	108.116	122.019	
316	1	1	1	1	1	1	69.3962	74.5321	69.8031	78.8159	83.0134	48.0814	52.0412	114.781	111.533	130.698	110.281	108.113	122.017	
317	1	1	1	1	1	1	69.3932	74.5292	69.8015	78.8143	83.0122	48.0778	52.0396	114.777	111.531	130.689	110.278	108.111	122.014	
318	1	1	1	1	1	1	69.3902	74.5262	69.7999	78.8128	83.011	48.0741	52.038	114.774	111.528	130.68	110.276	108.108	122.011	
319	1	1	1	1	1	1	69.3872	74.5232	69.7983	78.8112	83.0097	48.0703	52.0364	114.77	111.526	130.671	110.273	108.104	122.008	
320	1	1	1	1	1	1	69.3841	74.5201	69.7967	78.8096	83.0085	48.0666	52.0348	114.767	111.523	130.662	110.271	108.101	122.005	
321	1	1	1	1	1	1	69.381	74.5171	69.795	78.808	83.0072	48.0627	52.0332	114.763	111.521	130.653	110.268	108.098	122.002	
322	1	1	1	1	1	1	69.3778	74.514	69.7934	78.8063	83.0059	48.0589	52.0316	114.759	111.518	130.643	110.266	108.095	121.999	
323	1	1	1	1	1	1	69.3746	74.5108	69.7917	78.8047	83.0046	48.055	52.0299	114.756	111.515	130.634	110.263	108.092	121.996	
324	1	1	1	1	1	1	69.3714	74.5076	69.79	78.803	83.0033	48.051	52.0282	114.752	111.513	130.624	110.261	108.089	121.993	
325	1	1	1	1	1	1	69.3682	74.5044	69.7883	78.8013	83.002	48.047	52.0265	114.748	111.51	130.615	110.258	108.086	121.99	
326	1	1	1	1	1	1	69.3649	74.5012	69.7865	78.7996	83.0007	48.043	52.0248	114.744	111.507	130.605	110.256	108.082	121.987	
327	1	1	1	1	1	1	69.3616	74.4979	69.7848	78.7979	82.9993	48.0389	52.0231	114.741	111.505	130.595	110.253	108.079	121.984	
328	1	1	1	1	1	1	69.3582	74.4946	69.783	78.7961	82.9979	48.0347	52.0213	114.737	111.502	130.585	110.25	108.076	121.98	
329	1	1	1	1	1	1	69.3548	74.4912	69.7812	78.7944	82.9965	48.0306	52.0196	114.733	111.499	130.575	110.248	108.072	121.977	
330	1	1	1	1	1	1	69.3514	74.4878	69.7794	78.7926	82.9952	48.0263	52.0178	114.729	111.496	130.565	110.245	108.069	121.974	
331	1	1	1	1	1	1	69.3479	74.4844	69.7776	78.7908	82.9937	48.022	52.016	114.725	111.493	130.554	110.242	108.065	121.97	
332	1	1	1	1	1	1	69.3444	74.4809	69.7758	78.789	82.9923	48.0177	52.0141	114.721	111.49	130.544	110.239	108.062	121.967	
333	1	1	1	1	1	1	69.3409	74.4774	69.7739	78.7872	82.9909	48.0133	52.0123	114.717	111.488	130.533	110.237	108.058	121.964	
334	1	1	1	1	1	1	69.3373	74.4739	69.772	78.7853	82.9894	48.0089	52.0104	114.712	111.485	130.523	110.234	108.055	121.96	
335	1	1	1	1	1	1	69.3337	74.4703	69.7701	78.7834	82.9879	48.0044	52.0085	114.708	111.482	130.512	110.231	108.051	121.957	
336	1	1	1	1	1	1	69.33	74.4667	69.7682	78.7815	82.9864	47.9999	52.0066	114.704	111.479	130.501	110.228	108.047	121.953	
337	1	1	1	1	1	1	69.3264	74.463	69.7663	78.7796	82.9849	47.9953	52.0047	114.7	111.476	130.49	110.225	108.044	121.95	
338	1	1	1	1	1	1	69.3226	74.4593	69.7643	78.7777	82.9834	47.9907	52.0028	114.695	111.472	130.479	110.222	108.04	121.946	
339	1	1	1	1	1	1	69.3189	74.4556	69.7624	78.7757	82.9819	47.986	52.0008	114.691	111.469	130.468	110.219	108.036	121.943	
340	1	1	1	1	1	1	69.315	74.4518	69.7604	78.7738	82.9803	47.9813	51.9988	114.687	111.466	130.456	110.216	108.032	121.939	
341	1	1	1	1	1	1	69.3112	74.4479	69.7583	78.7718	82.9787	47.9765	51.9968	114.682	111.463	130.445	110.213	108.029	121.935	
342	1	1	1	1	1	1	69.3073	74.4441	69.7563	78.7697	82.9771	47.9716	51.9948	114.678	111.46	130.433	110.21	108.025	121.932	
343	1	1	1	1	1	1	69.3034	74.4401	69.7543	78.7677	82.9755	47.9667	51.9927	114.673	111.457	130.421	110.207	108.021	121.928	
344	1	1	1	1	1	1	69.2994	74.4362	69.7522	78.7656	82.9739	47.9618	51.9906	114.668	111.453	130.41	110.204	108.017	121.924	
345	1	1	1	1	1	1	69.2954	74.4322	69.7501	78.7636	82.9723	47.9567	51.9885	114.664	111.45	130.398	110.201	108.013	121.92	
346	1	1	1	1	1	1	69.2913	74.4281	69.748	78.7615	82.9706	47.9517	51.9864	114.659	111.447	130.385	110.197	108.009	121.916	
347	1	1	1	1	1	1	69.2872	74.424	69.7458	78.7593	82.9689	47.9465	51.9843	114.654	111.443	130.373	110.194	108.004	121.912	
348	1	1	1	1	1	1	69.2831	74.4199	69.7437	78.7572	82.9672	47.9413	51.9821	114.649	111.44	130.361	110.191	108	121.908	
349	1	1	1	1	1	1	69.2789	74.4157	69.7415	78.755	82.9655	47.9361	51.9799	114.645	111.436	130.348	110.188	107.996	121.904	
350	1	1	1	1	1	1	69.2746	74.4115	69.7393	78.7528	82.9638	47.9307	51.9777	114.64	111.433	130.335	110.184	107.992	121.9	
351	1	1	1	1	1	1	69.2703	74.4072	69.7371	78.7506	82.962	47.9254	51.9755	114.635	111.429	130.322	110.181	107.987	121.896	
352	1	1	1	1	1	1	69.266	74.4029	69.7348	78.7483	82.9602	47.9199	51.9732	114.63	111.426	130.309	110.177	107.983	121.892	
353	1	1	1	1	1	1	69.2616	74.3985	69.7325	78.7461	82.9584	47.9144	51.9709	114.624	111.422	130.296	110.174	107.979	121.888	
354	1	1	1	1	1	1	69.2572	74.3941	69.7302	78.7438	82.9566	47.9088	51.9686	114.619	111.418	130.283	110.17	107.974	121.883	
355	1	1	1	1	1	1	69.2527	74.3896	69.7279	78.7415	82.9548	47.9032	51.9663	114.614	111.415	130.27	110.167	107.97	121.879	
356	1	1	1	1	1	1	69.2482	74.3851	69.7256	78.7391	82.9529	47.8975	51.9639	114.609	111.411	130.256	110.163	107.965	121.875	
357	1	1	1	1	1	1	69.2436	74.3805	69.7232	78.7368	82.951	47.8917	51.9615	114.603	111.407	130.242	110.16	107.961	121.87	
358	1	1	1	1	1	1	69.239	74.3759	69.7208	78.7344	82.9491	47.8859	51.9591	114.598	111.403	130.228	110.156	107.956	121.866	
359	1	1	1	1	1	1	69.2343	74.3712	69.7184	78.732	82.9472	47.88	51.9567	114.593	111.399	130.214	110.152	107.951	121.861	
360	1	1	1	1	1	1	69.2296	74.3664	69.716	78.7295	82.9453	47.874	51.9542	114.587	111.395	130.2	110.149	107.947	121.857	
361	1	1	1	1	1	1	69.2248	74.3617	69.7135	78.7271	82.9433	47.8679	51.9517	114.582	111.391	130.186	110.145	107.942	121.852	
362	1	1	1	1	1	1	69.22	74.3568	69.711	78.7246	82.9413	47.8618	51.9492	114.576	111.387	130.171	110.141	107.937	121.848	
363	1	1	1	1	1	1	69.2151	74.3519	69.7085	78.722	82.9393	47.8556	51.9466	114.57	111.383	130.156	110.137	107.932	121.843	
364	1	1	1	1	1	1	69.2102	74.347	69.706	78.7195	82.9373	47.8494	51.9441	114.564	111.379	130.142	110.133	107.927	121.838	
365	1	1	1	1	1	1	69.2052	74.342	69.7034	78.7169	82.9352	47.843	51.9414	114.559	111.375	130.127	110.129	107.922	121.833	
366	1	1	1	1	1	1	69.2002	74.3369	69.7008	78.7143	82.9332	47.8366	51.9388	114.553	111.371	130.111	110.126	107.917	121.829	
367	1	1	1	1	1	1	69.1951	74.3318	69.6982	78.7117	82.9311	47.8301	51.9362	114.547	111.367	130.096	110.122	107.912	121.824	
368	1	1	1	1	1	1	69.1899	74.3266	69.6956	78.709	82.9289	47.8235	51.9335	114.541	111.362	130.08	110.117	107.906	121.819	
369	1	1	1	1	1	1	69.1847	74.3213	69.6929	78.7063	82.9268	47.8169	51.9307	114.535	111.358	130.065	110.113	107.901	121.814	
370	1	1	1	1	1	1	69.1795	74.316	69.6902	78.7036	82.9246	47.8101	51.928	114.528	111.354	130.049	110.109	107.896	121.809	
371	1	1	1	1	1	1	69.1742	74.3107	69.6875	78.7009	82.9224	47.8033	51.9252	114.522	111.349	130.033	110.105	107.891	121.803	
372	1	1	1	1	1	1	69.1688	74.3052	69.6847	78.6981	82.9202	47.7964	51.9224	114.516	111.345	130.016	110.101	107.885	121.798	
373	1	1	1	1	1	1	69.1633	74.2998	69.6819	78.6953	82.918	47.7895	51.9196	114.509	111.34	130	110.097	107.88	121.793	
374	1	1	1	1	1	1	69.1578	74.2942	69.6791	78.6925	82.9157	47.7824	51.9167	114.503	111.336	129.983	110.092	107.874	121.788	
375	1	1	1	1	1	1	69.1523	74.2886	69.6763	78.6896	82.9134	47.7752	51.9138	114.497	111.331	129.966	110.088	107.868	121.782	
376	1	1	1	1	1	1	69.1467	74.2829	69.6734	78.6867	82.9111	47.768	51.9109	114.49	111.326	129.949	110.083	107.863	121.777	
377	1	1	1	1	1	1	69.141	74.2772	69.6705	78.6838	82.9087	47.7607	51.9079	114.483	111.322	129.932	110.079	107.857	121.771	
378	1	1	1	1	1	1	69.1352	74.2713	69.6676	78.6808	82.9064	47.7533	51.9049	114.476	111.317	129.915	110.074	107.851	121.766	
379	1	1	1	1	1	1	69.1294	74.2655	69.6647	78.6778	82.904	47.7458	51.9019	114.47	111.312	129.897	110.07	107.845	121.76	
380	1	1	1	1	1	1	69.1236	74.2595	69.6617	78.6748	82.9015	47.7382	51.8988	114.463	111.307	129.879	110.065	107.839	121.755	
381	1	1	1	1	1	1	69.1176	74.2535	69.6587	78.6717	82.8991	47.7305	51.8957	114.456	111.302	129.861	110.061	107.833	121.749	
382	1	1	1	1	1	1	69.1116	74.2474	69.6556	78.6686	82.8966	47.7227	51.8926	114.449	111.297	129.843	110.056	107.827	121.743	
383	1	1	1	1	1	1	69.1056	74.2412	69.6526	78.6655	82.8941	47.7148	51.8894	114.441	111.292	129.824	110.051	107.821	121.737	
384	1	1	1	1	1	1	69.0994	74.235	69.6495	78.6623	82.8915	47.7068	51.8862	114.434	111.287	129.806	110.046	107.815	121.731	
385	1	1	1	1	1	1	69.0932	74.2287	69.6463	78.6591	82.889	47.6988	51.8829	114.427	111.282	129.787	110.041	107.809	121.725	
386	1	1	1	1	1	1	69.087	74.2223	69.6432	78.6559	82.8864	47.6906	51.8797	114.42	111.276	129.768	110.036	107.802	121.719	
387	1	1	1	1	1	1	69.0806	74.2159	69.64	78.6527	82.8837	47.6823	51.8764	114.412	111.271	129.748	110.032	107.796	121.713	
388	1	1	1	1	1	1	69.0742	74.2094	69.6367	78.6494	82.8811	47.6739	51.873	114.404	111.266	129.729	110.026	107.789	121.707	
389	1	1	1	1	1	1	69.0677	74.2027	69.6335	78.646	82.8784	47.6655	51.8696	114.397	111.26	129.709	110.021	107.783	121.701	
390	1	1	1	1	1	1	69.0612	74.1961	69.6302	78.6426	82.8757	47.6569	51.8662	114.389	111.255	129.689	110.016	107.776	121.694	
391	1	1	1	1	1	1	69.0545	74.1893	69.6269	78.6392	82.8729	47.6482	51.8627	114.381	111.249	129.669	110.011	107.769	121.688	
392	1	1	1	1	1	1	69.0478	74.1825	69.6235	78.6358	82.8701	47.6394	51.8592	114.373	111.244	129.648	110.006	107.762	121.681	
393	1	1	1	1	1	1	69.0411	74.1755	69.6201	78.6323	82.8673	47.6305	51.8557	114.365	111.238	129.627	110.001	107.755	121.675	
394	1	1	1	1	1	1	69.0342	74.1685	69.6167	78.6288	82.8644	47.6214	51.8521	114.357	111.232	129.606	109.995	107.748	121.668	
395	1	1	1	1	1	1	69.0273	74.1614	69.6132	78.6252	82.8616	47.6123	51.8485	114.349	111.226	129.585	109.99	107.741	121.661	
396	1	1	1	1	1	1	69.0203	74.1543	69.6097	78.6216	82.8586	47.603	51.8448	114.341	111.22	129.564	109.984	107.734	121.655	
397	1	1	1	1	1	1	69.0132	74.147	69.6062	78.618	82.8557	47.5937	51.8411	114.332	111.214	129.542	109.979	107.727	121.648	
398	1	1	1	1	1	1	69.006	74.1397	69.6026	78.6143	82.8527	47.5842	51.8374	114.324	111.208	129.52	109.973	107.72	121.641	
399	1	1	1	1	1	1	68.9988	74.1322	69.599	78.6106	82.8497	47.5746	51.8336	114.315	111.202	129.498	109.967	107.712	121.634	
400	1	1	1	1	1	1	68.9915	74.1247	69.5954	78.6068	82.8466	47.5648	51.8298	114.306	111.196	129.475	109.962	107.705	121.627	
401	1	1	1	1	1	1	68.9841	74.1171	69.5917	78.603	82.8435	47.555	51.8259	114.297	111.19	129.452	109.956	107.697	121.619	
402	1	1	1	1	1	1	68.9766	74.1094	69.588	78.5992	82.8404	47.545	51.822	114.289	111.184	129.429	109.95	107.69	121.612	
403	1	1	1	1	1	1	68.969	74.1016	69.5842	78.5953	82.8373	47.5349	51.818	114.28	111.177	129.406	109.944	107.682	121.605	
404	1	1	1	1	1	1	68.9613	74.0937	69.5804	78.5913	82.8341	47.5246	51.814	114.27	111.171	129.382	109.938	107.674	121.597	
405	1	1	1	1	1	1	68.9536	74.0857	69.5766	78.5874	82.8308	47.5143	51.81	114.261	111.164	129.358	109.932	107.666	121.59	
406	1	1	1	1	1	1	68.9457	74.0776	69.5728	78.5834	82.8275	47.5037	51.8059	114.252	111.158	129.334	109.926	107.658	121.582	
407	1	1	1	1	1	1	68.9378	74.0694	69.5688	78.5793	82.8242	47.4931	51.8018	114.242	111.151	129.31	109.92	107.65	121.574	
408	1	1	1	1	1	1	68.9298	74.0612	69.5649	78.5752	82.8209	47.4823	51.7976	114.233	111.144	129.285	109.914	107.642	121.567	
409	1	1	1	1	1	1	68.9217	74.0528	69.5609	78.571	82.8175	47.4714	51.7933	114.223	111.137	129.26	109.907	107.633	121.559	
410	1	1	1	1	1	1	68.9135	74.0443	69.5569	78.5668	82.814	47.4603	51.7891	114.213	111.13	129.234	109.901	107.625	121.551	
411	1	1	1	1	1	1	68.9052	74.0357	69.5528	78.5626	82.8106	47.4491	51.7847	114.203	111.123	129.208	109.894	107.616	121.543	
412	1	1	1	1	1	1	68.8968	74.027	69.5487	78.5583	82.807	47.4378	51.7803	114.193	111.116	129.182	109.888	107.608	121.534	
413	1	1	1	1	1	1	68.8883	74.0182	69.5446	78.5539	82.8035	47.4263	51.7759	114.183	111.109	129.156	109.881	107.599	121.526	
414	1	1	1	1	1	1	68.8798	74.0093	69.5404	78.5496	82.7999	47.4146	51.7714	114.173	111.102	129.129	109.875	107.59	121.518	
415	1	1	1	1	1	1	68.8711	74.0003	69.5362	78.5451	82.7963	47.4028	51.7669	114.162	111.094	129.102	109.868	107.581	121.509	
416	1	1	1	1	1	1	68.8623	73.9912	69.5319	78.5406	82.7926	47.3908	51.7623	114.152	111.087	129.075	109.861	107.572	121.501	
417	1	1	1	1	1	1	68.8534	73.9819	69.5276	78.5361	82.7888	47.3787	51.7577	114.141	111.079	129.047	109.854	107.563	121.492	
418	1	1	1	1	1	1	68.8444	73.9726	69.5233	78.5315	82.7851	47.3664	51.753	114.13	111.072	129.019	109.847	107.554	121.483	
419	1	1	1	1	1	1	68.8354	73.9631	69.5189	78.5269	82.7812	47.354	51.7483	114.119	111.064	128.991	109.84	107.544	121.474	
420	1	1	1	1	1	1	68.8262	73.9535	69.5144	78.5222	82.7774	47.3414	51.7435	114.108	111.056	128.962	109.833	107.535	121.465	
421	1	1	1	1	1	1	68.8169	73.9438	69.5099	78.5174	82.7735	47.3286	51.7386	114.097	111.048	128.933	109.826	107.525	121.456	
422	1	1	1	1	1	1	68.8075	73.934	69.5054	78.5126	82.7695	47.3157	51.7337	114.086	111.04	128.904	109.819	107.516	121.447	
423	1	1	1	1	1	1	68.798	73.924	69.5008	78.5078	82.7655	47.3025	51.7287	114.074	111.032	128.874	109.811	107.506	121.438	
424	1	1	1	1	1	1	68.7883	73.914	69.4962	78.5028	82.7614	47.2892	51.7237	114.063	111.024	128.844	109.804	107.496	121.428	
425	1	1	1	1	1	1	68.7786	73.9038	69.4915	78.4979	82.7573	47.2758	51.7186	114.051	111.016	128.813	109.796	107.486	121.419	
426	1	1	1	1	1	1	68.7688	73.8934	69.4868	78.4929	82.7532	47.2621	51.7135	114.039	111.007	128.782	109.789	107.476	121.409	
427	1	1	1	1	1	1	68.7588	73.883	69.4821	78.4878	82.749	47.2482	51.7083	114.027	110.999	128.751	109.781	107.465	121.399	
428	1	1	1	1	1	1	68.7487	73.8724	69.4773	78.4826	82.7447	47.2342	51.7031	114.015	110.99	128.719	109.773	107.455	121.389	
429	1	1	1	1	1	1	68.7385	73.8617	69.4724	78.4774	82.7404	47.22	51.6977	114.002	110.981	128.687	109.765	107.444	121.379	
430	1	1	1	1	1	1	68.7282	73.8508	69.4675	78.4722	82.7361	47.2055	51.6924	113.99	110.973	128.654	109.757	107.434	121.369	
431	1	1	1	1	1	1	68.7178	73.8398	69.4626	78.4669	82.7317	47.1909	51.6869	113.977	110.964	128.621	109.749	107.423	121.359	
432	1	1	1	1	1	1	68.7072	73.8287	69.4576	78.4615	82.7272	47.1761	51.6814	113.964	110.955	128.588	109.741	107.412	121.349	
433	1	1	1	1	1	1	68.6966	73.8174	69.4525	78.4561	82.7227	47.1611	51.6759	113.951	110.945	128.554	109.733	107.401	121.338	
434	1	1	1	1	1	1	68.6858	73.806	69.4474	78.4506	82.7181	47.1458	51.6702	113.938	110.936	128.52	109.725	107.389	121.328	
435	1	1	1	1	1	1	68.6748	73.7944	69.4423	78.445	82.7135	47.1304	51.6645	113.925	110.927	128.485	109.716	107.378	121.317	
436	1	1	1	1	1	1	68.6638	73.7827	69.4371	78.4394	82.7088	47.1147	51.6588	113.911	110.917	128.45	109.708	107.367	121.306	
437	1	1	1	1	1	1	68.6526	73.7708	69.4318	78.4337	82.704	47.0988	51.6529	113.898	110.908	128.415	109.699	107.355	121.295	
438	1	1	1	1	1	1	68.6412	73.7588	69.4265	78.428	82.6992	47.0827	51.647	113.884	110.898	128.379	109.69	107.343	121.284	
439	1	1	1	1	1	1	68.6298	73.7466	69.4212	78.4221	82.6944	47.0664	51.6411	113.87	110.888	128.342	109.682	107.331	121.272	
440	1	1	1	1	1	1	68.6182	73.7343	69.4158	78.4162	82.6894	47.0498	51.635	113.856	110.878	128.305	109.673	107.319	121.261	
441	1	1	1	1	1	1	68.6064	73.7218	69.4103	78.4103	82.6845	47.0331	51.6289	113.841	110.868	128.268	109.664	107.307	121.249	
442	1	1	1	1	1	1	68.5946	73.7091	69.4048	78.4043	82.6794	47.016	51.6227	113.827	110.858	128.23	109.655	107.294	121.238	
443	1	1	1	1	1	1	68.5826	73.6963	69.3992	78.3982	82.6743	46.9987	51.6165	113.812	110.847	128.191	109.645	107.282	121.226	
444	1	1	1	1	1	1	68.5704	73.6833	69.3936	78.392	82.6691	46.9812	51.6101	113.797	110.837	128.152	109.636	107.269	121.214	
445	1	1	1	1	1	1	68.5581	73.6701	69.3879	78.3858	82.6639	46.9635	51.6037	113.782	110.826	128.113	109.627	107.256	121.202	
446	1	1	1	1	1	1	68.5456	73.6568	69.3822	78.3795	82.6586	46.9454	51.5973	113.767	110.815	128.073	109.617	107.243	121.189	
447	1	1	1	1	1	1	68.533	73.6433	69.3764	78.3731	82.6532	46.9271	51.5907	113.751	110.804	128.032	109.608	107.23	121.177	
448	1	1	1	1	1	1	68.5203	73.6296	69.3706	78.3666	82.6478	46.9086	51.5841	113.735	110.793	127.991	109.598	107.216	121.164	
449	1	1	1	1	1	1	68.5074	73.6157	69.3647	78.3601	82.6423	46.8898	51.5774	113.719	110.782	127.95	109.588	107.203	121.151	
450	1	1	1	1	1	1	68.4943	73.6016	69.3587	78.3535	82.6367	46.8707	51.5706	113.703	110.771	127.907	109.578	107.189	121.139	
451	1	1	1	1	1	1	68.4811	73.5874	69.3527	78.3468	82.6311	46.8513	51.5637	113.687	110.759	127.865	109.568	107.175	121.125	
452	1	1	1	1	1	1	68.4677	73.5729	69.3467	78.3401	82.6254	46.8316	51.5567	113.67	110.748	127.821	109.558	107.161	121.112	
453	1	1	1	1	1	1	68.4542	73.5583	69.3405	78.3332	82.6196	46.8117	51.5497	113.654	110.736	127.777	109.548	107.147	121.099	
454	1	1	1	1	1	1	68.4404	73.5435	69.3344	78.3263	82.6137	46.7915	51.5426	113.637	110.724	127.733	109.537	107.132	121.085	
455	1	1	1	1	1	1	68.4266	73.5285	69.3281	78.3193	82.6078	46.7709	51.5354	113.619	110.712	127.688	109.527	107.118	121.071	
456	1	1	1	1	1	1	68.4125	73.5132	69.3218	78.3122	82.6018	46.7501	51.5281	113.602	110.7	127.642	109.516	107.103	121.057	
457	1	1	1	1	1	1	68.3983	73.4978	69.3154	78.3051	82.5957	46.7289	51.5207	113.584	110.687	127.596	109.506	107.088	121.043	
458	1	1	1	1	1	1	68.3839	73.4822	69.309	78.2978	82.5895	46.7075	51.5133	113.566	110.675	127.549	109.495	107.073	121.029	
459	1	1	1	1	1	1	68.3693	73.4663	69.3025	78.2905	82.5833	46.6857	51.5057	113.548	110.662	127.501	109.484	107.057	121.015	
460	1	1	1	1	1	1	68.3546	73.4502	69.296	78.2831	82.577	46.6636	51.4981	113.53	110.649	127.453	109.473	107.042	121	
461	1	1	1	1	1	1	68.3396	73.434	69.2894	78.2755	82.5706	46.6411	51.4903	113.511	110.636	127.404	109.461	107.026	120.985	
462	1	1	1	1	1	1	68.3245	73.4174	69.2827	78.2679	82.5641	46.6183	51.4825	113.492	110.623	127.354	109.45	107.01	120.97	
463	1	1	1	1	1	1	68.3092	73.4007	69.276	78.2603	82.5575	46.5952	51.4746	113.473	110.609	127.304	109.439	106.993	120.955	
464	1	1	1	1	1	1	68.2937	73.3837	69.2692	78.2525	82.5509	46.5717	51.4665	113.453	110.596	127.253	109.427	106.977	120.939	
465	1	1	1	1	1	1	68.278	73.3665	69.2623	78.2446	82.5441	46.5478	51.4584	113.434	110.582	127.201	109.415	106.96	120.924	
466	1	1	1	1	1	1	68.2621	73.3491	69.2554	78.2366	82.5373	46.5236	51.4502	113.414	110.568	127.148	109.403	106.943	120.908	
467	1	1	1	1	1	1	68.246	73.3314	69.2484	78.2286	82.5304	46.499	51.4419	113.393	110.554	127.095	109.391	106.926	120.892	
468	1	1	1	1	1	1	68.2298	73.3135	69.2413	78.2204	82.5234	46.4741	51.4335	113.373	110.539	127.041	109.379	106.909	120.875	
469	1	1	1	1	1	1	68.2133	73.2953	69.2342	78.2122	82.5163	46.4487	51.425	113.352	110.525	126.986	109.367	106.891	120.859	
470	1	1	1	1	1	1	68.1966	73.2768	69.227	78.2038	82.5091	46.4229	51.4164	113.331	110.51	126.931	109.354	106.874	120.842	
471	1	1	1	1	1	1	68.1796	73.2581	69.2197	78.1953	82.5018	46.3968	51.4076	113.309	110.495	126.874	109.342	106.855	120.825	
472	1	1	1	1	1	1	68.1625	73.2392	69.2124	78.1868	82.4945	46.3702	51.3988	113.288	110.48	126.817	109.329	106.837	120.808	
473	1	1	1	1	1	1	68.1452	73.2199	69.205	78.1781	82.487	46.3432	51.3899	113.266	110.464	126.759	109.316	106.819	120.791	
474	1	1	1	1	1	1	68.1276	73.2004	69.1976	78.1694	82.4794	46.3158	51.3808	113.243	110.449	126.7	109.303	106.8	120.773	
475	1	1	1	1	1	1	68.1098	73.1807	69.1901	78.1605	82.4718	46.2879	51.3717	113.221	110.433	126.641	109.29	106.781	120.756	
476	1	1	1	1	1	1	68.0918	73.1606	69.1825	78.1515	82.464	46.2596	51.3624	113.198	110.417	126.58	109.277	106.761	120.738	
477	1	1	1	1	1	1	68.0735	73.1402	69.1748	78.1424	82.4562	46.2309	51.353	113.174	110.401	126.518	109.264	106.742	120.719	
478	1	1	1	1	1	1	68.055	73.1196	69.1671	78.1332	82.4482	46.2017	51.3435	113.151	110.384	126.456	109.25	106.722	120.701	
479	1	1	1	1	1	1	68.0363	73.0987	69.1593	78.1239	82.4401	46.172	51.3339	113.127	110.368	126.393	109.236	106.702	120.682	
480	1	1	1	1	1	1	68.0173	73.0774	69.1514	78.1145	82.4319	46.1418	51.3242	113.102	110.351	126.328	109.223	106.681	120.663	
481	1	1	1	1	1	1	67.9981	73.0559	69.1435	78.1049	82.4237	46.1111	51.3144	113.078	110.334	126.263	109.209	106.661	120.644	
482	1	1	1	1	1	1	67.9787	73.034	69.1355	78.0953	82.4153	46.08	51.3044	113.053	110.316	126.197	109.194	106.64	120.624	
483	1	1	1	1	1	1	67.9589	73.0118	69.1274	78.0855	82.4068	46.0483	51.2943	113.027	110.299	126.13	109.18	106.618	120.604	
484	1	1	1	1	1	1	67.939	72.9893	69.1192	78.0756	82.3981	46.0161	51.2841	113.002	110.281	126.061	109.166	106.597	120.584	
485	1	1	1	1	1	1	67.9187	72.9665	69.111	78.0656	82.3894	45.9833	51.2738	112.975	110.262	125.992	109.151	106.575	120.564	
486	1	1	1	1	1	1	67.8982	72.9433	69.1027	78.0555	82.3806	45.95	51.2633	112.949	110.244	125.922	109.136	106.553	120.543	
487	1	1	1	1	1	1	67.8774	72.9198	69.0944	78.0452	82.3716	45.9162	51.2527	112.922	110.225	125.85	109.121	106.53	120.522	
488	1	1	1	1	1	1	67.8564	72.8959	69.0859	78.0348	82.3625	45.8818	51.242	112.895	110.206	125.778	109.106	106.507	120.501	
489	1	1	1	1	1	1	67.835	72.8717	69.0774	78.0243	82.3533	45.8468	51.2311	112.867	110.187	125.704	109.091	106.484	120.48	
490	1	1	1	1	1	1	67.8134	72.8471	69.0688	78.0137	82.344	45.8112	51.2202	112.839	110.168	125.629	109.075	106.461	120.458	
491	1	1	1	1	1	1	67.7915	72.8222	69.0602	78.0029	82.3345	45.775	51.209	112.81	110.148	125.553	109.06	106.437	120.436	
492	1	1	1	1	1	1	67.7693	72.7968	69.0515	77.992	82.325	45.7382	51.1978	112.781	110.128	125.476	109.044	106.413	120.414	
493	1	1	1	1	1	1	68.0771	73.1315	69.3732	78.3063	82.6764	46.0375	51.5541	112.782	110.144	125.393	109.068	106.435	120.4	
494	1	1	1	1	1	1	68.053	73.1048	69.3635	78.2939	82.6655	45.9999	51.5406	112.749	110.121	125.316	109.049	106.408	120.376	
495	1	1	1	1	1	1	68.0293	73.0779	69.3541	78.282	82.655	45.9609	51.5285	112.718	110.1	125.235	109.032	106.382	120.352	
496	1	1	1	1	1	1	68.0053	73.0506	69.3446	78.2701	82.6445	45.9211	51.5161	112.687	110.078	125.154	109.015	106.356	120.328	
497	1	1	1	1	1	1	67.9811	73.0228	69.3351	78.258	82.6338	45.8805	51.5035	112.656	110.057	125.07	108.998	106.33	120.304	
498	1	1	1	1	1	1	67.9566	72.9946	69.3256	78.2458	82.6229	45.8392	51.4908	112.624	110.035	124.985	108.981	106.304	120.28	
499	1	1	1	1	1	1	67.9317	72.966	69.3159	78.2334	82.6119	45.7972	51.478	112.591	110.012	124.899	108.964	106.277	120.255	
500	1	1	1	1	1	1	67.9065	72.9369	69.3062	78.2209	82.6008	45.7544	51.4649	112.558	109.99	124.812	108.947	106.25	120.23	
501	1	1	1	1	1	1	67.8809	72.9074	69.2964	78.2082	82.5895	45.7109	51.4518	112.525	109.967	124.723	108.93	106.222	120.205	
502	1	1	1	1	1	1	67.855	72.8774	69.2865	78.1954	82.578	45.6665	51.4384	112.491	109.943	124.632	108.912	106.194	120.179	
503	1	1	1	1	1	1	67.8287	72.847	69.2765	78.1824	82.5664	45.6214	51.4249	112.456	109.919	124.54	108.894	106.166	120.153	
504	1	1	1	1	1	1	67.802	72.8161	69.2665	78.1692	82.5547	45.5754	51.4112	112.421	109.895	124.446	108.876	106.137	120.127	
505	1	1	1	1	1	1	67.775	72.7847	69.2564	78.1559	82.5427	45.5286	51.3974	112.386	109.871	124.351	108.858	106.107	120.1	
506	1	1	1	1	1	1	67.7476	72.7528	69.2462	78.1424	82.5307	45.4809	51.3834	112.35	109.846	124.254	108.839	106.078	120.073	
507	1	1	1	1	1	1	67.7198	72.7204	69.2359	78.1287	82.5184	45.4324	51.3692	112.313	109.82	124.156	108.821	106.047	120.045	
508	1	1	1	1	1	1	67.6916	72.6875	69.2256	78.1149	82.5061	45.383	51.3549	112.275	109.795	124.056	108.802	106.017	120.017	
509	1	1	1	1	1	1	67.663	72.6541	69.2152	78.1008	82.4935	45.3326	51.3404	112.237	109.769	123.954	108.783	105.986	119.989	
510	1	1	1	1	1	1	67.6339	72.6201	69.2047	78.0866	82.4808	45.2813	51.3257	112.199	109.742	123.85	108.764	105.954	119.96	
511	1	1	1	1	1	1	67.6045	72.5856	69.1942	78.0723	82.4679	45.229	51.3108	112.159	109.715	123.744	108.745	105.922	119.931	
512	1	1	1	1	1	1	67.5746	72.5506	69.1836	78.0577	82.4548	45.1757	51.2958	112.119	109.688	123.637	108.725	105.889	119.901	
513	1	1	1	1	1	1	67.5443	72.515	69.1729	78.0429	82.4416	45.1214	51.2806	112.079	109.66	123.528	108.706	105.856	119.871	
514	1	1	1	1	1	1	67.5136	72.4788	69.1621	78.028	82.4282	45.0661	51.2652	112.037	109.632	123.416	108.686	105.823	119.84	
515	1	1	1	1	1	1	67.4824	72.442	69.1513	78.0129	82.4146	45.0096	51.2496	111.995	109.603	123.303	108.666	105.789	119.81	
516	1	1	1	1	1	1	67.4507	72.4047	69.1404	77.9975	82.4008	44.9521	51.2338	111.953	109.574	123.187	108.646	105.754	119.778	
517	1	1	1	1	1	1	67.4185	72.3667	69.1295	77.982	82.3869	44.8935	51.2179	111.909	109.544	123.07	108.625	105.719	119.746	
518	1	1	1	1	1	1	67.3859	72.3282	69.1185	77.9663	82.3728	44.8337	51.2018	111.865	109.514	122.95	108.605	105.683	119.714	
519	1	1	1	1	1	1	67.3528	72.289	69.1074	77.9504	82.3585	44.7727	51.1854	111.82	109.484	122.828	108.584	105.647	119.681	
520	1	1	1	1	1	1	67.3192	72.2491	69.0963	77.9342	82.344	44.7105	51.1689	111.774	109.452	122.703	108.563	105.61	119.648	
521	1	1	1	1	1	1	67.285	72.2087	69.0851	77.9179	82.3294	44.6471	51.1523	111.727	109.421	122.577	108.542	105.573	119.614	
522	1	1	1	1	1	1	67.2503	72.1675	69.0739	77.9013	82.3145	44.5823	51.1354	111.68	109.389	122.447	108.521	105.535	119.58	
523	1	1	1	1	1	1	67.2151	72.1257	69.0626	77.8846	82.2995	44.5163	51.1183	111.631	109.356	122.316	108.5	105.496	119.545	
524	1	1	1	1	1	1	67.1794	72.0832	69.0512	77.8676	82.2843	44.4489	51.1011	111.582	109.323	122.181	108.478	105.457	119.51	
525	1	1	1	1	1	1	67.1431	72.04	69.0399	77.8504	82.2688	44.3801	51.0837	111.532	109.289	122.044	108.456	105.418	119.474	
526	1	1	1	1	1	1	67.1062	71.9961	69.0284	77.833	82.2532	44.3099	51.066	111.481	109.254	121.905	108.435	105.377	119.438	
527	1	1	1	1	1	1	67.0687	71.9514	69.017	77.8153	82.2375	44.2382	51.0482	111.429	109.219	121.762	108.413	105.336	119.401	
528	1	1	1	1	1	1	67.0306	71.906	69.0055	77.7975	82.2215	44.165	51.0302	111.376	109.184	121.617	108.39	105.294	119.364	
529	1	1	1	1	1	1	66.9919	71.8599	68.994	77.7794	82.2053	44.0902	51.0121	111.322	109.147	121.468	108.368	105.252	119.326	
530	1	1	1	1	1	1	66.9526	71.813	68.9824	77.761	82.1889	44.0138	50.9937	111.267	109.11	121.317	108.346	105.209	119.288	
531	1	1	1	1	1	1	66.9126	71.7653	68.9708	77.7424	82.1724	43.9358	50.9752	111.211	109.073	121.162	108.324	105.165	119.249	
532	1	1	1	1	1	1	66.8719	71.7169	68.9592	77.7236	82.1557	43.8561	50.9565	111.154	109.035	121.004	108.301	105.121	119.209	
533	1	1	1	1	1	1	66.8306	71.6676	68.9476	77.7046	82.1387	43.7746	50.9376	111.095	108.996	120.843	108.278	105.076	119.169	
534	1	1	1	1	1	1	66.7886	71.6175	68.936	77.6853	82.1216	43.6914	50.9185	111.036	108.956	120.678	108.256	105.03	119.128	
535	1	1	1	1	1	1	66.7458	71.5666	68.9244	77.6658	82.1043	43.6063	50.8993	110.975	108.916	120.509	108.233	104.983	119.087	
536	1	1	1	1	1	1	66.7024	71.5149	68.9128	77.646	82.0869	43.5192	50.8799	110.913	108.874	120.337	108.21	104.936	119.045	
537	1	1	1	1	1	1	66.6581	71.4622	68.9012	77.6259	82.0692	43.4302	50.8604	110.85	108.833	120.161	108.187	104.888	119.002	
538	1	1	1	1	1	1	66.6131	71.4087	68.8896	77.6056	82.0514	43.3392	50.8407	110.786	108.79	119.98	108.164	104.839	118.959	
539	1	1	1	1	1	1	66.5673	71.3544	68.878	77.5851	82.0334	43.2461	50.8208	110.72	108.747	119.796	108.141	104.789	118.916	
540	1	1	1	1	1	1	66.5206	71.2991	68.8665	77.5643	82.0152	43.1507	50.8009	110.652	108.702	119.607	108.118	104.739	118.871	
541	1	1	1	1	1	1	66.4731	71.2429	68.8551	77.5432	81.9969	43.0532	50.7807	110.584	108.657	119.414	108.095	104.687	118.826	
542	1	1	1	1	1	1	66.4248	71.1858	68.8436	77.5219	81.9784	42.9533	50.7605	110.514	108.611	119.216	108.073	104.635	118.78	
543	1	1	1	1	1	1	66.3755	71.1278	68.8323	77.5003	81.9597	42.851	50.7402	110.442	108.564	119.013	108.05	104.582	118.734	
544	1	1	1	1	1	1	66.3252	71.0689	68.821	77.4784	81.9409	42.7463	50.7197	110.369	108.517	118.806	108.027	104.529	118.687	
545	1	1	1	1	1	1	66.274	71.0089	68.8098	77.4563	81.922	42.6389	50.6992	110.294	108.468	118.592	108.005	104.474	118.639	
546	1	1	1	1	1	1	65.5796	70.6068	68.2659	77.1316	82.0189	43.9704	50.9152	110.246	107.612	124.837	106.66	103.668	114.584	
547	1	1	1	1	1	1	65.8582	71.0731	68.5078	77.1989	81.9025	43.3436	50.8311	110.288	108.141	120.712	107.365	104.032	117.208	
548	1	1	1	1	1	1	65.9863	70.9083	68.6696	77.2878	81.8628	42.8263	50.6996	110.162	108.266	119.039	107.666	104.164	118.019	
549	1	1	1	1	1	1	66.0087	70.7851	68.7269	77.3196	81.8346	42.4663	50.628	110.037	108.258	118.208	107.784	104.184	118.269	
550	1	1	1	1	1	1	65.2919	70.2923	68.1747	77.001	81.9528	43.7275	50.875	109.962	107.376	124.437	106.443	103.371	114.101	
551	1	1	1	1	1	1	65.5978	70.8154	68.4353	77.079	81.8195	43.0197	50.7542	109.991	107.912	120.117	107.182	103.745	116.841	
552	1	1	1	1	1	1	65.7383	70.6462	68.6121	77.1769	81.7779	42.4442	50.6138	109.848	108.044	118.285	107.518	103.893	117.728	
553	1	1	1	1	1	1	65.7655	70.5157	68.6783	77.2145	81.7496	42.0355	50.5384	109.707	108.036	117.341	107.661	103.922	118.018	
554	1	1	1	1	1	1	64.9808	69.9609	68.0803	76.8662	81.8789	43.4403	50.8113	109.629	107.122	123.837	106.266	103.07	113.64	
555	1	1	1	1	1	1	65.3162	70.5399	68.3655	76.9569	81.736	42.6248	50.6721	109.655	107.663	119.392	107.009	103.441	116.464	
556	1	1	1	1	1	1	65.4674	70.3661	68.5572	77.0618	81.6921	42.004	50.5246	109.499	107.802	117.424	107.374	103.601	117.419	
557	1	1	1	1	1	1	65.4987	70.2282	68.6327	77.1044	81.6635	41.5518	50.4464	109.341	107.794	116.368	107.54	103.639	117.75	
558	1	1	1	1	1	1	64.6377	69.6002	67.9843	76.7224	81.8028	43.1321	50.7433	109.261	106.847	123.156	106.087	102.745	113.144	
559	1	1	1	1	1	1	65.0056	70.2429	68.2969	76.8277	81.6508	42.1881	50.5869	109.285	107.392	118.584	106.831	103.11	116.052	
560	1	1	1	1	1	1	65.1676	70.0655	68.5049	76.9401	81.6047	41.5184	50.4325	109.113	107.537	116.471	107.226	103.284	117.081	
561	1	1	1	1	1	1	64.3386	69.2516	67.9141	76.6024	81.7667	42.9125	50.7454	108.999	106.603	122.941	105.831	102.423	112.529	
562	1	1	1	1	1	1	65.2018	70.5464	67.1537	76.5766	80.9141	40.7686	46.4145	108.352	106.323	117.044	105.495	102.276	114.765	
563	1	1	1	1	1	1	64.826	70.2766	67.7607	76.6674	81.0662	41.0109	48.7631	108.639	107.084	115.228	106.688	102.95	116.306	
564	1	1	1	1	1	1	64.0311	69.1002	67.5137	76.3675	81.4704	42.6604	49.9568	108.643	106.278	122.145	105.489	102.122	111.945	
565	1	1	1	1	1	1	64.4688	69.8593	68.0288	76.5475	81.404	41.5548	50.0916	108.698	106.909	117.316	106.406	102.533	115.162	
566	1	1	1	1	1	1	64.6647	69.6439	68.3514	76.705	81.4121	40.7773	50.0906	108.499	107.093	114.932	106.929	102.746	116.405	
567	1	1	1	1	1	1	63.7214	68.5987	67.7367	76.3374	81.6268	42.4043	50.5539	108.361	106.113	121.764	105.485	101.824	111.547	
568	1	1	1	1	1	1	64.709	70.1003	66.9502	76.3149	80.7041	39.9617	45.9896	107.697	105.78	115.537	105.078	101.675	113.907	
569	1	1	1	1	1	1	64.2912	69.8393	67.5774	76.4117	80.8435	40.123	48.3917	107.938	106.572	113.444	106.377	102.38	115.583	
570	1	1	1	1	1	1	63.3649	68.4131	67.2931	76.0672	81.2919	42.0959	49.6964	107.924	105.725	120.779	105.123	101.483	110.881	
571	1	1	1	1	1	1	63.8545	69.333	67.8863	76.2883	81.2319	40.7157	49.8475	107.976	106.371	115.706	106.064	101.884	114.274	
572	1	1	1	1	1	1	64.062	69.1203	68.2632	76.4707	81.2547	39.8395	49.8694	107.739	106.573	113.029	106.666	102.128	115.682	
573	1	1	1	1	1	1	63.7007	68.7749	66.4491	75.8541	80.6593	40.2493	46.0013	106.969	104.603	119.165	103.763	100.554	109.646	
574	1	1	1	1	1	1	63.4947	69.5718	67.161	75.9838	80.6656	39.9416	48.2706	107.405	105.802	114.201	105.467	101.472	113.303	
575	1	1	1	1	1	1	63.7419	69.1951	67.8416	76.2355	80.9064	39.1602	48.9937	107.276	106.187	111.598	106.367	101.824	114.967	
576	1	1	1	1	1	1	62.5998	67.5025	67.3188	75.8161	81.2836	41.4802	49.9377	107.134	105.177	119.252	104.894	100.783	109.677	
577	1	1	1	1	1	1	63.1145	68.6753	67.8896	76.0508	81.1539	39.726	49.8544	107.12	105.771	113.804	105.772	101.139	113.259	
578	1	1	1	1	1	1	64.1494	69.4555	67.0165	76.0294	80.2746	37.1682	45.185	106.282	105.051	109.316	105.086	100.962	113.906	
579	1	1	1	1	1	1	62.1809	67.4443	66.5227	75.4129	80.6423	40.8981	48.1425	106.379	104.46	117.868	104.218	100.271	108.799	
580	1	1	1	1	1	1	62.6886	68.5913	67.4029	75.7444	80.7476	39.0066	48.9507	106.534	105.269	112.354	105.364	100.721	112.459	
581	1	1	1	1	1	1	61.698	66.3027	67.1786	75.5103	81.2291	40.8889	49.8811	106.365	104.402	118.909	104.081	99.7896	107.348	
582	1	1	1	1	1	1	62.2476	67.9766	67.769	75.7333	81.019	39.0412	49.693	106.311	105.071	112.686	105.149	100.221	111.596	
583	1	1	1	1	1	1	63.4359	68.9074	66.8697	75.6988	80.0676	36.2667	44.8067	105.468	104.338	107.48	104.571	100.156	112.612	
584	1	1	1	1	1	1	61.3071	66.4686	66.3276	75.0534	80.4396	40.2869	47.8046	105.444	103.712	116.168	103.715	99.4162	107.12	
585	1	1	1	1	1	1	61.8267	67.9751	67.2761	75.4235	80.5568	37.9667	48.6304	105.562	104.54	110.202	104.93	99.8683	111.057	
586	1	1	1	1	1	1	60.6716	65.2046	67.0598	75.1751	81.0925	40.2588	49.6205	105.32	103.632	117.04	103.605	98.8715	105.453	
587	1	1	1	1	1	1	63.7727	67.7192	68.2063	76.2332	81.5613	39.6206	46.7383	106.339	104.788	110.916	105.074	100.393	110.335	
588	1	1	1	1	1	1	62.6722	67.5024	68.1869	76.0664	81.0517	37.647	48.0087	105.493	104.934	106.488	105.855	100.503	112.15	
589	1	1	1	1	1	1	61.788	65.8024	65.9172	74.9622	80.1059	38.6325	44.4171	104.428	102.444	113.074	102.497	98.4331	104.545	
590	1	1	1	1	1	1	61.3607	67.8752	66.6416	75.0471	80.0294	36.6256	46.9427	104.66	103.589	106.774	104.319	99.1713	108.806	
591	1	1	1	1	1	1	59.9447	64.0314	66.5737	74.7015	80.6691	39.6785	48.6053	104.311	102.658	114.214	103.068	98.0238	102.667	
592	1	1	1	1	1	1	60.4312	66.771	67.4429	75.0167	80.6081	36.5625	48.7453	104.151	103.34	107.073	104.246	98.3562	107.59	
593	1	1	1	1	1	1	61.7595	63.1606	67.716	75.5474	81.7888	41.0721	46.9619	104.993	102.781	114.596	103.178	98.4104	101.194	
594	1	1	1	1	1	1	60.958	66.2248	67.7874	75.3615	80.9845	37.3153	47.8568	104.34	103.277	106.641	104.13	98.4973	106.015	
595	1	1	1	1	1	1	61.9492	67.613	66.7077	75.0877	79.7211	33.2848	43.3834	103.192	102.3	99.5996	103.785	98.3315	107.643	
596	1	1	1	1	1	1	59.1037	63.0235	65.9991	74.1274	79.9616	38.8798	46.6512	102.588	101.326	109.102	102.78	97.1045	100.204	
597	1	1	1	1	1	1	59.3854	66.3952	67.125	74.5354	80.1984	34.397	47.7429	102.427	102.07	101.225	104.053	97.3765	105.06	
598	1	1	1	1	1	1	60.5867	61.4165	67.4846	74.9934	81.4615	40.2845	46.071	103.24	101.308	109.673	102.964	97.28	97.2207	
599	1	1	1	1	1	1	59.6864	65.5356	67.7898	74.8994	80.8818	35.0864	47.4206	102.504	101.835	100.642	103.969	97.2872	102.368	
600	1	1	1	1	1	1	58.4538	66.7803	65.5835	73.8411	79.3264	36.8749	42.3668	102.911	101.124	109.005	82.0321	96.5258	103.249	
601	1	1	1	1	1	1	58.0433	66.9342	66.3139	73.7483	79.5882	34.0981	46.3788	102.293	101.846	100.426	93.184	96.4831	105.142	
602	1	1	1	1	1	1	59.415	61.0624	66.8447	74.24	80.8356	39.8946	44.93	102.691	100.585	108.178	96.5042	95.8595	95.8581	
603	1	1	1	1	1	1	58.6148	65.4052	67.7667	74.5319	80.7883	34.2724	46.9537	101.558	100.942	98.1074	99.8592	95.6372	100.343	
604	1	1	1	1	1	1	54.5617	64.8707	67.2685	74.3875	80.9061	38.9452	46.5612	79.7204	100.931	105.078	102.215	93.9567	102.359	
605	1	1	1	1	1	1	57.2195	66.7739	66.264	73.3594	79.2749	30.2714	43.2005	87.0063	99.4491	92.054	102.638	93.5723	102.88	
606	1	1	1	1	1	1	57.6478	59.7885	66.8316	73.6347	80.3987	38.5819	43.2696	90.8627	98.1798	101.073	102.243	93.1145	91.6855	
607	1	1	1	1	1	1	54.6419	63.6989	66.8092	73.0862	79.7382	38.8016	43.6406	93.3923	98.9451	105.72	82.0689	92.0751	94.8633	
608	1	1	1	1	1	1	53.9413	64.7493	67.0763	74.6403	81.3946	30.4176	46.7083	94.7624	99.2149	92.3899	91.1972	92.0551	95.8532	
609	1	1	1	1	1	1	53.3674	64.2407	66.3961	72.6484	79.9469	36.6653	45.7423	92.8507	89.8842	99.0176	95.5158	89.4205	94.8403	
610	1	1	1	1	1	1	56.4782	65.7623	68.1965	74.1321	81.5095	30.2994	44.4527	93.9598	93.0537	86.6799	99.085	89.9859	95.4913	
611	1	1	1	1	1	1	54.0363	66.1691	66.828	72.2637	78.9273	34.8877	37.6316	93.6742	93.222	94.6375	75.4726	87.314	92.9462	
612	1	1	1	1	1	1	52.5259	67.26	67.6745	71.9771	79.3514	27.6116	44.192	90.0832	94.8744	81.2941	86.8729	85.7897	92.6567	
613	1	1	1	1	1	1	50.1027	66.0761	67.9137	70.8908	79.2572	33.5371	43.4877	86.8411	87.2581	87.7398	89.3359	83.6903	89.1025	
614	1	1	1	1	1	1	52.2934	67.0291	68.6631	72.6174	80.4317	38.0703	36.7181	87.6838	92.267	92.6976	68.6785	83.082	87.6139	
615	1	1	1	1	1	1	50.816	67.3714	69.3778	72.1605	80.1146	26.1342	43.8079	81.1379	94.3431	75.7147	78.3132	81.9464	86.2785	
616	1	1	1	1	1	1	50.5561	66.9833	68.4364	67.1118	75.2678	31.953	39.0989	76.999	86.3313	81.8343	73.4502	80.0502	83.2699	
617	1	1	1	1	1	1	47.6317	68.0443	69.3397	67.1597	75.866	33.0309	41.172	72.2543	86.5654	81.7568	73.0381	79.8685	82.6236	
618	1	1	1	1	1	1	50.6688	65.1039	66.6381	68.0341	74.2449	36.0234	41.8012	72.363	87.1348	83.0519	71.1283	76.8677	79.0126	
619	1	1	1	1	1	1	51.4217	67.3798	67.5762	66.9993	74.8383	38.2598	40.0904	71.6168	86.6682	84.1281	67.3032	77.3967	80.3517	
620	1	1	1	1	1	1	50.6197	61.0368	69.2135	66.683	74.7751	39.3991	38.8105	69.8103	86.4533	84.2407	64.7365	78.5494	74.2105	
621	1	1	1	1	1	1	46.8844	62.6184	70.56	65.9096	75.9386	36.6565	41.9549	65.904	85.8627	81.4017	66.2592	79.7028	75.3629	
622	1	1	1	1	1	1	47.9767	64.2017	69.779	63.8343	71.8125	34.2811	38.2569	65.8095	83.4356	78.3121	61.4543	78.319	75.8787	
623	1	1	1	1	1	1	44.429	64.5745	71.5266	63.4296	73.3771	32.4882	40.8216	62.0634	83.0169	76.4355	63.0318	79.8666	75.9407	
624	1	1	1	1	1	1	46.2795	64.128	72.948	62.3344	74.4636	33.4317	38.7959	63.239	82.1351	76.9065	60.3646	80.9254	74.9893	
625	1	1	1	1	1	1	45.7327	61.3837	72.7543	62.1062	73.0816	33.1548	38.9035	62.1452	81.3226	76.2224	59.9534	80.5746	72.2353	
626	1	1	1	1	1	1	41.8281	60.599	76.9883	60.9413	74.8833	28.9714	38.4316	57.9433	80.3278	71.9761	58.8136	84.3008	70.9645	
627	1	1	1	1	1	1	43.8488	59.1805	71.1753	66.0427	73.5268	27.8917	37.8715	59.0043	86.8204	70.6455	57.6276	76.1031	69.3036	
628	1	1	1	1	1	1	41.4317	57.5184	75.4878	59.4267	69.6917	23.8793	31.51	56.193	78.5164	66.3092	50.9628	82.2032	67.008	
629	1	1	1	1	1	1	40.9784	54.9553	73.3171	62.4985	69.118	22.7422	30.8156	54.8542	83.2407	64.7735	49.7741	77.6588	64.2232	
630	1	1	1	1	1	1	39.8027	51.4696	79.1586	59.0625	70.5513	20.5636	28.335	53.3566	78.0797	62.237	47.0915	85.0442	60.4274	
631	1	1	1	1	1	1	39.4667	46.8674	78.1821	60.895	70.0227	18.1098	25.9649	52.2734	81.5447	59.5288	44.1816	82.0989	55.6017	
632	1	1	1	1	1	1	38.9976	41.2115	78.8075	60.6124	69.6138	15.7966	23.3763	51.3318	81.1906	56.9746	41.2429	82.5644	49.7685	
633	1	1	1	1	1	1	38.1661	33.1141	80.9186	58.9159	69.3108	13.6872	20.0608	50.0087	79.0359	54.5348	37.3062	84.5524	41.1472	
634	1	1	1	1	1	1	37.3491	26.4048	78.8075	58.8121	66.3724	12.2652	17.5078	48.6579	79.1116	52.6644	34.5218	82.3572	34.4148	