
1	196.506
2	196.505
3	196.505
4	196.504
5	196.504
6	196.503
7	196.503
8	196.502
9	196.502
10	196.501
11	196.501
12	196.5
13	196.5
14	196.499
15	196.499
16	196.498
17	196.498
18	196.497
19	196.497
20	196.496
21	196.496
22	196.495
23	196.495
24	196.494
25	196.494
26	196.493
27	196.492
28	196.492
29	196.491
30	196.491
31	196.49
32	196.49
33	196.489
34	196.488
35	196.488
36	196.487
37	196.486
38	196.486
39	196.485
40	196.485
41	196.484
42	196.483
43	196.483
44	196.482
45	196.481
46	196.48
47	196.48
48	196.479
49	196.478
50	196.478
51	196.477
52	196.476
53	196.475
54	196.475
55	196.474
56	196.473
57	196.472
58	196.472
59	196.471
60	196.47
61	196.469
62	196.468
63	196.468
64	196.467
65	196.466
66	196.465
67	196.464
68	196.463
69	196.463
70	196.462
71	196.461
72	196.46
73	196.459
74	196.458
75	196.457
76	196.456
77	196.455
78	196.454
79	196.453
80	196.452
81	196.451
82	196.45
83	196.449
84	196.448
85	196.447
86	196.446
87	196.445
88	196.444
89	196.443
90	196.442
91	196.441
92	196.44
93	196.439
94	196.438
95	196.437
96	196.435
97	196.434
98	196.433
99	196.432
100	196.431
101	196.43
102	196.428
103	196.427
104	196.426
105	196.425
106	196.423
107	196.422
108	196.421
109	196.419
110	196.418
111	196.417
112	196.416
113	196.414
114	196.413
115	196.411
116	196.41
117	196.409
118	196.407
119	196.406
120	196.404
121	196.403
122	196.401
123	196.4
124	196.398
125	196.397
126	196.395
127	196.394
128	196.392
129	196.391
130	196.389
131	196.387
132	196.386
133	196.384
134	196.382
135	196.381
136	196.379
137	196.377
138	196.375
139	196.374
140	196.372
141	196.37
142	196.368
143	196.366
144	196.365
145	196.363
146	196.361
147	196.359
148	196.357
149	196.355
150	196.353
151	196.351
152	196.349
153	196.347
154	196.345
155	196.343
156	196.341
157	196.339
158	196.337
159	196.334
160	196.332
161	196.33
162	196.328
163	196.326
164	196.323
165	196.321
166	196.319
167	196.316
168	196.314
169	196.312
170	196.309
171	196.307
172	196.304
173	196.302
174	196.299
175	196.297
176	196.294
177	196.292
178	196.289
179	196.286
180	196.284
181	196.281
182	196.278
183	196.276
184	196.273
185	196.27
186	196.267
187	196.264
188	196.261
189	196.258
190	196.256
191	196.253
192	196.25
193	196.246
194	196.243
195	196.24
196	196.237
197	196.234
198	196.231
199	196.228
200	196.224
201	196.221
202	196.218
203	196.214
204	196.211
205	196.207
206	196.204
207	196.2
208	196.197
209	196.193
210	196.19
211	196.186
212	196.182
213	196.179
214	196.175
215	196.171
216	196.167
217	196.163
218	196.159
219	196.155
220	196.151
221	196.147
222	196.143
223	196.139
224	196.135
225	196.131
226	196.127
227	196.122
228	196.118
229	196.114
230	196.109
231	196.105
232	196.1
233	196.096
234	196.091
235	196.086
236	196.082
237	196.077
238	196.072
239	196.067
240	196.062
241	196.057
242	196.052
243	196.047
244	196.042
245	196.037
246	196.032
247	196.026
248	196.021
249	196.016
250	196.01
251	196.005
252	195.999
253	195.994
254	195.988
255	195.982
256	195.976
257	195.971
258	195.965
259	195.959
260	195.953
261	195.947
262	195.94
263	195.934
264	195.928
265	195.922
266	195.915
267	195.909
268	195.902
269	195.896
270	195.889
271	195.882
272	195.875
273	195.869
274	195.862
275	195.855
276	195.847
277	195.84
278	195.833
279	195.826
280	195.818
281	195.811
282	195.803
283	195.796
284	195.788
285	195.78
286	195.772
287	195.764
288	195.756
289	195.748
290	195.74
291	195.732
292	195.723
293	195.715
294	195.706
295	195.698
296	195.689
297	195.68
298	195.671
299	195.662
300	195.653
301	195.644
302	195.635
303	195.626
304	195.616
305	195.606
306	195.597
307	195.587
308	195.577
309	195.567
310	195.557
311	195.547
312	195.537
313	195.526
314	195.516
315	195.505
316	195.494
317	195.484
318	195.473
319	195.462
320	195.45
321	195.439
322	195.428
323	195.416
324	195.404
325	195.393
326	195.381
327	195.369
328	195.357
329	195.344
330	195.332
331	195.319
332	195.307
333	195.294
334	195.281
335	195.268
336	195.255
337	195.241
338	195.228
339	195.214
340	195.201
341	195.187
342	195.173
343	195.158
344	195.144
345	195.129
346	195.115
347	195.1
348	195.085
349	195.07
350	195.055
351	195.039
352	195.023
353	195.008
354	194.992
355	194.976
356	194.959
357	194.943
358	194.926
359	194.909
360	194.892
361	194.875
362	194.858
363	194.84
364	194.823
365	194.805
366	194.786
367	194.768
368	194.75
369	194.731
370	194.712
371	194.693
372	194.674
373	194.654
374	194.634
375	194.614
376	194.594
377	194.574
378	194.553
379	194.533
380	194.512
381	194.49
382	194.469
383	194.447
384	194.425
385	194.403
386	194.38
387	194.358
388	194.335
389	194.312
390	194.288
391	194.265
392	194.241
393	194.217
394	194.192
395	194.167
396	194.142
397	194.117
398	194.092
399	194.066
400	194.04
401	194.013
402	193.987
403	193.96
404	193.932
405	193.905
406	193.877
407	193.849
408	193.82
409	193.792
410	193.763
411	193.733
412	193.703
413	193.673
414	193.643
415	193.612
416	193.581
417	193.55
418	193.518
419	193.486
420	193.453
421	193.42
422	193.387
423	193.354
424	193.32
425	193.297
426	194.994
427	193.289
428	193.248
429	194.942
430	193.186
431	193.2
432	194.888
433	193.115
434	194.854
435	193.079
436	194.816
437	193.043
438	194.778
439	193.005
440	194.738
441	192.967
442	194.698
443	192.928
444	194.656
445	192.887
446	194.613
447	192.846
448	194.57
449	192.804
450	194.525
451	192.761
452	194.479
453	192.717
454	194.432
455	192.671
456	194.384
457	192.625
458	194.335
459	192.577
460	194.285
461	192.529
462	194.233
463	192.479
464	194.18
465	192.428
466	194.126
467	192.376
468	194.07
469	192.322
470	194.013
471	192.268
472	193.954
473	192.211
474	193.894
475	192.154
476	193.832
477	192.095
478	193.769
479	192.034
480	193.704
481	191.972
482	193.638
483	191.909
484	193.569
485	191.844
486	193.499
487	191.777
488	193.427
489	191.709
490	193.353
491	191.639
492	193.278
493	191.567
494	193.2
495	191.493
496	193.12
497	191.417
498	193.038
499	191.34
500	192.954
501	191.26
502	192.867
503	191.178
504	192.778
505	191.094
506	192.687
507	191.008
508	192.593
509	190.92
510	192.722
511	190.833
512	192.407
513	190.912
514	192.35
515	190.641
516	192.435
517	190.547
518	192.095
519	190.628
520	192.035
521	190.339
522	192.123
523	190.238
524	191.756
525	190.321
526	191.693
527	191.169
528	192.459
529	190.95
530	192.269
531	190.768
532	192.073
533	190.581
534	191.871
535	190.39
536	191.664
537	190.193
538	191.451
539	189.991
540	191.233
541	189.784
542	191.008
543	189.571
544	190.778
545	189.353
546	190.541
547	189.128
548	190.297
549	188.898
550	190.046
551	188.661
552	189.789
553	188.418
554	189.524
555	188.168
556	189.252
557	187.911
558	188.972
559	187.648
560	188.684
561	187.377
562	188.387
563	187.098
564	188.082
565	186.812
566	187.769
567	186.518
568	187.446
569	186.216
570	187.114
571	185.905
572	187.824
573	186.654
574	187.556
575	186.434
576	187.307
577	186.209
578	187.05
579	185.978
580	186.785
581	185.739
582	186.51
583	185.492
584	186.226
585	185.237
586	185.931
587	184.974
588	185.627
589	184.702
590	185.311
591	184.421
592	184.984
593	184.152
594	185.302
595	185.343
596	184.315
597	183.638
598	184.608
599	184.84
600	183.573
601	183.166
602	183.857
603	184.298
604	182.771
605	182.661
606	183.111
607	185.032
608	181.366
609	182.312
610	181.571
611	182.632
612	183.684
613	181.093
614	181.728
615	183.634
616	180.036
617	181.566
618	182.537
619	180.04
620	180.546
621	182.388
622	178.901
623	180.324
624	181.179
625	179.808
626	180.14
627	181.936
628	178.581
629	179.907
630	180.642
631	178.554
632	178.747
633	180.411
634	177.256
635	178.437
636	178.947
637	177.152
638	177.162
639	178.592
640	175.734
641	176.734
642	176.879
643	175.517
644	175.298
645	175.706
646	174.501
647	174.258
648	175.23
649	172.969
650	172.81
651	174.092
652	171.785
653	172.267
654	171.35
655	171.262
656	170.33
657	169.16
658	169.772
659	168.659
660	166.747
661	168.214
662	166.463
663	162.887
664	166.348
665	162.961
666	160.888
667	163.019
668	161.446
669	157.789
670	156.256
671	153.417
672	149.533
673	147.593
674	145.764
675	146.547
676	140.251
677	136.487
678	131.753
679	132.866
680	126.274
681	123.425
682	117.758
683	108.075
684	96.6003
685	85.8398
686	73.9383
687	69.947
688	76.4802
689	85.7014
690	90.9514