
1	241.329
2	241.329
3	241.328
4	241.328
5	241.327
6	241.327
7	241.326
8	241.326
9	241.325
10	241.325
11	241.324
12	241.324
13	241.323
14	241.323
15	241.322
16	241.322
17	241.321
18	241.321
19	241.32
20	241.32
21	241.319
22	241.319
23	241.318
24	241.318
25	241.317
26	241.317
27	241.316
28	241.316
29	241.315
30	241.314
31	241.314
32	241.313
33	241.313
34	241.312
35	241.311
36	241.311
37	241.31
38	241.31
39	241.309
40	241.308
41	241.308
42	241.307
43	241.306
44	241.306
45	241.305
46	241.304
47	241.304
48	241.303
49	241.302
50	241.301
51	241.301
52	241.3
53	241.299
54	241.299
55	241.298
56	241.297
57	241.296
58	241.296
59	241.295
60	241.294
61	241.293
62	241.292
63	241.292
64	241.291
65	241.29
66	241.289
67	241.288
68	241.287
69	241.287
70	241.286
71	241.285
72	241.284
73	241.283
74	241.282
75	241.281
76	241.28
77	241.279
78	241.278
79	241.278
80	241.277
81	241.276
82	241.275
83	241.274
84	241.273
85	241.272
86	241.271
87	241.27
88	241.269
89	241.267
90	241.266
91	241.265
92	241.264
93	241.263
94	241.262
95	241.261
96	241.26
97	241.259
98	241.258
99	241.256
100	241.255
101	241.254
102	241.253
103	241.252
104	241.25
105	241.249
106	241.248
107	241.247
108	241.245
109	241.244
110	241.243
111	241.242
112	241.24
113	241.239
114	241.238
115	241.236
116	241.235
117	241.233
118	241.232
119	241.231
120	241.229
121	241.228
122	241.226
123	241.225
124	241.223
125	241.222
126	241.22
127	241.219
128	241.217
129	241.216
130	241.214
131	241.212
132	241.211
133	241.209
134	241.207
135	241.206
136	241.204
137	241.202
138	241.201
139	241.199
140	241.197
141	241.195
142	241.194
143	241.192
144	241.19
145	241.188
146	241.186
147	241.184
148	241.183
149	241.181
150	241.179
151	241.177
152	241.175
153	241.173
154	241.171
155	241.169
156	241.167
157	241.165
158	241.162
159	241.16
160	241.158
161	241.156
162	241.154
163	241.152
164	241.149
165	241.147
166	241.145
167	241.143
168	241.14
169	241.138
170	241.135
171	241.133
172	241.131
173	241.128
174	241.126
175	241.123
176	241.121
177	241.118
178	241.116
179	241.113
180	241.11
181	241.108
182	241.105
183	241.102
184	241.1
185	241.097
186	241.094
187	241.091
188	241.088
189	241.085
190	241.083
191	241.08
192	241.077
193	241.074
194	241.071
195	241.068
196	241.064
197	241.061
198	241.058
199	241.055
200	241.052
201	241.049
202	241.045
203	241.042
204	241.039
205	241.035
206	241.032
207	241.028
208	241.025
209	241.021
210	241.018
211	241.014
212	241.011
213	241.007
214	241.003
215	240.999
216	240.996
217	240.992
218	240.988
219	240.984
220	240.98
221	240.976
222	240.972
223	240.968
224	240.964
225	240.96
226	240.956
227	240.951
228	240.947
229	240.943
230	240.938
231	240.934
232	240.93
233	240.925
234	240.92
235	240.916
236	240.911
237	240.907
238	240.902
239	240.897
240	240.892
241	240.887
242	240.882
243	240.877
244	240.872
245	240.867
246	240.862
247	240.857
248	240.852
249	240.846
250	240.841
251	240.836
252	240.83
253	240.825
254	240.819
255	240.814
256	240.808
257	240.802
258	240.796
259	240.79
260	240.785
261	240.779
262	240.772
263	240.766
264	240.76
265	240.754
266	240.748
267	240.741
268	240.735
269	240.728
270	240.722
271	240.715
272	240.709
273	240.702
274	240.695
275	240.688
276	240.681
277	240.674
278	240.667
279	240.66
280	240.652
281	240.645
282	240.638
283	240.63
284	240.623
285	240.615
286	240.607
287	240.599
288	240.592
289	240.584
290	240.576
291	240.567
292	240.559
293	240.551
294	240.542
295	240.534
296	240.525
297	240.517
298	240.508
299	240.499
300	240.49
301	240.481
302	240.472
303	240.463
304	240.454
305	240.444
306	240.435
307	240.425
308	240.416
309	240.406
310	240.396
311	240.386
312	240.376
313	240.366
314	240.355
315	240.345
316	240.334
317	240.324
318	240.313
319	240.302
320	240.291
321	240.28
322	240.269
323	240.258
324	240.246
325	240.235
326	240.223
327	240.211
328	240.199
329	240.187
330	240.175
331	240.163
332	240.15
333	240.138
334	240.125
335	240.112
336	240.099
337	240.086
338	240.073
339	240.06
340	240.046
341	240.033
342	240.019
343	240.005
344	239.991
345	239.977
346	241.656
347	241.626
348	241.605
349	241.584
350	241.563
351	241.541
352	241.52
353	241.498
354	241.476
355	241.453
356	241.431
357	241.408
358	241.385
359	241.362
360	241.338
361	241.314
362	241.29
363	241.266
364	241.241
365	241.216
366	241.191
367	241.166
368	241.14
369	241.114
370	241.088
371	241.061
372	241.035
373	241.008
374	240.98
375	240.952
376	240.924
377	240.896
378	240.868
379	240.839
380	240.809
381	240.78
382	240.75
383	240.72
384	240.689
385	240.659
386	240.627
387	240.596
388	240.564
389	240.532
390	240.499
391	240.466
392	240.433
393	240.4
394	240.366
395	240.331
396	240.296
397	240.261
398	240.226
399	240.19
400	240.154
401	240.117
402	240.08
403	240.042
404	240.004
405	239.966
406	239.927
407	239.888
408	239.848
409	239.808
410	239.768
411	239.727
412	239.685
413	239.643
414	239.601
415	239.558
416	239.515
417	239.471
418	239.427
419	239.382
420	239.337
421	239.291
422	239.245
423	239.198
424	239.151
425	239.103
426	239.054
427	239.005
428	238.956
429	238.906
430	238.855
431	238.804
432	238.752
433	238.7
434	238.647
435	238.593
436	238.539
437	238.484
438	238.429
439	238.38
440	239.782
441	238.328
442	238.258
443	239.654
444	238.157
445	238.133
446	239.52
447	238.003
448	239.432
449	237.913
450	239.338
451	237.822
452	239.242
453	237.729
454	239.144
455	237.633
456	239.043
457	237.535
458	238.94
459	237.435
460	238.834
461	237.332
462	238.726
463	237.227
464	238.615
465	237.119
466	238.502
467	237.009
468	238.385
469	236.896
470	238.266
471	236.78
472	238.144
473	236.661
474	238.019
475	236.54
476	237.89
477	236.415
478	237.759
479	236.287
480	237.624
481	236.156
482	237.485
483	236.022
484	237.344
485	235.885
486	237.198
487	235.744
488	237.049
489	235.599
490	236.896
491	235.451
492	236.739
493	235.3
494	236.579
495	235.144
496	236.414
497	234.984
498	236.244
499	234.821
500	236.071
501	234.653
502	235.893
503	234.481
504	235.71
505	234.304
506	235.523
507	234.123
508	235.33
509	233.937
510	235.133
511	233.746
512	234.93
513	233.551
514	234.722
515	233.35
516	234.508
517	234.759
518	235.932
519	234.62
520	235.802
521	234.5
522	235.669
523	234.377
524	235.532
525	234.251
526	235.392
527	234.122
528	235.248
529	233.989
530	235.1
531	233.852
532	234.949
533	233.712
534	234.792
535	233.568
536	234.632
537	233.421
538	234.467
539	233.269
540	234.297
541	233.113
542	234.123
543	232.953
544	233.943
545	232.788
546	233.759
547	232.619
548	233.569
549	232.446
550	233.373
551	232.267
552	233.172
553	232.083
554	232.965
555	231.894
556	232.752
557	231.7
558	232.532
559	231.5
560	232.306
561	231.295
562	232.073
563	231.083
564	231.833
565	230.866
566	231.585
567	230.642
568	231.33
569	230.411
570	231.067
571	230.173
572	230.795
573	229.929
574	231.097
575	229.771
576	230.281
577	229.419
578	230.546
579	229.252
580	229.684
581	229.367
582	229.517
583	228.607
584	229.655
585	228.412
586	228.713
587	228.519
588	228.53
589	227.702
590	228.669
591	227.489
592	227.642
593	227.585
594	227.441
595	226.707
596	227.579
597	226.473
598	226.459
599	226.554
600	226.235
601	225.611
602	226.371
603	225.352
604	225.145
605	225.412
606	224.894
607	225.027
608	224.438
609	224.607
610	223.945
611	224.17
612	223.43
613	223.717
614	222.896
615	223.247
616	222.341
617	224.277
618	222.952
619	222.295
620	221.536
621	221.632
622	222.253
623	222.251
624	221.443
625	222.108
626	221.212
627	222.931
628	221.785
629	220.659
630	220.195
631	220.457
632	220.66
633	220.993
634	218.493
635	220.501
636	219.501
637	218.056
638	218.612
639	219.144
640	216.431
641	218.308
642	217.471
643	215.862
644	216.165
645	216.966
646	214.046
647	215.724
648	215.098
649	213.248
650	213.251
651	214.385
652	211.174
653	212.603
654	212.263
655	210.018
656	209.662
657	211.227
658	207.562
659	208.662
660	208.728
661	205.53
662	205.427
663	206.752
664	203.906
665	202.596
666	200.993
667	202.12
668	199.203
669	195.578
670	193.746
671	199.024
672	184.816
673	185.137
674	192.652
675	167.032
676	170.633
677	168.674
678	142.763
679	137.776
680	120.992
681	107.592
682	94.6788
683	89.3315
684	95.6599
685	102.313
686	102.597
687	102.879