      1e+20 2.16058e+12 1.31034e+12       223.6     209.246     219.966     163.049     165.076     228.079       203.6     164.806       1e+20 2.16058e+12 1.31034e+12
2.16058e+12       1e+20 2.57793e+12      143.84     135.074     167.027     175.824      128.69     208.655     137.615     135.093 2.16058e+12       1e+20 2.57793e+12
1.31034e+12 2.57793e+12       1e+20     182.025     173.234     163.355     104.043     142.618     145.774     166.244     137.539 1.31034e+12 2.57793e+12       1e+20
  2.236e+12  1.4384e+12 1.82025e+12       1e+10          15     26.9072     78.2304     58.7963     70.0928          20     58.8218       223.6      143.84     182.025
2.09246e+12 1.35074e+12 1.73234e+12          15       1e+10     31.9531     69.2604     44.2041     74.4312           7     44.7772     209.246     135.074     173.234
2.19966e+12 1.67027e+12 1.63355e+12     26.9072     31.9531       1e+10     62.7694     61.8466     43.4166     30.2655     59.0593     219.966     167.027     163.355
1.63049e+12 1.75824e+12 1.04043e+12     78.2304     69.2604     62.7694       1e+10     47.3814     65.7647     62.2896     41.0366     163.049     175.824     104.043
1.65076e+12  1.2869e+12 1.42618e+12     58.7963     44.2041     61.8466     47.3814       1e+10     91.0494     38.8973     6.40312     165.076      128.69     142.618
2.28079e+12 2.08655e+12 1.45774e+12     70.0928     74.4312     43.4166     65.7647     91.0494       1e+10     71.1126     86.0058     228.079     208.655     145.774
  2.036e+12 1.37615e+12 1.66244e+12          20           7     30.2655     62.2896     38.8973     71.1126       1e+10      38.833       203.6     137.615     166.244
1.64806e+12 1.35093e+12 1.37539e+12     58.8218     44.7772     59.0593     41.0366     6.40312     86.0058      38.833       1e+10     164.806     135.093     137.539
      1e+20 2.16058e+12 1.31034e+12   2.236e+12 2.09246e+12 2.19966e+12 1.63049e+12 1.65076e+12 2.28079e+12   2.036e+12 1.64806e+12       1e+20 2.16058e+12 1.31034e+12
2.16058e+12       1e+20 2.57793e+12  1.4384e+12 1.35074e+12 1.67027e+12 1.75824e+12  1.2869e+12 2.08655e+12 1.37615e+12 1.35093e+12 2.16058e+12       1e+20 2.57793e+12
1.31034e+12 2.57793e+12       1e+20 1.82025e+12 1.73234e+12 1.63355e+12 1.04043e+12 1.42618e+12 1.45774e+12 1.66244e+12 1.37539e+12 1.31034e+12 2.57793e+12       1e+20
