
1	1	1	1	1	1	60.7296	46.6096	41.5674	44.0204	53.776	84.0707	93.8854	100.485	84.0605	81.4305	
2	1	1	1	1	1	60.7301	46.6093	41.568	44.0195	53.7749	84.0703	93.8856	100.483	84.0605	81.4308	
3	1	1	1	1	1	60.7299	46.6091	41.5678	44.0194	53.7749	84.07	93.8853	100.483	84.0603	81.4307	
4	1	1	1	1	1	60.7297	46.6089	41.5677	44.0193	53.7748	84.0697	93.8851	100.482	84.0601	81.4306	
5	1	1	1	1	1	60.7295	46.6087	41.5675	44.0192	53.7748	84.0694	93.8849	100.481	84.0599	81.4305	
6	1	1	1	1	1	60.7293	46.6085	41.5673	44.0191	53.7747	84.0691	93.8846	100.48	84.0597	81.4303	
7	1	1	1	1	1	60.7291	46.6083	41.5671	44.019	53.7747	84.0688	93.8844	100.48	84.0595	81.4302	
8	1	1	1	1	1	60.7289	46.6081	41.5669	44.019	53.7747	84.0685	93.8841	100.479	84.0592	81.4301	
9	1	1	1	1	1	60.7286	46.6079	41.5667	44.0189	53.7746	84.0682	93.8839	100.478	84.059	81.4299	
10	1	1	1	1	1	60.7284	46.6077	41.5665	44.0188	53.7746	84.0679	93.8836	100.478	84.0588	81.4298	
11	1	1	1	1	1	60.7282	46.6075	41.5663	44.0187	53.7746	84.0676	93.8834	100.477	84.0586	81.4296	
12	1	1	1	1	1	60.728	46.6073	41.5661	44.0186	53.7745	84.0673	93.8831	100.476	84.0584	81.4295	
13	1	1	1	1	1	60.7277	46.6071	41.5659	44.0185	53.7745	84.0669	93.8829	100.475	84.0581	81.4294	
14	1	1	1	1	1	60.7275	46.6069	41.5657	44.0184	53.7744	84.0666	93.8826	100.475	84.0579	81.4292	
15	1	1	1	1	1	60.7273	46.6067	41.5655	44.0183	53.7744	84.0663	93.8823	100.474	84.0577	81.4291	
16	1	1	1	1	1	60.7271	46.6064	41.5653	44.0183	53.7743	84.0659	93.8821	100.473	84.0574	81.4289	
17	1	1	1	1	1	60.7268	46.6062	41.5651	44.0182	53.7743	84.0656	93.8818	100.472	84.0572	81.4288	
18	1	1	1	1	1	60.7266	46.606	41.5649	44.0181	53.7743	84.0653	93.8815	100.471	84.057	81.4286	
19	1	1	1	1	1	60.7263	46.6058	41.5647	44.018	53.7742	84.0649	93.8812	100.471	84.0567	81.4285	
20	1	1	1	1	1	60.7261	46.6056	41.5645	44.0179	53.7742	84.0646	93.881	100.47	84.0565	81.4283	
21	1	1	1	1	1	60.7258	46.6053	41.5643	44.0178	53.7741	84.0642	93.8807	100.469	84.0562	81.4282	
22	1	1	1	1	1	60.7256	46.6051	41.564	44.0177	53.7741	84.0639	93.8804	100.468	84.056	81.428	
23	1	1	1	1	1	60.7253	46.6049	41.5638	44.0176	53.774	84.0635	93.8801	100.467	84.0557	81.4278	
24	1	1	1	1	1	60.7251	46.6046	41.5636	44.0175	53.774	84.0632	93.8798	100.466	84.0555	81.4277	
25	1	1	1	1	1	60.7248	46.6044	41.5634	44.0174	53.774	84.0628	93.8795	100.466	84.0552	81.4275	
26	1	1	1	1	1	60.7246	46.6042	41.5631	44.0173	53.7739	84.0624	93.8792	100.465	84.055	81.4274	
27	1	1	1	1	1	60.7243	46.6039	41.5629	44.0172	53.7739	84.0621	93.8789	100.464	84.0547	81.4272	
28	1	1	1	1	1	60.724	46.6037	41.5627	44.0171	53.7738	84.0617	93.8786	100.463	84.0544	81.427	
29	1	1	1	1	1	60.7238	46.6034	41.5624	44.017	53.7738	84.0613	93.8783	100.462	84.0542	81.4269	
30	1	1	1	1	1	60.7235	46.6032	41.5622	44.0169	53.7737	84.0609	93.878	100.461	84.0539	81.4267	
31	1	1	1	1	1	60.7232	46.6029	41.562	44.0168	53.7737	84.0605	93.8777	100.46	84.0536	81.4265	
32	1	1	1	1	1	60.723	46.6027	41.5617	44.0167	53.7736	84.0601	93.8774	100.459	84.0533	81.4263	
33	1	1	1	1	1	60.7227	46.6024	41.5615	44.0166	53.7736	84.0598	93.8771	100.458	84.0531	81.4262	
34	1	1	1	1	1	60.7224	46.6022	41.5612	44.0164	53.7735	84.0594	93.8767	100.457	84.0528	81.426	
35	1	1	1	1	1	60.7221	46.6019	41.561	44.0163	53.7735	84.0589	93.8764	100.457	84.0525	81.4258	
36	1	1	1	1	1	60.7218	46.6017	41.5607	44.0162	53.7734	84.0585	93.8761	100.456	84.0522	81.4256	
37	1	1	1	1	1	60.7215	46.6014	41.5605	44.0161	53.7734	84.0581	93.8757	100.455	84.0519	81.4255	
38	1	1	1	1	1	60.7212	46.6011	41.5602	44.016	53.7733	84.0577	93.8754	100.454	84.0516	81.4253	
39	1	1	1	1	1	60.7209	46.6009	41.56	44.0159	53.7733	84.0573	93.8751	100.453	84.0513	81.4251	
40	1	1	1	1	1	60.7206	46.6006	41.5597	44.0158	53.7732	84.0569	93.8747	100.452	84.051	81.4249	
41	1	1	1	1	1	60.7203	46.6003	41.5594	44.0156	53.7732	84.0564	93.8744	100.451	84.0507	81.4247	
42	1	1	1	1	1	60.72	46.6	41.5592	44.0155	53.7731	84.056	93.874	100.45	84.0504	81.4245	
43	1	1	1	1	1	60.7197	46.5997	41.5589	44.0154	53.7731	84.0556	93.8737	100.449	84.0501	81.4243	
44	1	1	1	1	1	60.7194	46.5995	41.5586	44.0153	53.773	84.0551	93.8733	100.448	84.0498	81.4241	
45	1	1	1	1	1	60.7191	46.5992	41.5583	44.0152	53.7729	84.0547	93.873	100.446	84.0495	81.4239	
46	1	1	1	1	1	60.7188	46.5989	41.5581	44.015	53.7729	84.0542	93.8726	100.445	84.0492	81.4237	
47	1	1	1	1	1	60.7185	46.5986	41.5578	44.0149	53.7728	84.0538	93.8722	100.444	84.0489	81.4235	
48	1	1	1	1	1	60.7181	46.5983	41.5575	44.0148	53.7728	84.0533	93.8719	100.443	84.0485	81.4233	
49	1	1	1	1	1	60.7178	46.598	41.5572	44.0147	53.7727	84.0529	93.8715	100.442	84.0482	81.4231	
50	1	1	1	1	1	60.7175	46.5977	41.5569	44.0145	53.7727	84.0524	93.8711	100.441	84.0479	81.4229	
51	1	1	1	1	1	60.7171	46.5974	41.5566	44.0144	53.7726	84.0519	93.8707	100.44	84.0475	81.4227	
52	1	1	1	1	1	60.7168	46.5971	41.5563	44.0143	53.7725	84.0514	93.8703	100.439	84.0472	81.4225	
53	1	1	1	1	1	60.7165	46.5968	41.556	44.0141	53.7725	84.051	93.87	100.438	84.0469	81.4223	
54	1	1	1	1	1	60.7161	46.5965	41.5557	44.014	53.7724	84.0505	93.8696	100.437	84.0465	81.4221	
55	1	1	1	1	1	60.7158	46.5961	41.5554	44.0139	53.7724	84.05	93.8692	100.435	84.0462	81.4218	
56	1	1	1	1	1	60.7154	46.5958	41.5551	44.0137	53.7723	84.0495	93.8688	100.434	84.0458	81.4216	
57	1	1	1	1	1	60.7151	46.5955	41.5548	44.0136	53.7722	84.049	93.8684	100.433	84.0455	81.4214	
58	1	1	1	1	1	60.7147	46.5952	41.5545	44.0135	53.7722	84.0485	93.8679	100.432	84.0451	81.4212	
59	1	1	1	1	1	60.7143	46.5948	41.5542	44.0133	53.7721	84.048	93.8675	100.431	84.0447	81.4209	
60	1	1	1	1	1	60.714	46.5945	41.5538	44.0132	53.772	84.0474	93.8671	100.429	84.0444	81.4207	
61	1	1	1	1	1	60.7136	46.5942	41.5535	44.013	53.772	84.0469	93.8667	100.428	84.044	81.4205	
62	1	1	1	1	1	60.7132	46.5938	41.5532	44.0129	53.7719	84.0464	93.8663	100.427	84.0436	81.4202	
63	1	1	1	1	1	60.7129	46.5935	41.5529	44.0127	53.7718	84.0458	93.8658	100.426	84.0433	81.42	
64	1	1	1	1	1	60.7125	46.5931	41.5525	44.0126	53.7718	84.0453	93.8654	100.424	84.0429	81.4198	
65	1	1	1	1	1	60.7121	46.5928	41.5522	44.0124	53.7717	84.0448	93.8649	100.423	84.0425	81.4195	
66	1	1	1	1	1	60.7117	46.5924	41.5518	44.0123	53.7716	84.0442	93.8645	100.422	84.0421	81.4193	
67	1	1	1	1	1	60.7113	46.5921	41.5515	44.0121	53.7716	84.0437	93.8641	100.42	84.0417	81.419	
68	1	1	1	1	1	60.7109	46.5917	41.5511	44.012	53.7715	84.0431	93.8636	100.419	84.0413	81.4188	
69	1	1	1	1	1	60.7105	46.5913	41.5508	44.0118	53.7714	84.0425	93.8631	100.418	84.0409	81.4185	
70	1	1	1	1	1	60.7101	46.591	41.5504	44.0117	53.7714	84.042	93.8627	100.416	84.0405	81.4183	
71	1	1	1	1	1	60.7097	46.5906	41.5501	44.0115	53.7713	84.0414	93.8622	100.415	84.0401	81.418	
72	1	1	1	1	1	60.7093	46.5902	41.5497	44.0114	53.7712	84.0408	93.8617	100.414	84.0397	81.4178	
73	1	1	1	1	1	60.7089	46.5898	41.5494	44.0112	53.7711	84.0402	93.8613	100.412	84.0393	81.4175	
74	1	1	1	1	1	60.7084	46.5894	41.549	44.011	53.7711	84.0396	93.8608	100.411	84.0388	81.4172	
75	1	1	1	1	1	60.708	46.589	41.5486	44.0109	53.771	84.039	93.8603	100.41	84.0384	81.417	
76	1	1	1	1	1	60.7076	46.5887	41.5482	44.0107	53.7709	84.0384	93.8598	100.408	84.038	81.4167	
77	1	1	1	1	1	60.7072	46.5883	41.5479	44.0105	53.7708	84.0378	93.8593	100.407	84.0376	81.4164	
78	1	1	1	1	1	60.7067	46.5879	41.5475	44.0104	53.7708	84.0371	93.8588	100.405	84.0371	81.4161	
79	1	1	1	1	1	60.7063	46.5874	41.5471	44.0102	53.7707	84.0365	93.8583	100.404	84.0367	81.4159	
80	1	1	1	1	1	60.7058	46.587	41.5467	44.01	53.7706	84.0359	93.8578	100.402	84.0362	81.4156	
81	1	1	1	1	1	60.7054	46.5866	41.5463	44.0098	53.7705	84.0352	93.8573	100.401	84.0358	81.4153	
82	1	1	1	1	1	60.7049	46.5862	41.5459	44.0097	53.7704	84.0346	93.8567	100.399	84.0353	81.415	
83	1	1	1	1	1	60.7045	46.5858	41.5455	44.0095	53.7703	84.0339	93.8562	100.398	84.0349	81.4147	
84	1	1	1	1	1	60.704	46.5854	41.5451	44.0093	53.7703	84.0333	93.8557	100.396	84.0344	81.4144	
85	1	1	1	1	1	60.7035	46.5849	41.5447	44.0091	53.7702	84.0326	93.8551	100.394	84.0339	81.4141	
86	1	1	1	1	1	60.703	46.5845	41.5442	44.0089	53.7701	84.0319	93.8546	100.393	84.0334	81.4138	
87	1	1	1	1	1	60.7026	46.584	41.5438	44.0087	53.77	84.0313	93.854	100.391	84.033	81.4135	
88	1	1	1	1	1	60.7021	46.5836	41.5434	44.0086	53.7699	84.0306	93.8535	100.39	84.0325	81.4132	
89	1	1	1	1	1	60.7016	46.5832	41.543	44.0084	53.7698	84.0299	93.8529	100.388	84.032	81.4129	
90	1	1	1	1	1	60.7011	46.5827	41.5425	44.0082	53.7697	84.0292	93.8524	100.386	84.0315	81.4126	
91	1	1	1	1	1	60.7006	46.5822	41.5421	44.008	53.7697	84.0285	93.8518	100.385	84.031	81.4123	
92	1	1	1	1	1	60.7001	46.5818	41.5416	44.0078	53.7696	84.0277	93.8512	100.383	84.0305	81.412	
93	1	1	1	1	1	60.6996	46.5813	41.5412	44.0076	53.7695	84.027	93.8506	100.381	84.03	81.4117	
94	1	1	1	1	1	60.699	46.5808	41.5407	44.0074	53.7694	84.0263	93.85	100.38	84.0295	81.4113	
95	1	1	1	1	1	60.6985	46.5804	41.5403	44.0072	53.7693	84.0255	93.8494	100.378	84.0289	81.411	
96	1	1	1	1	1	60.698	46.5799	41.5398	44.007	53.7692	84.0248	93.8488	100.376	84.0284	81.4107	
97	1	1	1	1	1	60.6975	46.5794	41.5393	44.0068	53.7691	84.024	93.8482	100.374	84.0279	81.4103	
98	1	1	1	1	1	60.6969	46.5789	41.5389	44.0066	53.769	84.0233	93.8476	100.372	84.0273	81.41	
99	1	1	1	1	1	60.6964	46.5784	41.5384	44.0064	53.7689	84.0225	93.847	100.371	84.0268	81.4097	
100	1	1	1	1	1	60.6958	46.5779	41.5379	44.0061	53.7688	84.0217	93.8463	100.369	84.0262	81.4093	
101	1	1	1	1	1	60.6953	46.5774	41.5374	44.0059	53.7687	84.0209	93.8457	100.367	84.0257	81.409	
102	1	1	1	1	1	60.6947	46.5769	41.5369	44.0057	53.7686	84.0202	93.8451	100.365	84.0251	81.4086	
103	1	1	1	1	1	60.6941	46.5764	41.5364	44.0055	53.7685	84.0194	93.8444	100.363	84.0246	81.4083	
104	1	1	1	1	1	60.6936	46.5758	41.5359	44.0053	53.7684	84.0185	93.8438	100.361	84.024	81.4079	
105	1	1	1	1	1	60.693	46.5753	41.5354	44.005	53.7683	84.0177	93.8431	100.359	84.0234	81.4075	
106	1	1	1	1	1	60.6924	46.5748	41.5349	44.0048	53.7682	84.0169	93.8424	100.357	84.0228	81.4072	
107	1	1	1	1	1	60.6918	46.5742	41.5344	44.0046	53.7681	84.0161	93.8418	100.355	84.0222	81.4068	
108	1	1	1	1	1	60.6912	46.5737	41.5339	44.0044	53.768	84.0152	93.8411	100.353	84.0216	81.4064	
109	1	1	1	1	1	60.6906	46.5731	41.5334	44.0041	53.7679	84.0144	93.8404	100.351	84.021	81.406	
110	1	1	1	1	1	60.69	46.5726	41.5328	44.0039	53.7678	84.0135	93.8397	100.349	84.0204	81.4057	
111	1	1	1	1	1	60.6894	46.572	41.5323	44.0036	53.7677	84.0126	93.839	100.347	84.0198	81.4053	
112	1	1	1	1	1	60.6888	46.5714	41.5317	44.0034	53.7676	84.0118	93.8383	100.345	84.0192	81.4049	
113	1	1	1	1	1	60.6882	46.5709	41.5312	44.0032	53.7674	84.0109	93.8376	100.343	84.0186	81.4045	
114	1	1	1	1	1	60.6875	46.5703	41.5306	44.0029	53.7673	84.01	93.8369	100.341	84.0179	81.4041	
115	1	1	1	1	1	60.6869	46.5697	41.5301	44.0027	53.7672	84.0091	93.8361	100.339	84.0173	81.4037	
116	1	1	1	1	1	60.6862	46.5691	41.5295	44.0024	53.7671	84.0082	93.8354	100.337	84.0167	81.4033	
117	1	1	1	1	1	60.6856	46.5685	41.5289	44.0022	53.767	84.0072	93.8346	100.335	84.016	81.4029	
118	1	1	1	1	1	60.6849	46.5679	41.5284	44.0019	53.7669	84.0063	93.8339	100.332	84.0153	81.4025	
119	1	1	1	1	1	60.6843	46.5673	41.5278	44.0017	53.7668	84.0053	93.8331	100.33	84.0147	81.402	
120	1	1	1	1	1	60.6836	46.5667	41.5272	44.0014	53.7666	84.0044	93.8323	100.328	84.014	81.4016	
121	1	1	1	1	1	60.6829	46.5661	41.5266	44.0011	53.7665	84.0034	93.8316	100.326	84.0133	81.4012	
122	1	1	1	1	1	60.6822	46.5654	41.526	44.0009	53.7664	84.0025	93.8308	100.323	84.0126	81.4008	
123	1	1	1	1	1	60.6815	46.5648	41.5254	44.0006	53.7663	84.0015	93.83	100.321	84.0119	81.4003	
124	1	1	1	1	1	60.6808	46.5642	41.5248	44.0003	53.7661	84.0005	93.8292	100.319	84.0112	81.3999	
125	1	1	1	1	1	60.6801	46.5635	41.5241	44.0001	53.766	83.9995	93.8284	100.316	84.0105	81.3994	
126	1	1	1	1	1	60.6794	46.5628	41.5235	43.9998	53.7659	83.9985	93.8276	100.314	84.0098	81.399	
127	1	1	1	1	1	60.6787	46.5622	41.5229	43.9995	53.7658	83.9974	93.8267	100.312	84.0091	81.3985	
128	1	1	1	1	1	60.6779	46.5615	41.5222	43.9992	53.7656	83.9964	93.8259	100.309	84.0084	81.3981	
129	1	1	1	1	1	60.6772	46.5608	41.5216	43.9989	53.7655	83.9954	93.8251	100.307	84.0076	81.3976	
130	1	1	1	1	1	60.6765	46.5602	41.521	43.9986	53.7654	83.9943	93.8242	100.304	84.0069	81.3972	
131	1	1	1	1	1	60.6757	46.5595	41.5203	43.9984	53.7652	83.9932	93.8233	100.302	84.0061	81.3967	
132	1	1	1	1	1	60.6749	46.5588	41.5196	43.9981	53.7651	83.9922	93.8225	100.299	84.0054	81.3962	
133	1	1	1	1	1	60.6742	46.5581	41.519	43.9978	53.7649	83.9911	93.8216	100.297	84.0046	81.3957	
134	1	1	1	1	1	60.6734	46.5574	41.5183	43.9975	53.7648	83.99	93.8207	100.294	84.0038	81.3952	
135	1	1	1	1	1	60.6726	46.5566	41.5176	43.9972	53.7647	83.9889	93.8198	100.291	84.003	81.3947	
136	1	1	1	1	1	60.6718	46.5559	41.5169	43.9969	53.7645	83.9877	93.8189	100.289	84.0023	81.3942	
137	1	1	1	1	1	60.671	46.5552	41.5162	43.9965	53.7644	83.9866	93.818	100.286	84.0015	81.3937	
138	1	1	1	1	1	60.6702	46.5544	41.5155	43.9962	53.7642	83.9855	93.8171	100.283	84.0006	81.3932	
139	1	1	1	1	1	60.6694	46.5537	41.5148	43.9959	53.7641	83.9843	93.8161	100.281	83.9998	81.3927	
140	1	1	1	1	1	60.6686	46.5529	41.514	43.9956	53.7639	83.9831	93.8152	100.278	83.999	81.3922	
141	1	1	1	1	1	60.6677	46.5522	41.5133	43.9953	53.7638	83.982	93.8142	100.275	83.9982	81.3917	
142	1	1	1	1	1	60.6669	46.5514	41.5126	43.9949	53.7636	83.9808	93.8133	100.272	83.9973	81.3912	
143	1	1	1	1	1	60.666	46.5506	41.5118	43.9946	53.7635	83.9796	93.8123	100.269	83.9965	81.3906	
144	1	1	1	1	1	60.6652	46.5498	41.5111	43.9943	53.7633	83.9783	93.8113	100.267	83.9956	81.3901	
145	1	1	1	1	1	60.6643	46.549	41.5103	43.994	53.7632	83.9771	93.8103	100.264	83.9947	81.3895	
146	1	1	1	1	1	60.6634	46.5482	41.5096	43.9936	53.763	83.9759	93.8093	100.261	83.9939	81.389	
147	1	1	1	1	1	60.6626	46.5474	41.5088	43.9933	53.7629	83.9746	93.8083	100.258	83.993	81.3884	
148	1	1	1	1	1	60.6617	46.5466	41.508	43.9929	53.7627	83.9733	93.8073	100.255	83.9921	81.3879	
149	1	1	1	1	1	60.6608	46.5458	41.5072	43.9926	53.7625	83.9721	93.8062	100.252	83.9912	81.3873	
150	1	1	1	1	1	60.6598	46.5449	41.5064	43.9922	53.7624	83.9708	93.8052	100.249	83.9903	81.3867	
151	1	1	1	1	1	60.6589	46.5441	41.5056	43.9919	53.7622	83.9695	93.8041	100.246	83.9893	81.3861	
152	1	1	1	1	1	60.658	46.5432	41.5048	43.9915	53.762	83.9681	93.8031	100.243	83.9884	81.3856	
153	1	1	1	1	1	60.657	46.5423	41.504	43.9911	53.7619	83.9668	93.802	100.239	83.9875	81.385	
154	1	1	1	1	1	60.6561	46.5415	41.5031	43.9908	53.7617	83.9655	93.8009	100.236	83.9865	81.3844	
155	1	1	1	1	1	60.6551	46.5406	41.5023	43.9904	53.7615	83.9641	93.7998	100.233	83.9856	81.3838	
156	1	1	1	1	1	60.6541	46.5397	41.5014	43.99	53.7613	83.9627	93.7987	100.23	83.9846	81.3832	
157	1	1	1	1	1	60.6532	46.5388	41.5006	43.9897	53.7612	83.9613	93.7976	100.226	83.9836	81.3825	
158	1	1	1	1	1	60.6522	46.5379	41.4997	43.9893	53.761	83.9599	93.7964	100.223	83.9826	81.3819	
159	1	1	1	1	1	60.6512	46.537	41.4988	43.9889	53.7608	83.9585	93.7953	100.22	83.9816	81.3813	
160	1	1	1	1	1	60.6502	46.536	41.4979	43.9885	53.7606	83.9571	93.7941	100.216	83.9806	81.3807	
161	1	1	1	1	1	60.6491	46.5351	41.497	43.9881	53.7604	83.9556	93.793	100.213	83.9796	81.38	
162	1	1	1	1	1	60.6481	46.5341	41.4961	43.9877	53.7602	83.9542	93.7918	100.21	83.9785	81.3794	
163	1	1	1	1	1	60.6471	46.5332	41.4952	43.9873	53.7601	83.9527	93.7906	100.206	83.9775	81.3787	
164	1	1	1	1	1	60.646	46.5322	41.4943	43.9869	53.7599	83.9512	93.7894	100.203	83.9764	81.378	
165	1	1	1	1	1	60.6449	46.5312	41.4934	43.9865	53.7597	83.9497	93.7882	100.199	83.9754	81.3774	
166	1	1	1	1	1	60.6439	46.5302	41.4924	43.9861	53.7595	83.9482	93.7869	100.195	83.9743	81.3767	
167	1	1	1	1	1	60.6428	46.5292	41.4915	43.9856	53.7593	83.9466	93.7857	100.192	83.9732	81.376	
168	1	1	1	1	1	60.6417	46.5282	41.4905	43.9852	53.7591	83.9451	93.7844	100.188	83.9721	81.3753	
169	1	1	1	1	1	60.6406	46.5272	41.4895	43.9848	53.7589	83.9435	93.7832	100.184	83.971	81.3746	
170	1	1	1	1	1	60.6394	46.5262	41.4886	43.9844	53.7587	83.9419	93.7819	100.181	83.9699	81.3739	
171	1	1	1	1	1	60.6383	46.5251	41.4876	43.9839	53.7585	83.9403	93.7806	100.177	83.9687	81.3732	
172	1	1	1	1	1	60.6372	46.5241	41.4866	43.9835	53.7583	83.9387	93.7793	100.173	83.9676	81.3725	
173	1	1	1	1	1	60.636	46.523	41.4856	43.983	53.7581	83.937	93.778	100.169	83.9664	81.3718	
174	1	1	1	1	1	60.6348	46.522	41.4845	43.9826	53.7578	83.9354	93.7766	100.165	83.9653	81.371	
175	1	1	1	1	1	60.6336	46.5209	41.4835	43.9821	53.7576	83.9337	93.7753	100.161	83.9641	81.3703	
176	1	1	1	1	1	60.6324	46.5198	41.4825	43.9817	53.7574	83.932	93.7739	100.157	83.9629	81.3695	
177	1	1	1	1	1	60.6312	46.5187	41.4814	43.9812	53.7572	83.9303	93.7725	100.153	83.9617	81.3688	
178	1	1	1	1	1	60.63	46.5175	41.4803	43.9807	53.757	83.9286	93.7711	100.149	83.9605	81.368	
179	1	1	1	1	1	60.6288	46.5164	41.4793	43.9803	53.7567	83.9268	93.7697	100.145	83.9592	81.3673	
180	1	1	1	1	1	60.6275	46.5153	41.4782	43.9798	53.7565	83.9251	93.7683	100.141	83.958	81.3665	
181	1	1	1	1	1	60.6263	46.5141	41.4771	43.9793	53.7563	83.9233	93.7669	100.137	83.9567	81.3657	
182	1	1	1	1	1	60.625	46.5129	41.476	43.9788	53.7561	83.9215	93.7654	100.132	83.9555	81.3649	
183	1	1	1	1	1	60.6237	46.5118	41.4749	43.9783	53.7558	83.9197	93.764	100.128	83.9542	81.3641	
184	1	1	1	1	1	60.6224	46.5106	41.4737	43.9778	53.7556	83.9178	93.7625	100.124	83.9529	81.3633	
185	1	1	1	1	1	60.6211	46.5094	41.4726	43.9773	53.7554	83.916	93.761	100.12	83.9516	81.3625	
186	1	1	1	1	1	60.6198	46.5081	41.4714	43.9768	53.7551	83.9141	93.7595	100.115	83.9503	81.3616	
187	1	1	1	1	1	60.6185	46.5069	41.4703	43.9763	53.7549	83.9122	93.7579	100.111	83.9489	81.3608	
188	1	1	1	1	1	60.6171	46.5057	41.4691	43.9758	53.7546	83.9103	93.7564	100.106	83.9476	81.3599	
189	1	1	1	1	1	60.6157	46.5044	41.4679	43.9753	53.7544	83.9084	93.7548	100.102	83.9462	81.3591	
190	1	1	1	1	1	60.6144	46.5032	41.4667	43.9747	53.7541	83.9064	93.7533	100.097	83.9448	81.3582	
191	1	1	1	1	1	60.613	46.5019	41.4655	43.9742	53.7539	83.9045	93.7517	100.092	83.9434	81.3573	
192	1	1	1	1	1	60.6116	46.5006	41.4642	43.9737	53.7536	83.9025	93.7501	100.088	83.942	81.3565	
193	1	1	1	1	1	60.6101	46.4993	41.463	43.9731	53.7533	83.9004	93.7484	100.083	83.9406	81.3556	
194	1	1	1	1	1	60.6087	46.4979	41.4617	43.9726	53.7531	83.8984	93.7468	100.078	83.9392	81.3547	
195	1	1	1	1	1	60.6073	46.4966	41.4605	43.972	53.7528	83.8964	93.7451	100.073	83.9377	81.3538	
196	1	1	1	1	1	60.6058	46.4953	41.4592	43.9714	53.7525	83.8943	93.7435	100.068	83.9363	81.3528	
197	1	1	1	1	1	60.6043	46.4939	41.4579	43.9709	53.7523	83.8922	93.7418	100.063	83.9348	81.3519	
198	1	1	1	1	1	60.6028	46.4925	41.4566	43.9703	53.752	83.8901	93.7401	100.058	83.9333	81.351	
199	1	1	1	1	1	60.6013	46.4911	41.4553	43.9697	53.7517	83.8879	93.7383	100.053	83.9318	81.35	
200	1	1	1	1	1	60.5998	46.4897	41.4539	43.9691	53.7514	83.8858	93.7366	100.048	83.9302	81.3491	
201	1	1	1	1	1	60.5982	46.4883	41.4526	43.9685	53.7512	83.8836	93.7348	100.043	83.9287	81.3481	
202	1	1	1	1	1	60.5967	46.4868	41.4512	43.9679	53.7509	83.8814	93.733	100.038	83.9271	81.3471	
203	1	1	1	1	1	60.5951	46.4854	41.4499	43.9673	53.7506	83.8791	93.7312	100.033	83.9255	81.3461	
204	1	1	1	1	1	60.5935	46.4839	41.4485	43.9667	53.7503	83.8769	93.7294	100.027	83.924	81.3451	
205	1	1	1	1	1	60.5919	46.4824	41.4471	43.9661	53.75	83.8746	93.7276	100.022	83.9223	81.3441	
206	1	1	1	1	1	60.5902	46.4809	41.4457	43.9655	53.7497	83.8723	93.7257	100.016	83.9207	81.3431	
207	1	1	1	1	1	60.5886	46.4794	41.4442	43.9649	53.7494	83.87	93.7238	100.011	83.9191	81.3421	
208	1	1	1	1	1	60.5869	46.4779	41.4428	43.9642	53.7491	83.8676	93.7219	100.005	83.9174	81.341	
209	1	1	1	1	1	60.5853	46.4763	41.4413	43.9636	53.7488	83.8652	93.72	99.9997	83.9157	81.34	
210	1	1	1	1	1	60.5836	46.4748	41.4398	43.9629	53.7485	83.8628	93.7181	99.994	83.914	81.3389	
211	1	1	1	1	1	60.5818	46.4732	41.4383	43.9623	53.7481	83.8604	93.7161	99.9883	83.9123	81.3378	
212	1	1	1	1	1	60.5801	46.4716	41.4368	43.9616	53.7478	83.858	93.7141	99.9825	83.9106	81.3368	
213	1	1	1	1	1	60.5784	46.47	41.4353	43.961	53.7475	83.8555	93.7121	99.9767	83.9088	81.3357	
214	1	1	1	1	1	60.5766	46.4684	41.4338	43.9603	53.7472	83.853	93.7101	99.9708	83.9071	81.3345	
215	1	1	1	1	1	60.5748	46.4667	41.4322	43.9596	53.7468	83.8505	93.7081	99.9648	83.9053	81.3334	
216	1	1	1	1	1	60.573	46.465	41.4306	43.9589	53.7465	83.8479	93.706	99.9588	83.9035	81.3323	
217	1	1	1	1	1	60.5712	46.4634	41.4291	43.9582	53.7462	83.8453	93.7039	99.9527	83.9017	81.3312	
218	1	1	1	1	1	60.5693	46.4617	41.4274	43.9575	53.7458	83.8427	93.7018	99.9465	83.8998	81.33	
219	1	1	1	1	1	60.5675	46.4599	41.4258	43.9568	53.7455	83.8401	93.6997	99.9403	83.8979	81.3288	
220	1	1	1	1	1	60.5656	46.4582	41.4242	43.9561	53.7451	83.8374	93.6976	99.934	83.8961	81.3277	
221	1	1	1	1	1	60.5637	46.4565	41.4225	43.9553	53.7448	83.8347	93.6954	99.9276	83.8942	81.3265	
222	1	1	1	1	1	60.5618	46.4547	41.4209	43.9546	53.7444	83.832	93.6932	99.9212	83.8922	81.3253	
223	1	1	1	1	1	60.5598	46.4529	41.4192	43.9539	53.7441	83.8292	93.691	99.9147	83.8903	81.324	
224	1	1	1	1	1	60.5578	46.4511	41.4175	43.9531	53.7437	83.8265	93.6887	99.9082	83.8883	81.3228	
225	1	1	1	1	1	60.5559	46.4492	41.4157	43.9524	53.7433	83.8237	93.6865	99.9015	83.8864	81.3216	
226	1	1	1	1	1	60.5539	46.4474	41.414	43.9516	53.743	83.8208	93.6842	99.8948	83.8844	81.3203	
227	1	1	1	1	1	60.5518	46.4455	41.4122	43.9508	53.7426	83.818	93.6819	99.8881	83.8823	81.319	
228	1	1	1	1	1	60.5498	46.4436	41.4105	43.9501	53.7422	83.8151	93.6795	99.8812	83.8803	81.3178	
229	1	1	1	1	1	60.5477	46.4417	41.4087	43.9493	53.7418	83.8121	93.6772	99.8743	83.8782	81.3165	
230	1	1	1	1	1	60.5456	46.4398	41.4068	43.9485	53.7414	83.8092	93.6748	99.8673	83.8761	81.3152	
231	1	1	1	1	1	60.5435	46.4378	41.405	43.9477	53.741	83.8062	93.6724	99.8603	83.874	81.3138	
232	1	1	1	1	1	60.5414	46.4359	41.4032	43.9469	53.7406	83.8032	93.6699	99.8531	83.8719	81.3125	
233	1	1	1	1	1	60.5392	46.4339	41.4013	43.946	53.7402	83.8001	93.6675	99.8459	83.8697	81.3112	
234	1	1	1	1	1	60.537	46.4319	41.3994	43.9452	53.7398	83.797	93.665	99.8387	83.8675	81.3098	
235	1	1	1	1	1	60.5348	46.4298	41.3975	43.9444	53.7394	83.7939	93.6625	99.8313	83.8653	81.3084	
236	1	1	1	1	1	60.5326	46.4278	41.3955	43.9435	53.739	83.7908	93.6599	99.8239	83.8631	81.307	
237	1	1	1	1	1	60.5304	46.4257	41.3936	43.9427	53.7386	83.7876	93.6574	99.8163	83.8609	81.3056	
238	1	1	1	1	1	60.5281	46.4236	41.3916	43.9418	53.7381	83.7844	93.6548	99.8087	83.8586	81.3042	
239	1	1	1	1	1	60.5258	46.4215	41.3896	43.9409	53.7377	83.7811	93.6522	99.8011	83.8563	81.3028	
240	1	1	1	1	1	60.5235	46.4193	41.3876	43.94	53.7373	83.7779	93.6495	99.7933	83.854	81.3013	
241	1	1	1	1	1	60.5211	46.4171	41.3856	43.9392	53.7368	83.7745	93.6468	99.7855	83.8516	81.2998	
242	1	1	1	1	1	60.5187	46.415	41.3835	43.9383	53.7364	83.7712	93.6441	99.7775	83.8493	81.2983	
243	1	1	1	1	1	60.5164	46.4127	41.3814	43.9374	53.7359	83.7678	93.6414	99.7695	83.8469	81.2968	
244	1	1	1	1	1	60.5139	46.4105	41.3793	43.9364	53.7355	83.7644	93.6386	99.7614	83.8444	81.2953	
245	1	1	1	1	1	60.5115	46.4082	41.3772	43.9355	53.735	83.7609	93.6359	99.7533	83.842	81.2938	
246	1	1	1	1	1	60.509	46.4059	41.3751	43.9346	53.7345	83.7574	93.633	99.745	83.8395	81.2923	
247	1	1	1	1	1	60.5065	46.4036	41.3729	43.9336	53.7341	83.7539	93.6302	99.7366	83.837	81.2907	
248	1	1	1	1	1	60.504	46.4013	41.3707	43.9327	53.7336	83.7503	93.6273	99.7282	83.8345	81.2891	
249	1	1	1	1	1	60.5014	46.3989	41.3685	43.9317	53.7331	83.7467	93.6244	99.7197	83.8319	81.2875	
250	1	1	1	1	1	60.4989	46.3965	41.3663	43.9307	53.7326	83.7431	93.6215	99.711	83.8294	81.2859	
251	1	1	1	1	1	60.4962	46.3941	41.364	43.9297	53.7321	83.7394	93.6185	99.7023	83.8268	81.2843	
252	1	1	1	1	1	60.4936	46.3917	41.3617	43.9287	53.7316	83.7357	93.6155	99.6935	83.8241	81.2826	
253	1	1	1	1	1	60.4909	46.3892	41.3594	43.9277	53.7311	83.7319	93.6124	99.6846	83.8215	81.281	
254	1	1	1	1	1	60.4883	46.3867	41.3571	43.9267	53.7306	83.7281	93.6094	99.6756	83.8188	81.2793	
255	1	1	1	1	1	60.4855	46.3842	41.3547	43.9257	53.7301	83.7243	93.6063	99.6665	83.8161	81.2776	
256	1	1	1	1	1	60.4828	46.3816	41.3524	43.9246	53.7296	83.7204	93.6031	99.6573	83.8133	81.2759	
257	1	1	1	1	1	60.48	46.3791	41.35	43.9236	53.729	83.7164	93.6	99.6481	83.8105	81.2741	
258	1	1	1	1	1	60.4772	46.3765	41.3475	43.9225	53.7285	83.7125	93.5968	99.6387	83.8077	81.2724	
259	1	1	1	1	1	60.4744	46.3738	41.3451	43.9215	53.728	83.7085	93.5936	99.6292	83.8049	81.2706	
260	1	1	1	1	1	60.4715	46.3712	41.3426	43.9204	53.7274	83.7044	93.5903	99.6196	83.802	81.2688	
261	1	1	1	1	1	60.4686	46.3685	41.3401	43.9193	53.7269	83.7003	93.587	99.6099	83.7991	81.267	
262	1	1	1	1	1	60.4657	46.3658	41.3376	43.9182	53.7263	83.6962	93.5836	99.6001	83.7962	81.2652	
263	1	1	1	1	1	60.4627	46.363	41.335	43.9171	53.7257	83.692	93.5803	99.5902	83.7932	81.2633	
264	1	1	1	1	1	60.4597	46.3602	41.3324	43.9159	53.7252	83.6878	93.5769	99.5802	83.7902	81.2614	
265	1	1	1	1	1	60.4567	46.3574	41.3298	43.9148	53.7246	83.6835	93.5734	99.5701	83.7872	81.2596	
266	1	1	1	1	1	60.4536	46.3546	41.3272	43.9137	53.724	83.6792	93.5699	99.5599	83.7842	81.2576	
267	1	1	1	1	1	60.4505	46.3517	41.3245	43.9125	53.7234	83.6748	93.5664	99.5495	83.7811	81.2557	
268	1	1	1	1	1	60.4474	46.3488	41.3218	43.9113	53.7228	83.6704	93.5629	99.5391	83.778	81.2538	
269	1	1	1	1	1	60.4443	46.3459	41.3191	43.9101	53.7222	83.6659	93.5593	99.5285	83.7748	81.2518	
270	1	1	1	1	1	60.4411	46.3429	41.3163	43.9089	53.7216	83.6614	93.5556	99.5179	83.7716	81.2498	
271	1	1	1	1	1	60.4378	46.3399	41.3135	43.9077	53.721	83.6569	93.552	99.5071	83.7684	81.2478	
272	1	1	1	1	1	60.4346	46.3369	41.3107	43.9065	53.7203	83.6523	93.5482	99.4962	83.7651	81.2457	
273	1	1	1	1	1	60.4313	46.3338	41.3079	43.9053	53.7197	83.6476	93.5445	99.4852	83.7618	81.2437	
274	1	1	1	1	1	60.428	46.3307	41.305	43.904	53.7191	83.6429	93.5407	99.474	83.7585	81.2416	
275	1	1	1	1	1	60.4246	46.3276	41.3021	43.9027	53.7184	83.6382	93.5369	99.4628	83.7551	81.2395	
276	1	1	1	1	1	60.4212	46.3245	41.2992	43.9015	53.7178	83.6334	93.533	99.4514	83.7517	81.2374	
277	1	1	1	1	1	60.4177	46.3213	41.2962	43.9002	53.7171	83.6285	93.5291	99.4399	83.7483	81.2352	
278	1	1	1	1	1	60.4143	46.318	41.2932	43.8989	53.7164	83.6236	93.5251	99.4283	83.7448	81.2331	
279	1	1	1	1	1	60.4108	46.3147	41.2902	43.8976	53.7157	83.6186	93.5211	99.4165	83.7413	81.2309	
280	1	1	1	1	1	60.4072	46.3114	41.2871	43.8962	53.715	83.6136	93.5171	99.4047	83.7378	81.2287	
281	1	1	1	1	1	60.4036	46.3081	41.284	43.8949	53.7143	83.6086	93.513	99.3926	83.7342	81.2264	
282	1	1	1	1	1	60.4	46.3047	41.2809	43.8935	53.7136	83.6034	93.5089	99.3805	83.7305	81.2242	
283	1	1	1	1	1	60.3963	46.3013	41.2777	43.8922	53.7129	83.5983	93.5047	99.3682	83.7269	81.2219	
284	1	1	1	1	1	60.3926	46.2979	41.2746	43.8908	53.7122	83.593	93.5005	99.3558	83.7232	81.2196	
285	1	1	1	1	1	60.3889	46.2944	41.2713	43.8894	53.7115	83.5877	93.4962	99.3433	83.7194	81.2172	
286	1	1	1	1	1	60.3851	46.2908	41.2681	43.888	53.7107	83.5824	93.4919	99.3306	83.7156	81.2149	
287	1	1	1	1	1	60.3812	46.2873	41.2648	43.8865	53.71	83.577	93.4876	99.3178	83.7118	81.2125	
288	1	1	1	1	1	60.3774	46.2836	41.2614	43.8851	53.7092	83.5715	93.4831	99.3049	83.7079	81.21	
289	1	1	1	1	1	60.3735	46.28	41.2581	43.8836	53.7084	83.566	93.4787	99.2918	83.704	81.2076	
290	1	1	1	1	1	60.3695	46.2763	41.2547	43.8821	53.7077	83.5604	93.4742	99.2785	83.7001	81.2051	
291	1	1	1	1	1	60.3655	46.2726	41.2512	43.8807	53.7069	83.5548	93.4697	99.2652	83.6961	81.2026	
292	1	1	1	1	1	60.3615	46.2688	41.2478	43.8791	53.7061	83.5491	93.4651	99.2516	83.692	81.2001	
293	1	1	1	1	1	60.3574	46.265	41.2443	43.8776	53.7053	83.5433	93.4604	99.238	83.6879	81.1976	
294	1	1	1	1	1	60.3532	46.2611	41.2407	43.8761	53.7045	83.5375	93.4557	99.2241	83.6838	81.195	
295	1	1	1	1	1	60.3491	46.2572	41.2371	43.8745	53.7036	83.5316	93.451	99.2102	83.6796	81.1924	
296	1	1	1	1	1	60.3448	46.2533	41.2335	43.873	53.7028	83.5256	93.4462	99.196	83.6754	81.1898	
297	1	1	1	1	1	60.3406	46.2493	41.2298	43.8714	53.702	83.5196	93.4413	99.1817	83.6711	81.1871	
298	1	1	1	1	1	60.3363	46.2453	41.2261	43.8698	53.7011	83.5135	93.4364	99.1673	83.6668	81.1844	
299	1	1	1	1	1	60.3319	46.2412	41.2224	43.8682	53.7002	83.5074	93.4314	99.1527	83.6625	81.1817	
300	1	1	1	1	1	60.3275	46.2371	41.2186	43.8665	53.6994	83.5012	93.4264	99.1379	83.6581	81.179	
301	1	1	1	1	1	60.323	46.2329	41.2148	43.8649	53.6985	83.4949	93.4214	99.123	83.6536	81.1762	
302	1	1	1	1	1	60.3185	46.2287	41.2109	43.8632	53.6976	83.4885	93.4162	99.1079	83.6491	81.1734	
303	1	1	1	1	1	60.314	46.2244	41.207	43.8615	53.6967	83.4821	93.4111	99.0927	83.6445	81.1705	
304	1	1	1	1	1	60.3094	46.2201	41.2031	43.8598	53.6957	83.4756	93.4058	99.0772	83.6399	81.1677	
305	1	1	1	1	1	60.3047	46.2157	41.1991	43.8581	53.6948	83.469	93.4005	99.0616	83.6353	81.1648	
306	1	1	1	1	1	60.3	46.2113	41.1951	43.8563	53.6939	83.4624	93.3952	99.0459	83.6306	81.1618	
307	1	1	1	1	1	60.2952	46.2069	41.191	43.8546	53.6929	83.4557	93.3898	99.0299	83.6258	81.1589	
308	1	1	1	1	1	60.2904	46.2024	41.1869	43.8528	53.6919	83.4489	93.3843	99.0138	83.621	81.1559	
309	1	1	1	1	1	60.2855	46.1978	41.1827	43.851	53.691	83.442	93.3788	98.9975	83.6161	81.1528	
310	1	1	1	1	1	60.2806	46.1932	41.1785	43.8492	53.69	83.4351	93.3732	98.981	83.6112	81.1498	
311	1	1	1	1	1	60.2756	46.1885	41.1743	43.8474	53.689	83.4281	93.3676	98.9644	83.6062	81.1467	
312	1	1	1	1	1	60.2706	46.1838	41.17	43.8455	53.6879	83.421	93.3618	98.9475	83.6012	81.1435	
313	1	1	1	1	1	60.2655	46.179	41.1656	43.8436	53.6869	83.4138	93.3561	98.9305	83.5961	81.1404	
314	1	1	1	1	1	60.2604	46.1742	41.1612	43.8417	53.6859	83.4066	93.3502	98.9133	83.591	81.1372	
315	1	1	1	1	1	60.2552	46.1693	41.1568	43.8398	53.6848	83.3993	93.3443	98.8959	83.5858	81.1339	
316	1	1	1	1	1	60.2499	46.1644	41.1523	43.8379	53.6838	83.3918	93.3384	98.8782	83.5805	81.1307	
317	1	1	1	1	1	60.2446	46.1594	41.1478	43.8359	53.6827	83.3844	93.3323	98.8604	83.5752	81.1274	
318	1	1	1	1	1	60.2392	46.1543	41.1432	43.834	53.6816	83.3768	93.3262	98.8424	83.5698	81.124	
319	1	1	1	1	1	60.2338	46.1492	41.1386	43.832	53.6805	83.3691	93.3201	98.8242	83.5644	81.1206	
320	1	1	1	1	1	60.2283	46.144	41.1339	43.8299	53.6793	83.3614	93.3138	98.8058	83.5589	81.1172	
321	1	1	1	1	1	60.2227	46.1388	41.1291	43.8279	53.6782	83.3536	93.3075	98.7872	83.5533	81.1138	
322	1	1	1	1	1	60.2171	46.1335	41.1244	43.8259	53.6771	83.3456	93.3011	98.7684	83.5477	81.1103	
323	1	1	1	1	1	60.2114	46.1282	41.1195	43.8238	53.6759	83.3376	93.2947	98.7493	83.542	81.1067	
324	1	1	1	1	1	60.2057	46.1228	41.1146	43.8217	53.6747	83.3296	93.2882	98.7301	83.5363	81.1032	
325	1	1	1	1	1	60.1999	46.1173	41.1097	43.8195	53.6735	83.3214	93.2816	98.7106	83.5305	81.0996	
326	1	1	1	1	1	60.194	46.1118	41.1047	43.8174	53.6723	83.3131	93.2749	98.6909	83.5246	81.0959	
327	1	1	1	1	1	60.188	46.1062	41.0996	43.8152	53.6711	83.3047	93.2682	98.671	83.5187	81.0922	
328	1	1	1	1	1	60.182	46.1005	41.0945	43.813	53.6698	83.2963	93.2614	98.6508	83.5126	81.0885	
329	1	1	1	1	1	60.1759	46.0948	41.0894	43.8108	53.6686	83.2877	93.2545	98.6305	83.5066	81.0847	
330	1	1	1	1	1	60.1698	46.089	41.0842	43.8086	53.6673	83.2791	93.2475	98.6099	83.5004	81.0809	
331	1	1	1	1	1	60.1636	46.0831	41.0789	43.8063	53.666	83.2703	93.2405	98.589	83.4942	81.077	
332	1	1	1	1	1	60.1573	46.0772	41.0735	43.804	53.6647	83.2615	93.2334	98.5679	83.4879	81.0731	
333	1	1	1	1	1	60.1509	46.0712	41.0682	43.8017	53.6634	83.2525	93.2262	98.5466	83.4816	81.0692	
334	1	1	1	1	1	60.1445	46.0651	41.0627	43.7994	53.662	83.2435	93.2189	98.5251	83.4751	81.0652	
335	1	1	1	1	1	60.138	46.059	41.0572	43.797	53.6607	83.2344	93.2115	98.5033	83.4686	81.0612	
336	1	1	1	1	1	60.1314	46.0527	41.0516	43.7946	53.6593	83.2251	93.2041	98.4812	83.4621	81.0571	
337	1	1	1	1	1	60.1248	46.0465	41.046	43.7922	53.6579	83.2158	93.1965	98.4589	83.4554	81.053	
338	1	1	1	1	1	60.118	46.0401	41.0403	43.7898	53.6565	83.2063	93.1889	98.4363	83.4487	81.0488	
339	1	1	1	1	1	60.1112	46.0337	41.0345	43.7873	53.655	83.1967	93.1812	98.4135	83.4419	81.0446	
340	1	1	1	1	1	60.1043	46.0271	41.0287	43.7848	53.6536	83.1871	93.1734	98.3904	83.435	81.0403	
341	1	1	1	1	1	60.0974	46.0205	41.0228	43.7823	53.6521	83.1773	93.1655	98.3671	83.428	81.036	
342	1	1	1	1	1	60.0903	46.0139	41.0169	43.7798	53.6506	83.1674	93.1576	98.3435	83.421	81.0316	
343	1	1	1	1	1	60.0832	46.0071	41.0109	43.7772	53.6491	83.1574	93.1495	98.3196	83.4139	81.0272	
344	1	1	1	1	1	60.076	46.0003	41.0048	43.7746	53.6476	83.1473	93.1414	98.2954	83.4067	81.0227	
345	1	1	1	1	1	60.0687	45.9934	40.9987	43.772	53.646	83.137	93.1331	98.271	83.3994	81.0182	
346	1	1	1	1	1	60.0613	45.9864	40.9924	43.7694	53.6444	83.1267	93.1248	98.2463	83.392	81.0137	
347	1	1	1	1	1	60.0539	45.9793	40.9862	43.7667	53.6428	83.1162	93.1164	98.2212	83.3846	81.009	
348	1	1	1	1	1	60.0463	45.9722	40.9798	43.764	53.6412	83.1056	93.1078	98.1959	83.377	81.0044	
349	1	1	1	1	1	60.0387	45.9649	40.9734	43.7612	53.6396	83.0949	93.0992	98.1703	83.3694	80.9997	
350	1	1	1	1	1	60.031	45.9576	40.9669	43.7585	53.6379	83.0841	93.0905	98.1444	83.3617	80.9949	
351	1	1	1	1	1	60.0232	45.9502	40.9603	43.7557	53.6362	83.0731	93.0817	98.1182	83.3539	80.99	
352	1	1	1	1	1	60.0153	45.9427	40.9537	43.7528	53.6345	83.062	93.0727	98.0917	83.346	80.9852	
353	1	1	1	1	1	60.0073	45.9351	40.947	43.75	53.6328	83.0508	93.0637	98.0649	83.338	80.9802	
354	1	1	1	1	1	59.9992	45.9274	40.9402	43.7471	53.631	83.0395	93.0546	98.0378	83.3299	80.9752	
355	1	1	1	1	1	59.991	45.9196	40.9333	43.7442	53.6293	83.028	93.0453	98.0103	83.3217	80.9702	
356	1	1	1	1	1	59.9827	45.9117	40.9264	43.7412	53.6275	83.0164	93.036	97.9826	83.3134	80.965	
357	1	1	1	1	1	59.9743	45.9037	40.9194	43.7383	53.6256	83.0047	93.0266	97.9545	83.3051	80.9599	
358	1	1	1	1	1	59.9659	45.8957	40.9123	43.7353	53.6238	82.9928	93.017	97.926	83.2966	80.9546	
359	1	1	1	1	1	59.9573	45.8875	40.9051	43.7322	53.6219	82.9808	93.0073	97.8973	83.288	80.9494	
360	1	1	1	1	1	59.9486	45.8792	40.8978	43.7291	53.62	82.9687	92.9975	97.8682	83.2794	80.944	
361	1	1	1	1	1	59.9398	45.8709	40.8905	43.726	53.6181	82.9564	92.9877	97.8387	83.2706	80.9386	
362	1	1	1	1	1	59.931	45.8624	40.8831	43.7229	53.6161	82.944	92.9776	97.8089	83.2617	80.9331	
363	1	1	1	1	1	59.922	45.8538	40.8756	43.7197	53.6141	82.9314	92.9675	97.7788	83.2528	80.9276	
364	1	1	1	1	1	59.9129	45.8451	40.868	43.7165	53.6121	82.9187	92.9573	97.7482	83.2437	80.922	
365	1	1	1	1	1	59.9037	45.8363	40.8603	43.7132	53.6101	82.9058	92.9469	97.7174	83.2345	80.9163	
366	1	1	1	1	1	59.8944	45.8275	40.8525	43.71	53.608	82.8928	92.9364	97.6861	83.2252	80.9105	
367	1	1	1	1	1	59.885	45.8184	40.8447	43.7067	53.6059	82.8796	92.9258	97.6545	83.2158	80.9047	
368	1	1	1	1	1	59.8754	45.8093	40.8368	43.7033	53.6038	82.8663	92.9151	97.6225	83.2063	80.8989	
369	1	1	1	1	1	59.8658	45.8001	40.8287	43.6999	53.6016	82.8528	92.9042	97.5901	83.1966	80.8929	
370	1	1	1	1	1	59.856	45.7908	40.8206	43.6965	53.5994	82.8392	92.8933	97.5573	83.1869	80.8869	
371	1	1	1	1	1	59.8462	45.7813	40.8124	43.693	53.5972	82.8254	92.8821	97.5242	83.177	80.8808	
372	1	1	1	1	1	59.8362	45.7717	40.8041	43.6895	53.5949	82.8114	92.8709	97.4906	83.167	80.8747	
373	1	1	1	1	1	59.826	45.762	40.7957	43.686	53.5926	82.7973	92.8595	97.4566	83.1569	80.8685	
374	1	1	1	1	1	59.8158	45.7522	40.7872	43.6824	53.5903	82.783	92.848	97.4222	83.1467	80.8622	
375	1	1	1	1	1	59.8054	45.7422	40.7786	43.6788	53.588	82.7685	92.8364	97.3874	83.1363	80.8558	
376	1	1	1	1	1	59.795	45.7322	40.7699	43.6752	53.5856	82.7539	92.8246	97.3522	83.1259	80.8493	
377	1	1	1	1	1	59.7843	45.722	40.7611	43.6715	53.5832	82.7391	92.8126	97.3165	83.1153	80.8428	
378	1	1	1	1	1	59.7736	45.7117	40.7523	43.6677	53.5807	82.7241	92.8006	97.2804	83.1045	80.8362	
379	1	1	1	1	1	59.7627	45.7012	40.7433	43.664	53.5782	82.7089	92.7884	97.2439	83.0937	80.8295	
380	1	1	1	1	1	59.7517	45.6906	40.7342	43.6601	53.5757	82.6936	92.776	97.2069	83.0827	80.8228	
381	1	1	1	1	1	59.7406	45.6799	40.725	43.6563	53.5731	82.678	92.7635	97.1695	83.0716	80.8159	
382	1	1	1	1	1	59.7293	45.669	40.7157	43.6524	53.5705	82.6623	92.7508	97.1316	83.0603	80.809	
383	1	1	1	1	1	59.7179	45.658	40.7063	43.6485	53.5678	82.6464	92.738	97.0932	83.0489	80.802	
384	1	1	1	1	1	59.7063	45.6469	40.6968	43.6445	53.5652	82.6303	92.7251	97.0544	83.0374	80.7949	
385	1	1	1	1	1	59.6946	45.6356	40.6871	43.6404	53.5624	82.6141	92.712	97.015	83.0257	80.7877	
386	1	1	1	1	1	59.6828	45.6242	40.6774	43.6364	53.5597	82.5976	92.6987	96.9752	83.0139	80.7805	
387	1	1	1	1	1	59.6708	45.6126	40.6675	43.6323	53.5569	82.5809	92.6853	96.9349	83.0019	80.7731	
388	1	1	1	1	1	59.6587	45.6009	40.6576	43.6281	53.554	82.564	92.6717	96.8941	82.9898	80.7657	
389	1	1	1	1	1	59.6464	45.589	40.6475	43.6239	53.5511	82.5469	92.6579	96.8528	82.9775	80.7582	
390	1	1	1	1	1	59.6339	45.577	40.6373	43.6196	53.5482	82.5296	92.644	96.811	82.9651	80.7506	
391	1	1	1	1	1	59.6213	45.5648	40.627	43.6153	53.5452	82.5121	92.6299	96.7686	82.9525	80.7429	
392	1	1	1	1	1	59.6086	45.5525	40.6166	43.611	53.5422	82.4944	92.6156	96.7257	82.9398	80.7351	
393	1	1	1	1	1	59.5957	45.5399	40.606	43.6066	53.5391	82.4765	92.6011	96.6823	82.9269	80.7272	
394	1	1	1	1	1	59.5826	45.5273	40.5953	43.6022	53.536	82.4584	92.5865	96.6383	82.9138	80.7192	
395	1	1	1	1	1	59.5693	45.5144	40.5845	43.5977	53.5328	82.44	92.5717	96.5938	82.9006	80.7111	
396	1	1	1	1	1	59.5559	45.5014	40.5736	43.5931	53.5296	82.4214	92.5567	96.5487	82.8873	80.7029	
397	1	1	1	1	1	59.5424	45.4883	40.5625	43.5886	53.5263	82.4026	92.5416	96.503	82.8737	80.6946	
398	1	1	1	1	1	59.5286	45.4749	40.5513	43.5839	53.523	82.3835	92.5262	96.4567	82.86	80.6862	
399	1	1	1	1	1	59.5147	45.4614	40.54	43.5792	53.5196	82.3642	92.5107	96.4099	82.8461	80.6777	
400	1	1	1	1	1	59.5006	45.4477	40.5286	43.5745	53.5162	82.3447	92.4949	96.3624	82.832	80.6691	
401	1	1	1	1	1	59.4863	45.4338	40.517	43.5697	53.5127	82.325	92.479	96.3144	82.8178	80.6604	
402	1	1	1	1	1	59.4718	45.4197	40.5052	43.5648	53.5091	82.3049	92.4629	96.2657	82.8034	80.6516	
403	1	1	1	1	1	59.4572	45.4054	40.4934	43.5599	53.5055	82.2847	92.4465	96.2164	82.7887	80.6427	
404	1	1	1	1	1	59.4423	45.391	40.4814	43.555	53.5019	82.2642	92.43	96.1664	82.7739	80.6336	
405	1	1	1	1	1	59.4273	45.3763	40.4692	43.55	53.4982	82.2434	92.4132	96.1158	82.759	80.6245	
406	1	1	1	1	1	59.4121	45.3615	40.4569	43.5449	53.4944	82.2224	92.3963	96.0646	82.7438	80.6152	
407	1	1	1	1	1	59.3967	45.3464	40.4445	43.5398	53.4906	82.2011	92.3791	96.0127	82.7284	80.6059	
408	1	1	1	1	1	59.381	45.3312	40.4319	43.5346	53.4867	82.1796	92.3617	95.9601	82.7128	80.5964	
409	1	1	1	1	1	59.3652	45.3157	40.4192	43.5294	53.4827	82.1577	92.3441	95.9068	82.6971	80.5868	
410	1	1	1	1	1	59.3492	45.3	40.4063	43.5241	53.4787	82.1357	92.3263	95.8528	82.6811	80.577	
411	1	1	1	1	1	59.3329	45.2841	40.3932	43.5187	53.4746	82.1133	92.3083	95.7981	82.6649	80.5672	
412	1	1	1	1	1	59.3165	45.268	40.38	43.5133	53.4705	82.0906	92.29	95.7427	82.6485	80.5572	
413	1	1	1	1	1	59.2998	45.2517	40.3667	43.5078	53.4662	82.0677	92.2715	95.6865	82.6319	80.5471	
414	1	1	1	1	1	59.2829	45.2351	40.3532	43.5023	53.4619	82.0445	92.2527	95.6296	82.615	80.5369	
415	1	1	1	1	1	59.2658	45.2183	40.3395	43.4967	53.4576	82.021	92.2337	95.572	82.598	80.5265	
416	1	1	1	1	1	59.2485	45.2013	40.3256	43.491	53.4531	81.9971	92.2145	95.5135	82.5807	80.516	
417	1	1	1	1	1	59.2309	45.1841	40.3116	43.4853	53.4486	81.973	92.195	95.4543	82.5632	80.5054	
418	1	1	1	1	1	59.2131	45.1666	40.2974	43.4795	53.444	81.9486	92.1753	95.3943	82.5455	80.4946	
419	1	1	1	1	1	59.195	45.1488	40.2831	43.4737	53.4394	81.9238	92.1553	95.3335	82.5275	80.4837	
420	1	1	1	1	1	59.1767	45.1308	40.2685	43.4678	53.4346	81.8988	92.135	95.2719	82.5093	80.4727	
421	1	1	1	1	1	59.1582	45.1126	40.2538	43.4618	53.4298	81.8734	92.1145	95.2094	82.4908	80.4615	
422	1	1	1	1	1	59.1394	45.0941	40.239	43.4557	53.4249	81.8477	92.0937	95.1461	82.4721	80.4501	
423	1	1	1	1	1	59.1204	45.0753	40.2239	43.4496	53.4199	81.8217	92.0727	95.0819	82.4532	80.4387	
424	1	1	1	1	1	59.101	45.0562	40.2086	43.4434	53.4148	81.7953	92.0514	95.0168	82.4339	80.427	
425	1	1	1	1	1	59.0815	45.0369	40.1932	43.4372	53.4096	81.7686	92.0298	94.9509	82.4145	80.4153	
426	1	1	1	1	1	59.0616	45.0173	40.1776	43.4308	53.4044	81.7415	92.0079	94.884	82.3947	80.4033	
427	1	1	1	1	1	59.0415	44.9975	40.1617	43.4244	53.399	81.7141	91.9857	94.8162	82.3747	80.3912	
428	1	1	1	1	1	59.0211	44.9773	40.1457	43.418	53.3936	81.6864	91.9632	94.7475	82.3545	80.379	
429	1	1	1	1	1	59.0005	44.9569	40.1295	43.4114	53.388	81.6582	91.9404	94.6778	82.3339	80.3666	
430	1	1	1	1	1	58.9795	44.9361	40.1131	43.4048	53.3824	81.6297	91.9174	94.6072	82.3131	80.354	
431	1	1	1	1	1	58.9583	44.9151	40.0964	43.3981	53.3767	81.6009	91.894	94.5355	82.2919	80.3413	
432	1	1	1	1	1	58.9367	44.8937	40.0796	43.3913	53.3708	81.5716	91.8703	94.4629	82.2705	80.3284	
433	1	1	1	1	1	58.9149	44.872	40.0626	43.3845	53.3649	81.542	91.8463	94.3892	82.2488	80.3153	
434	1	1	1	1	1	58.8927	44.8501	40.0453	43.3775	53.3588	81.512	91.8219	94.3145	82.2268	80.3021	
435	1	1	1	1	1	58.8702	44.8277	40.0279	43.3705	53.3527	81.4816	91.7973	94.2387	82.2045	80.2886	
436	1	1	1	1	1	58.8474	44.8051	40.0102	43.3634	53.3464	81.4507	91.7723	94.1619	82.1818	80.275	
437	1	1	1	1	1	58.8243	44.7821	39.9923	43.3563	53.34	81.4195	91.7469	94.0839	82.1589	80.2612	
438	1	1	1	1	1	58.8009	44.7588	39.9741	43.349	53.3335	81.3879	91.7213	94.0049	82.1356	80.2472	
439	1	1	1	1	1	58.7771	44.7351	39.9558	43.3417	53.3269	81.3558	91.6952	93.9247	82.112	80.2331	
440	1	1	1	1	1	58.753	44.7111	39.9372	43.3343	53.3201	81.3233	91.6688	93.8433	82.0881	80.2187	
441	1	1	1	1	1	58.7285	44.6867	39.9183	43.3267	53.3132	81.2904	91.6421	93.7608	82.0638	80.2042	
442	1	1	1	1	1	58.7037	44.6619	39.8993	43.3192	53.3062	81.257	91.615	93.677	82.0392	80.1894	
443	1	1	1	1	1	58.6785	44.6368	39.8799	43.3115	53.2991	81.2232	91.5875	93.5921	82.0142	80.1745	
444	1	1	1	1	1	58.6529	44.6113	39.8604	43.3037	53.2918	81.1889	91.5596	93.5059	81.9888	80.1593	
445	1	1	1	1	1	58.627	44.5854	39.8406	43.2958	53.2844	81.1542	91.5313	93.4184	81.9631	80.1439	
446	1	1	1	1	1	58.6007	44.559	39.8205	43.2879	53.2769	81.119	91.5026	93.3297	81.9371	80.1284	
447	1	1	1	1	1	58.574	44.5323	39.8002	43.2798	53.2692	81.0833	91.4736	93.2396	81.9106	80.1126	
448	1	1	1	1	1	58.5469	44.5052	39.7796	43.2717	53.2614	81.0472	91.4441	93.1482	81.8838	80.0966	
449	1	1	1	1	1	58.5193	44.4776	39.7587	43.2635	53.2534	81.0105	91.4142	93.0554	81.8565	80.0803	
450	1	1	1	1	1	58.4914	44.4497	39.7376	43.2551	53.2452	80.9734	91.3839	92.9612	81.8289	80.0639	
451	1	1	1	1	1	58.4631	44.4212	39.7162	43.2467	53.2369	80.9357	91.3532	92.8657	81.8008	80.0472	
452	1	1	1	1	1	58.4343	44.3924	39.6946	43.2382	53.2285	80.8975	91.322	92.7686	81.7724	80.0302	
453	1	1	1	1	1	58.4051	44.363	39.6726	43.2296	53.2198	80.8588	91.2903	92.6701	81.7435	80.0131	
454	1	1	1	1	1	58.3754	44.3332	39.6504	43.2208	53.211	80.8196	91.2583	92.5702	81.7141	79.9957	
455	1	1	1	1	1	58.3453	44.303	39.6278	43.212	53.2021	80.7798	91.2257	92.4686	81.6844	79.978	
456	1	1	1	1	1	58.3147	44.2722	39.605	43.2031	53.1929	80.7395	91.1927	92.3655	81.6542	79.9601	
457	1	1	1	1	1	58.2837	44.241	39.5819	43.194	53.1836	80.6986	91.1592	92.2609	81.6235	79.9419	
458	1	1	1	1	1	58.2521	44.2092	39.5584	43.1849	53.174	80.6572	91.1252	92.1546	81.5924	79.9235	
459	1	1	1	1	1	58.2201	44.177	39.5347	43.1756	53.1643	80.6151	91.0907	92.0466	81.5608	79.9048	
460	1	1	1	1	1	58.1876	44.1442	39.5106	43.1663	53.1544	80.5725	91.0557	91.937	81.5287	79.8858	
461	1	1	1	1	1	58.1545	44.1109	39.4863	43.1568	53.1443	80.5293	91.0202	91.8257	81.4961	79.8666	
462	1	1	1	1	1	58.121	44.077	39.4616	43.1472	53.134	80.4855	90.9842	91.7126	81.463	79.8471	
463	1	1	1	1	1	58.0868	44.0426	39.4365	43.1375	53.1234	80.4411	90.9476	91.5977	81.4294	79.8273	
464	1	1	1	1	1	58.0522	44.0076	39.4112	43.1277	53.1127	80.396	90.9105	91.4809	81.3952	79.8072	
465	1	1	1	1	1	58.017	43.9721	39.3855	43.1177	53.1017	80.3504	90.8728	91.3624	81.3605	79.7868	
466	1	1	1	1	1	57.9812	43.9359	39.3594	43.1077	53.0905	80.304	90.8346	91.2419	81.3253	79.7661	
467	1	1	1	1	1	57.9448	43.8992	39.333	43.0975	53.0791	80.2571	90.7958	91.1195	81.2895	79.7451	
468	1	1	1	1	1	57.9078	43.8618	39.3063	43.0872	53.0674	80.2094	90.7564	90.995	81.2532	79.7238	
469	1	1	1	1	1	57.8703	43.8238	39.2791	43.0767	53.0554	80.1611	90.7164	90.8686	81.2163	79.7022	
470	1	1	1	1	1	57.832	43.7851	39.2516	43.0662	53.0432	80.1121	90.6757	90.7401	81.1787	79.6803	
471	1	1	1	1	1	57.7932	43.7458	39.2238	43.0555	53.0308	80.0624	90.6345	90.6095	81.1406	79.658	
472	1	1	1	1	1	57.6735	44.0787	39.009	42.7821	53.2163	80.161	89.0948	95.1665	81.752	79.1029	
473	1	1	1	1	1	57.651	43.914	39.0158	42.8234	53.1775	79.9827	90.2465	91.5199	81.2007	79.4815	
474	1	1	1	1	1	57.6479	43.7171	39.0794	42.9383	53.0605	79.9105	90.4423	90.5208	81.0517	79.5554	
475	1	1	1	1	1	57.6226	43.6122	39.0889	42.982	53.0013	79.8555	90.4485	90.1536	80.9879	79.5562	
476	1	1	1	1	1	57.4989	43.9537	38.8717	42.7036	53.1835	79.954	88.8719	94.8388	81.6163	78.9843	
477	1	1	1	1	1	57.4765	43.7699	38.8827	42.7542	53.1394	79.77	90.0488	91.0691	81.0473	79.3738	
478	1	1	1	1	1	57.4737	43.557	38.9516	42.8799	53.0134	79.6945	90.2558	89.9935	80.8883	79.4536	
479	1	1	1	1	1	57.3576	43.8692	38.7562	42.6286	53.1626	79.7914	88.6841	94.6247	81.5133	78.8854	
480	1	1	1	1	1	57.3364	43.6609	38.7749	42.6942	53.1112	79.6018	89.8895	90.7271	80.9266	79.2867	
481	1	1	1	1	1	57.3344	43.4317	38.8497	42.8316	52.9765	79.5238	90.1072	89.5806	80.7587	79.3724	
482	1	1	1	1	1	57.2113	43.7631	38.6444	42.5649	53.1322	79.62	88.5038	94.3408	81.3986	78.788	
483	1	1	1	1	1	57.1898	43.5402	38.6655	42.6365	53.0778	79.4261	89.7258	90.3524	80.7984	79.197	
484	1	1	1	1	1	57.1878	43.298	38.7442	42.7825	52.936	79.3455	89.952	89.1428	80.6223	79.2874	
485	1	1	1	1	1	57.0569	43.6514	38.5277	42.4979	53.0995	79.4405	88.3163	94.0386	81.2772	78.686	
486	1	1	1	1	1	57.0348	43.4131	38.5512	42.5756	53.042	79.2421	89.5544	89.959	80.6633	79.1026	
487	1	1	1	1	1	57.0328	43.1573	38.634	42.7307	52.8927	79.159	89.7889	88.6836	80.4786	79.1981	
488	1	1	1	1	1	56.8935	43.5342	38.4055	42.4269	53.0644	79.2524	88.121	93.7178	81.1486	78.5792	
489	1	1	1	1	1	56.8709	43.2795	38.4316	42.5111	53.0035	79.0496	89.3745	89.546	80.521	79.0033	
490	1	1	1	1	1	56.8688	43.0093	38.5185	42.6759	52.8465	78.964	89.6175	88.2015	80.3272	79.104	
491	1	1	1	1	1	56.7205	43.4113	38.2775	42.3515	53.0266	79.0552	87.9175	93.3771	81.0124	78.4671	
492	1	1	1	1	1	56.6973	43.1388	38.3065	42.4428	52.9621	78.8479	89.1857	89.1122	80.3708	78.8986	
493	1	1	1	1	1	56.5925	43.4082	38.1556	42.2343	53.016	78.9259	87.688	93.4915	80.9595	78.3525	
494	1	1	1	1	1	56.5699	43.0775	38.202	42.3635	52.947	78.7069	89.033	88.9288	80.2767	78.8136	
495	1	1	1	1	1	56.4648	43.3345	38.0581	42.1654	52.9913	78.7843	87.5317	93.2964	80.8656	78.2667	
496	1	1	1	1	1	56.4423	42.983	38.1095	42.3069	52.9186	78.5617	88.8943	88.6383	80.1695	78.7358	
497	1	1	1	1	1	56.3327	43.2496	37.9613	42.1015	52.9631	78.6382	87.3776	93.0653	80.7652	78.1807	
498	1	1	1	1	1	56.31	42.8816	38.0156	42.2512	52.8874	78.4123	88.7526	88.3284	80.0576	78.6561	
499	1	1	1	1	1	56.1951	43.1608	37.8617	42.0358	52.9332	78.4874	87.2196	92.8218	80.6604	78.0919	
500	1	1	1	1	1	56.172	42.7762	37.9189	42.1934	52.8545	78.258	88.6062	88.007	79.9413	78.5736	
501	1	1	1	1	1	56.0517	43.0689	37.759	41.9673	52.9015	78.3315	87.0568	92.5681	80.5512	78.0001	
502	1	1	1	1	1	56.0282	42.667	37.8192	42.1331	52.8197	78.0987	88.4547	87.6745	79.8204	78.4878	
503	1	1	1	1	1	55.902	42.9739	37.653	41.8955	52.8681	78.1704	86.8891	92.3036	80.4373	77.9049	
504	1	1	1	1	1	55.8781	42.5538	37.7162	42.0699	52.783	77.9342	88.2979	87.3304	79.6946	78.3987	
505	1	1	1	1	1	55.7457	42.8755	37.5434	41.8204	52.8326	78.0039	86.7162	92.028	80.3184	77.8062	
506	1	1	1	1	1	55.7212	42.4364	37.6098	42.0037	52.7442	77.7642	88.1355	86.9742	79.5638	78.306	
507	1	1	1	1	1	55.5823	42.7736	37.4303	41.7416	52.7951	77.8317	86.5378	91.7405	80.1944	77.7039	
508	1	1	1	1	1	55.5573	42.3147	37.5	41.9342	52.7031	77.5885	87.9673	86.6052	79.4275	78.2097	
509	1	1	1	1	1	55.4114	42.6682	37.3135	41.6589	52.7553	77.6535	86.3537	91.4405	80.0647	77.5976	
510	1	1	1	1	1	55.3857	42.1885	37.3866	41.8614	52.6595	77.4069	87.793	86.2229	79.2855	78.1094	
511	1	1	1	1	1	55.2324	42.5589	37.1928	41.5721	52.7129	77.4692	86.1635	91.1274	79.9292	77.4873	
512	1	1	1	1	1	55.206	42.0574	37.2694	41.7848	52.6133	77.2192	87.6123	85.8264	79.1374	78.0049	
513	1	1	1	1	1	55.0449	42.4455	37.068	41.4809	52.6678	77.2785	85.9671	90.8002	79.7874	77.3726	
514	1	1	1	1	1	55.0176	41.9213	37.1483	41.7044	52.5641	77.025	87.4248	85.4151	78.9828	77.896	
515	1	1	1	1	1	54.8482	42.328	36.9391	41.385	52.6197	77.0811	85.764	90.4582	79.6388	77.2533	
516	1	1	1	1	1	54.82	41.7799	37.0232	41.6197	52.5118	76.8243	87.2302	84.988	78.8214	77.7825	
517	1	1	1	1	1	54.6417	42.206	36.806	41.2841	52.5683	76.8768	85.554	90.1005	79.4831	77.1292	
518	1	1	1	1	1	56.806	43.087	39.3021	40.2857	52.1618	77.658	87.5954	85.1097	79.4294	78.38	
519	1	1	1	1	1	55.3953	42.7388	37.495	40.7776	52.4245	77.138	85.4738	89.8932	79.594	77.3318	
520	1	1	1	1	1	54.8299	41.7299	37.0844	41.3373	52.3912	76.5991	86.9002	84.1243	78.5862	77.6892	
521	1	1	1	1	1	54.4131	42.073	36.6559	41.029	52.4572	76.5273	85.1442	89.3525	79.1963	76.9402	
522	1	1	1	1	1	56.5399	42.8521	39.1712	40.0513	52.0337	77.2978	87.187	84.1703	79.1094	78.1753	
523	1	1	1	1	1	55.0613	42.5441	37.286	40.5181	52.3007	76.7421	85.0356	89.1007	79.2706	77.0976	
524	1	1	1	1	1	54.4437	41.4441	36.8498	41.1245	52.2651	76.1747	86.473	83.1493	78.2258	77.4514	
525	1	1	1	1	1	53.9742	41.82	36.3816	40.7812	52.3303	76.0795	84.6795	88.5143	78.8377	76.6707	
526	1	1	1	1	1	56.1717	42.5609	38.9784	39.7915	51.8869	76.8747	86.7313	83.1449	78.7382	77.9196	
527	1	1	1	1	1	54.6571	42.3157	37.0408	40.2293	52.1581	76.3044	84.5587	88.2238	78.9042	76.8282	
528	1	1	1	1	1	54.0017	41.1285	36.5905	40.8845	52.1196	75.7162	86.0073	82.0899	77.8254	77.185	
529	1	1	1	1	1	55.8956	43.1534	38.637	39.1618	51.8469	76.7829	84.6964	88.1601	79.2357	77.1536	
530	1	1	1	1	1	54.4586	41.3896	37.1345	40.4352	51.9674	75.8195	85.9462	81.6266	77.8292	77.251	
531	1	1	1	1	1	53.5777	41.6207	36.1873	40.2437	52.0922	75.5039	83.981	87.1313	78.3167	76.33	
532	1	1	1	1	1	55.6879	42.1476	38.7748	39.3301	51.6237	76.2587	86.0033	81.438	78.1449	77.5393	
533	1	1	1	1	1	54.0472	41.983	36.6904	39.7261	51.9024	75.6172	83.7881	86.739	78.294	76.4048	
534	1	1	1	1	1	53.2938	40.6262	36.1954	40.4679	51.8629	74.9803	85.245	80.3215	77.1555	76.752	
535	1	1	1	1	1	55.224	42.759	38.2789	38.6106	51.5627	76.0577	83.861	86.5579	78.5681	76.676	
536	1	1	1	1	1	53.7424	40.8727	36.7561	39.9668	51.6854	75.0741	85.1513	79.7655	77.1274	76.7924	
537	1	1	1	1	1	52.7616	41.1827	35.7257	39.715	51.8051	74.7088	83.1329	85.4725	77.6067	75.8276	
538	1	1	1	1	1	54.9553	41.5932	38.4231	38.8014	51.3046	75.4885	85.137	79.4633	77.4006	77.0349	
539	1	1	1	1	1	53.2459	41.5636	36.2496	39.1292	51.5788	74.817	82.9009	84.9863	77.5472	75.8844	
540	1	1	1	1	1	52.4196	40.0401	35.7356	39.9628	51.5381	74.1518	84.3661	78.2884	76.3569	76.2346	
541	1	1	1	1	1	54.3912	42.2925	37.8548	37.9516	51.2007	75.2258	82.9004	84.6607	77.7572	76.1046	
542	1	1	1	1	1	52.8726	40.2751	36.3234	39.3986	51.329	74.2373	84.2337	77.6152	76.2895	76.247	
543	1	1	1	1	1	51.7866	40.6862	35.2124	39.0742	51.4332	73.8204	82.1649	83.5145	76.7552	75.2413	
544	1	1	1	1	1	54.0573	40.9463	38.012	38.1628	50.9013	74.6138	84.1289	77.1682	76.5048	76.4295	
545	1	1	1	1	1	52.2754	41.0826	35.7504	38.4044	51.1581	73.9141	81.8796	82.9053	76.6418	75.2681	
546	1	1	1	1	1	54.1532	40.9345	38.2277	37.8455	50.7028	74.5489	83.807	76.3467	76.2739	76.3651	
547	1	1	1	1	1	52.1861	41.0712	35.7475	38.0911	50.9692	73.7098	81.5376	82.1421	76.3521	75.1395	
548	1	1	1	1	1	51.1529	39.2101	35.1315	39.0968	50.9678	72.9579	83.0094	75.0536	75.0784	75.4568	
549	1	1	1	1	1	53.0813	41.594	37.2334	36.8506	50.5427	73.9759	81.3821	81.5345	76.4009	75.2043	
550	1	1	1	1	1	51.4741	39.3548	35.6789	38.4359	50.6975	72.9793	82.7769	74.1642	74.9045	75.372	
551	1	1	1	1	1	53.0867	41.61	37.3808	36.4303	50.2971	73.8555	81.0185	80.6488	76.0886	75.0622	
552	1	1	1	1	1	51.1734	41.3186	35.1385	36.8552	50.2478	72.8716	79.8702	83.488	75.7718	74.2026	
553	1	1	1	1	1	52.9082	40.6398	37.6064	36.4008	50.0337	73.3427	82.1536	75.0317	75.102	75.3458	
554	1	1	1	1	1	50.8337	40.6827	35.0867	36.7045	50.1914	72.443	79.9541	80.1026	75.0774	74.1758	
555	1	1	1	1	1	52.6001	40.0271	37.5906	36.3225	49.755	73.0598	81.831	72.5432	74.5495	75.2007	
556	1	1	1	1	1	50.4343	40.3725	34.9335	36.4436	49.9358	72.0993	79.5558	78.3363	74.5376	73.9523	
557	1	1	1	1	1	51.9546	41.9364	36.861	34.6318	49.1386	72.7742	78.8012	81.61	75.1371	73.9227	
558	1	1	1	1	1	49.9542	39.0585	34.9809	36.4963	49.6946	71.4689	80.7803	72.2675	73.3468	74.1312	
559	1	1	1	1	1	51.4219	41.093	36.6698	34.5028	49.0927	72.3104	78.8442	77.6916	74.2828	73.7782	
560	1	1	1	1	1	49.3198	40.802	34.3243	34.8931	48.9373	71.22	77.7326	80.3319	73.8908	72.906	
561	1	1	1	1	1	50.9778	39.6617	36.8091	34.5684	48.7557	71.6607	79.9114	71.0485	73.0744	73.9449	
562	1	1	1	1	1	48.7447	39.9419	34.1724	34.7222	48.7846	70.6881	77.7124	76.0676	72.9668	72.7708	
563	1	1	1	1	1	50.192	41.3794	36.1173	32.8392	47.8159	71.3047	76.7933	78.8277	73.3625	72.66	
564	1	1	1	1	1	48.1129	38.2863	34.1972	34.8473	48.4605	69.9955	78.9367	69.0631	71.563	72.8876	
565	1	1	1	1	1	49.5029	40.3535	35.8532	32.676	47.666	70.7712	76.7362	74.0908	72.2919	72.4199	
566	1	1	1	1	1	47.2967	40.1875	33.4765	32.9553	47.3554	69.6484	75.6162	76.7656	71.8586	71.5471	
567	1	1	1	1	1	48.8991	38.6688	35.9405	32.6883	47.1852	70.0438	77.6234	66.9672	70.921	72.4564	
568	1	1	1	1	1	46.5651	39.2333	33.238	32.6572	47.0137	69.029	75.4119	71.9921	70.7264	71.2783	
569	1	1	1	1	1	47.8643	40.5763	35.1283	30.5781	45.7484	69.4932	74.1717	74.4038	70.8346	70.994	
570	1	1	1	1	1	45.7357	37.2923	33.167	32.6976	46.5174	68.2375	76.4879	64.5378	69.1082	71.2379	
571	1	1	1	1	1	46.9845	39.4249	34.7267	30.2404	45.3558	68.8527	73.8754	69.1778	69.5116	70.5707	
572	1	1	1	1	1	44.6925	39.4452	32.3288	30.3318	44.7337	67.6685	72.7075	71.8664	69.0134	69.6787	
573	1	1	1	1	1	45.8706	40.2894	34.2396	28.292	43.1621	67.9038	71.4811	72.7996	68.7357	69.3725	
574	1	1	1	1	1	43.7052	36.878	32.1348	30.4004	44.1688	66.5709	74.1545	62.2362	67.0136	69.6153	
575	1	1	1	1	1	44.855	38.8714	33.6207	27.8354	42.6377	67.0927	71.1149	66.0908	67.0965	68.8341	
576	1	1	1	1	1	42.5647	38.9434	31.1963	27.7869	41.6809	65.848	69.876	68.4891	66.5223	67.9018	
577	1	1	1	1	1	43.5789	39.5952	32.9462	25.6184	39.6384	65.9009	68.1894	68.8062	65.8426	67.4283	
578	1	1	1	1	1	41.4794	36.2631	30.6713	27.6031	40.6954	64.5447	71.1051	58.3354	64.23	67.5725	
579	1	1	1	1	1	42.4782	38.221	31.9476	24.7968	38.5442	64.8812	67.4067	61.7755	63.8619	66.5806	
580	1	1	1	1	1	40.2401	38.4086	29.3965	24.4484	36.9835	63.4192	65.9123	63.9925	63.1827	65.4966	
581	1	1	1	1	1	41.0434	38.8369	30.8004	22.1275	34.1767	63.1806	63.5186	63.69	61.9615	64.8233	
582	1	1	1	1	1	38.774	37.6642	27.767	22.36	33.7656	61.2512	67.504	65.3415	60.7293	57.4757	
583	1	1	1	1	1	39.594	38.1463	28.6903	20.2058	30.9944	61.1733	62.0056	63.1055	59.8285	58.6345	
584	1	1	1	1	1	37.8387	35.5802	25.93	21.1714	31.2707	59.5223	64.5843	52.4517	58.2287	59.5497	
585	1	1	1	1	1	38.4622	37.3629	26.2297	18.1575	27.3753	59.3922	58.9377	55.0573	56.7782	58.736	
586	1	1	1	1	1	36.3307	36.9442	22.6588	17.6394	26.0516	50.7268	61.0304	56.2606	55.0796	56.7437	
587	1	1	1	1	1	36.9718	37.3519	22.9739	15.3463	21.1616	53.1277	53.9253	55.4714	53.6067	56.5211	
588	1	1	1	1	1	35.2698	36.769	19.9199	14.5443	18.7004	52.2757	57.5781	56.5705	52.9379	47.2806	
589	1	1	1	1	1	35.5996	36.9951	19.8552	12.8432	15.1708	52.4423	50.0658	54.0989	51.2662	49.1741	
590	1	1	1	1	1	34.4011	35.3311	17.843	13.2327	15.1559	51.4348	53.2926	45.2449	50.5806	50.1985	
591	1	1	1	1	1	33.788	36.3112	17.0166	12.04	12.6735	51.0108	47.5732	49.7408	50.9459	50.4624	
592	1	1	1	1	1	34.4032	36.6022	17.1491	11.9777	12.7865	45.225	50.3713	50.365	50.1604	47.6473	
593	1	1	1	1	1	33.6274	36.3343	16.5174	11.283	10.9064	46.9117	43.7866	51.1671	50.8845	49.1487	
594	1	1	1	1	1	33.3177	35.1995	16.1789	11.4024	11.7764	47.3477	46.6618	43.5517	49.7914	49.9483	
595	1	1	1	1	1	33.0478	36.0335	15.8529	10.1703	10.997	47.5325	48.2111	48.467	49.362	40.7109	
596	1	1	1	1	1	33.0908	36.1504	16.4311	9.94147	10.3828	48.0253	44.5948	46.8668	43.8768	42.7733	
597	1	1	1	1	1	32.8591	36.0015	15.3807	10.1998	10.4363	42.8356	44.1656	46.4156	46.5609	42.4704	
598	1	1	1	1	1	32.2747	35.8261	15.5005	10.1952	9.96341	44.6939	43.4103	46.2792	44.013	42.1503	
599	1	1	1	1	1	32.6949	35.0594	15.476	10.4228	10.2669	44.5697	40.5556	40.2999	47.0987	40.8764	
600	1	1	1	1	1	31.9984	35.7016	15.3982	10.0458	9.71628	43.8122	38.4329	42.8988	45.018	38.7198	
601	1	1	1	1	1	31.8531	35.7375	15.3373	9.89358	9.33471	42.868	36.1978	42.5378	45.0953	37.3993	