
1	357.441
2	357.441
3	357.441
4	357.44
5	357.44
6	357.439
7	357.439
8	357.439
9	357.438
10	357.438
11	357.438
12	357.437
13	357.437
14	357.437
15	357.436
16	357.436
17	357.435
18	357.435
19	357.435
20	357.434
21	357.434
22	357.434
23	357.433
24	357.433
25	357.432
26	357.432
27	357.431
28	357.431
29	357.431
30	357.43
31	357.43
32	357.429
33	357.429
34	357.428
35	357.428
36	357.427
37	357.427
38	357.427
39	357.426
40	357.426
41	357.425
42	357.425
43	357.424
44	357.424
45	357.423
46	357.423
47	357.422
48	357.422
49	357.421
50	357.42
51	357.42
52	357.419
53	357.419
54	357.418
55	357.418
56	357.417
57	357.417
58	357.416
59	357.415
60	357.415
61	357.414
62	357.414
63	357.413
64	357.412
65	357.412
66	357.411
67	357.411
68	357.41
69	357.409
70	357.409
71	357.408
72	357.407
73	357.407
74	357.406
75	357.405
76	357.405
77	357.404
78	357.403
79	357.402
80	357.402
81	357.401
82	357.4
83	357.399
84	357.399
85	357.398
86	357.397
87	357.396
88	357.396
89	357.395
90	357.394
91	357.393
92	357.392
93	357.392
94	357.391
95	357.39
96	357.389
97	357.388
98	357.387
99	357.387
100	357.386
101	357.385
102	357.384
103	357.383
104	357.382
105	357.381
106	357.38
107	357.379
108	357.378
109	357.377
110	357.376
111	357.375
112	357.374
113	357.373
114	357.372
115	357.371
116	357.37
117	357.369
118	357.368
119	357.367
120	357.366
121	357.365
122	357.364
123	357.363
124	357.362
125	357.36
126	357.359
127	357.358
128	357.357
129	357.356
130	357.355
131	357.353
132	357.352
133	357.351
134	357.35
135	357.348
136	357.347
137	357.346
138	357.345
139	357.343
140	357.342
141	357.341
142	357.339
143	357.338
144	357.337
145	357.335
146	357.334
147	357.332
148	357.331
149	357.33
150	357.328
151	357.327
152	357.325
153	357.324
154	357.322
155	357.321
156	357.319
157	357.317
158	357.316
159	357.314
160	357.313
161	357.311
162	357.309
163	357.308
164	357.306
165	357.304
166	357.303
167	357.301
168	357.299
169	357.297
170	357.296
171	357.294
172	357.292
173	357.29
174	357.288
175	357.286
176	357.285
177	357.283
178	357.281
179	357.279
180	357.277
181	357.275
182	357.273
183	357.271
184	357.269
185	357.267
186	357.264
187	357.262
188	357.26
189	357.258
190	357.256
191	357.254
192	357.251
193	357.249
194	357.247
195	357.245
196	357.242
197	357.24
198	357.238
199	357.235
200	357.233
201	357.23
202	357.228
203	357.225
204	357.223
205	357.22
206	357.218
207	357.215
208	357.213
209	357.21
210	357.207
211	357.205
212	357.202
213	357.199
214	357.196
215	357.194
216	357.191
217	357.188
218	357.185
219	357.182
220	357.179
221	357.176
222	357.173
223	357.17
224	357.167
225	357.164
226	357.161
227	357.158
228	357.154
229	357.151
230	357.148
231	357.145
232	357.141
233	357.138
234	357.134
235	357.131
236	357.127
237	357.124
238	357.12
239	357.117
240	357.113
241	357.11
242	357.106
243	357.102
244	357.098
245	357.095
246	357.091
247	357.087
248	357.083
249	357.079
250	357.075
251	357.071
252	357.067
253	357.063
254	357.059
255	357.054
256	357.05
257	357.046
258	357.042
259	357.037
260	357.033
261	357.028
262	357.024
263	357.019
264	357.015
265	357.01
266	357.005
267	357
268	356.996
269	356.991
270	356.986
271	356.981
272	356.976
273	356.971
274	356.966
275	356.961
276	356.955
277	356.95
278	356.945
279	356.94
280	356.934
281	356.929
282	356.923
283	356.917
284	356.912
285	356.906
286	356.9
287	356.895
288	356.889
289	356.883
290	356.877
291	356.871
292	356.865
293	356.858
294	356.852
295	356.846
296	356.839
297	356.833
298	356.827
299	356.82
300	356.813
301	356.807
302	356.8
303	356.793
304	356.786
305	356.779
306	356.772
307	356.765
308	356.758
309	356.75
310	356.743
311	356.736
312	356.728
313	356.721
314	356.713
315	356.705
316	356.697
317	356.689
318	356.681
319	356.673
320	356.665
321	356.657
322	356.649
323	356.64
324	356.632
325	356.623
326	356.615
327	356.606
328	356.597
329	356.588
330	356.579
331	356.57
332	356.561
333	356.552
334	356.542
335	356.533
336	356.523
337	356.513
338	356.504
339	356.494
340	356.484
341	356.474
342	356.464
343	356.453
344	356.443
345	356.432
346	356.422
347	356.411
348	356.4
349	356.389
350	356.378
351	356.367
352	356.356
353	356.344
354	356.333
355	356.321
356	356.309
357	356.298
358	356.286
359	356.273
360	356.261
361	356.249
362	356.236
363	356.224
364	356.211
365	356.198
366	356.185
367	356.172
368	356.159
369	356.145
370	356.132
371	356.118
372	356.104
373	356.09
374	356.076
375	356.062
376	356.047
377	356.032
378	356.018
379	356.003
380	355.988
381	355.973
382	355.957
383	355.942
384	355.926
385	355.91
386	355.894
387	355.878
388	355.862
389	355.845
390	355.828
391	355.812
392	355.795
393	355.777
394	355.76
395	355.742
396	355.725
397	355.707
398	355.689
399	355.67
400	355.652
401	355.633
402	355.614
403	355.595
404	355.576
405	355.556
406	355.537
407	355.517
408	355.497
409	355.476
410	355.456
411	355.435
412	355.414
413	355.393
414	355.372
415	355.35
416	355.328
417	355.306
418	355.284
419	355.261
420	355.238
421	355.215
422	355.192
423	355.168
424	355.145
425	355.121
426	355.096
427	355.072
428	355.047
429	355.022
430	354.997
431	354.971
432	354.945
433	354.919
434	354.893
435	354.866
436	354.839
437	354.812
438	354.784
439	354.757
440	354.729
441	354.7
442	354.671
443	354.642
444	354.613
445	354.583
446	354.553
447	354.523
448	354.493
449	354.462
450	354.43
451	354.399
452	354.367
453	354.335
454	354.302
455	354.269
456	354.236
457	354.202
458	354.168
459	354.131
460	354.095
461	354.063
462	354.025
463	353.989
464	353.952
465	353.916
466	353.878
467	353.841
468	353.803
469	353.764
470	353.725
471	353.686
472	353.646
473	353.607
474	353.566
475	353.525
476	353.483
477	353.442
478	353.399
479	353.357
480	353.335
481	354.974
482	353.284
483	353.249
484	354.891
485	353.15
486	353.182
487	354.812
488	353.081
489	354.757
490	353.025
491	354.699
492	352.968
493	354.64
494	352.91
495	354.58
496	352.85
497	354.519
498	352.79
499	354.456
500	352.727
501	354.391
502	352.664
503	354.326
504	352.599
505	354.258
506	352.532
507	354.19
508	352.464
509	354.12
510	352.395
511	354.048
512	352.324
513	353.974
514	352.251
515	353.899
516	352.177
517	353.823
518	352.101
519	353.744
520	352.023
521	353.664
522	351.944
523	353.582
524	351.863
525	353.498
526	351.78
527	353.412
528	351.695
529	353.324
530	351.608
531	353.234
532	351.52
533	353.142
534	351.429
535	353.048
536	351.336
537	352.952
538	351.241
539	352.854
540	351.144
541	352.753
542	351.045
543	352.65
544	350.943
545	352.545
546	350.839
547	352.437
548	350.733
549	352.327
550	350.624
551	352.214
552	350.513
553	352.012
554	350.303
555	351.868
556	350.181
557	351.742
558	350.057
559	351.612
560	349.93
561	351.48
562	349.8
563	351.345
564	349.667
565	351.206
566	349.53
567	351.063
568	349.39
569	350.917
570	349.247
571	350.768
572	349.1
573	350.615
574	348.949
575	350.457
576	348.795
577	350.296
578	348.637
579	350.131
580	348.475
581	349.962
582	348.309
583	349.788
584	348.138
585	349.61
586	347.963
587	349.427
588	347.784
589	349.24
590	347.6
591	349.048
592	347.411
593	348.85
594	347.218
595	348.648
596	347.019
597	348.44
598	346.815
599	348.226
600	346.606
601	348.007
602	346.392
603	347.782
604	346.171
605	347.551
606	345.945
607	347.314
608	345.712
609	347.07
610	345.474
611	346.82
612	345.229
613	346.562
614	344.977
615	346.298
616	344.718
617	346.026
618	344.452
619	345.747
620	344.035
621	345.419
622	343.892
623	345.163
624	343.459
625	344.816
626	343.305
627	344.546
628	342.851
629	344.178
630	342.684
631	343.893
632	342.207
633	343.503
634	342.027
635	343.2
636	341.525
637	342.786
638	341.33
639	342.466
640	340.802
641	342.026
642	340.591
643	341.686
644	340.035
645	341.219
646	339.806
647	340.858
648	339.221
649	340.36
650	338.972
651	339.976
652	338.355
653	339.446
654	338.085
655	339.037
656	337.434
657	338.472
658	337.139
659	338.035
660	336.452
661	337.432
662	336.131
663	336.965
664	335.405
665	336.093
666	334.759
667	335.418
668	334.361
669	335.195
670	333.697
671	334.24
672	332.967
673	333.546
674	332.538
675	333.886
676	334.639
677	331.594
678	332.295
679	330.836
680	332.43
681	333.337
682	329.762
683	329.998
684	329.363
685	330.744
686	331.15
687	327.832
688	329.597
689	330.012
690	326.719
691	328.435
692	328.756
693	326.262
694	327.194
695	327.412
696	324.386
697	325.886
698	325.977
699	323.802
700	324.466
701	324.433
702	321.767
703	322.98
704	322.789
705	320.997
706	321.339
707	320.998
708	318.773
709	319.527
710	319.065
711	317.726
712	317.59
713	316.87
714	315.255
715	315.53
716	314.688
717	316.271
718	313.17
719	311.673
720	311.635
721	310.788
722	311.357
723	308.362
724	307.783
725	307.272
726	306.76
727	306.628
728	303.44
729	302.493
730	301.745
731	301.958
732	300.162
733	297.453
734	296.94
735	296.276
736	294.099
737	292.146
738	290.626
739	288.244
740	285.186
741	281.106
742	276.753
743	273.212
744	260.012
745	251.144
746	235.791
747	205.119
748	174.955
749	135.385
750	99.4493
751	85.6252
752	90.9702