
1	241.329
2	241.329
3	241.328
4	241.328
5	241.327
6	241.327
7	241.326
8	241.326
9	241.325
10	241.325
11	241.325
12	241.324
13	241.324
14	241.323
15	241.323
16	241.322
17	241.322
18	241.321
19	241.321
20	241.32
21	241.319
22	241.319
23	241.318
24	241.318
25	241.317
26	241.317
27	241.316
28	241.316
29	241.315
30	241.314
31	241.314
32	241.313
33	241.313
34	241.312
35	241.311
36	241.311
37	241.31
38	241.31
39	241.309
40	241.308
41	241.308
42	241.307
43	241.306
44	241.306
45	241.305
46	241.304
47	241.304
48	241.303
49	241.302
50	241.302
51	241.301
52	241.3
53	241.299
54	241.299
55	241.298
56	241.297
57	241.296
58	241.296
59	241.295
60	241.294
61	241.293
62	241.293
63	241.292
64	241.291
65	241.29
66	241.289
67	241.288
68	241.288
69	241.287
70	241.286
71	241.285
72	241.284
73	241.283
74	241.282
75	241.281
76	241.28
77	241.28
78	241.279
79	241.278
80	241.277
81	241.276
82	241.275
83	241.274
84	241.273
85	241.272
86	241.271
87	241.27
88	241.269
89	241.268
90	241.267
91	241.266
92	241.264
93	241.263
94	241.262
95	241.261
96	241.26
97	241.259
98	241.258
99	241.257
100	241.255
101	241.254
102	241.253
103	241.252
104	241.251
105	241.249
106	241.248
107	241.247
108	241.246
109	241.244
110	241.243
111	241.242
112	241.24
113	241.239
114	241.238
115	241.236
116	241.235
117	241.234
118	241.232
119	241.231
120	241.229
121	241.228
122	241.226
123	241.225
124	241.223
125	241.222
126	241.22
127	241.219
128	241.217
129	241.216
130	241.214
131	241.213
132	241.211
133	241.209
134	241.208
135	241.206
136	241.204
137	241.203
138	241.201
139	241.199
140	241.197
141	241.196
142	241.194
143	241.192
144	241.19
145	241.188
146	241.187
147	241.185
148	241.183
149	241.181
150	241.179
151	241.177
152	241.175
153	241.173
154	241.171
155	241.169
156	241.167
157	241.165
158	241.163
159	241.161
160	241.158
161	241.156
162	241.154
163	241.152
164	241.15
165	241.147
166	241.145
167	241.143
168	241.141
169	241.138
170	241.136
171	241.133
172	241.131
173	241.129
174	241.126
175	241.124
176	241.121
177	241.118
178	241.116
179	241.113
180	241.111
181	241.108
182	241.105
183	241.103
184	241.1
185	241.097
186	241.094
187	241.092
188	241.089
189	241.086
190	241.083
191	241.08
192	241.077
193	241.074
194	241.071
195	241.068
196	241.065
197	241.062
198	241.059
199	241.055
200	241.052
201	241.049
202	241.046
203	241.042
204	241.039
205	241.036
206	241.032
207	241.029
208	241.025
209	241.022
210	241.018
211	241.015
212	241.011
213	241.007
214	241.004
215	241
216	240.996
217	240.992
218	240.988
219	240.985
220	240.981
221	240.977
222	240.973
223	240.969
224	240.964
225	240.96
226	240.956
227	240.952
228	240.948
229	240.943
230	240.939
231	240.935
232	240.93
233	240.926
234	240.921
235	240.917
236	240.912
237	240.907
238	240.902
239	240.898
240	240.893
241	240.888
242	240.883
243	240.878
244	240.873
245	240.868
246	240.863
247	240.858
248	240.852
249	240.847
250	240.842
251	240.836
252	240.831
253	240.826
254	240.82
255	240.814
256	240.809
257	240.803
258	240.797
259	240.791
260	240.785
261	240.779
262	240.773
263	240.767
264	240.761
265	240.755
266	240.749
267	240.742
268	240.736
269	240.729
270	240.723
271	240.716
272	240.709
273	240.703
274	240.696
275	240.689
276	240.682
277	240.675
278	240.668
279	240.661
280	240.653
281	240.646
282	240.639
283	240.631
284	240.624
285	240.616
286	240.608
287	240.601
288	240.593
289	240.585
290	240.577
291	240.569
292	240.56
293	240.552
294	240.544
295	240.535
296	240.527
297	240.518
298	240.509
299	240.5
300	240.492
301	240.483
302	240.473
303	240.464
304	240.455
305	240.446
306	240.436
307	240.427
308	240.417
309	240.407
310	240.397
311	240.387
312	240.377
313	240.367
314	240.357
315	240.346
316	240.336
317	240.325
318	240.314
319	240.304
320	240.293
321	240.282
322	240.27
323	240.259
324	240.248
325	240.236
326	240.225
327	240.213
328	240.201
329	240.189
330	240.177
331	240.164
332	240.152
333	240.14
334	240.127
335	240.114
336	240.101
337	240.088
338	240.075
339	240.062
340	240.048
341	240.034
342	240.021
343	240.007
344	239.993
345	239.979
346	241.658
347	241.628
348	241.607
349	241.586
350	241.565
351	241.544
352	241.522
353	241.5
354	241.478
355	241.456
356	241.433
357	241.411
358	241.388
359	241.364
360	241.341
361	241.317
362	241.293
363	241.269
364	241.244
365	241.219
366	241.194
367	241.169
368	241.143
369	241.117
370	241.091
371	241.064
372	241.038
373	241.011
374	240.983
375	240.956
376	240.928
377	240.899
378	240.871
379	240.842
380	240.813
381	240.783
382	240.754
383	240.723
384	240.693
385	240.662
386	240.631
387	240.6
388	240.568
389	240.536
390	240.503
391	240.47
392	240.437
393	240.403
394	240.369
395	240.335
396	240.3
397	240.265
398	240.23
399	240.194
400	240.158
401	240.121
402	240.084
403	240.046
404	240.009
405	239.97
406	239.932
407	239.892
408	239.853
409	239.813
410	239.772
411	239.731
412	239.69
413	239.648
414	239.606
415	239.563
416	239.52
417	239.476
418	239.432
419	239.387
420	239.342
421	239.296
422	239.25
423	239.203
424	239.156
425	239.108
426	239.06
427	239.011
428	238.961
429	238.911
430	238.861
431	238.81
432	238.758
433	238.706
434	238.653
435	238.599
436	238.545
437	238.49
438	238.435
439	238.384
440	239.787
441	238.335
442	238.262
443	239.658
444	238.163
445	238.138
446	239.525
447	238.007
448	239.436
449	237.918
450	239.343
451	237.827
452	239.247
453	237.733
454	239.149
455	237.638
456	239.048
457	237.54
458	238.945
459	237.44
460	238.84
461	237.337
462	238.732
463	237.232
464	238.621
465	237.125
466	238.507
467	237.014
468	238.391
469	236.901
470	238.272
471	236.786
472	238.15
473	236.667
474	238.025
475	236.546
476	237.897
477	236.421
478	237.765
479	236.294
480	237.63
481	236.163
482	237.492
483	236.029
484	237.351
485	235.892
486	237.205
487	235.751
488	237.056
489	235.607
490	236.904
491	235.459
492	236.747
493	235.307
494	236.587
495	235.152
496	236.422
497	234.992
498	236.253
499	234.829
500	236.079
501	234.661
502	235.902
503	234.489
504	235.719
505	234.313
506	235.532
507	234.132
508	235.34
509	233.946
510	235.142
511	233.756
512	234.94
513	233.56
514	234.732
515	233.36
516	234.519
517	233.154
518	235.961
519	234.629
520	235.81
521	234.508
522	235.677
523	234.385
524	235.541
525	234.259
526	235.401
527	234.13
528	235.257
529	233.997
530	235.109
531	233.861
532	234.958
533	233.721
534	234.802
535	233.577
536	234.641
537	233.43
538	234.477
539	233.278
540	234.307
541	233.122
542	234.133
543	232.962
544	233.954
545	232.798
546	233.77
547	232.629
548	233.58
549	232.456
550	233.385
551	232.277
552	233.184
553	232.094
554	232.977
555	231.905
556	232.764
557	231.711
558	232.545
559	231.512
560	232.319
561	231.307
562	232.086
563	231.096
564	231.846
565	230.878
566	231.599
567	230.654
568	231.344
569	230.424
570	231.081
571	230.187
572	230.81
573	229.943
574	230.53
575	230.152
576	230.426
577	229.446
578	229.958
579	229.645
580	229.839
581	228.905
582	229.979
583	228.716
584	229.065
585	228.826
586	228.887
587	228.029
588	229.026
589	227.823
590	228.03
591	227.923
592	227.835
593	227.067
594	227.973
595	226.841
596	226.887
597	226.928
598	226.672
599	226.008
600	226.808
601	225.758
602	225.621
603	225.826
604	225.38
605	225.454
606	224.94
607	225.049
608	224.464
609	224.628
610	223.97
611	224.192
612	223.456
613	223.739
614	222.922
615	223.27
616	222.368
617	222.782
618	221.904
619	223.782
620	222.482
621	221.74
622	221.024
623	221.15
624	223.13
625	223.167
626	220.811
627	221.594
628	220.724
629	222.377
630	221.269
631	220.038
632	219.634
633	219.921
634	220.022
635	220.424
636	217.884
637	219.837
638	218.886
639	217.397
640	217.874
641	218.486
642	215.714
643	217.53
644	216.755
645	215.08
646	215.292
647	216.191
648	213.189
649	214.792
650	214.249
651	212.292
652	212.188
653	213.447
654	210.113
655	211.448
656	211.222
657	208.647
658	208.349
659	210.087
660	207.093
661	206.621
662	205.221
663	207.084
664	202.886
665	203.136
666	203.796
667	198.378
668	199.247
669	200.077
670	191.314
671	191.407
672	198.266
673	179.408
674	180.821
675	186.756
676	160.849
677	157.861
678	148.537
679	127.783
680	114.704
681	105.422
682	94.3427
683	84.3754
684	82.4283
685	79.1979