
0 0 0 0 0 0 0 0 0 1 0 0 0 0 0 0 0 0 0
0 0 0 0 0 0 0 0 0 0 0 0 1 0 0 0 0 0 0
0 0 0 0 0 0 0 0 0 0 0 0 0 0 0 0 0 0 0
0 0 0 0 0 0 1 0 0 0 0 0 0 0 0 0 0 0 0
0 0 0 0 0 0 0 0 0 0 1 0 0 0 0 0 0 0 0
0 0 0 0 0 0 0 0 1 0 0 0 0 0 0 0 0 0 0
0 0 0 0 0 0 0 0 0 0 0 0 0 0 0 0 1 0 0
0 0 0 0 0 0 0 0 0 0 0 0 0 0 0 0 0 1 0
0 0 0 0 0 0 0 0 0 0 0 0 0 0 0 0 0 0 1
0 0 0 0 0 0 0 0 0 0 0 0 0 1 0 0 0 0 0
0 0 0 0 0 0 0 1 0 0 0 0 0 0 0 0 0 0 0
0 0 0 0 0 0 0 0 0 0 0 0 0 0 0 0 0 0 0
0 0 0 0 0 0 0 0 0 0 0 0 0 0 1 0 0 0 0
0 0 0 0 0 0 0 0 0 0 0 0 0 0 0 0 0 0 0
0 0 0 0 0 0 0 0 0 0 0 0 0 0 0 0 0 0 0
0 0 0 0 0 0 0 0 0 0 0 0 0 0 0 0 0 0 0
0 0 0 0 0 0 0 0 0 0 0 0 0 0 0 0 0 0 0
0 0 0 0 0 0 0 0 0 0 0 0 0 0 0 0 0 0 0
0 0 0 0 0 0 0 0 0 0 0 0 0 0 0 0 0 0 0

SA -> d -> EA & SB -> g -> EB & SC -> i & SD -> a -> ED & SE -> e -> b -> EE & SF -> c -> EF

max(1.000000 + 91.049400 + 1.000000 + 91.049400 + 1.000000 = 185.098800, 1.000000 + 95.817500 + 1.000000 + 95.817500 + 1.000000 = 194.635000, 1.000000 + 1917550000000000104028466040728021844885504.000000 + 1.000000, 1.000000 + 145.031000 + 1.000000 + 145.031000 + 1.000000 = 293.062000, 1.000000 + 185.173000 + 1.000000 + 10.198000 + 1.000000 + 193.424000 + 1.000000 = 392.795000, 1.000000 + 113.508000 + 1.000000 + 113.508000 + 1.000000 = 230.016000)

1.91755e+42

The input parameters are for : 6 vehicles 7 tasks taken 

Total computational time taken:0.008142
