1e+20 5.51783e+11 2.13341e+11 2.20318e+11 2.55115e+11     17.6249     33.1974     16.8395     42.3966     8.14163     24.9269     11.3196     16.8048     27.4793     45.2197     31.1291     12.6168     49.6507     51.6274     37.0864     38.8669     51.7938     16.1481 3.43001e+21 4.11341e+21 1.75031e+21 3.90638e+21 2.04851e+21
5.51083e+11       1e+20 3.55208e+11 3.92216e+11 5.43704e+11     43.1551     22.0194     44.0211     15.3868     46.8159     31.5651     52.7247     38.2735     41.6624     17.8321     29.8789     53.2246     22.0463     41.6924     48.6746     24.6638     7.81764     40.1476 4.90698e+21 8.26538e+20 2.83349e+21 3.62873e+21 4.67889e+21
2.12679e+11 3.56133e+11       1e+20 2.18294e+11 2.27413e+11     18.5459     16.6884     9.23925     21.1755     13.4142     4.24275     17.2223     9.22089     15.4327     23.8974     10.5122     28.5269     29.0275     34.8767     27.6607     26.9307     34.2475      5.1396 2.88534e+21 2.74215e+21 1.68487e+21     1.2e+21 3.74193e+21
2.20161e+11 3.93197e+11 2.17322e+11       1e+20 3.86571e+11     4.42691     18.1128      25.212     28.5154     19.9858     20.9776     28.4093     13.1849     32.4279     36.6383     31.7897     15.4964     44.0651     55.6769     48.0146     17.3303     34.3888     19.7399 2.54315e+21 4.99396e+21 3.36916e+21 1.43114e+21 4.89575e+21
2.55221e+11 5.43852e+11 2.27652e+11  3.8659e+11       1e+20       34.82     38.4656      14.055     40.3565     19.6638      26.189       14.19      27.047     14.2254     40.0359     24.5242     36.0839     41.9462     32.1581     15.2446     47.4821     56.0417     20.0464 1.97624e+21 6.49356e+21 2.95475e+21 3.88286e+21 1.51996e+21
1.76319e+11 4.33531e+11 1.85347e+11 4.43796e+10  3.4829e+11       1e+10     21.4818     21.3845     31.2993     16.1579     21.0555     24.0281     9.35724     31.2371     38.1358       28.73     12.4764     45.4562     53.1274     44.2263     21.7186     38.4497     15.9126     36.0318      39.276     16.3894     13.6084      34.196
3.31927e+11 2.21064e+11 1.66826e+11 1.81713e+11 3.84476e+11     21.4041       1e+10     25.8313     10.6686     27.0162     12.4472     33.3237     16.3575     27.9529     19.3452     17.2945     33.0149      28.598     41.1453     37.9313     12.3676     18.7594     21.1159     27.6504     18.3856     6.16999     32.1151     45.8083
1.70836e+11 4.40823e+11  9.2448e+10  2.5256e+11 1.40558e+11     21.4186     25.8497       1e+10     29.7599      9.0059      15.208     9.75912     13.1725     11.8709     31.9865     16.7016      26.673     35.5823     35.9133     22.8156     33.4516     43.4111           6     18.7131     36.9318     23.3777     36.5894     21.1053
 4.2418e+11 1.43743e+11 2.11681e+11 2.87106e+11 4.03418e+11     31.4055     10.7536     29.7486       1e+10     34.8071     16.9986     38.4043      25.574     28.3233     8.69958     17.0431     42.9994     18.7977     35.1917     37.7044     20.1229     16.0258     26.7471     27.8064     8.37515     16.7201     42.6207     50.6339
8.17389e+10 4.81605e+11 1.35793e+11 1.99825e+11 1.96578e+11     16.1363      27.037      8.9743     34.7896       1e+10     17.3073     7.09023     10.9991     20.0585     37.4047     23.2164     17.6995     41.8033     44.1321     30.2355     32.8925     45.7401     8.37515     26.6931     41.8997     22.8463      30.575      19.163
2.46886e+11 3.16712e+11 4.24285e+10 2.11066e+11 2.61828e+11     21.0526     12.4532     13.4372     17.0342     17.2109       1e+10     21.4052     10.6246     18.0593     20.3506     9.78663     29.7535     25.7112      34.201      34.965     23.9516     30.0223      8.9743     18.0941       24.52     15.6214     35.2713     33.7511
1.13452e+11 5.28006e+11 1.72291e+11 2.84473e+11 1.42163e+11     24.0344     33.3951      9.7339      39.096     7.08915     21.4128       1e+10     17.4908     18.3605     41.1172     25.8347     21.9096     44.7317      42.485     26.7713     39.2541     51.3237     12.7285     25.3561     45.6505     29.1901     34.7891      12.642
1.68314e+11 3.83921e+11 9.22091e+10 1.31762e+11 2.70463e+11      9.3361     16.4079     13.1709     25.5848     11.0231     10.4913     17.5054       1e+10     22.4358     30.3306     19.4107     19.3199      36.045     43.8462     35.9252     22.0913     35.0114     7.29926     26.7021     33.6791     12.0636     24.5021     29.9021
2.77597e+11 4.10817e+11 1.54604e+11 3.50801e+11 1.42064e+11     31.2342     27.9678     11.9278     28.3494     20.1441     18.0686     18.5771     22.6258       1e+10     27.3172     11.7979     37.5221     30.2463     24.1786      13.483     39.4809     44.6374     15.3506           7     34.0969     31.1465     46.3852      26.389
4.48843e+11 1.78367e+11 2.37245e+11 3.67486e+11 4.00068e+11     38.4315     19.4562     31.8872     8.70347     37.1287      20.291     40.7858     30.5892      27.298       1e+10     15.5549     50.0315     15.4936     29.8769     33.3797     28.6896     21.9407     28.8492     26.7755     10.1728     25.3026     50.6858     51.9355
3.11717e+11 2.94317e+11 1.06105e+11 3.17949e+11 2.44942e+11     28.7254     17.2979     16.6491     17.0559     23.2354     9.78793     25.6343     19.4799     11.7847     15.6039       1e+10     38.7064     18.9205     24.4716     21.5454     28.9588      32.837      15.315     14.2169     22.2993     20.6363     44.9115     36.4025
1.26154e+11 5.32669e+11 2.85223e+11 1.54982e+11 3.60973e+11      12.474     33.0586     26.5871     42.9202     17.6898     29.5983     21.9059     19.3458     37.4785     49.7751      38.717       1e+10     54.8742     61.5285     47.2327     30.5267     48.3033     25.6538     44.3199     50.8626     26.9399     13.0586     31.4038
 4.9697e+11  2.2047e+11 2.91354e+11  4.4197e+11  4.1923e+11     45.7362     28.7362     35.4803     18.8426     41.7737     25.8487     44.4609     36.3263     30.1303     15.5978     18.9945     55.1354       1e+10     19.8505     29.6614     38.2459     27.9527     33.8981     23.9732     14.3385     32.7619     58.1756      54.753
5.19899e+11 4.16929e+11  3.4909e+11 5.56904e+11 3.21731e+11     53.1783     41.1757     35.4473     35.2074      44.247     34.2618     42.8232     43.8904     24.2554     29.8837      24.485     61.7304     19.8563       1e+10     17.3937     52.8518     47.0831      38.046     17.4953     33.5976     43.0735     69.3772     47.3948
3.70891e+11 4.86854e+11 2.76552e+11 4.80059e+11  1.5356e+11     44.1677     37.9295     22.7773      37.706     30.2471     32.8999     26.8317     35.9012     13.5032     33.4062     21.5506     47.2226     29.9076     17.5179       1e+10      49.542      51.833     28.6776     10.3529     41.0635      41.216      57.013     30.5609
3.88846e+11 2.45393e+11 2.69149e+11 1.73298e+11 4.74827e+11     21.7177     12.3741      33.449     20.1139     32.8981     23.9488     39.2446     22.0982     39.4548     28.6689     28.9438     30.4183     38.1424     52.8248     49.5364       1e+10     18.1694     27.5114     39.2556     26.5069     10.3921     25.4071     51.7179
5.17487e+11 7.81563e+10 3.42663e+11 3.42862e+11 5.60301e+11     38.3121     18.7078     43.4164     16.0064     45.6536     30.0286      51.342     34.9469     44.6288     21.9243     32.8443     48.0274      27.938     47.0468     51.8227     18.1366       1e+10     38.7007     44.1057      13.635     23.0801     43.5242     63.7295
1.61383e+11 4.01134e+11  5.1691e+10 1.97792e+11  2.0047e+11     15.9374     21.1284           6     26.7355     8.28784     9.00339     12.7286     7.30188     15.3333     29.0632      15.261     25.6365     33.7869     37.9929     28.6909     27.5214     38.6883       1e+10     20.5972     33.4518     17.4471     31.0959      25.361
3.43001e+21 4.11341e+21 1.75031e+21 3.90638e+21 2.04851e+21 3.60073e+11 2.76641e+11 1.88836e+11 2.78378e+11 2.67888e+11 1.81077e+11 2.55571e+11 2.67025e+11       7e+10 2.67983e+11 1.12784e+11 4.44721e+11 2.39714e+11 1.66459e+11 1.03496e+11 3.92761e+11 4.41089e+11 2.06018e+11       1e+20 3.35727e+11 3.09495e+11 5.11735e+11 3.33885e+11
4.90698e+21 8.26538e+20 2.83349e+21 3.62873e+21 4.67889e+21 3.92544e+11 1.81711e+11 3.61221e+11 8.28784e+10 4.16421e+11 2.43956e+11 4.55106e+11 3.35971e+11   3.408e+11 1.01561e+11  2.2297e+11 5.08645e+11 1.43362e+11 3.35814e+11 4.10341e+11 2.65322e+11 1.36485e+11 3.33768e+11 3.35565e+11       1e+20 2.42873e+11 4.96187e+11  5.7736e+11
2.88534e+21 2.74215e+21 1.68487e+21     1.2e+21 3.74193e+21 1.59496e+11 6.13761e+10 2.33876e+11 1.65782e+11 2.28555e+11 1.56227e+11 2.91876e+11 1.20637e+11 3.11292e+11 2.52177e+11 2.06248e+11 2.70225e+11   3.262e+11 4.34039e+11 4.12165e+11 1.03915e+11 2.31469e+11  1.7447e+11 3.09358e+11 2.42455e+11       1e+20 2.58479e+11 4.16649e+11
2.54315e+21 4.99396e+21 3.36916e+21 1.43114e+21 4.89575e+21 1.53377e+11 3.18698e+11 3.65412e+11 4.22856e+11 3.05437e+11 3.52465e+11 3.47666e+11 2.45133e+11 4.63929e+11 5.05226e+11 4.48943e+11 1.30577e+11 5.78953e+11 6.93253e+11 6.00948e+11 2.54363e+11 4.36225e+11 3.10689e+11 5.11427e+11 4.82649e+11 2.57545e+11       1e+20 4.41913e+11
1.97624e+21 6.49356e+21 2.95475e+21 3.88286e+21 1.51996e+21 3.44179e+11 4.58536e+11 2.11017e+11 5.04442e+11 1.91516e+11 3.37523e+11 1.26574e+11 2.98894e+11 2.64287e+11 5.20118e+11 3.64603e+11 3.13862e+11  5.4873e+11 4.70188e+11 3.04285e+11 5.17314e+11 6.37228e+11 2.53797e+11 3.34287e+11 5.77873e+11 4.16718e+11  4.3047e+11       1e+20
