
1	128.255	132.474	125.281	120.774	140.638	132.023	122.964	70.6383	71.5056	67.1636	84.1221	63.6513	80.242	67.5547	78.3318	79.7651	70.1318	1	1	1	1	1	1	1	
2	128.255	132.472	125.28	120.774	140.638	132.023	122.963	70.6376	71.5041	67.1635	84.1211	63.6506	80.2416	67.5533	78.3319	79.7651	70.1323	1	1	1	1	1	1	1	
3	128.254	132.472	125.28	120.774	140.638	132.023	122.963	70.6374	71.5041	67.1632	84.121	63.6505	80.2415	67.5531	78.3318	79.765	70.1322	1	1	1	1	1	1	1	
4	128.254	132.472	125.279	120.774	140.637	132.023	122.963	70.6372	71.504	67.163	84.1209	63.6503	80.2415	67.553	78.3317	79.7649	70.1322	1	1	1	1	1	1	1	
5	128.254	132.472	125.279	120.774	140.637	132.023	122.963	70.637	71.5039	67.1627	84.1208	63.6502	80.2415	67.5529	78.3316	79.7649	70.1321	1	1	1	1	1	1	1	
6	128.254	132.472	125.279	120.774	140.637	132.023	122.962	70.6368	71.5039	67.1624	84.1207	63.6501	80.2414	67.5528	78.3316	79.7648	70.132	1	1	1	1	1	1	1	
7	128.254	132.472	125.279	120.773	140.637	132.023	122.962	70.6366	71.5038	67.1621	84.1207	63.65	80.2414	67.5527	78.3315	79.7647	70.132	1	1	1	1	1	1	1	
8	128.254	132.471	125.279	120.773	140.636	132.022	122.962	70.6364	71.5037	67.1619	84.1206	63.6499	80.2413	67.5526	78.3314	79.7646	70.1319	1	1	1	1	1	1	1	
9	128.254	132.471	125.279	120.773	140.636	132.022	122.962	70.6362	71.5037	67.1616	84.1205	63.6497	80.2413	67.5524	78.3313	79.7645	70.1318	1	1	1	1	1	1	1	
10	128.253	132.471	125.279	120.773	140.636	132.022	122.962	70.636	71.5036	67.1613	84.1204	63.6496	80.2412	67.5523	78.3312	79.7644	70.1318	1	1	1	1	1	1	1	
11	128.253	132.471	125.278	120.773	140.636	132.022	122.962	70.6358	71.5035	67.161	84.1203	63.6495	80.2412	67.5522	78.3311	79.7643	70.1317	1	1	1	1	1	1	1	
12	128.253	132.471	125.278	120.773	140.636	132.022	122.961	70.6355	71.5035	67.1607	84.1202	63.6494	80.2411	67.5521	78.331	79.7642	70.1316	1	1	1	1	1	1	1	
13	128.253	132.471	125.278	120.772	140.635	132.022	122.961	70.6353	71.5034	67.1604	84.1201	63.6492	80.2411	67.552	78.331	79.7642	70.1316	1	1	1	1	1	1	1	
14	128.253	132.471	125.278	120.772	140.635	132.022	122.961	70.6351	71.5033	67.1601	84.12	63.6491	80.2411	67.5518	78.3309	79.7641	70.1315	1	1	1	1	1	1	1	
15	128.253	132.47	125.278	120.772	140.635	132.021	122.961	70.6349	71.5032	67.1599	84.1199	63.649	80.241	67.5517	78.3308	79.764	70.1314	1	1	1	1	1	1	1	
16	128.252	132.47	125.278	120.772	140.635	132.021	122.961	70.6347	71.5032	67.1596	84.1198	63.6489	80.241	67.5516	78.3307	79.7639	70.1314	1	1	1	1	1	1	1	
17	128.252	132.47	125.277	120.772	140.634	132.021	122.96	70.6344	71.5031	67.1592	84.1197	63.6487	80.2409	67.5514	78.3306	79.7638	70.1313	1	1	1	1	1	1	1	
18	128.252	132.47	125.277	120.772	140.634	132.021	122.96	70.6342	71.503	67.1589	84.1197	63.6486	80.2409	67.5513	78.3305	79.7637	70.1312	1	1	1	1	1	1	1	
19	128.252	132.47	125.277	120.771	140.634	132.021	122.96	70.634	71.5029	67.1586	84.1196	63.6484	80.2408	67.5512	78.3304	79.7636	70.1311	1	1	1	1	1	1	1	
20	128.252	132.47	125.277	120.771	140.633	132.021	122.96	70.6337	71.5029	67.1583	84.1195	63.6483	80.2408	67.551	78.3303	79.7635	70.1311	1	1	1	1	1	1	1	
21	128.252	132.469	125.277	120.771	140.633	132.021	122.96	70.6335	71.5028	67.158	84.1194	63.6482	80.2407	67.5509	78.3302	79.7634	70.131	1	1	1	1	1	1	1	
22	128.252	132.469	125.277	120.771	140.633	132.02	122.96	70.6333	71.5027	67.1577	84.1193	63.648	80.2407	67.5508	78.3301	79.7633	70.1309	1	1	1	1	1	1	1	
23	128.251	132.469	125.276	120.771	140.633	132.02	122.959	70.633	71.5026	67.1574	84.1192	63.6479	80.2406	67.5506	78.33	79.7632	70.1308	1	1	1	1	1	1	1	
24	128.251	132.469	125.276	120.77	140.632	132.02	122.959	70.6328	71.5025	67.157	84.1191	63.6477	80.2406	67.5505	78.3299	79.7631	70.1307	1	1	1	1	1	1	1	
25	128.251	132.469	125.276	120.77	140.632	132.02	122.959	70.6325	71.5024	67.1567	84.119	63.6476	80.2405	67.5504	78.3298	79.763	70.1307	1	1	1	1	1	1	1	
26	128.251	132.468	125.276	120.77	140.632	132.02	122.959	70.6323	71.5024	67.1564	84.1189	63.6475	80.2405	67.5502	78.3297	79.7629	70.1306	1	1	1	1	1	1	1	
27	128.251	132.468	125.276	120.77	140.632	132.02	122.958	70.632	71.5023	67.156	84.1187	63.6473	80.2404	67.5501	78.3296	79.7628	70.1305	1	1	1	1	1	1	1	
28	128.25	132.468	125.275	120.77	140.631	132.019	122.958	70.6318	71.5022	67.1557	84.1186	63.6472	80.2404	67.5499	78.3295	79.7627	70.1304	1	1	1	1	1	1	1	
29	128.25	132.468	125.275	120.77	140.631	132.019	122.958	70.6315	71.5021	67.1554	84.1185	63.647	80.2403	67.5498	78.3294	79.7626	70.1303	1	1	1	1	1	1	1	
30	128.25	132.468	125.275	120.769	140.631	132.019	122.958	70.6312	71.502	67.155	84.1184	63.6469	80.2403	67.5496	78.3293	79.7624	70.1303	1	1	1	1	1	1	1	
31	128.25	132.467	125.275	120.769	140.63	132.019	122.958	70.631	71.5019	67.1547	84.1183	63.6467	80.2402	67.5495	78.3292	79.7623	70.1302	1	1	1	1	1	1	1	
32	128.25	132.467	125.275	120.769	140.63	132.019	122.957	70.6307	71.5019	67.1543	84.1182	63.6466	80.2401	67.5493	78.3291	79.7622	70.1301	1	1	1	1	1	1	1	
33	128.25	132.467	125.275	120.769	140.63	132.019	122.957	70.6305	71.5018	67.154	84.1181	63.6464	80.2401	67.5492	78.329	79.7621	70.13	1	1	1	1	1	1	1	
34	128.249	132.467	125.274	120.769	140.629	132.018	122.957	70.6302	71.5017	67.1536	84.118	63.6462	80.24	67.549	78.3289	79.762	70.1299	1	1	1	1	1	1	1	
35	128.249	132.467	125.274	120.768	140.629	132.018	122.957	70.6299	71.5016	67.1532	84.1179	63.6461	80.24	67.5489	78.3288	79.7619	70.1298	1	1	1	1	1	1	1	
36	128.249	132.466	125.274	120.768	140.629	132.018	122.957	70.6296	71.5015	67.1529	84.1178	63.6459	80.2399	67.5487	78.3287	79.7618	70.1297	1	1	1	1	1	1	1	
37	128.249	132.466	125.274	120.768	140.629	132.018	122.956	70.6294	71.5014	67.1525	84.1176	63.6458	80.2399	67.5486	78.3285	79.7617	70.1296	1	1	1	1	1	1	1	
38	128.249	132.466	125.273	120.768	140.628	132.018	122.956	70.6291	71.5013	67.1521	84.1175	63.6456	80.2398	67.5484	78.3284	79.7615	70.1296	1	1	1	1	1	1	1	
39	128.248	132.466	125.273	120.768	140.628	132.017	122.956	70.6288	71.5012	67.1517	84.1174	63.6454	80.2397	67.5482	78.3283	79.7614	70.1295	1	1	1	1	1	1	1	
40	128.248	132.466	125.273	120.767	140.628	132.017	122.956	70.6285	71.5011	67.1514	84.1173	63.6453	80.2397	67.5481	78.3282	79.7613	70.1294	1	1	1	1	1	1	1	
41	128.248	132.465	125.273	120.767	140.627	132.017	122.955	70.6282	71.501	67.151	84.1172	63.6451	80.2396	67.5479	78.3281	79.7612	70.1293	1	1	1	1	1	1	1	
42	128.248	132.465	125.273	120.767	140.627	132.017	122.955	70.6279	71.5009	67.1506	84.117	63.6449	80.2396	67.5477	78.328	79.7611	70.1292	1	1	1	1	1	1	1	
43	128.248	132.465	125.272	120.767	140.627	132.017	122.955	70.6276	71.5008	67.1502	84.1169	63.6448	80.2395	67.5476	78.3278	79.7609	70.1291	1	1	1	1	1	1	1	
44	128.247	132.465	125.272	120.766	140.626	132.017	122.955	70.6273	71.5007	67.1498	84.1168	63.6446	80.2394	67.5474	78.3277	79.7608	70.129	1	1	1	1	1	1	1	
45	128.247	132.465	125.272	120.766	140.626	132.016	122.954	70.627	71.5006	67.1494	84.1167	63.6444	80.2394	67.5472	78.3276	79.7607	70.1289	1	1	1	1	1	1	1	
46	128.247	132.464	125.272	120.766	140.626	132.016	122.954	70.6267	71.5005	67.149	84.1165	63.6442	80.2393	67.5471	78.3275	79.7605	70.1288	1	1	1	1	1	1	1	
47	128.247	132.464	125.272	120.766	140.625	132.016	122.954	70.6264	71.5004	67.1486	84.1164	63.644	80.2392	67.5469	78.3274	79.7604	70.1287	1	1	1	1	1	1	1	
48	128.247	132.464	125.271	120.765	140.625	132.016	122.954	70.6261	71.5003	67.1482	84.1163	63.6439	80.2392	67.5467	78.3272	79.7603	70.1286	1	1	1	1	1	1	1	
49	128.246	132.464	125.271	120.765	140.625	132.016	122.953	70.6258	71.5002	67.1477	84.1162	63.6437	80.2391	67.5465	78.3271	79.7602	70.1285	1	1	1	1	1	1	1	
50	128.246	132.463	125.271	120.765	140.624	132.015	122.953	70.6255	71.5001	67.1473	84.116	63.6435	80.239	67.5463	78.327	79.76	70.1284	1	1	1	1	1	1	1	
51	128.246	132.463	125.271	120.765	140.624	132.015	122.953	70.6251	71.5	67.1469	84.1159	63.6433	80.239	67.5462	78.3268	79.7599	70.1283	1	1	1	1	1	1	1	
52	128.246	132.463	125.27	120.765	140.623	132.015	122.953	70.6248	71.4999	67.1465	84.1158	63.6431	80.2389	67.546	78.3267	79.7598	70.1282	1	1	1	1	1	1	1	
53	128.245	132.463	125.27	120.764	140.623	132.015	122.952	70.6245	71.4998	67.146	84.1156	63.6429	80.2388	67.5458	78.3266	79.7596	70.1281	1	1	1	1	1	1	1	
54	128.245	132.462	125.27	120.764	140.623	132.014	122.952	70.6242	71.4997	67.1456	84.1155	63.6427	80.2388	67.5456	78.3264	79.7595	70.128	1	1	1	1	1	1	1	
55	128.245	132.462	125.27	120.764	140.622	132.014	122.952	70.6238	71.4996	67.1451	84.1153	63.6425	80.2387	67.5454	78.3263	79.7593	70.1279	1	1	1	1	1	1	1	
56	128.245	132.462	125.269	120.764	140.622	132.014	122.951	70.6235	71.4995	67.1447	84.1152	63.6423	80.2386	67.5452	78.3262	79.7592	70.1278	1	1	1	1	1	1	1	
57	128.244	132.462	125.269	120.763	140.622	132.014	122.951	70.6232	71.4993	67.1442	84.1151	63.6421	80.2386	67.545	78.326	79.7591	70.1277	1	1	1	1	1	1	1	
58	128.244	132.461	125.269	120.763	140.621	132.014	122.951	70.6228	71.4992	67.1438	84.1149	63.6419	80.2385	67.5448	78.3259	79.7589	70.1275	1	1	1	1	1	1	1	
59	128.244	132.461	125.269	120.763	140.621	132.013	122.951	70.6225	71.4991	67.1433	84.1148	63.6417	80.2384	67.5446	78.3258	79.7588	70.1274	1	1	1	1	1	1	1	
60	128.244	132.461	125.268	120.762	140.62	132.013	122.95	70.6221	71.499	67.1428	84.1146	63.6415	80.2383	67.5444	78.3256	79.7586	70.1273	1	1	1	1	1	1	1	
61	128.243	132.461	125.268	120.762	140.62	132.013	122.95	70.6218	71.4989	67.1424	84.1145	63.6413	80.2383	67.5442	78.3255	79.7585	70.1272	1	1	1	1	1	1	1	
62	128.243	132.46	125.268	120.762	140.62	132.013	122.95	70.6214	71.4988	67.1419	84.1143	63.6411	80.2382	67.544	78.3253	79.7583	70.1271	1	1	1	1	1	1	1	
63	128.243	132.46	125.268	120.762	140.619	132.012	122.949	70.621	71.4986	67.1414	84.1142	63.6409	80.2381	67.5438	78.3252	79.7582	70.127	1	1	1	1	1	1	1	
64	128.243	132.46	125.267	120.761	140.619	132.012	122.949	70.6207	71.4985	67.1409	84.114	63.6407	80.238	67.5436	78.325	79.758	70.1269	1	1	1	1	1	1	1	
65	128.242	132.46	125.267	120.761	140.618	132.012	122.949	70.6203	71.4984	67.1404	84.1139	63.6405	80.238	67.5434	78.3249	79.7579	70.1267	1	1	1	1	1	1	1	
66	128.242	132.459	125.267	120.761	140.618	132.012	122.949	70.6199	71.4983	67.1399	84.1137	63.6403	80.2379	67.5432	78.3247	79.7577	70.1266	1	1	1	1	1	1	1	
67	128.242	132.459	125.267	120.761	140.618	132.011	122.948	70.6195	71.4982	67.1394	84.1136	63.64	80.2378	67.543	78.3246	79.7575	70.1265	1	1	1	1	1	1	1	
68	128.242	132.459	125.266	120.76	140.617	132.011	122.948	70.6192	71.498	67.1389	84.1134	63.6398	80.2377	67.5428	78.3244	79.7574	70.1264	1	1	1	1	1	1	1	
69	128.241	132.458	125.266	120.76	140.617	132.011	122.948	70.6188	71.4979	67.1384	84.1133	63.6396	80.2377	67.5425	78.3243	79.7572	70.1263	1	1	1	1	1	1	1	
70	128.241	132.458	125.266	120.76	140.616	132.011	122.947	70.6184	71.4978	67.1379	84.1131	63.6394	80.2376	67.5423	78.3241	79.7571	70.1261	1	1	1	1	1	1	1	
71	128.241	132.458	125.265	120.759	140.616	132.01	122.947	70.618	71.4976	67.1374	84.1129	63.6391	80.2375	67.5421	78.324	79.7569	70.126	1	1	1	1	1	1	1	
72	128.241	132.458	125.265	120.759	140.615	132.01	122.947	70.6176	71.4975	67.1368	84.1128	63.6389	80.2374	67.5419	78.3238	79.7567	70.1259	1	1	1	1	1	1	1	
73	128.24	132.457	125.265	120.759	140.615	132.01	122.946	70.6172	71.4974	67.1363	84.1126	63.6387	80.2373	67.5416	78.3236	79.7566	70.1257	1	1	1	1	1	1	1	
74	128.24	132.457	125.264	120.758	140.614	132.01	122.946	70.6168	71.4972	67.1358	84.1124	63.6384	80.2372	67.5414	78.3235	79.7564	70.1256	1	1	1	1	1	1	1	
75	128.24	132.457	125.264	120.758	140.614	132.009	122.946	70.6164	71.4971	67.1352	84.1123	63.6382	80.2372	67.5412	78.3233	79.7562	70.1255	1	1	1	1	1	1	1	
76	128.239	132.456	125.264	120.758	140.613	132.009	122.945	70.616	71.497	67.1347	84.1121	63.638	80.2371	67.5409	78.3231	79.756	70.1253	1	1	1	1	1	1	1	
77	128.239	132.456	125.264	120.758	140.613	132.009	122.945	70.6156	71.4968	67.1341	84.1119	63.6377	80.237	67.5407	78.323	79.7559	70.1252	1	1	1	1	1	1	1	
78	128.239	132.456	125.263	120.757	140.613	132.009	122.945	70.6151	71.4967	67.1336	84.1117	63.6375	80.2369	67.5405	78.3228	79.7557	70.1251	1	1	1	1	1	1	1	
79	128.239	132.455	125.263	120.757	140.612	132.008	122.944	70.6147	71.4966	67.133	84.1116	63.6372	80.2368	67.5402	78.3226	79.7555	70.1249	1	1	1	1	1	1	1	
80	128.238	132.455	125.263	120.757	140.612	132.008	122.944	70.6143	71.4964	67.1324	84.1114	63.637	80.2367	67.54	78.3224	79.7553	70.1248	1	1	1	1	1	1	1	
81	128.238	132.455	125.262	120.756	140.611	132.008	122.944	70.6139	71.4963	67.1318	84.1112	63.6367	80.2366	67.5397	78.3223	79.7552	70.1247	1	1	1	1	1	1	1	
82	128.238	132.454	125.262	120.756	140.611	132.007	122.943	70.6134	71.4961	67.1313	84.111	63.6365	80.2365	67.5395	78.3221	79.755	70.1245	1	1	1	1	1	1	1	
83	128.237	132.454	125.262	120.756	140.61	132.007	122.943	70.613	71.496	67.1307	84.1108	63.6362	80.2364	67.5392	78.3219	79.7548	70.1244	1	1	1	1	1	1	1	
84	128.237	132.454	125.261	120.755	140.61	132.007	122.942	70.6125	71.4958	67.1301	84.1107	63.6359	80.2364	67.539	78.3217	79.7546	70.1242	1	1	1	1	1	1	1	
85	128.237	132.453	125.261	120.755	140.609	132.007	122.942	70.6121	71.4957	67.1295	84.1105	63.6357	80.2363	67.5387	78.3216	79.7544	70.1241	1	1	1	1	1	1	1	
86	128.236	132.453	125.261	120.755	140.609	132.006	122.942	70.6116	71.4955	67.1289	84.1103	63.6354	80.2362	67.5385	78.3214	79.7542	70.1239	1	1	1	1	1	1	1	
87	128.236	132.453	125.26	120.754	140.608	132.006	122.941	70.6112	71.4954	67.1282	84.1101	63.6351	80.2361	67.5382	78.3212	79.754	70.1238	1	1	1	1	1	1	1	
88	128.236	132.452	125.26	120.754	140.608	132.006	122.941	70.6107	71.4952	67.1276	84.1099	63.6349	80.236	67.5379	78.321	79.7538	70.1236	1	1	1	1	1	1	1	
89	128.235	132.452	125.26	120.754	140.607	132.005	122.941	70.6102	71.4951	67.127	84.1097	63.6346	80.2359	67.5377	78.3208	79.7536	70.1235	1	1	1	1	1	1	1	
90	128.235	132.452	125.259	120.753	140.606	132.005	122.94	70.6097	71.4949	67.1264	84.1095	63.6343	80.2358	67.5374	78.3206	79.7534	70.1233	1	1	1	1	1	1	1	
91	128.235	132.451	125.259	120.753	140.606	132.005	122.94	70.6093	71.4947	67.1257	84.1093	63.634	80.2357	67.5371	78.3204	79.7532	70.1232	1	1	1	1	1	1	1	
92	128.234	132.451	125.259	120.752	140.605	132.004	122.939	70.6088	71.4946	67.1251	84.1091	63.6337	80.2356	67.5368	78.3202	79.753	70.123	1	1	1	1	1	1	1	
93	128.234	132.451	125.258	120.752	140.605	132.004	122.939	70.6083	71.4944	67.1244	84.1089	63.6335	80.2355	67.5366	78.32	79.7528	70.1229	1	1	1	1	1	1	1	
94	128.234	132.45	125.258	120.752	140.604	132.004	122.939	70.6078	71.4943	67.1238	84.1087	63.6332	80.2354	67.5363	78.3198	79.7526	70.1227	1	1	1	1	1	1	1	
95	128.233	132.45	125.258	120.751	140.604	132.004	122.938	70.6073	71.4941	67.1231	84.1085	63.6329	80.2353	67.536	78.3196	79.7524	70.1226	1	1	1	1	1	1	1	
96	128.233	132.45	125.257	120.751	140.603	132.003	122.938	70.6068	71.4939	67.1224	84.1083	63.6326	80.2352	67.5357	78.3194	79.7522	70.1224	1	1	1	1	1	1	1	
97	128.233	132.449	125.257	120.751	140.603	132.003	122.937	70.6063	71.4938	67.1217	84.1081	63.6323	80.2351	67.5354	78.3192	79.752	70.1222	1	1	1	1	1	1	1	
98	128.232	132.449	125.256	120.75	140.602	132.003	122.937	70.6058	71.4936	67.1211	84.1079	63.632	80.2349	67.5351	78.319	79.7518	70.1221	1	1	1	1	1	1	1	
99	128.232	132.448	125.256	120.75	140.601	132.002	122.936	70.6052	71.4934	67.1204	84.1076	63.6317	80.2348	67.5348	78.3188	79.7515	70.1219	1	1	1	1	1	1	1	
100	128.232	132.448	125.256	120.749	140.601	132.002	122.936	70.6047	71.4932	67.1197	84.1074	63.6314	80.2347	67.5345	78.3186	79.7513	70.1217	1	1	1	1	1	1	1	
101	128.231	132.448	125.255	120.749	140.6	132.001	122.936	70.6042	71.4931	67.119	84.1072	63.6311	80.2346	67.5342	78.3184	79.7511	70.1216	1	1	1	1	1	1	1	
102	128.231	132.447	125.255	120.749	140.6	132.001	122.935	70.6036	71.4929	67.1182	84.107	63.6308	80.2345	67.5339	78.3181	79.7509	70.1214	1	1	1	1	1	1	1	
103	128.23	132.447	125.254	120.748	140.599	132.001	122.935	70.6031	71.4927	67.1175	84.1067	63.6304	80.2344	67.5336	78.3179	79.7507	70.1212	1	1	1	1	1	1	1	
104	128.23	132.446	125.254	120.748	140.598	132	122.934	70.6026	71.4925	67.1168	84.1065	63.6301	80.2343	67.5333	78.3177	79.7504	70.121	1	1	1	1	1	1	1	
105	128.23	132.446	125.254	120.747	140.598	132	122.934	70.602	71.4923	67.116	84.1063	63.6298	80.2342	67.533	78.3175	79.7502	70.1208	1	1	1	1	1	1	1	
106	128.229	132.446	125.253	120.747	140.597	132	122.933	70.6014	71.4922	67.1153	84.1061	63.6295	80.2341	67.5327	78.3173	79.75	70.1207	1	1	1	1	1	1	1	
107	128.229	132.445	125.253	120.747	140.596	131.999	122.933	70.6009	71.492	67.1145	84.1058	63.6291	80.2339	67.5324	78.317	79.7497	70.1205	1	1	1	1	1	1	1	
108	128.228	132.445	125.252	120.746	140.596	131.999	122.932	70.6003	71.4918	67.1138	84.1056	63.6288	80.2338	67.532	78.3168	79.7495	70.1203	1	1	1	1	1	1	1	
109	128.228	132.444	125.252	120.746	140.595	131.999	122.932	70.5997	71.4916	67.113	84.1054	63.6285	80.2337	67.5317	78.3166	79.7492	70.1201	1	1	1	1	1	1	1	
110	128.228	132.444	125.252	120.745	140.595	131.998	122.931	70.5992	71.4914	67.1122	84.1051	63.6281	80.2336	67.5314	78.3163	79.749	70.1199	1	1	1	1	1	1	1	
111	128.227	132.444	125.251	120.745	140.594	131.998	122.931	70.5986	71.4912	67.1115	84.1049	63.6278	80.2335	67.531	78.3161	79.7488	70.1197	1	1	1	1	1	1	1	
112	128.227	132.443	125.251	120.744	140.593	131.997	122.931	70.598	71.491	67.1107	84.1046	63.6274	80.2333	67.5307	78.3159	79.7485	70.1196	1	1	1	1	1	1	1	
113	128.226	132.443	125.25	120.744	140.593	131.997	122.93	70.5974	71.4908	67.1099	84.1044	63.6271	80.2332	67.5304	78.3156	79.7483	70.1194	1	1	1	1	1	1	1	
114	128.226	132.442	125.25	120.743	140.592	131.997	122.93	70.5968	71.4906	67.1091	84.1041	63.6267	80.2331	67.53	78.3154	79.748	70.1192	1	1	1	1	1	1	1	
115	128.226	132.442	125.249	120.743	140.591	131.996	122.929	70.5962	71.4904	67.1082	84.1039	63.6264	80.233	67.5297	78.3151	79.7477	70.119	1	1	1	1	1	1	1	
116	128.225	132.441	125.249	120.743	140.59	131.996	122.929	70.5955	71.4902	67.1074	84.1036	63.626	80.2328	67.5293	78.3149	79.7475	70.1188	1	1	1	1	1	1	1	
117	128.225	132.441	125.248	120.742	140.59	131.995	122.928	70.5949	71.49	67.1066	84.1034	63.6256	80.2327	67.529	78.3146	79.7472	70.1186	1	1	1	1	1	1	1	
118	128.224	132.44	125.248	120.742	140.589	131.995	122.927	70.5943	71.4898	67.1057	84.1031	63.6253	80.2326	67.5286	78.3144	79.747	70.1184	1	1	1	1	1	1	1	
119	128.224	132.44	125.247	120.741	140.588	131.995	122.927	70.5936	71.4896	67.1049	84.1028	63.6249	80.2324	67.5282	78.3141	79.7467	70.1182	1	1	1	1	1	1	1	
120	128.223	132.439	125.247	120.741	140.588	131.994	122.926	70.593	71.4894	67.104	84.1026	63.6245	80.2323	67.5279	78.3139	79.7464	70.1179	1	1	1	1	1	1	1	
121	128.223	132.439	125.247	120.74	140.587	131.994	122.926	70.5924	71.4892	67.1032	84.1023	63.6242	80.2322	67.5275	78.3136	79.7462	70.1177	1	1	1	1	1	1	1	
122	128.222	132.438	125.246	120.74	140.586	131.993	122.925	70.5917	71.4889	67.1023	84.102	63.6238	80.232	67.5271	78.3133	79.7459	70.1175	1	1	1	1	1	1	1	
123	128.222	132.438	125.246	120.739	140.585	131.993	122.925	70.591	71.4887	67.1014	84.1017	63.6234	80.2319	67.5268	78.3131	79.7456	70.1173	1	1	1	1	1	1	1	
124	128.222	132.437	125.245	120.739	140.585	131.993	122.924	70.5904	71.4885	67.1005	84.1015	63.623	80.2317	67.5264	78.3128	79.7453	70.1171	1	1	1	1	1	1	1	
125	128.221	132.437	125.245	120.738	140.584	131.992	122.924	70.5897	71.4883	67.0996	84.1012	63.6226	80.2316	67.526	78.3125	79.745	70.1169	1	1	1	1	1	1	1	
126	128.221	132.436	125.244	120.738	140.583	131.992	122.923	70.589	71.488	67.0987	84.1009	63.6222	80.2315	67.5256	78.3122	79.7447	70.1167	1	1	1	1	1	1	1	
127	128.22	132.436	125.244	120.737	140.582	131.991	122.923	70.5883	71.4878	67.0978	84.1006	63.6218	80.2313	67.5252	78.312	79.7445	70.1164	1	1	1	1	1	1	1	
128	128.22	132.435	125.243	120.737	140.582	131.991	122.922	70.5876	71.4876	67.0968	84.1003	63.6214	80.2312	67.5248	78.3117	79.7442	70.1162	1	1	1	1	1	1	1	
129	128.219	132.435	125.243	120.736	140.581	131.99	122.921	70.5869	71.4874	67.0959	84.1	63.621	80.231	67.5244	78.3114	79.7439	70.116	1	1	1	1	1	1	1	
130	128.219	132.434	125.242	120.736	140.58	131.99	122.921	70.5862	71.4871	67.0949	84.0997	63.6206	80.2309	67.524	78.3111	79.7436	70.1158	1	1	1	1	1	1	1	
131	128.218	132.434	125.241	120.735	140.579	131.989	122.92	70.5855	71.4869	67.094	84.0994	63.6201	80.2307	67.5236	78.3108	79.7433	70.1155	1	1	1	1	1	1	1	
132	128.218	132.433	125.241	120.734	140.578	131.989	122.92	70.5848	71.4866	67.093	84.0991	63.6197	80.2306	67.5232	78.3105	79.743	70.1153	1	1	1	1	1	1	1	
133	128.217	132.433	125.24	120.734	140.577	131.988	122.919	70.584	71.4864	67.092	84.0988	63.6193	80.2304	67.5228	78.3102	79.7427	70.1151	1	1	1	1	1	1	1	
134	128.217	132.432	125.24	120.733	140.577	131.988	122.918	70.5833	71.4862	67.091	84.0985	63.6188	80.2303	67.5223	78.3099	79.7423	70.1148	1	1	1	1	1	1	1	
135	128.216	132.432	125.239	120.733	140.576	131.987	122.918	70.5825	71.4859	67.09	84.0982	63.6184	80.2301	67.5219	78.3096	79.742	70.1146	1	1	1	1	1	1	1	
136	128.216	132.431	125.239	120.732	140.575	131.987	122.917	70.5818	71.4857	67.089	84.0979	63.618	80.23	67.5215	78.3093	79.7417	70.1143	1	1	1	1	1	1	1	
137	128.215	132.431	125.238	120.732	140.574	131.986	122.917	70.581	71.4854	67.088	84.0976	63.6175	80.2298	67.5211	78.309	79.7414	70.1141	1	1	1	1	1	1	1	
138	128.214	132.43	125.238	120.731	140.573	131.986	122.916	70.5802	71.4851	67.087	84.0973	63.6171	80.2296	67.5206	78.3087	79.7411	70.1138	1	1	1	1	1	1	1	
139	128.214	132.429	125.237	120.73	140.572	131.985	122.915	70.5795	71.4849	67.0859	84.0969	63.6166	80.2295	67.5202	78.3084	79.7407	70.1136	1	1	1	1	1	1	1	
140	128.213	132.429	125.236	120.73	140.571	131.985	122.915	70.5787	71.4846	67.0849	84.0966	63.6161	80.2293	67.5197	78.3081	79.7404	70.1133	1	1	1	1	1	1	1	
141	128.213	132.428	125.236	120.729	140.571	131.984	122.914	70.5779	71.4844	67.0838	84.0963	63.6157	80.2291	67.5193	78.3077	79.7401	70.1131	1	1	1	1	1	1	1	
142	128.212	132.428	125.235	120.729	140.57	131.984	122.913	70.5771	71.4841	67.0828	84.0959	63.6152	80.229	67.5188	78.3074	79.7397	70.1128	1	1	1	1	1	1	1	
143	128.212	132.427	125.235	120.728	140.569	131.983	122.913	70.5763	71.4838	67.0817	84.0956	63.6147	80.2288	67.5184	78.3071	79.7394	70.1125	1	1	1	1	1	1	1	
144	128.211	132.426	125.234	120.727	140.568	131.983	122.912	70.5754	71.4836	67.0806	84.0953	63.6143	80.2286	67.5179	78.3068	79.7391	70.1123	1	1	1	1	1	1	1	
145	128.211	132.426	125.234	120.727	140.567	131.982	122.911	70.5746	71.4833	67.0795	84.0949	63.6138	80.2285	67.5174	78.3064	79.7387	70.112	1	1	1	1	1	1	1	
146	128.21	132.425	125.233	120.726	140.566	131.982	122.911	70.5738	71.483	67.0783	84.0946	63.6133	80.2283	67.5169	78.3061	79.7384	70.1117	1	1	1	1	1	1	1	
147	128.209	132.425	125.232	120.726	140.565	131.981	122.91	70.5729	71.4827	67.0772	84.0942	63.6128	80.2281	67.5165	78.3057	79.738	70.1115	1	1	1	1	1	1	1	
148	128.209	132.424	125.232	120.725	140.564	131.981	122.909	70.5721	71.4824	67.0761	84.0939	63.6123	80.2279	67.516	78.3054	79.7377	70.1112	1	1	1	1	1	1	1	
149	128.208	132.423	125.231	120.724	140.563	131.98	122.908	70.5712	71.4822	67.0749	84.0935	63.6118	80.2278	67.5155	78.3051	79.7373	70.1109	1	1	1	1	1	1	1	
150	128.208	132.423	125.23	120.724	140.562	131.98	122.908	70.5703	71.4819	67.0738	84.0932	63.6113	80.2276	67.515	78.3047	79.7369	70.1106	1	1	1	1	1	1	1	
151	128.207	132.422	125.23	120.723	140.561	131.979	122.907	70.5695	71.4816	67.0726	84.0928	63.6108	80.2274	67.5145	78.3043	79.7366	70.1104	1	1	1	1	1	1	1	
152	128.206	132.421	125.229	120.722	140.56	131.978	122.906	70.5686	71.4813	67.0714	84.0924	63.6102	80.2272	67.514	78.304	79.7362	70.1101	1	1	1	1	1	1	1	
153	128.206	132.421	125.228	120.722	140.559	131.978	122.906	70.5677	71.481	67.0702	84.0921	63.6097	80.227	67.5135	78.3036	79.7358	70.1098	1	1	1	1	1	1	1	
154	128.205	132.42	125.228	120.721	140.558	131.977	122.905	70.5668	71.4807	67.069	84.0917	63.6092	80.2268	67.513	78.3033	79.7354	70.1095	1	1	1	1	1	1	1	
155	128.204	132.419	125.227	120.72	140.557	131.977	122.904	70.5658	71.4804	67.0677	84.0913	63.6086	80.2266	67.5124	78.3029	79.735	70.1092	1	1	1	1	1	1	1	
156	128.204	132.419	125.226	120.72	140.556	131.976	122.903	70.5649	71.4801	67.0665	84.0909	63.6081	80.2265	67.5119	78.3025	79.7347	70.1089	1	1	1	1	1	1	1	
157	128.203	132.418	125.226	120.719	140.555	131.975	122.903	70.564	71.4798	67.0653	84.0905	63.6075	80.2263	67.5114	78.3021	79.7343	70.1086	1	1	1	1	1	1	1	
158	128.202	132.417	125.225	120.718	140.554	131.975	122.902	70.563	71.4795	67.064	84.0901	63.607	80.2261	67.5108	78.3018	79.7339	70.1083	1	1	1	1	1	1	1	
159	128.202	132.417	125.224	120.717	140.553	131.974	122.901	70.5621	71.4792	67.0627	84.0897	63.6064	80.2259	67.5103	78.3014	79.7335	70.108	1	1	1	1	1	1	1	
160	128.201	132.416	125.224	120.717	140.552	131.974	122.9	70.5611	71.4788	67.0614	84.0893	63.6059	80.2257	67.5098	78.301	79.7331	70.1077	1	1	1	1	1	1	1	
161	128.2	132.415	125.223	120.716	140.551	131.973	122.899	70.5601	71.4785	67.0601	84.0889	63.6053	80.2255	67.5092	78.3006	79.7327	70.1073	1	1	1	1	1	1	1	
162	128.2	132.414	125.222	120.715	140.549	131.972	122.899	70.5592	71.4782	67.0588	84.0885	63.6047	80.2253	67.5086	78.3002	79.7322	70.107	1	1	1	1	1	1	1	
163	128.199	132.414	125.221	120.714	140.548	131.972	122.898	70.5582	71.4779	67.0575	84.0881	63.6041	80.2251	67.5081	78.2998	79.7318	70.1067	1	1	1	1	1	1	1	
164	128.198	132.413	125.221	120.714	140.547	131.971	122.897	70.5572	71.4775	67.0561	84.0877	63.6036	80.2248	67.5075	78.2994	79.7314	70.1064	1	1	1	1	1	1	1	
165	128.198	132.412	125.22	120.713	140.546	131.97	122.896	70.5561	71.4772	67.0548	84.0873	63.603	80.2246	67.5069	78.299	79.731	70.1061	1	1	1	1	1	1	1	
166	128.197	132.411	125.219	120.712	140.545	131.97	122.895	70.5551	71.4769	67.0534	84.0869	63.6024	80.2244	67.5064	78.2986	79.7306	70.1057	1	1	1	1	1	1	1	
167	128.196	132.411	125.218	120.711	140.544	131.969	122.894	70.5541	71.4765	67.052	84.0864	63.6018	80.2242	67.5058	78.2981	79.7301	70.1054	1	1	1	1	1	1	1	
168	128.195	132.41	125.218	120.711	140.543	131.968	122.894	70.553	71.4762	67.0506	84.086	63.6011	80.224	67.5052	78.2977	79.7297	70.105	1	1	1	1	1	1	1	
169	128.195	132.409	125.217	120.71	140.541	131.968	122.893	70.552	71.4758	67.0492	84.0856	63.6005	80.2238	67.5046	78.2973	79.7292	70.1047	1	1	1	1	1	1	1	
170	128.194	132.408	125.216	120.709	140.54	131.967	122.892	70.5509	71.4755	67.0478	84.0851	63.5999	80.2235	67.504	78.2969	79.7288	70.1044	1	1	1	1	1	1	1	
171	128.193	132.407	125.215	120.708	140.539	131.966	122.891	70.5498	71.4751	67.0463	84.0847	63.5993	80.2233	67.5034	78.2964	79.7283	70.104	1	1	1	1	1	1	1	
172	128.192	132.407	125.215	120.707	140.538	131.966	122.89	70.5488	71.4748	67.0449	84.0842	63.5986	80.2231	67.5027	78.296	79.7279	70.1037	1	1	1	1	1	1	1	
173	128.192	132.406	125.214	120.707	140.536	131.965	122.889	70.5477	71.4744	67.0434	84.0838	63.598	80.2229	67.5021	78.2956	79.7274	70.1033	1	1	1	1	1	1	1	
174	128.191	132.405	125.213	120.706	140.535	131.964	122.888	70.5465	71.474	67.0419	84.0833	63.5973	80.2226	67.5015	78.2951	79.727	70.1029	1	1	1	1	1	1	1	
175	128.19	132.404	125.212	120.705	140.534	131.963	122.887	70.5454	71.4737	67.0404	84.0828	63.5967	80.2224	67.5008	78.2947	79.7265	70.1026	1	1	1	1	1	1	1	
176	128.189	132.403	125.211	120.704	140.533	131.963	122.886	70.5443	71.4733	67.0389	84.0824	63.596	80.2222	67.5002	78.2942	79.726	70.1022	1	1	1	1	1	1	1	
177	128.189	132.403	125.21	120.703	140.531	131.962	122.885	70.5431	71.4729	67.0374	84.0819	63.5953	80.2219	67.4995	78.2937	79.7255	70.1018	1	1	1	1	1	1	1	
178	128.188	132.402	125.21	120.702	140.53	131.961	122.884	70.542	71.4725	67.0358	84.0814	63.5947	80.2217	67.4989	78.2933	79.725	70.1015	1	1	1	1	1	1	1	
179	128.187	132.401	125.209	120.701	140.529	131.96	122.883	70.5408	71.4721	67.0342	84.0809	63.594	80.2214	67.4982	78.2928	79.7246	70.1011	1	1	1	1	1	1	1	
180	128.186	132.4	125.208	120.7	140.527	131.96	122.883	70.5396	71.4717	67.0327	84.0804	63.5933	80.2212	67.4976	78.2923	79.7241	70.1007	1	1	1	1	1	1	1	
181	128.185	132.399	125.207	120.7	140.526	131.959	122.882	70.5384	71.4714	67.0311	84.0799	63.5926	80.221	67.4969	78.2918	79.7236	70.1003	1	1	1	1	1	1	1	
182	128.184	132.398	125.206	120.699	140.525	131.958	122.881	70.5372	71.471	67.0294	84.0794	63.5919	80.2207	67.4962	78.2914	79.7231	70.0999	1	1	1	1	1	1	1	
183	128.184	132.397	125.205	120.698	140.523	131.957	122.88	70.536	71.4706	67.0278	84.0789	63.5911	80.2205	67.4955	78.2909	79.7226	70.0995	1	1	1	1	1	1	1	
184	128.183	132.396	125.204	120.697	140.522	131.956	122.879	70.5348	71.4701	67.0262	84.0784	63.5904	80.2202	67.4948	78.2904	79.722	70.0991	1	1	1	1	1	1	1	
185	128.182	132.395	125.203	120.696	140.52	131.956	122.877	70.5335	71.4697	67.0245	84.0779	63.5897	80.2199	67.4941	78.2899	79.7215	70.0987	1	1	1	1	1	1	1	
186	128.181	132.394	125.202	120.695	140.519	131.955	122.876	70.5323	71.4693	67.0228	84.0774	63.589	80.2197	67.4934	78.2894	79.721	70.0983	1	1	1	1	1	1	1	
187	128.18	132.394	125.201	120.694	140.518	131.954	122.875	70.531	71.4689	67.0211	84.0769	63.5882	80.2194	67.4927	78.2889	79.7205	70.0979	1	1	1	1	1	1	1	
188	128.179	132.393	125.201	120.693	140.516	131.953	122.874	70.5297	71.4685	67.0194	84.0763	63.5875	80.2191	67.4919	78.2883	79.7199	70.0975	1	1	1	1	1	1	1	
189	128.178	132.392	125.2	120.692	140.515	131.952	122.873	70.5284	71.4681	67.0177	84.0758	63.5867	80.2189	67.4912	78.2878	79.7194	70.0971	1	1	1	1	1	1	1	
190	128.177	132.391	125.199	120.691	140.513	131.951	122.872	70.5271	71.4676	67.0159	84.0753	63.5859	80.2186	67.4905	78.2873	79.7188	70.0967	1	1	1	1	1	1	1	
191	128.176	132.39	125.198	120.69	140.512	131.951	122.871	70.5258	71.4672	67.0141	84.0747	63.5852	80.2183	67.4897	78.2868	79.7183	70.0962	1	1	1	1	1	1	1	
192	128.175	132.389	125.197	120.689	140.51	131.95	122.87	70.5245	71.4668	67.0123	84.0742	63.5844	80.2181	67.489	78.2862	79.7177	70.0958	1	1	1	1	1	1	1	
193	128.175	132.388	125.196	120.688	140.509	131.949	122.869	70.5231	71.4663	67.0105	84.0736	63.5836	80.2178	67.4882	78.2857	79.7172	70.0954	1	1	1	1	1	1	1	
194	128.174	132.387	125.195	120.687	140.507	131.948	122.868	70.5218	71.4659	67.0087	84.073	63.5828	80.2175	67.4874	78.2851	79.7166	70.0949	1	1	1	1	1	1	1	
195	128.173	132.386	125.194	120.686	140.506	131.947	122.867	70.5204	71.4654	67.0069	84.0725	63.582	80.2172	67.4866	78.2846	79.716	70.0945	1	1	1	1	1	1	1	
196	128.172	132.385	125.193	120.685	140.504	131.946	122.866	70.519	71.465	67.005	84.0719	63.5812	80.2169	67.4859	78.284	79.7154	70.094	1	1	1	1	1	1	1	
197	128.171	132.384	125.192	120.684	140.502	131.945	122.864	70.5176	71.4645	67.0031	84.0713	63.5803	80.2166	67.4851	78.2834	79.7148	70.0936	1	1	1	1	1	1	1	
198	128.17	132.383	125.191	120.683	140.501	131.944	122.863	70.5162	71.464	67.0012	84.0707	63.5795	80.2163	67.4843	78.2829	79.7142	70.0931	1	1	1	1	1	1	1	
199	128.169	132.381	125.189	120.682	140.499	131.943	122.862	70.5148	71.4635	66.9993	84.0701	63.5787	80.216	67.4834	78.2823	79.7136	70.0927	1	1	1	1	1	1	1	
200	128.168	132.38	125.188	120.681	140.498	131.942	122.861	70.5133	71.4631	66.9973	84.0695	63.5778	80.2157	67.4826	78.2817	79.713	70.0922	1	1	1	1	1	1	1	
201	128.167	132.379	125.187	120.68	140.496	131.942	122.86	70.5118	71.4626	66.9954	84.0689	63.577	80.2154	67.4818	78.2811	79.7124	70.0917	1	1	1	1	1	1	1	
202	128.166	132.378	125.186	120.678	140.494	131.941	122.858	70.5104	71.4621	66.9934	84.0683	63.5761	80.2151	67.481	78.2805	79.7118	70.0912	1	1	1	1	1	1	1	
203	128.165	132.377	125.185	120.677	140.493	131.94	122.857	70.5089	71.4616	66.9914	84.0677	63.5752	80.2148	67.4801	78.2799	79.7112	70.0907	1	1	1	1	1	1	1	
204	128.163	132.376	125.184	120.676	140.491	131.939	122.856	70.5074	71.4611	66.9894	84.0671	63.5743	80.2145	67.4793	78.2793	79.7106	70.0903	1	1	1	1	1	1	1	
205	128.162	132.375	125.183	120.675	140.489	131.938	122.855	70.5058	71.4606	66.9873	84.0664	63.5734	80.2142	67.4784	78.2787	79.7099	70.0898	1	1	1	1	1	1	1	
206	128.161	132.374	125.182	120.674	140.487	131.937	122.853	70.5043	71.4601	66.9853	84.0658	63.5725	80.2139	67.4775	78.2781	79.7093	70.0893	1	1	1	1	1	1	1	
207	128.16	132.373	125.181	120.673	140.486	131.936	122.852	70.5028	71.4596	66.9832	84.0652	63.5716	80.2135	67.4766	78.2775	79.7086	70.0888	1	1	1	1	1	1	1	
208	128.159	132.371	125.18	120.672	140.484	131.935	122.851	70.5012	71.4591	66.9811	84.0645	63.5707	80.2132	67.4758	78.2768	79.708	70.0882	1	1	1	1	1	1	1	
209	128.158	132.37	125.178	120.67	140.482	131.934	122.85	70.4996	71.4586	66.9789	84.0639	63.5697	80.2129	67.4749	78.2762	79.7073	70.0877	1	1	1	1	1	1	1	
210	128.157	132.369	125.177	120.669	140.48	131.933	122.848	70.498	71.458	66.9768	84.0632	63.5688	80.2126	67.4739	78.2756	79.7066	70.0872	1	1	1	1	1	1	1	
211	128.156	132.368	125.176	120.668	140.478	131.932	122.847	70.4964	71.4575	66.9746	84.0625	63.5679	80.2122	67.473	78.2749	79.7059	70.0867	1	1	1	1	1	1	1	
212	128.155	132.367	125.175	120.667	140.477	131.93	122.846	70.4947	71.457	66.9724	84.0618	63.5669	80.2119	67.4721	78.2742	79.7053	70.0862	1	1	1	1	1	1	1	
213	128.154	132.365	125.174	120.665	140.475	131.929	122.844	70.4931	71.4564	66.9702	84.0612	63.5659	80.2115	67.4712	78.2736	79.7046	70.0856	1	1	1	1	1	1	1	
214	128.152	132.364	125.172	120.664	140.473	131.928	122.843	70.4914	71.4559	66.9679	84.0605	63.5649	80.2112	67.4702	78.2729	79.7039	70.0851	1	1	1	1	1	1	1	
215	128.151	132.363	125.171	120.663	140.471	131.927	122.841	70.4897	71.4553	66.9657	84.0598	63.5639	80.2108	67.4693	78.2722	79.7032	70.0845	1	1	1	1	1	1	1	
216	128.15	132.362	125.17	120.662	140.469	131.926	122.84	70.488	71.4548	66.9634	84.0591	63.5629	80.2105	67.4683	78.2716	79.7025	70.084	1	1	1	1	1	1	1	
217	128.149	132.36	125.169	120.66	140.467	131.925	122.839	70.4863	71.4542	66.9611	84.0584	63.5619	80.2101	67.4673	78.2709	79.7017	70.0834	1	1	1	1	1	1	1	
218	128.148	132.359	125.167	120.659	140.465	131.924	122.837	70.4846	71.4536	66.9587	84.0576	63.5609	80.2098	67.4663	78.2702	79.701	70.0829	1	1	1	1	1	1	1	
219	128.146	132.358	125.166	120.658	140.463	131.923	122.836	70.4828	71.453	66.9564	84.0569	63.5599	80.2094	67.4653	78.2695	79.7003	70.0823	1	1	1	1	1	1	1	
220	128.145	132.357	125.165	120.656	140.461	131.922	122.834	70.481	71.4525	66.954	84.0562	63.5588	80.209	67.4643	78.2687	79.6995	70.0817	1	1	1	1	1	1	1	
221	128.144	132.355	125.163	120.655	140.459	131.92	122.833	70.4793	71.4519	66.9516	84.0554	63.5578	80.2087	67.4633	78.268	79.6988	70.0811	1	1	1	1	1	1	1	
222	128.143	132.354	125.162	120.654	140.457	131.919	122.831	70.4774	71.4513	66.9491	84.0547	63.5567	80.2083	67.4623	78.2673	79.698	70.0805	1	1	1	1	1	1	1	
223	128.141	132.352	125.161	120.652	140.455	131.918	122.83	70.4756	71.4507	66.9467	84.0539	63.5556	80.2079	67.4613	78.2666	79.6973	70.0799	1	1	1	1	1	1	1	
224	128.14	132.351	125.159	120.651	140.453	131.917	122.828	70.4738	71.4501	66.9442	84.0532	63.5545	80.2075	67.4602	78.2658	79.6965	70.0793	1	1	1	1	1	1	1	
225	128.139	132.35	125.158	120.65	140.451	131.916	122.827	70.4719	71.4495	66.9417	84.0524	63.5534	80.2071	67.4592	78.2651	79.6957	70.0787	1	1	1	1	1	1	1	
226	128.137	132.348	125.157	120.648	140.449	131.914	122.825	70.47	71.4488	66.9391	84.0516	63.5523	80.2068	67.4581	78.2643	79.6949	70.0781	1	1	1	1	1	1	1	
227	128.136	132.347	125.155	120.647	140.446	131.913	122.824	70.4681	71.4482	66.9366	84.0508	63.5512	80.2064	67.457	78.2635	79.6941	70.0775	1	1	1	1	1	1	1	
228	128.135	132.346	125.154	120.645	140.444	131.912	122.822	70.4662	71.4476	66.934	84.05	63.5501	80.206	67.4559	78.2628	79.6933	70.0769	1	1	1	1	1	1	1	
229	128.133	132.344	125.152	120.644	140.442	131.911	122.82	70.4642	71.4469	66.9314	84.0492	63.5489	80.2056	67.4548	78.262	79.6925	70.0762	1	1	1	1	1	1	1	
230	128.132	132.343	125.151	120.642	140.44	131.909	122.819	70.4623	71.4463	66.9287	84.0484	63.5478	80.2051	67.4537	78.2612	79.6917	70.0756	1	1	1	1	1	1	1	
231	128.131	132.341	125.149	120.641	140.438	131.908	122.817	70.4603	71.4456	66.926	84.0476	63.5466	80.2047	67.4526	78.2604	79.6908	70.0749	1	1	1	1	1	1	1	
232	128.129	132.34	125.148	120.639	140.435	131.907	122.816	70.4583	71.445	66.9233	84.0468	63.5454	80.2043	67.4514	78.2596	79.69	70.0743	1	1	1	1	1	1	1	
233	128.128	132.338	125.146	120.638	140.433	131.905	122.814	70.4563	71.4443	66.9206	84.0459	63.5442	80.2039	67.4503	78.2588	79.6891	70.0736	1	1	1	1	1	1	1	
234	128.126	132.337	125.145	120.636	140.431	131.904	122.812	70.4542	71.4437	66.9178	84.0451	63.543	80.2035	67.4491	78.258	79.6883	70.073	1	1	1	1	1	1	1	
235	128.125	132.335	125.143	120.635	140.428	131.903	122.81	70.4521	71.443	66.9151	84.0442	63.5418	80.203	67.448	78.2571	79.6874	70.0723	1	1	1	1	1	1	1	
236	128.123	132.334	125.142	120.633	140.426	131.901	122.809	70.4501	71.4423	66.9122	84.0434	63.5406	80.2026	67.4468	78.2563	79.6865	70.0716	1	1	1	1	1	1	1	
237	128.122	132.332	125.14	120.632	140.424	131.9	122.807	70.4479	71.4416	66.9094	84.0425	63.5393	80.2022	67.4456	78.2554	79.6857	70.0709	1	1	1	1	1	1	1	
238	128.12	132.33	125.139	120.63	140.421	131.899	122.805	70.4458	71.4409	66.9065	84.0416	63.538	80.2017	67.4444	78.2546	79.6848	70.0702	1	1	1	1	1	1	1	
239	128.119	132.329	125.137	120.628	140.419	131.897	122.803	70.4437	71.4402	66.9036	84.0407	63.5368	80.2013	67.4432	78.2537	79.6839	70.0695	1	1	1	1	1	1	1	
240	128.117	132.327	125.136	120.627	140.416	131.896	122.802	70.4415	71.4395	66.9007	84.0398	63.5355	80.2008	67.4419	78.2529	79.683	70.0688	1	1	1	1	1	1	1	
241	128.116	132.326	125.134	120.625	140.414	131.894	122.8	70.4393	71.4388	66.8977	84.0389	63.5342	80.2004	67.4407	78.252	79.682	70.0681	1	1	1	1	1	1	1	
242	128.114	132.324	125.132	120.623	140.411	131.893	122.798	70.4371	71.438	66.8947	84.038	63.5329	80.1999	67.4394	78.2511	79.6811	70.0674	1	1	1	1	1	1	1	
243	128.113	132.322	125.131	120.622	140.409	131.892	122.796	70.4348	71.4373	66.8917	84.0371	63.5316	80.1995	67.4382	78.2502	79.6802	70.0666	1	1	1	1	1	1	1	
244	128.111	132.321	125.129	120.62	140.406	131.89	122.794	70.4326	71.4366	66.8886	84.0361	63.5302	80.199	67.4369	78.2493	79.6792	70.0659	1	1	1	1	1	1	1	
245	128.11	132.319	125.127	120.618	140.404	131.889	122.792	70.4303	71.4358	66.8855	84.0352	63.5289	80.1985	67.4356	78.2484	79.6783	70.0652	1	1	1	1	1	1	1	
246	128.108	132.317	125.126	120.616	140.401	131.887	122.79	70.428	71.435	66.8824	84.0342	63.5275	80.198	67.4343	78.2474	79.6773	70.0644	1	1	1	1	1	1	1	
247	128.106	132.315	125.124	120.615	140.398	131.886	122.789	70.4256	71.4343	66.8793	84.0333	63.5261	80.1975	67.433	78.2465	79.6763	70.0636	1	1	1	1	1	1	1	
248	128.105	132.314	125.122	120.613	140.396	131.884	122.787	70.4233	71.4335	66.8761	84.0323	63.5247	80.1971	67.4316	78.2455	79.6753	70.0629	1	1	1	1	1	1	1	
249	128.103	132.312	125.12	120.611	140.393	131.882	122.785	70.4209	71.4327	66.8728	84.0313	63.5233	80.1966	67.4303	78.2446	79.6743	70.0621	1	1	1	1	1	1	1	
250	128.101	132.31	125.119	120.609	140.39	131.881	122.783	70.4185	71.4319	66.8696	84.0303	63.5219	80.1961	67.4289	78.2436	79.6733	70.0613	1	1	1	1	1	1	1	
251	128.1	132.308	125.117	120.607	140.387	131.879	122.781	70.416	71.4311	66.8663	84.0293	63.5204	80.1956	67.4275	78.2426	79.6723	70.0605	1	1	1	1	1	1	1	
252	128.098	132.306	125.115	120.606	140.385	131.878	122.779	70.4136	71.4303	66.863	84.0283	63.519	80.195	67.4262	78.2417	79.6713	70.0597	1	1	1	1	1	1	1	
253	128.096	132.305	125.113	120.604	140.382	131.876	122.777	70.4111	71.4295	66.8596	84.0272	63.5175	80.1945	67.4247	78.2407	79.6702	70.0589	1	1	1	1	1	1	1	
254	128.094	132.303	125.111	120.602	140.379	131.874	122.775	70.4086	71.4287	66.8562	84.0262	63.516	80.194	67.4233	78.2397	79.6692	70.0581	1	1	1	1	1	1	1	
255	128.093	132.301	125.109	120.6	140.376	131.873	122.772	70.406	71.4279	66.8528	84.0252	63.5145	80.1935	67.4219	78.2386	79.6681	70.0572	1	1	1	1	1	1	1	
256	128.091	132.299	125.107	120.598	140.373	131.871	122.77	70.4035	71.427	66.8493	84.0241	63.513	80.193	67.4204	78.2376	79.667	70.0564	1	1	1	1	1	1	1	
257	128.089	132.297	125.106	120.596	140.37	131.869	122.768	70.4009	71.4262	66.8458	84.023	63.5115	80.1924	67.419	78.2366	79.6659	70.0556	1	1	1	1	1	1	1	
258	128.087	132.295	125.104	120.594	140.367	131.868	122.766	70.3983	71.4253	66.8423	84.0219	63.5099	80.1919	67.4175	78.2355	79.6649	70.0547	1	1	1	1	1	1	1	
259	128.085	132.293	125.102	120.592	140.364	131.866	122.764	70.3956	71.4245	66.8387	84.0209	63.5084	80.1913	67.416	78.2345	79.6637	70.0538	1	1	1	1	1	1	1	
260	128.083	132.291	125.1	120.59	140.361	131.864	122.762	70.393	71.4236	66.8351	84.0198	63.5068	80.1908	67.4145	78.2334	79.6626	70.053	1	1	1	1	1	1	1	
261	128.082	132.289	125.098	120.588	140.358	131.863	122.759	70.3903	71.4227	66.8314	84.0186	63.5052	80.1902	67.413	78.2323	79.6615	70.0521	1	1	1	1	1	1	1	
262	128.08	132.287	125.096	120.586	140.355	131.861	122.757	70.3875	71.4218	66.8277	84.0175	63.5036	80.1897	67.4114	78.2312	79.6604	70.0512	1	1	1	1	1	1	1	
263	128.078	132.285	125.094	120.584	140.352	131.859	122.755	70.3848	71.4209	66.824	84.0164	63.5019	80.1891	67.4099	78.2301	79.6592	70.0503	1	1	1	1	1	1	1	
264	128.076	132.283	125.092	120.582	140.349	131.857	122.753	70.382	71.42	66.8202	84.0152	63.5003	80.1885	67.4083	78.229	79.658	70.0494	1	1	1	1	1	1	1	
265	128.074	132.281	125.09	120.58	140.346	131.855	122.75	70.3792	71.4191	66.8164	84.0141	63.4986	80.1879	67.4067	78.2279	79.6569	70.0484	1	1	1	1	1	1	1	
266	128.072	132.279	125.087	120.578	140.342	131.853	122.748	70.3763	71.4182	66.8126	84.0129	63.4969	80.1873	67.4051	78.2267	79.6557	70.0475	1	1	1	1	1	1	1	
267	128.07	132.277	125.085	120.575	140.339	131.852	122.746	70.3735	71.4172	66.8087	84.0117	63.4952	80.1867	67.4035	78.2256	79.6545	70.0466	1	1	1	1	1	1	1	
268	128.068	132.275	125.083	120.573	140.336	131.85	122.743	70.3706	71.4163	66.8047	84.0105	63.4935	80.1861	67.4019	78.2244	79.6533	70.0456	1	1	1	1	1	1	1	
269	128.066	132.272	125.081	120.571	140.332	131.848	122.741	70.3676	71.4153	66.8008	84.0093	63.4918	80.1855	67.4002	78.2233	79.652	70.0447	1	1	1	1	1	1	1	
270	128.064	132.27	125.079	120.569	140.329	131.846	122.738	70.3647	71.4144	66.7967	84.0081	63.49	80.1849	67.3985	78.2221	79.6508	70.0437	1	1	1	1	1	1	1	
271	128.062	132.268	125.077	120.567	140.326	131.844	122.736	70.3617	71.4134	66.7927	84.0069	63.4882	80.1843	67.3969	78.2209	79.6495	70.0427	1	1	1	1	1	1	1	
272	128.059	132.266	125.074	120.564	140.322	131.842	122.733	70.3587	71.4124	66.7886	84.0056	63.4864	80.1837	67.3951	78.2197	79.6483	70.0417	1	1	1	1	1	1	1	
273	128.057	132.263	125.072	120.562	140.319	131.84	122.731	70.3556	71.4114	66.7844	84.0043	63.4846	80.183	67.3934	78.2185	79.647	70.0407	1	1	1	1	1	1	1	
274	128.055	132.261	125.07	120.56	140.315	131.838	122.728	70.3525	71.4104	66.7803	84.0031	63.4828	80.1824	67.3917	78.2172	79.6457	70.0397	1	1	1	1	1	1	1	
275	128.053	132.259	125.068	120.557	140.312	131.836	122.726	70.3494	71.4094	66.776	84.0018	63.4809	80.1818	67.3899	78.216	79.6444	70.0387	1	1	1	1	1	1	1	
276	128.051	132.257	125.065	120.555	140.308	131.834	122.723	70.3463	71.4084	66.7717	84.0005	63.4791	80.1811	67.3882	78.2147	79.6431	70.0376	1	1	1	1	1	1	1	
277	128.048	132.254	125.063	120.553	140.305	131.832	122.72	70.3431	71.4073	66.7674	83.9992	63.4772	80.1805	67.3864	78.2134	79.6417	70.0366	1	1	1	1	1	1	1	
278	128.046	132.252	125.061	120.55	140.301	131.83	122.718	70.3399	71.4063	66.7631	83.9978	63.4753	80.1798	67.3845	78.2122	79.6404	70.0355	1	1	1	1	1	1	1	
279	128.044	132.249	125.058	120.548	140.297	131.828	122.715	70.3366	71.4052	66.7586	83.9965	63.4733	80.1791	67.3827	78.2109	79.639	70.0345	1	1	1	1	1	1	1	
280	128.042	132.247	125.056	120.545	140.293	131.825	122.712	70.3334	71.4041	66.7542	83.9952	63.4714	80.1784	67.3809	78.2096	79.6377	70.0334	1	1	1	1	1	1	1	
281	128.039	132.244	125.053	120.543	140.29	131.823	122.71	70.33	71.4031	66.7497	83.9938	63.4694	80.1778	67.379	78.2082	79.6363	70.0323	1	1	1	1	1	1	1	
282	128.037	132.242	125.051	120.54	140.286	131.821	122.707	70.3267	71.402	66.7451	83.9924	63.4674	80.1771	67.3771	78.2069	79.6349	70.0312	1	1	1	1	1	1	1	
283	128.035	132.239	125.048	120.538	140.282	131.819	122.704	70.3233	71.4009	66.7405	83.991	63.4654	80.1764	67.3752	78.2055	79.6335	70.0301	1	1	1	1	1	1	1	
284	128.032	132.237	125.046	120.535	140.278	131.817	122.701	70.3199	71.3998	66.7359	83.9896	63.4634	80.1757	67.3733	78.2042	79.632	70.029	1	1	1	1	1	1	1	
285	128.03	132.234	125.043	120.532	140.274	131.814	122.698	70.3164	71.3986	66.7312	83.9882	63.4613	80.1749	67.3713	78.2028	79.6306	70.0278	1	1	1	1	1	1	1	
286	128.027	132.232	125.041	120.53	140.27	131.812	122.696	70.313	71.3975	66.7264	83.9867	63.4592	80.1742	67.3694	78.2014	79.6291	70.0267	1	1	1	1	1	1	1	
287	128.025	132.229	125.038	120.527	140.266	131.81	122.693	70.3094	71.3964	66.7216	83.9853	63.4571	80.1735	67.3674	78.2	79.6276	70.0255	1	1	1	1	1	1	1	
288	128.022	132.226	125.035	120.524	140.262	131.808	122.69	70.3059	71.3952	66.7167	83.9838	63.455	80.1728	67.3654	78.1986	79.6262	70.0243	1	1	1	1	1	1	1	
289	128.02	132.224	125.033	120.522	140.258	131.805	122.687	70.3023	71.394	66.7118	83.9823	63.4529	80.172	67.3633	78.1971	79.6246	70.0232	1	1	1	1	1	1	1	
290	128.017	132.221	125.03	120.519	140.254	131.803	122.684	70.2986	71.3928	66.7069	83.9808	63.4507	80.1713	67.3613	78.1957	79.6231	70.022	1	1	1	1	1	1	1	
291	128.015	132.218	125.027	120.516	140.25	131.8	122.681	70.295	71.3917	66.7019	83.9793	63.4485	80.1705	67.3592	78.1942	79.6216	70.0207	1	1	1	1	1	1	1	
292	128.012	132.216	125.025	120.513	140.245	131.798	122.678	70.2912	71.3904	66.6968	83.9778	63.4463	80.1697	67.3571	78.1927	79.62	70.0195	1	1	1	1	1	1	1	
293	128.01	132.213	125.022	120.511	140.241	131.796	122.674	70.2875	71.3892	66.6917	83.9762	63.4441	80.169	67.355	78.1912	79.6185	70.0183	1	1	1	1	1	1	1	
294	128.007	132.21	125.019	120.508	140.237	131.793	122.671	70.2837	71.388	66.6865	83.9747	63.4418	80.1682	67.3529	78.1897	79.6169	70.017	1	1	1	1	1	1	1	
295	128.004	132.207	125.016	120.505	140.233	131.791	122.668	70.2799	71.3868	66.6813	83.9731	63.4395	80.1674	67.3507	78.1882	79.6153	70.0158	1	1	1	1	1	1	1	
296	128.001	132.204	125.013	120.502	140.228	131.788	122.665	70.276	71.3855	66.676	83.9715	63.4372	80.1666	67.3485	78.1867	79.6136	70.0145	1	1	1	1	1	1	1	
297	127.999	132.201	125.01	120.499	140.224	131.786	122.662	70.2721	71.3842	66.6706	83.9699	63.4349	80.1658	67.3463	78.1851	79.612	70.0132	1	1	1	1	1	1	1	
298	127.996	132.198	125.007	120.496	140.219	131.783	122.658	70.2681	71.3829	66.6652	83.9683	63.4325	80.165	67.3441	78.1835	79.6104	70.0119	1	1	1	1	1	1	1	
299	127.993	132.195	125.004	120.493	140.215	131.78	122.655	70.2642	71.3816	66.6598	83.9666	63.4301	80.1641	67.3419	78.1819	79.6087	70.0106	1	1	1	1	1	1	1	
300	127.99	132.192	125.001	120.49	140.21	131.778	122.652	70.2601	71.3803	66.6543	83.965	63.4277	80.1633	67.3396	78.1803	79.607	70.0092	1	1	1	1	1	1	1	
301	127.987	132.189	124.998	120.487	140.205	131.775	122.648	70.256	71.379	66.6487	83.9633	63.4253	80.1625	67.3373	78.1787	79.6053	70.0079	1	1	1	1	1	1	1	
302	127.985	132.186	124.995	120.484	140.201	131.772	122.645	70.2519	71.3777	66.6431	83.9616	63.4228	80.1616	67.335	78.1771	79.6036	70.0065	1	1	1	1	1	1	1	
303	127.982	132.183	124.992	120.481	140.196	131.77	122.642	70.2478	71.3763	66.6374	83.9599	63.4203	80.1607	67.3326	78.1754	79.6018	70.0051	1	1	1	1	1	1	1	
304	127.979	132.18	124.989	120.477	140.191	131.767	122.638	70.2436	71.375	66.6316	83.9581	63.4178	80.1599	67.3303	78.1737	79.6001	70.0038	1	1	1	1	1	1	1	
305	127.976	132.177	124.986	120.474	140.186	131.764	122.635	70.2393	71.3736	66.6258	83.9564	63.4153	80.159	67.3279	78.172	79.5983	70.0023	1	1	1	1	1	1	1	
306	127.973	132.174	124.983	120.471	140.181	131.761	122.631	70.235	71.3722	66.6199	83.9546	63.4127	80.1581	67.3255	78.1703	79.5965	70.0009	1	1	1	1	1	1	1	
307	127.97	132.171	124.98	120.468	140.176	131.759	122.627	70.2307	71.3708	66.614	83.9528	63.4101	80.1572	67.323	78.1686	79.5947	69.9995	1	1	1	1	1	1	1	
308	127.967	132.167	124.976	120.464	140.171	131.756	122.624	70.2263	71.3694	66.608	83.951	63.4075	80.1563	67.3206	78.1669	79.5928	69.998	1	1	1	1	1	1	1	
309	127.963	132.164	124.973	120.461	140.166	131.753	122.62	70.2219	71.3679	66.6019	83.9492	63.4048	80.1554	67.3181	78.1651	79.591	69.9966	1	1	1	1	1	1	1	
310	127.96	132.161	124.97	120.458	140.161	131.75	122.616	70.2174	71.3665	66.5958	83.9474	63.4021	80.1545	67.3156	78.1633	79.5891	69.9951	1	1	1	1	1	1	1	
311	127.957	132.157	124.966	120.454	140.156	131.747	122.613	70.2129	71.365	66.5896	83.9455	63.3994	80.1535	67.313	78.1615	79.5872	69.9936	1	1	1	1	1	1	1	
312	127.954	132.154	124.963	120.451	140.151	131.744	122.609	70.2083	71.3636	66.5833	83.9436	63.3967	80.1526	67.3105	78.1597	79.5853	69.9921	1	1	1	1	1	1	1	
313	127.951	132.15	124.96	120.447	140.145	131.741	122.605	70.2037	71.3621	66.5769	83.9417	63.3939	80.1516	67.3079	78.1579	79.5834	69.9905	1	1	1	1	1	1	1	
314	127.947	132.147	124.956	120.444	140.14	131.738	122.601	70.199	71.3606	66.5705	83.9398	63.3911	80.1507	67.3053	78.156	79.5814	69.989	1	1	1	1	1	1	1	
315	127.944	132.143	124.953	120.44	140.135	131.735	122.597	70.1943	71.359	66.5641	83.9379	63.3883	80.1497	67.3026	78.1541	79.5794	69.9874	1	1	1	1	1	1	1	
316	127.941	132.14	124.949	120.437	140.129	131.732	122.593	70.1895	71.3575	66.5575	83.9359	63.3854	80.1487	67.2999	78.1522	79.5774	69.9858	1	1	1	1	1	1	1	
317	127.937	132.136	124.946	120.433	140.124	131.729	122.589	70.1847	71.3559	66.5509	83.9339	63.3825	80.1477	67.2972	78.1503	79.5754	69.9842	1	1	1	1	1	1	1	
318	127.934	132.133	124.942	120.429	140.118	131.725	122.585	70.1799	71.3544	66.5442	83.9319	63.3796	80.1467	67.2945	78.1484	79.5734	69.9826	1	1	1	1	1	1	1	
319	127.931	132.129	124.938	120.426	140.113	131.722	122.581	70.175	71.3528	66.5374	83.9299	63.3766	80.1457	67.2917	78.1465	79.5713	69.981	1	1	1	1	1	1	1	
320	127.927	132.125	124.935	120.422	140.107	131.719	122.577	70.17	71.3512	66.5306	83.9279	63.3736	80.1447	67.2889	78.1445	79.5692	69.9793	1	1	1	1	1	1	1	
321	127.924	132.122	124.931	120.418	140.101	131.716	122.573	70.165	71.3496	66.5237	83.9258	63.3706	80.1437	67.2861	78.1425	79.5671	69.9776	1	1	1	1	1	1	1	
322	127.92	132.118	124.927	120.414	140.095	131.712	122.569	70.1599	71.3479	66.5167	83.9237	63.3676	80.1426	67.2833	78.1405	79.565	69.9759	1	1	1	1	1	1	1	
323	127.916	132.114	124.923	120.41	140.089	131.709	122.565	70.1548	71.3463	66.5096	83.9216	63.3645	80.1416	67.2804	78.1384	79.5629	69.9742	1	1	1	1	1	1	1	
324	127.913	132.11	124.919	120.407	140.084	131.706	122.56	70.1496	71.3446	66.5025	83.9195	63.3614	80.1405	67.2775	78.1364	79.5607	69.9725	1	1	1	1	1	1	1	
325	127.909	132.106	124.916	120.403	140.078	131.702	122.556	70.1444	71.3429	66.4953	83.9173	63.3582	80.1394	67.2746	78.1343	79.5585	69.9708	1	1	1	1	1	1	1	
326	127.905	132.102	124.912	120.399	140.071	131.699	122.552	70.1391	71.3412	66.488	83.9152	63.355	80.1383	67.2716	78.1322	79.5563	69.969	1	1	1	1	1	1	1	
327	127.902	132.098	124.908	120.395	140.065	131.695	122.547	70.1337	71.3395	66.4806	83.913	63.3518	80.1372	67.2686	78.1301	79.5541	69.9672	1	1	1	1	1	1	1	
328	127.898	132.094	124.904	120.39	140.059	131.692	122.543	70.1283	71.3378	66.4732	83.9108	63.3486	80.1361	67.2656	78.128	79.5518	69.9654	1	1	1	1	1	1	1	
329	127.894	132.09	124.9	120.386	140.053	131.688	122.538	70.1229	71.336	66.4656	83.9085	63.3453	80.135	67.2625	78.1258	79.5495	69.9636	1	1	1	1	1	1	1	
330	127.89	132.086	124.895	120.382	140.047	131.685	122.534	70.1174	71.3342	66.458	83.9063	63.3419	80.1339	67.2594	78.1236	79.5472	69.9617	1	1	1	1	1	1	1	
331	127.886	132.082	124.891	120.378	140.04	131.681	122.529	70.1118	71.3324	66.4503	83.904	63.3386	80.1327	67.2563	78.1214	79.5449	69.9599	1	1	1	1	1	1	1	
332	127.882	132.078	124.887	120.374	140.034	131.677	122.524	70.1062	71.3306	66.4425	83.9017	63.3352	80.1316	67.2532	78.1192	79.5425	69.958	1	1	1	1	1	1	1	
333	127.878	132.073	124.883	120.369	140.027	131.674	122.52	70.1005	71.3288	66.4346	83.8993	63.3317	80.1304	67.25	78.1169	79.5401	69.9561	1	1	1	1	1	1	1	
334	127.874	132.069	124.879	120.365	140.021	131.67	122.515	70.0947	71.327	66.4267	83.897	63.3283	80.1292	67.2468	78.1146	79.5377	69.9542	1	1	1	1	1	1	1	
335	127.87	132.065	124.874	120.361	140.014	131.666	122.51	70.0889	71.3251	66.4186	83.8946	63.3247	80.128	67.2435	78.1123	79.5353	69.9522	1	1	1	1	1	1	1	
336	127.866	132.06	124.87	120.356	140.007	131.662	122.505	70.083	71.3232	66.4105	83.8922	63.3212	80.1268	67.2402	78.11	79.5328	69.9502	1	1	1	1	1	1	1	
337	127.862	132.056	124.865	120.352	140	131.658	122.5	70.0771	71.3213	66.4023	83.8897	63.3176	80.1256	67.2369	78.1077	79.5303	69.9482	1	1	1	1	1	1	1	
338	127.858	132.052	124.861	120.347	139.993	131.654	122.495	70.0711	71.3194	66.3939	83.8873	63.314	80.1243	67.2335	78.1053	79.5278	69.9462	1	1	1	1	1	1	1	
339	127.853	132.047	124.857	120.343	139.986	131.651	122.49	70.065	71.3174	66.3855	83.8848	63.3103	80.1231	67.2301	78.1029	79.5253	69.9442	1	1	1	1	1	1	1	
340	127.849	132.042	124.852	120.338	139.979	131.647	122.485	70.0589	71.3155	66.377	83.8823	63.3066	80.1218	67.2267	78.1005	79.5227	69.9421	1	1	1	1	1	1	1	
341	127.845	132.038	124.847	120.333	139.972	131.642	122.48	70.0527	71.3135	66.3684	83.8797	63.3028	80.1206	67.2233	78.098	79.5201	69.9401	1	1	1	1	1	1	1	
342	127.84	132.033	124.843	120.329	139.965	131.638	122.475	70.0465	71.3115	66.3598	83.8772	63.299	80.1193	67.2198	78.0956	79.5175	69.938	1	1	1	1	1	1	1	
343	127.836	132.028	124.838	120.324	139.958	131.634	122.469	70.0402	71.3095	66.351	83.8746	63.2952	80.118	67.2162	78.0931	79.5149	69.9358	1	1	1	1	1	1	1	
344	127.831	132.024	124.833	120.319	139.95	131.63	122.464	70.0338	71.3074	66.3421	83.872	63.2913	80.1167	67.2126	78.0905	79.5122	69.9337	1	1	1	1	1	1	1	
345	127.827	132.019	124.828	120.314	139.943	131.626	122.459	70.0273	71.3053	66.3331	83.8693	63.2874	80.1153	67.209	78.088	79.5095	69.9315	1	1	1	1	1	1	1	
346	127.822	132.014	124.824	120.309	139.935	131.622	122.453	70.0208	71.3033	66.324	83.8666	63.2834	80.114	67.2054	78.0854	79.5068	69.9293	1	1	1	1	1	1	1	
347	127.818	132.009	124.819	120.304	139.928	131.617	122.448	70.0142	71.3012	66.3148	83.8639	63.2794	80.1126	67.2017	78.0828	79.504	69.9271	1	1	1	1	1	1	1	
348	127.813	132.004	124.814	120.299	139.92	131.613	122.442	70.0075	71.299	66.3055	83.8612	63.2754	80.1113	67.198	78.0802	79.5012	69.9248	1	1	1	1	1	1	1	
349	127.808	131.999	124.809	120.294	139.912	131.609	122.437	70.0008	71.2969	66.2962	83.8584	63.2713	80.1099	67.1942	78.0775	79.4984	69.9226	1	1	1	1	1	1	1	
350	127.803	131.994	124.804	120.289	139.904	131.604	122.431	69.994	71.2947	66.2867	83.8557	63.2672	80.1085	67.1904	78.0748	79.4955	69.9203	1	1	1	1	1	1	1	
351	127.799	131.989	124.798	120.284	139.897	131.6	122.425	69.9871	71.2925	66.2771	83.8528	63.263	80.1071	67.1866	78.0721	79.4926	69.9179	1	1	1	1	1	1	1	
352	127.794	131.984	124.793	120.278	139.889	131.595	122.42	69.9802	71.2903	66.2674	83.85	63.2587	80.1057	67.1827	78.0694	79.4897	69.9156	1	1	1	1	1	1	1	
353	127.789	131.978	124.788	120.273	139.88	131.59	122.414	69.9731	71.288	66.2575	83.8471	63.2544	80.1042	67.1788	78.0666	79.4868	69.9132	1	1	1	1	1	1	1	
354	127.784	131.973	124.783	120.268	139.872	131.586	122.408	69.966	71.2858	66.2476	83.8442	63.2501	80.1028	67.1748	78.0638	79.4838	69.9108	1	1	1	1	1	1	1	
355	127.779	131.968	124.777	120.262	139.864	131.581	122.402	69.9589	71.2835	66.2376	83.8413	63.2457	80.1013	67.1708	78.061	79.4808	69.9084	1	1	1	1	1	1	1	
356	127.774	131.962	124.772	120.257	139.856	131.576	122.396	69.9516	71.2812	66.2274	83.8383	63.2413	80.0998	67.1668	78.0582	79.4778	69.9059	1	1	1	1	1	1	1	
357	127.768	131.957	124.766	120.251	139.847	131.572	122.39	69.9443	71.2789	66.2172	83.8353	63.2368	80.0983	67.1627	78.0553	79.4747	69.9034	1	1	1	1	1	1	1	
358	127.763	131.951	124.761	120.246	139.838	131.567	122.384	69.9369	71.2765	66.2068	83.8323	63.2323	80.0968	67.1585	78.0524	79.4716	69.9009	1	1	1	1	1	1	1	
359	127.758	131.945	124.755	120.24	139.83	131.562	122.377	69.9294	71.2741	66.1963	83.8292	63.2277	80.0952	67.1544	78.0494	79.4685	69.8984	1	1	1	1	1	1	1	
360	127.753	131.94	124.75	120.234	139.821	131.557	122.371	69.9218	71.2717	66.1857	83.8261	63.2231	80.0937	67.1502	78.0464	79.4653	69.8958	1	1	1	1	1	1	1	
361	127.747	131.934	124.744	120.228	139.812	131.552	122.365	69.9142	71.2693	66.1749	83.823	63.2184	80.0921	67.1459	78.0434	79.4621	69.8932	1	1	1	1	1	1	1	
362	127.742	131.928	124.738	120.223	139.803	131.547	122.358	69.9064	71.2668	66.1641	83.8198	63.2137	80.0905	67.1416	78.0404	79.4589	69.8906	1	1	1	1	1	1	1	
363	127.736	131.922	124.732	120.217	139.794	131.542	122.352	69.8986	71.2643	66.1531	83.8166	63.2089	80.0889	67.1372	78.0373	79.4556	69.8879	1	1	1	1	1	1	1	
364	127.731	131.917	124.726	120.211	139.785	131.536	122.345	69.8907	71.2618	66.142	83.8134	63.2041	80.0873	67.1328	78.0342	79.4523	69.8852	1	1	1	1	1	1	1	
365	127.725	131.911	124.72	120.205	139.776	131.531	122.338	69.8827	71.2593	66.1308	83.8101	63.1992	80.0857	67.1284	78.0311	79.4489	69.8825	1	1	1	1	1	1	1	
366	127.719	131.904	124.714	120.198	139.766	131.526	122.332	69.8747	71.2567	66.1194	83.8068	63.1942	80.084	67.1239	78.0279	79.4456	69.8798	1	1	1	1	1	1	1	
367	127.714	131.898	124.708	120.192	139.757	131.521	122.325	69.8665	71.2542	66.1079	83.8035	63.1892	80.0824	67.1194	78.0247	79.4421	69.877	1	1	1	1	1	1	1	
368	127.708	131.892	124.702	120.186	139.747	131.515	122.318	69.8583	71.2516	66.0963	83.8001	63.1842	80.0807	67.1148	78.0215	79.4387	69.8742	1	1	1	1	1	1	1	
369	127.702	131.886	124.696	120.18	139.738	131.51	122.311	69.8499	71.2489	66.0846	83.7967	63.1791	80.079	67.1101	78.0182	79.4352	69.8713	1	1	1	1	1	1	1	
370	127.696	131.88	124.689	120.173	139.728	131.504	122.304	69.8415	71.2463	66.0727	83.7933	63.1739	80.0772	67.1055	78.0149	79.4317	69.8685	1	1	1	1	1	1	1	
371	127.69	131.873	124.683	120.167	139.718	131.499	122.297	69.833	71.2436	66.0607	83.7898	63.1687	80.0755	67.1007	78.0116	79.4281	69.8656	1	1	1	1	1	1	1	
372	127.684	131.867	124.677	120.16	139.708	131.493	122.29	69.8244	71.2408	66.0485	83.7863	63.1634	80.0737	67.0959	78.0082	79.4245	69.8626	1	1	1	1	1	1	1	
373	127.678	131.86	124.67	120.154	139.698	131.487	122.283	69.8157	71.2381	66.0362	83.7828	63.158	80.072	67.0911	78.0048	79.4209	69.8596	1	1	1	1	1	1	1	
374	127.672	131.854	124.663	120.147	139.688	131.482	122.275	69.8069	71.2353	66.0238	83.7792	63.1526	80.0702	67.0862	78.0014	79.4172	69.8566	1	1	1	1	1	1	1	
375	127.665	131.847	124.657	120.14	139.677	131.476	122.268	69.798	71.2325	66.0112	83.7755	63.1471	80.0684	67.0813	77.9979	79.4135	69.8536	1	1	1	1	1	1	1	
376	127.659	131.84	124.65	120.134	139.667	131.47	122.26	69.7891	71.2297	65.9985	83.7719	63.1416	80.0665	67.0763	77.9944	79.4097	69.8505	1	1	1	1	1	1	1	
377	127.653	131.833	124.643	120.127	139.656	131.464	122.253	69.78	71.2268	65.9856	83.7682	63.136	80.0647	67.0713	77.9908	79.4059	69.8474	1	1	1	1	1	1	1	
378	127.646	131.826	124.636	120.12	139.646	131.458	122.245	69.7708	71.2239	65.9726	83.7644	63.1303	80.0628	67.0662	77.9872	79.402	69.8442	1	1	1	1	1	1	1	
379	127.64	131.82	124.629	120.113	139.635	131.452	122.237	69.7615	71.221	65.9595	83.7607	63.1246	80.0609	67.061	77.9836	79.3982	69.8411	1	1	1	1	1	1	1	
380	127.633	131.812	124.622	120.106	139.624	131.446	122.23	69.7522	71.2181	65.9461	83.7568	63.1188	80.059	67.0558	77.98	79.3942	69.8378	1	1	1	1	1	1	1	
381	127.626	131.805	124.615	120.098	139.613	131.439	122.222	69.7427	71.2151	65.9327	83.753	63.1129	80.0571	67.0506	77.9763	79.3903	69.8346	1	1	1	1	1	1	1	
382	127.62	131.798	124.608	120.091	139.602	131.433	122.214	69.7331	71.2121	65.919	83.7491	63.107	80.0551	67.0453	77.9725	79.3863	69.8313	1	1	1	1	1	1	1	
383	127.613	131.791	124.601	120.084	139.59	131.427	122.206	69.7234	71.209	65.9053	83.7451	63.101	80.0531	67.0399	77.9687	79.3822	69.8279	1	1	1	1	1	1	1	
384	127.606	131.783	124.593	120.076	139.579	131.42	122.197	69.7136	71.206	65.8913	83.7411	63.0949	80.0511	67.0345	77.9649	79.3781	69.8246	1	1	1	1	1	1	1	
385	127.599	131.776	124.586	120.069	139.567	131.414	122.189	69.7038	71.2029	65.8772	83.7371	63.0888	80.0491	67.029	77.9611	79.374	69.8211	1	1	1	1	1	1	1	
386	127.592	131.769	124.578	120.061	139.556	131.407	122.181	69.6938	71.1997	65.8629	83.733	63.0826	80.0471	67.0235	77.9572	79.3698	69.8177	1	1	1	1	1	1	1	
387	127.585	131.761	124.571	120.053	139.544	131.401	122.172	69.6836	71.1966	65.8485	83.7289	63.0763	80.045	67.0179	77.9532	79.3655	69.8142	1	1	1	1	1	1	1	
388	127.578	131.753	124.563	120.046	139.532	131.394	122.164	69.6734	71.1934	65.8339	83.7248	63.07	80.0429	67.0122	77.9493	79.3612	69.8107	1	1	1	1	1	1	1	
389	127.57	131.745	124.555	120.038	139.52	131.387	122.155	69.6631	71.1901	65.8191	83.7206	63.0635	80.0408	67.0065	77.9452	79.3569	69.8071	1	1	1	1	1	1	1	
390	127.563	131.738	124.547	120.03	139.508	131.38	122.146	69.6527	71.1869	65.8041	83.7163	63.057	80.0387	67.0007	77.9412	79.3525	69.8035	1	1	1	1	1	1	1	
391	127.555	131.73	124.539	120.022	139.495	131.373	122.137	69.6421	71.1836	65.789	83.712	63.0505	80.0366	66.9949	77.9371	79.3481	69.7998	1	1	1	1	1	1	1	
392	127.548	131.722	124.531	120.014	139.483	131.366	122.129	69.6314	71.1802	65.7737	83.7077	63.0438	80.0344	66.989	77.9329	79.3436	69.7961	1	1	1	1	1	1	1	
393	127.54	131.713	124.523	120.006	139.47	131.359	122.12	69.6206	71.1769	65.7582	83.7033	63.0371	80.0322	66.983	77.9287	79.3391	69.7923	1	1	1	1	1	1	1	
394	127.533	131.705	124.515	119.997	139.457	131.352	122.11	69.6097	71.1735	65.7425	83.6988	63.0303	80.03	66.977	77.9245	79.3346	69.7886	1	1	1	1	1	1	1	
395	127.525	131.697	124.507	119.989	139.444	131.345	122.101	69.5987	71.17	65.7267	83.6944	63.0234	80.0277	66.9709	77.9202	79.3299	69.7847	1	1	1	1	1	1	1	
396	127.517	131.688	124.498	119.98	139.431	131.337	122.092	69.5876	71.1666	65.7106	83.6898	63.0164	80.0255	66.9647	77.9159	79.3253	69.7808	1	1	1	1	1	1	1	
397	127.509	131.68	124.49	119.972	139.418	131.33	122.082	69.5763	71.1631	65.6944	83.6853	63.0094	80.0232	66.9585	77.9115	79.3205	69.7769	1	1	1	1	1	1	1	
398	127.501	131.671	124.481	119.963	139.405	131.323	122.073	69.5649	71.1595	65.678	83.6806	63.0023	80.0209	66.9522	77.9071	79.3158	69.7729	1	1	1	1	1	1	1	
399	127.493	131.663	124.472	119.954	139.391	131.315	122.063	69.5534	71.1559	65.6614	83.676	62.9951	80.0185	66.9458	77.9026	79.3109	69.7689	1	1	1	1	1	1	1	
400	127.485	131.654	124.464	119.945	139.378	131.307	122.053	69.5417	71.1523	65.6445	83.6712	62.9878	80.0162	66.9394	77.8981	79.3061	69.7648	1	1	1	1	1	1	1	
401	127.476	131.645	124.455	119.937	139.364	131.3	122.043	69.53	71.1487	65.6275	83.6664	62.9804	80.0138	66.9329	77.8936	79.3011	69.7607	1	1	1	1	1	1	1	
402	127.468	131.636	124.446	119.927	139.35	131.292	122.033	69.5181	71.145	65.6103	83.6616	62.9729	80.0114	66.9264	77.8889	79.2961	69.7566	1	1	1	1	1	1	1	
403	127.459	131.627	124.437	119.918	139.335	131.284	122.023	69.506	71.1413	65.5929	83.6567	62.9653	80.0089	66.9197	77.8843	79.2911	69.7523	1	1	1	1	1	1	1	
404	127.451	131.618	124.427	119.909	139.321	131.276	122.013	69.4939	71.1375	65.5752	83.6518	62.9577	80.0065	66.913	77.8796	79.286	69.7481	1	1	1	1	1	1	1	
405	127.442	131.608	124.418	119.9	139.307	131.268	122.003	69.4816	71.1337	65.5574	83.6468	62.95	80.004	66.9062	77.8748	79.2808	69.7438	1	1	1	1	1	1	1	
406	127.433	131.599	124.409	119.89	139.292	131.259	121.992	69.4691	71.1299	65.5393	83.6418	62.9421	80.0015	66.8994	77.87	79.2756	69.7394	1	1	1	1	1	1	1	
407	127.424	131.589	124.399	119.881	139.277	131.251	121.982	69.4566	71.126	65.521	83.6367	62.9342	79.9989	66.8925	77.8652	79.2704	69.735	1	1	1	1	1	1	1	
408	127.415	131.58	124.39	119.871	139.262	131.243	121.971	69.4439	71.122	65.5025	83.6315	62.9262	79.9964	66.8855	77.8603	79.265	69.7305	1	1	1	1	1	1	1	
409	127.406	131.57	124.38	119.861	139.247	131.234	121.96	69.431	71.1181	65.4838	83.6263	62.9181	79.9938	66.8784	77.8553	79.2596	69.726	1	1	1	1	1	1	1	
410	127.397	131.56	124.37	119.851	139.231	131.226	121.949	69.418	71.1141	65.4648	83.621	62.9099	79.9911	66.8712	77.8503	79.2542	69.7214	1	1	1	1	1	1	1	
411	127.388	131.55	124.36	119.841	139.216	131.217	121.938	69.4049	71.11	65.4456	83.6157	62.9016	79.9885	66.864	77.8452	79.2487	69.7168	1	1	1	1	1	1	1	
412	127.378	131.54	124.35	119.831	139.2	131.208	121.927	69.3916	71.106	65.4262	83.6103	62.8931	79.9858	66.8567	77.8401	79.2431	69.7121	1	1	1	1	1	1	1	
413	127.369	131.53	124.34	119.821	139.184	131.199	121.916	69.3782	71.1018	65.4066	83.6049	62.8846	79.9831	66.8493	77.8349	79.2375	69.7073	1	1	1	1	1	1	1	
414	127.359	131.52	124.329	119.81	139.168	131.191	121.904	69.3646	71.0977	65.3867	83.5994	62.876	79.9803	66.8419	77.8297	79.2318	69.7025	1	1	1	1	1	1	1	
415	127.349	131.509	124.319	119.8	139.152	131.181	121.893	69.3509	71.0934	65.3665	83.5939	62.8673	79.9776	66.8343	77.8244	79.226	69.6976	1	1	1	1	1	1	1	
416	127.34	131.499	124.308	119.789	139.135	131.172	121.881	69.337	71.0892	65.3461	83.5882	62.8585	79.9748	66.8267	77.8191	79.2202	69.6927	1	1	1	1	1	1	1	
417	127.33	131.488	124.298	119.779	139.119	131.163	121.869	69.3229	71.0849	65.3255	83.5826	62.8496	79.9719	66.819	77.8137	79.2143	69.6877	1	1	1	1	1	1	1	
418	127.32	131.477	124.287	119.768	139.102	131.154	121.857	69.3087	71.0806	65.3046	83.5768	62.8405	79.9691	66.8112	77.8082	79.2084	69.6827	1	1	1	1	1	1	1	
419	127.309	131.466	124.276	119.757	139.085	131.144	121.845	69.2944	71.0762	65.2834	83.571	62.8314	79.9662	66.8033	77.8027	79.2024	69.6776	1	1	1	1	1	1	1	
420	127.299	131.455	124.265	119.746	139.067	131.135	121.833	69.2799	71.0717	65.262	83.5652	62.8221	79.9633	66.7954	77.7972	79.1963	69.6724	1	1	1	1	1	1	1	
421	127.289	131.444	124.254	119.734	139.05	131.125	121.821	69.2652	71.0673	65.2403	83.5592	62.8128	79.9603	66.7873	77.7915	79.1901	69.6672	1	1	1	1	1	1	1	
422	127.278	131.433	124.242	119.723	139.032	131.115	121.808	69.2504	71.0627	65.2184	83.5532	62.8033	79.9573	66.7792	77.7858	79.1839	69.6619	1	1	1	1	1	1	1	
423	127.268	131.422	124.231	119.712	139.014	131.105	121.795	69.2354	71.0582	65.1961	83.5472	62.7937	79.9543	66.771	77.7801	79.1776	69.6565	1	1	1	1	1	1	1	
424	127.257	131.41	124.219	119.7	138.996	131.095	121.783	69.2202	71.0536	65.1736	83.541	62.784	79.9513	66.7627	77.7743	79.1712	69.6511	1	1	1	1	1	1	1	
425	127.246	131.398	124.208	119.688	138.978	131.085	121.77	69.2048	71.0489	65.1508	83.5349	62.7742	79.9482	66.7543	77.7684	79.1648	69.6456	1	1	1	1	1	1	1	
426	127.235	131.386	124.196	119.676	138.959	131.075	121.757	69.1893	71.0442	65.1278	83.5286	62.7642	79.9451	66.7458	77.7625	79.1583	69.64	1	1	1	1	1	1	1	
427	127.224	131.375	124.184	119.664	138.94	131.064	121.743	69.1736	71.0394	65.1044	83.5223	62.7541	79.9419	66.7372	77.7565	79.1517	69.6343	1	1	1	1	1	1	1	
428	127.212	131.362	124.172	119.652	138.921	131.054	121.73	69.1578	71.0346	65.0807	83.5159	62.7439	79.9387	66.7285	77.7504	79.145	69.6286	1	1	1	1	1	1	1	
429	127.201	131.35	124.159	119.64	138.902	131.043	121.716	69.1417	71.0298	65.0568	83.5094	62.7336	79.9355	66.7197	77.7443	79.1383	69.6229	1	1	1	1	1	1	1	
430	127.19	131.338	124.147	119.627	138.883	131.032	121.702	69.1255	71.0249	65.0325	83.5028	62.7232	79.9323	66.7108	77.7381	79.1315	69.617	1	1	1	1	1	1	1	
431	127.178	131.325	124.134	119.615	138.863	131.021	121.689	69.1091	71.0199	65.008	83.4962	62.7126	79.929	66.7019	77.7318	79.1246	69.6111	1	1	1	1	1	1	1	
432	127.166	131.313	124.121	119.602	138.843	131.01	121.675	69.0925	71.0149	64.9831	83.4896	62.7019	79.9257	66.6928	77.7255	79.1176	69.6051	1	1	1	1	1	1	1	
433	127.154	131.3	124.109	119.589	138.823	130.999	121.66	69.0757	71.0099	64.9579	83.4828	62.691	79.9223	66.6836	77.7191	79.1106	69.599	1	1	1	1	1	1	1	
434	127.142	131.287	124.096	119.576	138.802	130.988	121.646	69.0587	71.0047	64.9323	83.476	62.68	79.9189	66.6744	77.7126	79.1035	69.5929	1	1	1	1	1	1	1	
435	127.13	131.274	124.082	119.563	138.782	130.977	121.631	69.0416	70.9996	64.9065	83.469	62.6689	79.9155	66.665	77.7061	79.0963	69.5866	1	1	1	1	1	1	1	
436	127.117	131.26	124.069	119.55	138.761	130.965	121.617	69.0242	70.9944	64.8803	83.4621	62.6577	79.912	66.6555	77.6995	79.089	69.5803	1	1	1	1	1	1	1	
437	127.105	131.247	124.056	119.536	138.74	130.953	121.602	69.0066	70.9891	64.8538	83.455	62.6463	79.9085	66.646	77.6928	79.0816	69.5739	1	1	1	1	1	1	1	
438	127.092	131.233	124.042	119.523	138.718	130.942	121.587	68.9889	70.9838	64.8269	83.4479	62.6347	79.905	66.6363	77.6861	79.0741	69.5675	1	1	1	1	1	1	1	
439	127.08	131.22	124.028	119.509	138.696	130.93	121.571	68.9709	70.9784	64.7997	83.4406	62.6231	79.9014	66.6265	77.6793	79.0666	69.5609	1	1	1	1	1	1	1	
440	127.067	131.206	124.014	119.495	138.674	130.918	121.556	68.9528	70.973	64.7721	83.4333	62.6112	79.8978	66.6166	77.6724	79.059	69.5543	1	1	1	1	1	1	1	
441	127.054	131.192	124	119.481	138.652	130.905	121.54	68.9344	70.9675	64.7442	83.4259	62.5992	79.8941	66.6066	77.6654	79.0512	69.5476	1	1	1	1	1	1	1	
442	127.04	131.177	123.986	119.467	138.63	130.893	121.524	68.9158	70.962	64.7159	83.4185	62.5871	79.8904	66.5965	77.6584	79.0434	69.5408	1	1	1	1	1	1	1	
443	127.059	131.204	124.015	119.473	138.646	130.914	121.548	69.1384	70.8357	65.4596	83.2136	62.4937	79.8887	66.6279	77.334	79.0782	69.4632	1	1	1	1	1	1	1	
444	127.011	131.158	123.966	119.428	138.592	130.87	121.5	68.8573	70.9328	64.7179	83.3964	62.5945	79.8691	66.584	77.6223	79.0268	69.5102	1	1	1	1	1	1	1	
445	126.999	131.135	123.943	119.421	138.562	130.856	121.477	68.8554	70.9427	64.6337	83.3957	62.5553	79.8774	66.5677	77.6351	79.0206	69.5181	1	1	1	1	1	1	1	
446	127.019	131.162	123.973	119.43	138.579	130.878	121.501	69.0877	70.8145	65.3993	83.1854	62.4554	79.8767	66.5986	77.3031	79.0558	69.4396	1	1	1	1	1	1	1	
447	126.97	131.114	123.921	119.383	138.522	130.832	121.451	68.7977	70.9143	64.6333	83.3727	62.5585	79.8566	66.553	77.599	79.0023	69.4877	1	1	1	1	1	1	1	
448	126.957	131.09	123.898	119.376	138.49	130.816	121.427	68.796	70.925	64.5438	83.3721	62.5171	79.8655	66.5358	77.6126	78.9959	69.4961	1	1	1	1	1	1	1	
449	126.978	131.118	123.929	119.385	138.508	130.84	121.453	69.0356	70.7927	65.3363	83.1562	62.4155	79.8643	66.568	77.2713	79.0323	69.4152	1	1	1	1	1	1	1	
450	126.926	131.068	123.876	119.336	138.449	130.792	121.4	68.736	70.8952	64.5454	83.3482	62.521	79.8436	66.5209	77.5749	78.977	69.4642	1	1	1	1	1	1	1	
451	126.914	131.043	123.85	119.329	138.415	130.776	121.375	68.7346	70.9068	64.4502	83.3477	62.4774	79.8532	66.5029	77.5894	78.9703	69.4733	1	1	1	1	1	1	1	
452	126.936	131.073	123.884	119.338	138.435	130.801	121.402	68.9816	70.7702	65.2708	83.126	62.3742	79.8514	66.5364	77.2385	79.0079	69.3897	1	1	1	1	1	1	1	
453	126.882	131.021	123.828	119.287	138.373	130.751	121.347	68.6721	70.8756	64.4542	83.3228	62.4822	79.8302	66.4877	77.55	78.9507	69.4398	1	1	1	1	1	1	1	
454	126.868	130.994	123.801	119.28	138.338	130.734	121.321	68.671	70.8879	64.3529	83.3224	62.4362	79.8405	66.4689	77.5655	78.9439	69.4496	1	1	1	1	1	1	1	
455	126.893	131.026	123.838	119.29	138.359	130.761	121.35	68.9257	70.747	65.2026	83.0949	62.3313	79.8381	66.5037	77.2048	78.9827	69.3633	1	1	1	1	1	1	1	
456	126.836	130.972	123.779	119.236	138.294	130.708	121.293	68.6059	70.8553	64.3595	83.2966	62.4419	79.8163	66.4535	77.5242	78.9236	69.4144	1	1	1	1	1	1	1	
457	126.822	130.944	123.751	119.229	138.257	130.69	121.265	68.6051	70.8685	64.2517	83.2963	62.3935	79.8274	66.4338	77.5407	78.9165	69.4249	1	1	1	1	1	1	1	
458	126.847	130.978	123.79	119.24	138.281	130.719	121.296	68.8678	70.7231	65.1317	83.0629	62.2869	79.8243	66.47	77.17	78.9566	69.3357	1	1	1	1	1	1	1	
459	126.788	130.921	123.727	119.184	138.212	130.663	121.236	68.5374	70.8343	64.2611	83.2695	62.4001	79.8019	66.4181	77.4975	78.8954	69.388	1	1	1	1	1	1	1	
460	126.817	130.944	123.757	119.207	138.229	130.69	121.258	68.8251	70.7055	65.0894	83.0416	62.2582	79.8144	66.449	77.145	78.9419	69.3166	1	1	1	1	1	1	1	
461	126.755	130.886	123.693	119.148	138.157	130.633	121.197	68.4898	70.8196	64.1948	83.2511	62.3722	79.7918	66.3941	77.4791	78.8762	69.3694	1	1	1	1	1	1	1	
462	126.785	130.909	123.724	119.172	138.174	130.66	121.22	68.7841	70.6887	65.0398	83.0193	62.2272	79.8047	66.4255	77.1207	78.9238	69.2972	1	1	1	1	1	1	1	
463	126.721	130.851	123.657	119.111	138.099	130.602	121.157	68.4415	70.8049	64.1255	83.2321	62.3428	79.7817	66.3694	77.4604	78.8565	69.3506	1	1	1	1	1	1	1	
464	126.753	130.874	123.689	119.136	138.117	130.63	121.181	68.7422	70.6716	64.9887	82.9965	62.1953	79.7947	66.4016	77.0958	78.9052	69.2772	1	1	1	1	1	1	1	
465	126.687	130.814	123.62	119.073	138.04	130.57	121.117	68.3921	70.7899	64.0544	83.2127	62.3127	79.7713	66.3441	77.4412	78.8362	69.3313	1	1	1	1	1	1	1	
466	126.72	130.839	123.654	119.1	138.059	130.599	121.141	68.6993	70.6541	64.9363	82.9733	62.1627	79.7844	66.3771	77.0705	78.8863	69.2566	1	1	1	1	1	1	1	
467	126.652	130.777	123.582	119.035	137.979	130.537	121.075	68.3416	70.7745	63.9814	83.1928	62.2818	79.7607	66.3182	77.4217	78.8156	69.3115	1	1	1	1	1	1	1	
468	126.686	130.802	123.617	119.062	137.999	130.568	121.1	68.6553	70.6362	64.8824	82.9495	62.1293	79.7739	66.352	77.0447	78.8668	69.2355	1	1	1	1	1	1	1	
469	126.615	130.738	123.543	118.995	137.917	130.504	121.032	68.2898	70.7588	63.9066	83.1725	62.2501	79.7498	66.2918	77.4016	78.7944	69.2911	1	1	1	1	1	1	1	
470	126.651	130.764	123.58	119.024	137.938	130.536	121.058	68.6102	70.618	64.8271	82.9253	62.0951	79.7632	66.3264	77.0183	78.8469	69.2138	1	1	1	1	1	1	1	
471	126.578	130.699	123.504	118.955	137.853	130.47	120.988	68.2367	70.7428	63.8297	83.1517	62.2176	79.7386	66.2649	77.3812	78.7727	69.2701	1	1	1	1	1	1	1	
472	126.615	130.726	123.542	118.984	137.875	130.503	121.015	68.564	70.5993	64.7703	82.9006	62.0601	79.7522	66.3003	76.9914	78.8265	69.1915	1	1	1	1	1	1	1	
473	126.541	130.659	123.463	118.913	137.788	130.434	120.943	68.1824	70.7264	63.7509	83.1305	62.1843	79.7272	66.2373	77.3602	78.7505	69.2485	1	1	1	1	1	1	1	
474	126.579	130.687	123.503	118.944	137.811	130.469	120.971	68.5167	70.5803	64.7119	82.8753	62.0242	79.7409	66.2736	76.9639	78.8057	69.1686	1	1	1	1	1	1	1	
475	126.502	130.618	123.421	118.87	137.72	130.398	120.897	68.1267	70.7097	63.6699	83.1088	62.1501	79.7155	66.2091	77.3388	78.7277	69.2262	1	1	1	1	1	1	1	
476	126.542	130.646	123.463	118.903	137.744	130.434	120.926	68.4681	70.5608	64.6518	82.8495	61.9874	79.7293	66.2463	76.9359	78.7844	69.1451	1	1	1	1	1	1	1	
477	126.462	130.575	123.378	118.827	137.651	130.362	120.85	68.0697	70.6925	63.5868	83.0866	62.115	79.7035	66.1803	77.3168	78.7044	69.2034	1	1	1	1	1	1	1	
478	126.504	130.605	123.422	118.86	137.676	130.399	120.879	68.4184	70.541	64.5901	82.8232	61.9497	79.7174	66.2184	76.9073	78.7625	69.1209	1	1	1	1	1	1	1	
479	126.421	130.532	123.335	118.782	137.58	130.324	120.802	68.0113	70.6751	63.5015	83.0639	62.0791	79.6913	66.1508	77.2944	78.6806	69.1798	1	1	1	1	1	1	1	
480	126.464	130.563	123.38	118.817	137.607	130.362	120.832	68.3674	70.5207	64.5266	82.7964	61.9111	79.7052	66.1899	76.8781	78.7401	69.096	1	1	1	1	1	1	1	
481	126.38	130.488	123.29	118.736	137.507	130.285	120.752	67.9514	70.6572	63.4139	83.0406	62.0422	79.6787	66.1207	77.2714	78.6561	69.1556	1	1	1	1	1	1	1	
482	126.424	130.519	123.337	118.772	137.535	130.325	120.783	68.3151	70.4999	64.4614	82.769	61.8715	79.6927	66.1607	76.8483	78.7172	69.0704	1	1	1	1	1	1	1	
483	126.337	130.442	123.244	118.689	137.433	130.245	120.701	67.8901	70.6389	63.3238	83.0169	62.0043	79.6658	66.09	77.2479	78.6311	69.1306	1	1	1	1	1	1	1	
484	126.383	130.475	123.293	118.727	137.462	130.287	120.734	68.2615	70.4788	64.3942	82.741	61.831	79.6799	66.1309	76.8179	78.6938	69.0441	1	1	1	1	1	1	1	
485	126.293	130.395	123.196	118.641	137.356	130.205	120.649	67.8272	70.6203	63.2314	82.9926	61.9654	79.6526	66.0585	77.2239	78.6055	69.1049	1	1	1	1	1	1	1	
486	126.341	130.429	123.248	118.68	137.386	130.248	120.683	68.2065	70.4572	64.3252	82.7125	61.7894	79.6668	66.1005	76.7869	78.6698	69.0169	1	1	1	1	1	1	1	
487	126.248	130.348	123.148	118.591	137.277	130.163	120.596	67.7628	70.6012	63.1364	82.9677	61.9255	79.6391	66.0264	77.1993	78.5792	69.0785	1	1	1	1	1	1	1	
488	126.298	130.382	123.202	118.632	137.309	130.208	120.63	68.1502	70.4351	64.2541	82.6833	61.7468	79.6533	66.0694	76.7553	78.6452	68.9891	1	1	1	1	1	1	1	
489	126.202	130.298	123.098	118.54	137.195	130.121	120.541	67.6968	70.5817	63.0388	82.9423	61.8846	79.6252	65.9935	77.1741	78.5523	69.0512	1	1	1	1	1	1	1	
490	126.254	130.334	123.154	118.583	137.229	130.167	120.577	68.0923	70.4125	64.181	82.6536	61.7031	79.6395	66.0376	76.7231	78.62	68.9603	1	1	1	1	1	1	1	
491	126.155	130.248	123.047	118.488	137.112	130.077	120.485	67.6291	70.5618	62.9385	82.9163	61.8426	79.611	65.9599	77.1484	78.5248	69.0231	1	1	1	1	1	1	1	
492	126.209	130.285	123.106	118.533	137.147	130.125	120.522	68.033	70.3895	64.1058	82.6232	61.6583	79.6253	66.005	76.6901	78.5942	68.9308	1	1	1	1	1	1	1	
493	126.107	130.197	122.995	118.435	137.026	130.032	120.428	67.5597	70.5415	62.8353	82.8897	61.7994	79.5964	65.9256	77.122	78.4965	68.9942	1	1	1	1	1	1	1	
494	126.163	130.235	123.056	118.481	137.063	130.082	120.465	67.9721	70.366	64.0283	82.5923	61.6123	79.6108	65.9718	76.6565	78.5677	68.9003	1	1	1	1	1	1	1	
495	126.057	130.144	122.942	118.38	136.938	129.986	120.368	67.4886	70.5207	62.7293	82.8625	61.7551	79.5815	65.8905	77.095	78.4676	68.9643	1	1	1	1	1	1	1	
496	126.116	130.183	123.005	118.428	136.976	130.038	120.408	67.9097	70.3419	63.9485	82.5606	61.5652	79.5959	65.9378	76.6222	78.5406	68.869	1	1	1	1	1	1	1	
497	126.006	130.089	122.886	118.324	136.847	129.939	120.308	67.4157	70.4994	62.6203	82.8347	61.7095	79.5662	65.8546	77.0674	78.438	68.9335	1	1	1	1	1	1	1	
498	126.067	130.13	122.952	118.374	136.887	129.993	120.348	67.8456	70.3174	63.8663	82.5284	61.5169	79.5806	65.9031	76.5873	78.5129	68.8366	1	1	1	1	1	1	1	
499	125.954	130.034	122.83	118.266	136.754	129.891	120.246	67.3409	70.4777	62.5082	82.8062	61.6628	79.5505	65.8179	77.0392	78.4076	68.9018	1	1	1	1	1	1	1	
500	126.018	130.076	122.898	118.318	136.796	129.947	120.288	67.7798	70.2923	63.7817	82.4954	61.4673	79.5648	65.8675	76.5516	78.4845	68.8033	1	1	1	1	1	1	1	
501	125.901	129.976	122.772	118.207	136.657	129.841	120.182	67.2642	70.4556	62.3928	82.7771	61.6147	79.5345	65.7803	77.0103	78.3764	68.869	1	1	1	1	1	1	1	
502	125.967	130.02	122.843	118.261	136.702	129.899	120.225	67.7123	70.2667	63.6944	82.4618	61.4165	79.5487	65.8312	76.5152	78.4553	68.769	1	1	1	1	1	1	1	
503	125.846	129.918	122.713	118.147	136.559	129.79	120.116	67.1856	70.4329	62.2741	82.7473	61.5654	79.518	65.742	76.9807	78.3445	68.8353	1	1	1	1	1	1	1	
504	125.914	129.963	122.787	118.202	136.605	129.851	120.161	67.6431	70.2406	63.6045	82.4275	61.3643	79.5322	65.7941	76.478	78.4255	68.7336	1	1	1	1	1	1	1	
505	125.79	129.858	122.651	118.084	136.457	129.738	120.049	67.105	70.4098	62.152	82.7169	61.5146	79.5011	65.7027	76.9504	78.3118	68.8004	1	1	1	1	1	1	1	
506	125.861	129.904	122.729	118.142	136.505	129.801	120.095	67.5719	70.2139	63.5118	82.3925	61.3107	79.5152	65.7561	76.4401	78.3949	68.6971	1	1	1	1	1	1	1	
507	125.732	129.796	122.589	118.02	136.352	129.685	119.98	67.0223	70.3861	62.0263	82.6857	61.4625	79.4838	65.6626	76.9194	78.2782	68.7644	1	1	1	1	1	1	1	
508	126.187	130.227	123.055	118.465	136.786	130.133	120.412	67.9367	70.5432	63.8863	82.7812	61.6099	79.8206	66.1787	76.7493	78.6715	69.0197	1	1	1	1	1	1	1	
509	125.669	129.728	122.52	117.95	136.241	129.625	119.905	66.9335	70.359	61.8865	82.6503	61.4055	79.4643	65.6159	76.8842	78.2408	68.7239	1	1	1	1	1	1	1	
510	126.128	130.162	122.992	118.399	136.678	130.079	120.34	67.8594	70.5129	63.7841	82.7421	61.551	79.8007	66.1364	76.7074	78.6372	68.9784	1	1	1	1	1	1	1	
511	125.985	130.042	122.836	118.264	136.51	129.949	120.213	67.2645	70.6892	62.2178	83.0434	61.7123	79.7635	66.0329	77.199	78.511	69.0396	1	1	1	1	1	1	1	
512	126.064	130.091	122.922	118.328	136.564	130.018	120.261	67.7735	70.4791	63.6698	82.699	61.4878	79.7779	66.0874	76.661	78.5994	68.9322	1	1	1	1	1	1	1	
513	125.921	129.973	122.765	118.192	136.392	129.888	120.135	67.1722	70.6614	62.0771	83.0075	61.6533	79.7425	65.9873	77.163	78.4726	68.9972	1	1	1	1	1	1	1	
514	126.002	130.024	122.855	118.259	136.449	129.96	120.186	67.6918	70.4478	63.5615	82.6585	61.4262	79.7571	66.0432	76.6177	78.5638	68.8885	1	1	1	1	1	1	1	
515	125.854	129.902	122.693	118.119	136.272	129.827	120.056	67.078	70.6335	61.9322	82.9709	61.593	79.7214	65.9408	77.1269	78.4338	68.954	1	1	1	1	1	1	1	
516	125.939	129.954	122.787	118.188	136.331	129.901	120.109	67.608	70.416	63.4496	82.6171	61.363	79.7358	65.998	76.5737	78.5274	68.8435	1	1	1	1	1	1	1	
517	125.787	129.829	122.619	118.043	136.147	129.763	119.975	66.9813	70.605	61.7829	82.9334	61.531	79.6999	65.8931	77.09	78.394	68.9093	1	1	1	1	1	1	1	
518	125.875	129.883	122.717	118.115	136.209	129.841	120.029	67.5219	70.3834	63.3341	82.5749	61.2981	79.7139	65.9517	76.5288	78.4901	68.797	1	1	1	1	1	1	1	
519	125.717	129.754	122.543	117.966	136.019	129.698	119.892	66.8821	70.5759	61.629	82.8951	61.4673	79.6777	65.8444	77.0522	78.3532	68.8632	1	1	1	1	1	1	1	
520	125.808	129.81	122.644	118.04	136.083	129.779	119.947	67.4334	70.3501	63.2147	82.5318	61.2315	79.6914	65.9044	76.483	78.4519	68.749	1	1	1	1	1	1	1	
521	125.645	129.677	122.465	117.886	135.887	129.632	119.806	66.7804	70.5462	61.4704	82.8559	61.4017	79.655	65.7946	77.0135	78.3114	68.8155	1	1	1	1	1	1	1	
522	125.74	129.734	122.57	117.963	135.954	129.715	119.863	67.3425	70.3162	63.0914	82.4878	61.1631	79.6684	65.856	76.4362	78.4126	68.6994	1	1	1	1	1	1	1	
523	125.572	129.598	122.384	117.804	135.75	129.564	119.718	66.6759	70.5159	61.3067	82.8159	61.3343	79.6318	65.7436	76.9738	78.2685	68.7661	1	1	1	1	1	1	1	
524	125.671	129.657	122.494	117.884	135.82	129.65	119.777	67.249	70.2815	62.964	82.443	61.0928	79.6446	65.8065	76.3885	78.3724	68.6481	1	1	1	1	1	1	1	
525	125.497	129.517	122.302	117.72	135.609	129.493	119.628	66.5687	70.4849	61.1379	82.7749	61.2648	79.6079	65.6915	76.9333	78.2244	68.715	1	1	1	1	1	1	1	
526	125.599	129.578	122.416	117.803	135.682	129.583	119.689	67.1529	70.2461	62.8322	82.3972	61.0206	79.6203	65.7558	76.3398	78.331	68.595	1	1	1	1	1	1	1	
527	125.42	129.433	122.216	117.634	135.463	129.421	119.535	66.4587	70.4533	60.9637	82.733	61.1933	79.5834	65.6382	76.8917	78.1792	68.6622	1	1	1	1	1	1	1	
528	125.526	129.496	122.335	117.72	135.539	129.515	119.597	67.0541	70.2099	62.6958	82.3504	60.9463	79.5952	65.704	76.2902	78.2887	68.5401	1	1	1	1	1	1	1	
529	125.34	129.347	122.129	117.545	135.312	129.347	119.439	66.3457	70.4211	60.7839	82.6901	61.1197	79.5583	65.5836	76.8492	78.1328	68.6074	1	1	1	1	1	1	1	
530	125.45	129.412	122.253	117.634	135.392	129.444	119.504	66.9525	70.173	62.5547	82.3028	60.87	79.5695	65.6509	76.2395	78.2452	68.4833	1	1	1	1	1	1	1	
531	125.259	129.259	122.039	117.454	135.157	129.272	119.341	66.2298	70.3882	60.5982	82.6463	61.044	79.5326	65.5278	76.8057	78.0853	68.5508	1	1	1	1	1	1	1	
532	125.373	129.325	122.168	117.546	135.24	129.372	119.407	66.848	70.1353	62.4087	82.2541	60.7916	79.5431	65.5967	76.1878	78.2005	68.4244	1	1	1	1	1	1	1	
533	125.175	129.168	121.946	117.36	134.996	129.194	119.24	66.1108	70.3546	60.4064	82.6015	60.9659	79.5062	65.4707	76.7611	78.0364	68.4921	1	1	1	1	1	1	1	
534	125.294	129.237	122.08	117.455	135.082	129.298	119.308	66.7406	70.0968	62.2574	82.2045	60.7109	79.5159	65.5411	76.135	78.1547	68.3635	1	1	1	1	1	1	1	
535	125.09	129.075	121.851	117.263	134.829	129.114	119.136	65.9886	70.3203	60.2082	82.5557	60.8855	79.4791	65.4123	76.7155	77.9863	68.4312	1	1	1	1	1	1	1	
536	125.212	129.145	121.99	117.362	134.919	129.221	119.206	66.63	70.0575	62.1006	82.1539	60.628	79.488	65.4843	76.0812	78.1076	68.3004	1	1	1	1	1	1	1	
537	125.001	128.979	121.753	117.164	134.657	129.031	119.029	65.8631	70.2854	60.0032	82.509	60.8027	79.4514	65.3525	76.6688	77.9349	68.3681	1	1	1	1	1	1	1	
538	125.129	129.051	121.898	117.266	134.751	129.143	119.101	66.5163	70.0174	61.938	82.1023	60.5427	79.4593	65.4262	76.0264	78.0593	68.2349	1	1	1	1	1	1	1	
539	124.911	128.88	121.652	117.061	134.478	128.947	118.919	65.7343	70.2498	59.7913	82.4611	60.7174	79.423	65.2914	76.621	77.8821	68.3027	1	1	1	1	1	1	1	
540	125.043	128.954	121.803	117.168	134.576	129.063	118.993	66.3994	69.9765	61.7694	82.0497	60.455	79.4298	65.3667	75.9704	78.0097	68.1671	1	1	1	1	1	1	1	
541	124.818	128.778	121.549	116.956	134.293	128.86	118.806	65.6021	70.2136	59.572	82.4123	60.6294	79.3938	65.2289	76.5721	77.8279	68.2348	1	1	1	1	1	1	1	
542	124.955	128.855	121.705	117.066	134.395	128.98	118.882	66.279	69.9348	61.5944	81.9961	60.3647	79.3995	65.3058	75.9133	77.9588	68.0966	1	1	1	1	1	1	1	
543	124.723	128.673	121.442	116.848	134.101	128.771	118.689	65.4664	70.1766	59.3449	82.3624	60.5387	79.364	65.1649	76.522	77.7722	68.1643	1	1	1	1	1	1	1	
544	124.865	128.752	121.604	116.962	134.207	128.895	118.768	66.1552	69.8922	61.4127	81.9413	60.2719	79.3684	65.2434	75.855	77.9065	68.0235	1	1	1	1	1	1	1	
545	124.625	128.565	121.332	116.737	133.902	128.679	118.569	65.327	70.139	59.1098	82.3114	60.4452	79.3334	65.0995	76.4708	77.7151	68.0911	1	1	1	1	1	1	1	
546	125.147	129.087	121.909	117.237	134.428	129.216	119.068	67.4697	70.3129	62.0064	82.5335	59.9545	79.5272	65.3214	76.2428	77.6172	68.309	1	1	1	1	1	1	1	
547	124.625	128.531	121.298	116.71	133.81	128.67	118.521	65.5879	70.1682	59.0031	82.3283	60.2828	79.3674	65.0677	76.5117	77.6079	68.1446	1	1	1	1	1	1	1	
548	124.678	128.575	121.392	116.728	133.826	128.733	118.557	65.9895	69.8098	61.046	81.8174	60.0669	79.3084	65.1214	75.7257	77.7581	67.8817	1	1	1	1	1	1	1	
549	124.421	128.347	121.099	116.501	133.486	128.492	118.323	65.0682	70.0617	58.6143	82.203	60.2331	79.2744	64.9698	76.3613	77.594	67.944	1	1	1	1	1	1	1	
550	124.963	128.885	121.705	117.023	134.031	129.049	118.838	67.2657	70.2359	61.6341	82.4327	59.7333	79.4705	65.1958	76.1319	77.4964	68.1663	1	1	1	1	1	1	1	
551	124.422	128.305	121.065	116.476	133.381	128.479	118.268	65.3235	70.0932	58.4976	82.2222	60.0703	79.3086	64.9327	76.4087	77.4824	67.9951	1	1	1	1	1	1	1	
552	124.478	128.352	121.168	116.493	133.4	128.547	118.306	65.7268	69.7179	60.6315	81.6967	59.8581	79.2406	64.9871	75.5984	77.6379	67.7159	1	1	1	1	1	1	1	
553	124.206	128.109	120.854	116.253	133.032	128.291	118.058	64.7679	69.9815	58.0803	82.0923	60.0213	79.2088	64.8293	76.2492	77.4683	67.7776	1	1	1	1	1	1	1	
554	124.768	128.668	121.486	116.793	133.6	128.87	118.591	67.0381	70.1554	61.2271	82.3271	59.5037	79.4087	65.0628	76.015	77.3676	68.0081	1	1	1	1	1	1	1	
555	124.207	128.065	120.818	116.227	132.917	128.278	117.999	65.0427	70.0158	57.9516	82.1117	59.8445	79.2471	64.7917	76.3006	77.3503	67.8328	1	1	1	1	1	1	1	
556	124.268	128.115	120.929	116.243	132.938	128.351	118.039	65.448	69.6223	60.1813	81.5709	59.6366	79.169	64.8465	75.4656	77.5108	67.5363	1	1	1	1	1	1	1	
557	123.979	127.856	120.593	115.99	132.54	128.078	117.776	64.452	69.8987	57.5038	81.9769	59.7954	79.1402	64.6825	76.1316	77.3358	67.5973	1	1	1	1	1	1	1	
558	124.56	128.438	121.254	116.547	133.131	128.68	118.328	66.7951	70.0709	60.7819	82.2161	59.2595	79.3432	64.9235	75.8925	77.2314	67.8357	1	1	1	1	1	1	1	
559	123.98	127.809	120.556	115.963	132.413	128.065	117.713	64.7477	69.9359	57.3609	81.9962	59.603	79.1831	64.6444	76.1872	77.2111	67.6566	1	1	1	1	1	1	1	
560	124.046	127.863	120.675	115.978	132.436	128.144	117.755	65.1533	69.5227	59.6904	81.4397	59.4008	79.0936	64.6992	75.327	77.3761	67.3411	1	1	1	1	1	1	1	
561	123.739	127.588	120.316	115.711	132.005	127.853	117.477	64.1204	69.8134	56.8795	81.8567	59.5541	79.0687	64.5292	76.0083	77.196	67.4015	1	1	1	1	1	1	1	
562	124.34	128.192	121.005	116.285	132.619	128.479	118.047	66.536	69.9826	60.2932	82.0995	58.9995	79.274	64.7773	75.7638	77.0873	67.6472	1	1	1	1	1	1	1	
563	124.012	127.798	120.597	115.904	132.304	128.103	117.669	65.3459	69.518	60.0757	81.4122	59.2128	79.096	64.7052	75.1932	77.2865	67.2809	1	1	1	1	1	1	1	
564	123.595	127.439	120.157	115.51	131.701	127.726	117.297	63.9227	69.7202	56.8151	81.777	59.4142	78.9841	64.4468	75.8965	77.0693	67.2402	1	1	1	1	1	1	1	
565	124.183	128.008	120.825	116.097	132.263	128.335	117.837	66.3617	69.9151	60.0425	82.0252	58.7893	79.2241	64.6859	75.6689	76.9927	67.5081	1	1	1	1	1	1	1	
566	123.844	127.599	120.4	115.699	131.916	127.943	117.445	65.1306	69.4429	59.7698	81.3165	59.0169	79.0379	64.6007	75.0841	77.1834	67.122	1	1	1	1	1	1	1	
567	123.405	127.224	119.935	115.282	131.265	127.549	117.056	63.6533	69.6481	56.3663	81.6825	59.2196	78.9215	64.329	75.7959	76.9536	67.0692	1	1	1	1	1	1	1	
568	124.004	127.804	120.62	115.881	131.832	128.171	117.605	66.1476	69.8439	59.6525	81.9336	58.5725	79.1677	64.5719	75.566	76.8775	67.3452	1	1	1	1	1	1	1	
569	123.665	127.389	120.189	115.478	131.48	127.775	117.208	64.8964	69.3651	59.394	81.2155	58.8124	78.9772	64.4894	74.9707	77.0734	66.9497	1	1	1	1	1	1	1	
570	123.206	126.998	119.7	115.042	130.789	127.363	116.802	63.3735	69.5763	55.8637	81.5855	59.0134	78.8584	64.2071	75.692	76.8338	66.8878	1	1	1	1	1	1	1	
571	123.817	127.59	120.404	115.653	131.367	128	117.36	65.9227	69.7707	59.2234	81.8385	58.3453	79.1093	64.4537	75.4592	76.7572	67.1703	1	1	1	1	1	1	1	
572	123.478	127.168	119.967	115.246	131.012	127.6	116.959	64.6518	69.2853	58.9873	81.1118	58.5982	78.9144	64.375	74.854	76.9589	66.7653	1	1	1	1	1	1	1	
573	123	126.762	119.454	114.791	130.279	127.169	116.536	63.0836	69.5032	55.3276	81.4861	58.7966	78.7937	64.082	75.5844	76.7094	66.6936	1	1	1	1	1	1	1	
574	123.621	127.365	120.176	115.413	130.865	127.821	117.104	65.687	69.6954	58.7605	81.7404	58.1067	79.0488	64.3319	75.3486	76.6319	66.982	1	1	1	1	1	1	1	
575	123.284	126.937	119.735	115.001	130.507	127.418	116.697	64.3962	69.2036	58.5506	81.0056	58.3733	78.8495	64.2576	74.7338	76.8397	66.5672	1	1	1	1	1	1	1	
576	122.786	126.514	119.196	114.527	129.729	126.968	116.258	62.7832	69.4291	54.757	81.3846	58.5685	78.7272	63.9538	75.4733	76.5802	66.4852	1	1	1	1	1	1	1	
577	123.417	127.129	119.936	115.16	130.323	127.634	116.833	65.4402	69.6178	58.261	81.6393	57.8561	78.9862	64.2065	75.2341	76.5013	66.7786	1	1	1	1	1	1	1	
578	123.083	126.695	119.491	114.745	129.962	127.229	116.423	64.1295	69.1199	58.0805	80.8969	58.1371	78.7824	64.1374	74.61	76.7156	66.3539	1	1	1	1	1	1	1	
579	122.564	126.255	118.926	114.251	129.135	126.76	115.967	62.4726	69.3541	54.1481	81.281	58.3285	78.6592	63.8227	75.3584	76.4462	66.2608	1	1	1	1	1	1	1	
580	123.205	126.88	119.684	114.893	129.736	127.439	116.549	65.1822	69.5382	57.7204	81.5351	57.5927	78.9215	64.0776	75.1154	76.3655	66.5584	1	1	1	1	1	1	1	
581	122.874	126.44	119.235	114.474	129.372	127.032	116.135	63.8514	69.0345	57.5729	80.7857	57.8891	78.7134	64.0145	74.4826	76.5866	66.1235	1	1	1	1	1	1	1	
582	122.334	125.983	118.642	113.961	128.491	126.544	115.662	62.1523	69.2787	53.4964	81.1756	58.0759	78.59	63.6889	75.2398	76.3073	66.0187	1	1	1	1	1	1	1	
583	122.983	126.618	119.417	114.612	129.097	127.236	116.249	64.9134	69.4566	57.133	81.428	57.3159	78.855	63.9453	74.9925	76.224	66.3193	1	1	1	1	1	1	1	
584	122.657	126.173	118.965	114.19	128.729	126.828	115.832	63.5621	68.9473	57.0223	80.6723	57.6285	78.6425	63.889	74.3514	76.4525	65.8738	1	1	1	1	1	1	1	
585	122.096	125.699	118.344	113.656	127.789	126.32	115.342	61.8232	69.2032	52.7961	81.0688	57.81	78.5202	63.5529	75.1175	76.1636	65.7568	1	1	1	1	1	1	1	
586	122.753	126.343	119.136	114.314	128.398	127.025	115.934	64.6342	69.3733	56.4921	81.3182	57.0248	78.7871	63.8098	74.8651	76.0769	66.0589	1	1	1	1	1	1	1	
587	122.432	125.892	118.68	113.889	128.025	126.617	115.514	63.2622	68.8587	56.4222	80.5567	57.3547	78.5703	63.7614	74.2163	76.3132	65.6025	1	1	1	1	1	1	1	
588	121.852	125.401	118.031	113.338	127.02	126.089	115.008	61.4868	69.1282	52.0402	80.961	57.5301	78.4502	63.415	74.9915	76.0154	65.4727	1	1	1	1	1	1	1	
589	122.514	126.053	118.839	114	127.628	126.805	115.602	64.3461	69.2886	55.789	81.2059	56.7188	78.718	63.6713	74.7332	75.924	65.7743	1	1	1	1	1	1	1	
590	122.2	125.597	118.381	113.573	127.25	126.398	115.18	62.9527	68.7689	55.7642	80.4393	57.067	78.497	63.632	74.0773	76.1686	65.3067	1	1	1	1	1	1	1	
591	121.6	125.089	117.704	113.003	126.172	125.852	114.658	61.1458	69.0547	51.2195	80.8531	57.2356	78.3812	63.2761	74.862	75.8629	65.1637	1	1	1	1	1	1	1	
592	122.267	125.749	118.526	113.668	126.777	126.579	115.252	64.0514	69.2029	55.0128	81.0915	56.3972	78.6485	63.5305	74.5966	75.7654	65.4624	1	1	1	1	1	1	1	
593	121.961	125.288	118.066	113.238	126.39	126.173	114.829	62.6358	68.6783	55.0373	80.3202	56.7647	78.4235	63.5015	73.9341	76.0187	64.9829	1	1	1	1	1	1	1	
594	121.344	124.764	117.361	112.653	125.231	125.609	114.293	60.8043	68.9837	50.3222	80.7458	56.9259	78.3145	63.137	74.7292	75.7069	64.8267	1	1	1	1	1	1	1	
595	121.584	125.584	117.836	113.606	132.113	116.716	115.169	63.6514	68.6645	57.1876	80.0257	56.445	78.4766	61.8205	73.5765	74.7531	66.8042	1	1	1	1	1	1	1	
596	121.306	124.95	117.488	113.068	128.838	122.084	114.606	62.032	68.0402	57.2568	79.5047	56.4979	78.2757	62.9218	72.9472	75.305	65.6067	1	1	1	1	1	1	1	
597	120.724	124.293	116.799	112.327	126.311	123.599	113.893	60.0976	68.5747	51.3145	80.183	56.5899	78.1597	62.6639	74.0984	75.1675	65.0771	1	1	1	1	1	1	1	
598	121.502	124.956	117.716	112.963	126.064	125.334	114.439	63.1335	68.8405	54.5794	80.5789	55.6253	78.436	63.0052	74.0571	75.2001	65.1352	1	1	1	1	1	1	1	
599	121.291	124.506	117.293	112.511	125.193	125.334	114.006	61.7313	68.3846	54.2617	79.9223	56.0277	78.2132	63.0696	73.505	75.5579	64.4675	1	1	1	1	1	1	1	
600	120.231	124.144	116.168	112.165	130.285	114.774	113.759	59.7613	68.2977	52.0645	79.3767	56.6939	78.0233	60.9163	73.4109	74.3558	66.1102	1	1	1	1	1	1	1	
601	120.939	124.657	117.159	112.751	127.746	121.56	114.213	62.609	68.3332	55.7989	79.879	55.3714	78.3553	62.515	73.2119	74.6006	65.6194	1	1	1	1	1	1	1	
602	120.739	124.07	116.772	112.191	125.778	123.497	113.631	61.1332	68.0208	54.8583	79.4297	55.6816	78.0863	62.6773	72.9393	75.0802	64.6255	1	1	1	1	1	1	1	
603	120.172	123.491	116.015	111.473	123.538	123.846	112.991	59.2399	68.5339	48.8415	80.0814	55.7993	78.0033	62.399	73.9879	74.8925	64.12	1	1	1	1	1	1	1	
604	120.451	124.333	116.551	112.415	130.558	114.29	113.864	62.4632	68.2364	55.3782	79.3264	55.3253	78.19	60.6005	72.8573	73.8683	66.2657	1	1	1	1	1	1	1	
605	120.228	123.704	116.209	111.882	126.916	120.161	113.32	60.699	67.5789	55.685	78.8612	55.3554	77.9552	62.1672	72.2346	74.5331	64.7354	1	1	1	1	1	1	1	
606	119.629	122.99	115.43	111.067	123.825	121.975	112.537	58.7016	68.2271	48.9646	79.6391	55.4061	77.8782	61.9892	73.4651	74.4312	64.0476	1	1	1	1	1	1	1	
607	120.773	123.997	116.749	112.022	123.485	124.392	113.383	62.2524	68.7837	52.4352	80.4308	54.6371	78.4381	62.7856	73.7637	74.7731	64.2676	1	1	1	1	1	1	1	
608	120.075	123.63	115.88	111.813	129.547	113.712	113.211	60.8893	67.7679	55.6942	78.5703	55.6326	78.0615	60.4278	72.1032	74.0416	65.8961	1	1	1	1	1	1	1	
609	119.053	122.552	114.78	110.711	124.715	118.452	112.167	58.2321	67.8251	49.0076	79.0318	55.098	77.8031	61.48	72.6947	73.9023	64.1928	1	1	1	1	1	1	1	
610	120.161	123.437	116.106	111.559	123.475	122.486	112.87	61.6929	68.4283	52.2103	79.8888	54.1715	78.3007	62.3384	73.1627	74.2726	64.1814	1	1	1	1	1	1	1	
611	120.077	122.938	115.713	111.035	121.733	123.458	112.371	60.2007	68.0422	51.6201	79.3849	54.6015	78.0495	62.5565	72.7809	74.762	63.1828	1	1	1	1	1	1	1	
612	119.394	123.196	115.256	110.925	128.542	112.701	112.714	61.0794	67.6107	57.1931	78.0245	57.1239	77.9003	57.943	71.2478	72.2532	65.1801	1	1	1	1	1	1	1	
613	118.772	122.156	114.19	110.307	124.006	117.935	111.727	58.1551	67.6182	49.3399	79.0051	55.3075	78.0362	61.1122	72.0723	73.4715	64.0407	1	1	1	1	1	1	1	
614	119.548	122.598	115.183	110.79	122.116	121.643	112.012	61.0983	68.0587	51.5281	79.5366	53.7401	78.2071	61.7266	72.469	73.659	63.5249	1	1	1	1	1	1	1	
615	118.763	103.963	114.16	109.452	128.036	122.811	112.461	59.7301	66.9559	54.853	77.0798	53.9599	77.6106	60.3025	71.1492	73.3199	65.4878	1	1	1	1	1	1	1	
616	118.517	113.589	114.26	109.151	124.298	123.013	111.978	59.8413	67.1038	56.3966	78.3124	56.5403	77.8462	58.8618	70.5672	72.1117	63.1958	1	1	1	1	1	1	1	
617	118.15	116.607	113.188	108.836	120.457	122.744	110.688	57.1086	67.5382	47.4309	79.4742	54.8689	77.8852	60.4585	71.9142	73.2132	62.5696	1	1	1	1	1	1	1	
618	118.372	119.477	113.704	109.814	127.268	110.872	111.274	60.2011	67.2326	52.8781	78.5105	53.6118	77.8348	58.4108	70.9584	71.9777	65.4166	1	1	1	1	1	1	1	
619	118.182	119.858	113.412	109.372	122.72	116.81	110.706	58.2776	66.7079	53.0578	77.983	53.5117	77.5644	60.7129	70.6522	72.9385	62.7232	1	1	1	1	1	1	1	
620	118.163	120.356	113.594	108.818	120.134	119.617	110.556	59.044	67.199	53.7229	78.2978	55.2939	77.5909	59.1186	70.7619	71.9541	61.4705	1	1	1	1	1	1	1	
621	117.061	100.648	111.643	107.362	125.136	120.775	110.481	56.5503	66.7677	48.718	76.4402	53.6635	77.3743	58.8227	70.8174	72.0792	65.1101	1	1	1	1	1	1	1	
622	117.635	110.771	112.625	108.078	120.948	122.039	110.364	59.0639	66.9517	51.318	78.9328	52.5348	77.8253	59.5459	70.7063	72.0089	62.3942	1	1	1	1	1	1	1	
623	116.875	114.639	111.696	107.972	125.674	109.074	109.754	57.3548	66.1274	52.9086	77.1593	53.2275	77.1502	56.9174	69.4558	71.232	64.4389	1	1	1	1	1	1	1	
624	116.768	116.912	112.028	107.612	121.201	114.873	109.698	57.7048	66.3133	54.9154	77.4686	54.7365	77.3036	57.4775	69.2644	70.6682	61.639	1	1	1	1	1	1	1	
625	116.507	116.884	110.781	107.079	116.533	117.293	108.444	55.1131	66.9314	45.2362	78.7141	52.9781	77.5176	59.7127	70.6882	71.9699	60.5518	1	1	1	1	1	1	1	
626	116.905	118.129	111.516	107.993	123.744	105.035	109.107	58.9283	66.9012	49.3063	77.9951	52.02	77.6721	55.6945	70.1263	70.6651	64.8446	1	1	1	1	1	1	1	
627	116.818	117.77	111.177	107.532	118.01	112.363	108.625	56.813	66.2961	50.4313	77.4438	51.9503	77.3881	59.5984	69.7693	71.7111	60.557	1	1	1	1	1	1	1	
628	116.692	117.601	111.037	106.493	113.996	115.562	108.11	57.2367	66.6181	50.9433	77.6658	53.6146	77.2525	58.0025	69.6535	70.6227	58.3783	1	1	1	1	1	1	1	
629	116.974	98.3994	110.485	106.228	121.376	118.814	108.926	58.6736	66.3071	54.705	75.3272	50.9601	77.3134	58.6621	69.5709	71.0395	65.06	1	1	1	1	1	1	1	
630	115.872	105.228	108.728	104.879	113.301	118.36	106.963	55.0748	66.5764	45.5028	78.0435	51.5267	77.5447	58.7796	70.1703	70.8432	58.9217	1	1	1	1	1	1	1	
631	115.008	108.611	107.628	104.278	118.402	102.693	105.797	54.4181	65.1024	46.7903	75.9478	51.2594	76.3142	53.6169	68.0815	69.2638	63.8477	1	1	1	1	1	1	1	
632	116.036	111.67	108.911	105.423	110.908	110.539	106.38	56.9251	66.1616	50.38	78.1715	49.8622	77.199	58.5483	69.29	70.3051	57.8874	1	1	1	1	1	1	1	
633	98.5592	111.078	106.683	102.856	116.23	112.232	104.828	55.8556	64.5222	51.7757	76.0053	50.603	75.4275	55.1547	67.0069	66.9924	63.4709	1	1	1	1	1	1	1	
634	106.88	110.522	106.304	103.168	107.307	114.733	104.372	53.9631	64.8323	51.9941	76.5574	50.8312	77.0327	58.1885	67.5717	69.7655	56.5007	1	1	1	1	1	1	1	
635	109.475	109.857	105.544	102.778	113.836	99.4594	103.831	54.7425	64.9607	51.732	77.2143	49.0241	76.7878	51.0135	67.8774	67.993	65.2873	1	1	1	1	1	1	1	
636	110.088	108.604	104.343	101.948	101.893	104.668	103.126	52.6179	65.7608	45.5025	78.0294	48.637	77.4866	57.358	69.0494	68.6271	54.7881	1	1	1	1	1	1	1	
637	92.7504	104.918	101.719	99.019	110.082	105.906	100.943	51.2569	63.5249	44.5681	75.5892	47.0518	72.9868	56.3633	67.0189	65.802	64.0739	1	1	1	1	1	1	1	
638	101.161	104.781	102.795	99.6816	98.1476	108.181	101.69	53.8308	64.5736	48.5619	78.5709	46.5449	76.6012	58.7015	68.4168	67.0645	53.1696	1	1	1	1	1	1	1	
639	100.414	100.051	98.9344	95.6531	106.692	85.876	99.8171	52.0925	62.9561	46.9508	76.1704	46.5968	76.2614	43.3794	65.8743	64.578	62.6671	1	1	1	1	1	1	1	
640	99.017	96.1123	96.8776	94.3168	94.467	94.4787	98.8136	49.6153	62.5083	47.6843	76.7481	45.0082	77.126	55.3469	66.2183	65.6351	51.1057	1	1	1	1	1	1	1	
641	83.4712	94.0371	93.7064	90.0649	103.654	93.6993	95.4788	49.0662	60.7008	46.1621	79.8589	40.9557	68.8645	57.2218	66.833	62.3073	60.5042	1	1	1	1	1	1	1	
642	88.0693	91.9037	88.6117	84.7856	90.4927	91.7666	90.7482	46.206	60.3387	39.0772	81.256	37.0999	73.6751	59.5954	66.1469	60.2646	48.401	1	1	1	1	1	1	1	
643	88.1555	64.1593	85.7228	80.1744	97.1454	90.7819	86.292	44.1637	59.3436	38.9744	56.7934	34.5398	74.9926	61.4402	66.2051	58.4113	54.8771	1	1	1	1	1	1	1	
644	86.8203	77.0815	83.0698	74.8167	86.0862	89.1178	78.7767	43.3838	56.8193	36.6473	68.2272	28.966	74.5075	61.4259	65.5478	56.631	44.7878	1	1	1	1	1	1	1	
645	84.7362	76.7438	78.8705	68.2264	91.3916	57.1087	74.0886	41.3212	56.0991	33.9194	68.5682	25.1264	72.99	30.2606	61.5926	54.8178	49.9588	1	1	1	1	1	1	1	
646	81.2496	76.0891	77.0566	62.7397	80.6674	68.7363	66.2124	38.2588	51.5392	29.1189	69.0289	20.7865	69.8412	41.4049	59.8723	51.9533	40.0183	1	1	1	1	1	1	1	
647	68.0716	73.9229	78.0785	60.9612	81.7565	69.1234	64.9252	37.6679	51.0625	25.0975	67.0561	19.2405	57.5144	42.3696	58.7972	51.5538	40.827	1	1	1	1	1	1	1	
648	69.5796	70.594	79.2348	54.445	73.2489	68.6344	59.5369	35.4542	46.7322	22.5914	64.1989	18.5341	58.2762	42.5704	58.4103	45.3675	32.8581	1	1	1	1	1	1	1	
649	66.1115	66.4652	60.472	48.4855	72.3631	65.752	56.187	31.4057	43.6251	18.2424	60.0662	18.207	54.9835	39.9967	38.657	39.5207	31.7124	1	1	1	1	1	1	1	
650	58.5506	62.9025	59.1492	44.5831	65.7036	61.2269	51.2772	28.2151	38.9608	14.386	56.641	17.5613	47.4173	35.6083	36.5828	35.6713	25.57	1	1	1	1	1	1	1	
651	46.0177	53.8359	51.0687	37.6618	63.9046	53.8547	38.5895	17.4181	26.2905	12.1098	47.6798	17.0541	34.9392	28.4713	28.5065	29.0171	23.9307	1	1	1	1	1	1	1	
652	38.2094	48.3825	44.3843	33.9859	63.6386	50.196	31.882	13.4183	19.7137	10.9106	42.1632	16.4145	27.1592	24.979	21.7421	25.5564	23.6839	1	1	1	1	1	1	1	