
1	357.442
2	357.441
3	357.441
4	357.44
5	357.44
6	357.44
7	357.439
8	357.439
9	357.439
10	357.438
11	357.438
12	357.437
13	357.437
14	357.437
15	357.436
16	357.436
17	357.436
18	357.435
19	357.435
20	357.434
21	357.434
22	357.434
23	357.433
24	357.433
25	357.432
26	357.432
27	357.432
28	357.431
29	357.431
30	357.43
31	357.43
32	357.429
33	357.429
34	357.429
35	357.428
36	357.428
37	357.427
38	357.427
39	357.426
40	357.426
41	357.425
42	357.425
43	357.424
44	357.424
45	357.423
46	357.423
47	357.422
48	357.422
49	357.421
50	357.421
51	357.42
52	357.42
53	357.419
54	357.418
55	357.418
56	357.417
57	357.417
58	357.416
59	357.416
60	357.415
61	357.414
62	357.414
63	357.413
64	357.413
65	357.412
66	357.411
67	357.411
68	357.41
69	357.409
70	357.409
71	357.408
72	357.407
73	357.407
74	357.406
75	357.405
76	357.405
77	357.404
78	357.403
79	357.403
80	357.402
81	357.401
82	357.4
83	357.4
84	357.399
85	357.398
86	357.397
87	357.397
88	357.396
89	357.395
90	357.394
91	357.394
92	357.393
93	357.392
94	357.391
95	357.39
96	357.389
97	357.389
98	357.388
99	357.387
100	357.386
101	357.385
102	357.384
103	357.383
104	357.382
105	357.381
106	357.38
107	357.38
108	357.379
109	357.378
110	357.377
111	357.376
112	357.375
113	357.374
114	357.373
115	357.372
116	357.371
117	357.37
118	357.369
119	357.367
120	357.366
121	357.365
122	357.364
123	357.363
124	357.362
125	357.361
126	357.36
127	357.359
128	357.357
129	357.356
130	357.355
131	357.354
132	357.353
133	357.351
134	357.35
135	357.349
136	357.348
137	357.346
138	357.345
139	357.344
140	357.342
141	357.341
142	357.34
143	357.338
144	357.337
145	357.336
146	357.334
147	357.333
148	357.331
149	357.33
150	357.329
151	357.327
152	357.326
153	357.324
154	357.323
155	357.321
156	357.32
157	357.318
158	357.316
159	357.315
160	357.313
161	357.312
162	357.31
163	357.308
164	357.307
165	357.305
166	357.303
167	357.301
168	357.3
169	357.298
170	357.296
171	357.294
172	357.293
173	357.291
174	357.289
175	357.287
176	357.285
177	357.283
178	357.281
179	357.279
180	357.277
181	357.275
182	357.273
183	357.271
184	357.269
185	357.267
186	357.265
187	357.263
188	357.261
189	357.259
190	357.257
191	357.254
192	357.252
193	357.25
194	357.248
195	357.245
196	357.243
197	357.241
198	357.238
199	357.236
200	357.234
201	357.231
202	357.229
203	357.226
204	357.224
205	357.221
206	357.219
207	357.216
208	357.213
209	357.211
210	357.208
211	357.205
212	357.203
213	357.2
214	357.197
215	357.194
216	357.192
217	357.189
218	357.186
219	357.183
220	357.18
221	357.177
222	357.174
223	357.171
224	357.168
225	357.165
226	357.162
227	357.159
228	357.155
229	357.152
230	357.149
231	357.146
232	357.142
233	357.139
234	357.136
235	357.132
236	357.129
237	357.125
238	357.122
239	357.118
240	357.114
241	357.111
242	357.107
243	357.103
244	357.1
245	357.096
246	357.092
247	357.088
248	357.084
249	357.08
250	357.076
251	357.072
252	357.068
253	357.064
254	357.06
255	357.056
256	357.052
257	357.047
258	357.043
259	357.039
260	357.034
261	357.03
262	357.025
263	357.021
264	357.016
265	357.011
266	357.007
267	357.002
268	356.997
269	356.992
270	356.987
271	356.983
272	356.978
273	356.973
274	356.967
275	356.962
276	356.957
277	356.952
278	356.947
279	356.941
280	356.936
281	356.93
282	356.925
283	356.919
284	356.914
285	356.908
286	356.902
287	356.896
288	356.891
289	356.885
290	356.879
291	356.873
292	356.867
293	356.86
294	356.854
295	356.848
296	356.842
297	356.835
298	356.829
299	356.822
300	356.815
301	356.809
302	356.802
303	356.795
304	356.788
305	356.781
306	356.774
307	356.767
308	356.76
309	356.753
310	356.745
311	356.738
312	356.731
313	356.723
314	356.715
315	356.708
316	356.7
317	356.692
318	356.684
319	356.676
320	356.668
321	356.66
322	356.651
323	356.643
324	356.635
325	356.626
326	356.617
327	356.609
328	356.6
329	356.591
330	356.582
331	356.573
332	356.564
333	356.555
334	356.545
335	356.536
336	356.526
337	356.517
338	356.507
339	356.497
340	356.487
341	356.477
342	356.467
343	356.457
344	356.446
345	356.436
346	356.425
347	356.414
348	356.404
349	356.393
350	356.382
351	356.371
352	356.359
353	356.348
354	356.337
355	356.325
356	356.313
357	356.301
358	356.289
359	356.277
360	356.265
361	356.253
362	356.24
363	356.228
364	356.215
365	356.202
366	356.189
367	356.176
368	356.163
369	356.149
370	356.136
371	356.122
372	356.108
373	356.094
374	356.08
375	356.066
376	356.052
377	356.037
378	356.023
379	356.008
380	355.993
381	355.978
382	355.962
383	355.947
384	355.931
385	355.915
386	355.899
387	355.883
388	355.867
389	355.851
390	355.834
391	355.817
392	355.8
393	355.783
394	355.766
395	355.748
396	355.73
397	355.713
398	355.694
399	355.676
400	355.658
401	355.639
402	355.62
403	355.601
404	355.582
405	355.563
406	355.543
407	355.523
408	355.503
409	355.483
410	355.462
411	355.442
412	355.421
413	355.4
414	355.378
415	355.357
416	355.335
417	355.313
418	355.291
419	355.268
420	355.246
421	355.223
422	355.2
423	355.176
424	355.152
425	355.128
426	355.104
427	355.08
428	355.055
429	355.03
430	355.005
431	354.979
432	354.954
433	354.928
434	354.901
435	354.875
436	354.848
437	354.821
438	354.793
439	354.766
440	354.738
441	354.709
442	354.681
443	354.652
444	354.622
445	354.593
446	354.563
447	354.533
448	354.502
449	354.472
450	354.44
451	354.409
452	354.377
453	354.345
454	354.312
455	354.28
456	354.246
457	354.213
458	354.179
459	354.142
460	354.107
461	354.075
462	354.036
463	354
464	353.967
465	353.927
466	353.89
467	353.853
468	353.815
469	353.776
470	353.738
471	353.699
472	353.659
473	353.619
474	353.579
475	353.538
476	353.497
477	353.455
478	353.413
479	353.37
480	353.333
481	354.98
482	353.296
483	353.267
484	354.903
485	353.171
486	354.85
487	353.117
488	354.794
489	353.062
490	354.737
491	353.006
492	354.679
493	352.948
494	354.62
495	352.89
496	354.559
497	352.83
498	354.497
499	352.768
500	354.434
501	352.705
502	354.369
503	352.641
504	354.303
505	352.576
506	354.235
507	352.509
508	354.166
509	352.44
510	354.095
511	352.37
512	354.023
513	352.299
514	353.949
515	352.226
516	353.873
517	352.151
518	353.796
519	352.074
520	353.716
521	351.996
522	353.636
523	351.916
524	353.553
525	351.834
526	353.468
527	351.751
528	353.382
529	351.665
530	353.293
531	351.578
532	353.202
533	351.488
534	353.11
535	351.397
536	353.015
537	351.303
538	352.918
539	351.208
540	352.819
541	351.11
542	352.717
543	351.01
544	352.614
545	350.907
546	352.507
547	350.802
548	352.399
549	350.695
550	352.287
551	350.586
552	352.173
553	350.4
554	351.949
555	350.26
556	351.824
557	350.138
558	351.696
559	350.013
560	351.566
561	349.885
562	351.433
563	349.753
564	351.296
565	349.619
566	351.156
567	349.481
568	351.012
569	349.34
570	350.865
571	349.195
572	350.714
573	349.047
574	350.559
575	348.895
576	350.401
577	348.739
578	350.238
579	348.58
580	350.071
581	348.416
582	349.9
583	348.248
584	349.725
585	348.076
586	349.545
587	347.9
588	349.361
589	347.719
590	349.171
591	347.533
592	348.977
593	347.343
594	348.778
595	347.147
596	348.573
597	346.947
598	348.364
599	346.741
600	348.148
601	346.53
602	347.927
603	346.313
604	347.699
605	346.09
606	347.466
607	345.862
608	347.226
609	345.627
610	346.98
611	345.386
612	346.727
613	345.138
614	346.467
615	344.883
616	346.2
617	344.622
618	345.925
619	344.212
620	345.603
621	344.071
622	345.351
623	343.646
624	345.011
625	343.495
626	344.745
627	343.047
628	344.384
629	342.884
630	344.103
631	342.414
632	343.72
633	342.239
634	343.423
635	341.744
636	343.016
637	341.554
638	342.702
639	341.034
640	342.27
641	340.828
642	341.936
643	340.281
644	341.477
645	340.058
646	341.123
647	339.482
648	340.634
649	339.239
650	340.258
651	338.632
652	339.738
653	338.368
654	339.336
655	337.728
656	338.782
657	337.441
658	338.354
659	336.765
660	337.763
661	336.452
662	337.304
663	335.738
664	336.452
665	335.107
666	335.788
667	334.716
668	335.571
669	334.063
670	334.637
671	333.352
672	333.954
673	332.911
674	333.669
675	332.199
676	332.619
677	331.616
678	333.142
679	333.75
680	330.404
681	330.813
682	330.199
683	331.388
684	332.043
685	328.793
686	330.346
687	330.92
688	327.655
689	329.214
690	329.77
691	326.602
692	328.019
693	328.465
694	325.386
695	326.685
696	327.206
697	324.955
698	325.391
699	325.688
700	322.868
701	323.869
702	324.244
703	322.311
704	322.379
705	322.495
706	320.122
707	320.558
708	320.82
709	319.237
710	318.781
711	318.695
712	316.711
713	316.693
714	316.723
715	315.662
716	314.653
717	314.307
718	312.869
719	312.19
720	311.953
721	311.466
722	309.719
723	309.022
724	308.289
725	307.105
726	307.977
727	306.606
728	303.795
729	303.218
730	302.782
731	302.21
732	299.247
733	299.804
734	297.1
735	296.389
736	294.064
737	293.728
738	291.277
739	288.873
740	287.071
741	284.051
742	280.557
743	274.983
744	264.727
745	260.487
746	240.713
747	214.11
748	187.554
749	147.6
750	110.636
751	92.263
752	72.9176
753	68.5374