      1e+20     33.2621     63.1077     73.7521     80.7918      70.252     53.2759     51.7538     37.5272      51.237     84.0437     5.47382     80.6313     6.89342     59.9905     2.90606     43.8768     62.7441     26.0193     28.8035     97.2232  3.7536e+21
6.82028e+11       1e+10     42.2471     89.6508     58.3064     17.5775     63.7055     32.1761     26.7931     10.7585     2.11884     78.4707     26.1194     33.1529     70.8797     52.8765     83.7034     32.1647     7.23752     51.5844     21.3133     92.5758
8.35847e+11     99.0428       1e+10     3.08077     20.5437      13.772      80.851     50.3939     31.5351     10.0158      66.646     73.8104     39.4752     43.4386     31.6666     31.8585     36.2809     4.78666      10.191     38.6054     16.4907      18.803
1.03069e+11     42.8977     89.9759       1e+10     18.4521     90.2311     34.2945     33.4206     15.1217     17.5598     98.4897     49.7205     83.2866     37.3524     99.6503     33.5555     33.8735     6.39335     70.9907     9.32164     21.6072     54.5807
5.07644e+11     63.5859     59.7376     44.4266       1e+10     66.7312     25.5364     6.25131     17.4812     23.3871     88.4163      76.399     54.3891     72.4846     7.08886     76.5173     92.3861     6.72098     7.97942     93.1078     52.4576     16.1284
6.34289e+10     23.6691     57.1629     63.4397     84.6333       1e+10     66.6203     76.2655     19.5182     3.13901     18.1027     77.6306     82.1005     25.0752     19.4952     87.1754     49.7849     66.4344     86.1254     33.9365     73.6371     42.9968
1.44079e+11     43.3388     94.6063     64.1146      48.276     59.3236       1e+10     78.1786     58.6492     85.1191      69.063       11.74     29.1106      31.704     29.2188      40.676     3.13036     13.4141      22.304     23.8317     51.0079     50.7331
5.77241e+11     25.9609     46.4935     73.5008     74.4405     9.62669     85.6591       1e+10     85.5968     17.3756     54.1341     87.7898     98.0003     54.1407     32.2185     35.4622     82.1154     23.3133     64.1851     24.4006     19.4295     4.84415
9.82723e+11     67.5759     93.6989     85.2959     12.0145     58.8836     68.5879     97.5694       1e+10     84.8064     33.3085     24.2745     61.4937     42.5715     99.5973     25.7972     57.9109     99.5467     62.3766     65.8596     20.9478      56.632
8.56594e+11     52.9847     27.8683     27.2223     22.0281     40.1153     99.3131     31.4545      10.403       1e+10        20.3     94.7838     33.5844     12.3353     35.1122     99.6665     5.03642     56.2908     84.0481      48.851     78.8114     47.9563
8.90581e+11     93.1637     49.1134     15.7479     64.0913     66.9331      3.2366     56.1273     17.7729     43.1686       1e+10     88.9087      76.471     79.2601     64.3714     6.34189     34.9919      7.0167     95.3498     30.6381     70.0139     25.1575
7.52984e+11     51.1606     92.7418     99.2918     14.0953     78.4273     81.3599     78.4204     14.4626     16.3414     42.3243       1e+10     35.3041     81.0467      43.036     56.4638     88.7694     35.8276     66.1632     75.0506     58.5531     72.1228
6.14972e+11     62.2916     69.7661     17.1982     95.4324     57.5674     89.5442      64.749     42.8236      36.768     36.8598     93.2735       1e+10      94.622     71.4646     99.3167     37.5919     89.1643     89.4414     19.8417      87.133     68.5635
7.33973e+11     43.9281     12.6993     74.4855     8.51785     8.22625     68.9678     80.6637     23.0242     59.6499     86.2797     77.3249       52.87       1e+10     36.8561     12.4307     11.5092     98.4028     2.07075     37.6176     63.1217     76.6151
1.31729e+11     56.5034     16.4109     56.4548      76.535     63.0606     32.8046     45.0407      89.728     34.8596     44.4633     8.02322     12.9347     63.1472       1e+10      74.959     75.9447     84.6125     32.5976      61.176     91.4897     45.7599
9.21398e+11     75.6996     13.1049     11.8044      59.547     5.84343     48.8677     93.8101     21.0022     94.4172     21.9789     62.3365     93.0449     23.7325     3.16863       1e+10     77.2679     91.2947     2.85551     41.1457     10.9647     19.5714
2.78682e+11     1.65221     37.6603     20.9791     81.0186     81.6668     77.5945     66.3228      15.446     45.2466      3.6553      31.459     40.6598     31.6495     89.9967     43.6493       1e+10     80.5182      24.384     1.80266     86.5223     95.0445
1.84905e+11     54.7758     82.9868     50.1537     61.8309     74.0752     90.6882     13.6286     87.2974     97.9283     29.2697     40.3317     36.2092     24.6408     9.68264     74.5563      1.7419       1e+10     32.1442     23.5526     57.3492     65.7076
4.31669e+11     61.3589     65.0896     38.6728     85.7694     26.8715     87.9831     93.1232     51.4567     4.82022     43.6252     81.6365     87.8286     56.3169      14.504     62.6477     76.9344     95.3311       1e+10     25.1938     58.8157     97.3828
5.63038e+10     89.7104      30.824     69.0925     95.7665      45.758     44.5276     68.5594     70.5733     62.0195     45.8239     94.3516     29.5685     8.12047     69.2568     8.02071     51.3133     15.5101     30.4007       1e+10     17.1605     65.0584
8.67559e+11     30.0742     34.1473     42.8955     61.1227     87.1705     69.1155     93.9885     65.7178     12.3908     44.6111     81.6561     26.1297     58.9449     89.7293     17.5923     57.2057     31.2928     66.9719     88.7158       1e+10     24.2608
 3.7536e+21 2.28562e+11 2.73812e+11 8.43884e+10 2.96754e+10 2.23039e+11 4.55505e+11 8.26673e+11 1.62058e+11 4.66438e+11 7.93932e+11 1.84963e+11 8.11021e+11 3.86218e+11 9.12595e+10 3.41123e+11 7.62511e+11 3.29231e+11 4.73107e+11 1.46352e+11 7.76573e+11       1e+20
