
0 0 0 0 0 1 0 0 0 0 0 0 0 0 0
0 0 0 0 0 0 0 1 0 0 0 0 0 0 0
0 0 0 0 0 0 0 0 1 0 0 0 0 0 0
0 0 0 0 0 0 0 0 0 1 0 0 0 0 0
0 0 0 0 0 0 1 0 0 0 0 0 0 0 0
0 0 0 0 0 0 0 0 0 0 1 0 0 0 0
0 0 0 0 0 0 0 0 0 0 0 1 0 0 0
0 0 0 0 0 0 0 0 0 0 1 0 0 0 0
0 0 0 0 0 0 0 0 0 0 0 0 1 0 0
0 0 0 0 0 0 0 0 0 0 0 0 0 1 0
0 0 0 0 0 0 0 0 0 0 0 0 0 0 0
0 0 0 0 0 0 0 0 0 0 0 0 0 0 0
0 0 0 0 0 0 0 0 0 0 0 0 0 0 0
0 0 0 0 0 0 0 0 0 0 0 0 0 0 0
0 0 0 0 0 0 0 0 0 0 0 0 0 0 0

SA -> a -> EA & SB -> c -> EA & SC -> d -> EC & SD -> e -> ED & SE -> b -> EB

max(1.000000 + 105.679000 + 1.000000 + 105.679000 + 1.000000 = 214.358000, 1.000000 + 25.632000 + 1.000000 + 187.032000 + 1.000000 = 215.664000, 1.000000 + 39.000000 + 1.000000 + 39.000000 + 1.000000 = 81.000000, 1.000000 + 54.083300 + 1.000000 + 54.083300 + 1.000000 = 111.166600, 1.000000 + 173.113000 + 1.000000 + 67.882300 + 1.000000 = 243.995300)

243.995

The input parameters are for : 5 vehicles 5 tasks taken 

Total computational time taken:0.005972
