      1e+20  7.2896e+11 7.34024e+10  1.3898e+11 6.95578e+11 8.04054e+11     88.9803     18.8134     65.3503     59.3419     71.2799     34.3719     12.0201       1e+20 1.22758e+11 1.32491e+11 7.84326e+11 1.52919e+11 2.41072e+11
9.01962e+11       1e+20 5.34415e+11 3.06492e+10 5.48134e+11 4.10407e+11     55.5199     86.8149     48.1131     71.2725     62.9208     28.1661     21.9896 3.75798e+11       1e+20 5.89155e+11 3.06192e+11 5.76837e+11  5.4896e+11
4.13897e+11 1.69711e+10       1e+20 2.55536e+10 9.72124e+11  2.3707e+11     32.8194     96.3198     42.5181     89.4816     59.2007     97.0731     54.1898 6.40743e+11 2.61838e+11       1e+20  2.3074e+11 3.96158e+11 7.19704e+11
8.93143e+11   1.502e+11 3.95278e+11       1e+20 5.92098e+11 5.43951e+11     69.6223     26.8975      32.249      54.923     84.3931      22.929     59.1561 8.93152e+11 3.86327e+11 3.47698e+11       1e+20 4.87498e+11 1.88684e+11
2.79464e+11 7.49267e+10 2.09414e+11 2.04579e+11       1e+20 3.37557e+11     89.4046     50.0054     86.6719     84.8055     95.7538     8.43913     11.8708  8.3366e+11 6.97869e+11 9.44837e+11 6.24041e+11       1e+20 9.66162e+11
3.79664e+11  8.6755e+10 8.56033e+11  6.6139e+10 2.67698e+11       1e+20     13.0468     93.0766     76.4175     56.5542     55.8975     7.95313     46.7862 4.16389e+11 3.39685e+11 1.90692e+11  1.0563e+11 6.24227e+11       1e+20
1.35545e+10 2.29602e+11 2.28209e+11 7.21777e+11 1.05233e+11 8.08263e+11       1e+10     88.7951     39.1883     6.02402     84.3211     58.5991     77.5646     8.78473     58.0165      87.489     23.8069     95.1022     48.7773
5.65583e+10 5.60918e+11 2.31852e+11 7.82406e+11 9.96831e+11 7.81183e+11     25.8447       1e+10     48.9378     31.1579     25.9066     30.2302     90.2337     14.9571      64.443     53.2114      76.404     53.6767     4.43998
5.76925e+11  2.2106e+11 2.48475e+11 9.89867e+11 6.93472e+11 2.26396e+11     89.7139     49.0431       1e+10      92.249     78.4919     49.0821     93.3057     63.4548     72.6478     95.8591     69.7841     3.77291     58.9658
5.89192e+11 3.70178e+11 5.66614e+11 7.38621e+11 6.73295e+11 2.81989e+11      54.494     78.0923     78.8834       1e+10     34.2546     80.9411     80.7787     93.8982     18.7725     76.8042     61.4396      29.872     42.8416
3.31875e+11 8.45418e+11  8.9652e+11 7.39897e+11  8.0642e+11 9.08415e+10     66.8986     95.5811     14.1132      88.557       1e+10     28.4389     26.1508     57.4548     14.3183     36.5774     46.1909     48.1604      65.844
6.74999e+11  1.8393e+11 7.25863e+11  9.2715e+11 3.48847e+11 6.31905e+11     39.5589      14.533      33.833      80.273     89.8812       1e+10     45.8491       83.39     67.3264      37.498     3.75258     21.8421     68.5289
3.39558e+11 5.05854e+10 2.95574e+11 8.02024e+11 8.02274e+11 9.67567e+11     34.8995     67.0725     96.6968       10.88     92.5965      52.221       1e+10      5.9182     8.75868      56.353     14.0294     28.0847     89.1173
      1e+20 1.22758e+11 1.32491e+11 7.84326e+11 1.52919e+11 2.41072e+11 7.93935e+10  5.1101e+11 9.99281e+11 3.66701e+11 1.94085e+11 9.03596e+11 5.33168e+11       1e+20 1.22758e+11 1.32491e+11 7.84326e+11 1.52919e+11 2.41072e+11
3.75798e+11       1e+20 5.89155e+11 3.06192e+11 5.76837e+11  5.4896e+11 6.22659e+11 4.63524e+11 3.01528e+11 2.27911e+11 7.93629e+11 8.76002e+11 4.29222e+11 3.75798e+11       1e+20 5.89155e+11 3.06192e+11 5.76837e+11  5.4896e+11
6.40743e+11 2.61838e+11       1e+20  2.3074e+11 3.96158e+11 7.19704e+11 8.82946e+11 3.66948e+11 2.35943e+11  4.2129e+11 4.75194e+11 3.66141e+11 3.70796e+11 6.40743e+11 2.61838e+11       1e+20  2.3074e+11 3.96158e+11 7.19704e+11
8.93152e+11 3.86327e+11 3.47698e+11       1e+20 4.87498e+11 1.88684e+11 4.06951e+11 4.05057e+11 4.99335e+11  2.3342e+11 4.21406e+10 8.61134e+11  6.0756e+11 8.93152e+11 3.86327e+11 3.47698e+11       1e+20 4.87498e+11 1.88684e+11
 8.3366e+11 6.97869e+11 9.44837e+11 6.24041e+11       1e+20 9.66162e+11 6.51753e+11 5.83991e+11 2.32294e+11 9.82086e+11 3.59171e+11 4.34977e+11 4.98754e+11  8.3366e+11 6.97869e+11 9.44837e+11 6.24041e+11       1e+20 9.66162e+11
4.16389e+11 3.39685e+11 1.90692e+11  1.0563e+11 6.24227e+11       1e+20 6.91209e+11  8.8024e+11 1.23894e+11 8.03173e+11 5.25434e+11 2.09352e+11 9.46786e+11 4.16389e+11 3.39685e+11 1.90692e+11  1.0563e+11 6.24227e+11       1e+20
