
1	1	1	1	1	1	1	69.6715	74.8017	69.9531	78.9605	83.1245	48.4116	52.1856	115.098	111.759	131.51	110.5	108.388	122.279	
2	1	1	1	1	1	1	69.6719	74.8001	69.9523	78.9597	83.1244	48.4089	52.1848	115.095	111.758	131.506	110.5	108.386	122.278	
3	1	1	1	1	1	1	69.6706	74.7987	69.9515	78.959	83.1238	48.4073	52.1841	115.094	111.757	131.502	110.499	108.385	122.277	
4	1	1	1	1	1	1	69.6691	74.7973	69.9507	78.9582	83.1232	48.4056	52.1833	115.092	111.756	131.497	110.498	108.383	122.276	
5	1	1	1	1	1	1	69.6674	74.7957	69.9497	78.9573	83.1226	48.4037	52.1824	115.09	111.754	131.492	110.496	108.382	122.274	
6	1	1	1	1	1	1	69.6655	74.7939	69.9487	78.9563	83.1218	48.4015	52.1815	115.088	111.753	131.487	110.495	108.38	122.272	
7	1	1	1	1	1	1	69.6635	74.792	69.9476	78.9553	83.121	48.3992	52.1804	115.086	111.751	131.481	110.493	108.378	122.27	
8	1	1	1	1	1	1	69.6612	74.7898	69.9463	78.9541	83.1201	48.3966	52.1792	115.083	111.749	131.475	110.491	108.376	122.268	
9	1	1	1	1	1	1	69.6587	74.7874	69.945	78.9528	83.1191	48.3937	52.1779	115.08	111.747	131.467	110.489	108.373	122.266	
10	1	1	1	1	1	1	69.656	74.7848	69.9435	78.9513	83.118	48.3905	52.1765	115.077	111.745	131.459	110.487	108.37	122.263	
11	1	1	1	1	1	1	69.6529	74.7818	69.9418	78.9498	83.1168	48.387	52.1749	115.074	111.743	131.451	110.485	108.367	122.26	
12	1	1	1	1	1	1	69.6496	74.7786	69.9399	78.948	83.1155	48.3831	52.1732	115.07	111.74	131.441	110.482	108.364	122.257	
13	1	1	1	1	1	1	69.6459	74.7751	69.9379	78.946	83.114	48.3788	52.1712	115.066	111.737	131.43	110.479	108.36	122.254	
14	1	1	1	1	1	1	69.6418	74.7711	69.9356	78.9439	83.1123	48.374	52.1691	115.061	111.733	131.418	110.476	108.356	122.25	
15	1	1	1	1	1	1	69.6372	74.7667	69.9331	78.9415	83.1105	48.3688	52.1667	115.056	111.73	131.405	110.472	108.352	122.246	
16	1	1	1	1	1	1	69.6322	74.7619	69.9304	78.9389	83.1085	48.363	52.1641	115.05	111.726	131.39	110.468	108.347	122.241	
17	1	1	1	1	1	1	69.6267	74.7566	69.9273	78.936	83.1063	48.3565	52.1612	115.044	111.721	131.374	110.464	108.342	122.236	
18	1	1	1	1	1	1	69.6205	74.7507	69.924	78.9328	83.1039	48.3494	52.158	115.037	111.716	131.357	110.459	108.336	122.23	
19	1	1	1	1	1	1	69.6138	74.7442	69.9202	78.9292	83.1011	48.3415	52.1545	115.029	111.711	131.337	110.454	108.329	122.223	
20	1	1	1	1	1	1	69.6063	74.737	69.9162	78.9253	83.0982	48.3328	52.1506	115.021	111.705	131.315	110.448	108.322	122.216	
21	1	1	1	1	1	1	69.598	74.729	69.9116	78.921	83.0948	48.3231	52.1463	115.012	111.698	131.291	110.441	108.313	122.208	
22	1	1	1	1	1	1	69.5888	74.7202	69.9066	78.9162	83.0912	48.3124	52.1415	115.001	111.691	131.264	110.434	108.304	122.2	
23	1	1	1	1	1	1	69.5787	74.7104	69.9011	78.9109	83.0871	48.3005	52.1363	114.99	111.682	131.235	110.426	108.295	122.19	
24	1	1	1	1	1	1	69.5675	74.6996	69.895	78.9051	83.0826	48.2874	52.1305	114.977	111.673	131.202	110.417	108.283	122.18	
25	1	1	1	1	1	1	69.5552	74.6876	69.8883	78.8986	83.0777	48.2728	52.124	114.963	111.663	131.166	110.407	108.271	122.168	
26	1	1	1	1	1	1	69.5415	74.6744	69.8809	78.8915	83.0722	48.2567	52.1169	114.947	111.652	131.126	110.396	108.258	122.155	
27	1	1	1	1	1	1	69.5264	74.6597	69.8727	78.8836	83.0661	48.2388	52.109	114.93	111.64	131.082	110.384	108.243	122.141	
28	1	1	1	1	1	1	69.5096	74.6434	69.8636	78.8749	83.0594	48.2189	52.1003	114.911	111.626	131.033	110.371	108.226	122.125	
29	1	1	1	1	1	1	69.4911	74.6254	69.8536	78.8652	83.0519	48.1968	52.0906	114.89	111.611	130.979	110.356	108.208	122.107	
30	1	1	1	1	1	1	69.4706	74.6054	69.8426	78.8545	83.0436	48.1723	52.08	114.866	111.594	130.918	110.34	108.188	122.088	
31	1	1	1	1	1	1	69.4479	74.5832	69.8304	78.8427	83.0345	48.1451	52.0681	114.84	111.576	130.852	110.322	108.165	122.066	
32	1	1	1	1	1	1	69.4228	74.5586	69.817	78.8296	83.0243	48.1148	52.0551	114.812	111.555	130.778	110.302	108.14	122.042	
33	1	1	1	1	1	1	69.395	74.5313	69.8022	78.8151	83.013	48.0811	52.0406	114.78	111.532	130.695	110.28	108.113	122.016	
34	1	1	1	1	1	1	69.3642	74.501	69.7859	78.7991	83.0005	48.0435	52.0245	114.744	111.507	130.604	110.255	108.082	121.986	
35	1	1	1	1	1	1	69.33	74.4673	69.7679	78.7814	82.9866	48.0016	52.0067	114.705	111.479	130.503	110.228	108.048	121.954	
36	1	1	1	1	1	1	69.2922	74.4298	69.748	78.7618	82.9712	47.9549	51.987	114.661	111.448	130.39	110.198	108.01	121.918	
37	1	1	1	1	1	1	69.2503	74.3881	69.7262	78.74	82.9541	47.9028	51.9651	114.612	111.413	130.265	110.165	107.968	121.877	
38	1	1	1	1	1	1	69.2038	74.3416	69.7021	78.716	82.9351	47.8445	51.9409	114.558	111.375	130.126	110.129	107.922	121.833	
39	1	1	1	1	1	1	69.1522	74.2899	69.6755	78.6893	82.9139	47.7792	51.914	114.498	111.332	129.97	110.088	107.87	121.783	
40	1	1	1	1	1	1	69.0949	74.2322	69.6463	78.6597	82.8903	47.706	51.8841	114.431	111.284	129.797	110.043	107.812	121.728	
41	1	1	1	1	1	1	69.0313	74.1677	69.6141	78.6269	82.864	47.6239	51.851	114.356	111.231	129.604	109.993	107.748	121.667	
42	1	1	1	1	1	1	68.9607	74.0957	69.5787	78.5906	82.8347	47.5315	51.8141	114.273	111.172	129.388	109.938	107.676	121.598	
43	1	1	1	1	1	1	68.8821	74.015	69.5399	78.5502	82.8021	47.4275	51.7732	114.179	111.106	129.146	109.877	107.596	121.522	
44	1	1	1	1	1	1	68.7947	73.9247	69.4971	78.5054	82.7656	47.3102	51.7277	114.075	111.032	128.876	109.809	107.507	121.437	
45	1	1	1	1	1	1	68.6974	73.8233	69.4503	78.4556	82.7248	47.1775	51.677	113.958	110.95	128.572	109.734	107.407	121.342	
46	1	1	1	1	1	1	68.5889	73.7094	69.3989	78.4004	82.6792	47.0271	51.6207	113.827	110.858	128.231	109.651	107.295	121.236	
47	1	1	1	1	1	1	68.468	73.5811	69.3427	78.3389	82.6281	46.8562	51.5579	113.68	110.754	127.847	109.559	107.169	121.118	
48	1	1	1	1	1	1	68.3329	73.4365	69.2812	78.2706	82.5709	46.6617	51.488	113.514	110.638	127.413	109.457	107.029	120.985	
49	1	1	1	1	1	1	68.182	73.2731	69.2142	78.1945	82.5068	46.4395	51.41	113.327	110.507	126.922	109.344	106.871	120.836	
50	1	1	1	1	1	1	68.0132	73.0881	69.1414	78.1098	82.4349	46.185	51.3231	113.115	110.359	126.366	109.219	106.693	120.669	
51	1	1	1	1	1	1	67.824	72.8782	69.0624	78.0154	82.3541	45.8925	51.2263	112.875	110.193	125.732	109.081	106.492	120.481	
52	1	1	1	1	1	1	67.9389	72.9967	69.3047	78.2326	82.6213	45.8893	51.4821	112.633	110.04	125.005	108.969	106.311	120.278	
53	1	1	1	1	1	1	67.6947	72.7197	69.2084	78.1099	82.5139	45.4953	51.3543	112.318	109.823	124.181	108.798	106.051	120.038	
54	1	1	1	1	1	1	67.4204	72.4039	69.1062	77.974	82.3943	45.0369	51.2138	111.961	109.578	123.23	108.614	105.76	119.769	
55	1	1	1	1	1	1	67.1111	72.0428	68.9983	77.8226	82.2606	44.5026	51.0578	111.552	109.299	122.129	108.415	105.429	119.466	
56	1	1	1	1	1	1	66.7613	71.6297	68.886	77.6542	82.1118	43.8778	50.8854	111.08	108.981	120.847	108.202	105.055	119.125	
57	1	1	1	1	1	1	66.3643	71.1572	68.7718	77.4672	81.9475	43.1447	50.696	110.534	108.616	119.347	107.977	104.631	118.742	
58	1	1	1	1	1	1	65.912	70.6177	68.6592	77.2603	81.7681	42.2821	50.4901	109.897	108.196	117.575	107.746	104.152	118.314	
59	1	1	1	1	1	1	64.5806	69.5647	67.8771	76.6499	81.7318	43.0546	50.6111	109.219	106.778	123.193	105.92	102.695	112.945	
60	1	1	1	1	1	1	64.2976	69.5451	68.0304	76.462	81.3931	41.4036	50.2718	108.502	106.8	116.869	106.317	102.424	115.104	
61	1	1	1	1	1	1	64.435	69.539	66.899	76.0986	80.2672	37.962	45.0696	106.69	105.413	110.713	105.098	101.333	114.565	
62	1	1	1	1	1	1	61.6452	67.0031	66.084	75.0463	80.3567	40.3561	47.6646	105.844	103.997	117.272	103.594	99.7324	107.926	
63	1	1	1	1	1	1	61.1335	67.1817	66.8102	74.9277	80.1334	37.3331	48.0155	104.741	103.904	108.648	104.248	99.1586	110.118	
64	1	1	1	1	1	1	61.595	63.3814	67.2083	75.2454	81.6036	40.4794	46.2466	104.214	102.383	113.699	102.43	97.9187	101.394	
65	1	1	1	1	1	1	59.3907	64.4355	67.3093	74.5232	80.4811	35.6222	46.4898	101.915	101.52	101.698	102.712	96.5717	102.739	
66	1	1	1	1	1	1	56.5776	57.7214	64.853	72.5688	79.2642	35.0809	42.0084	98.5368	96.9745	102.311	98.1315	92.531	87.0226	
67	1	1	1	1	1	1	53.4464	62.1444	65.611	71.4783	78.3559	28.5094	43.1342	94.6768	95.4785	85.6036	99.1954	90.494	87.5762	
68	1	1	1	1	1	1	49.7553	62.2567	65.676	70.0155	78.7834	33.9015	38.2342	92.9983	93.0252	89.7435	73.902	87.0187	83.233	
69	1	1	1	1	1	1	42.9783	59.6626	64.5355	66.8774	77.001	30.8331	37.2159	86.9445	81.6996	81.8615	77.5383	80.2352	74.1963	
70	1	1	1	1	1	1	38.0855	53.5678	63.5176	69.0233	75.5234	31.2921	35.2815	53.3524	86.882	75.6028	78.313	72.8401	64.2581	
71	1	1	1	1	1	1	36.8427	54.4925	66.5949	63.5033	71.8643	24.4082	33.0006	51.8726	82.712	65.8577	67.9983	73.2802	62.9541	
72	1	1	1	1	1	1	35.7293	51.1442	69.8069	62.0019	67.5952	16.7395	28.8988	48.0725	81.3998	56.9161	51.9238	75.8815	58.3798	
73	1	1	1	1	1	1	35.3846	33.0805	72.3375	60.8769	59.6121	11.1768	24.7163	46.1765	79.6615	50.7129	41.0357	78.0329	39.5188	