
1	111.758	115.284	129.091	111.761	122.726	111.698	65.2843	55.2179	73.5292	66.7999	57.0519	58.5717	48.7285	1	1	1	1	1	1	
2	111.756	115.281	129.087	111.76	122.725	111.698	65.2815	55.2175	73.5275	66.7996	57.0522	58.5711	48.7269	1	1	1	1	1	1	
3	111.755	115.28	129.084	111.759	122.723	111.696	65.2803	55.2168	73.5261	66.7986	57.0515	58.57	48.7262	1	1	1	1	1	1	
4	111.753	115.279	129.08	111.757	122.721	111.695	65.2789	55.2161	73.5247	66.7975	57.0507	58.5688	48.7254	1	1	1	1	1	1	
5	111.751	115.278	129.075	111.755	122.719	111.693	65.2774	55.2152	73.523	66.7963	57.0499	58.5674	48.7245	1	1	1	1	1	1	
6	111.749	115.277	129.071	111.754	122.716	111.692	65.2757	55.2143	73.5213	66.7949	57.0489	58.5659	48.7236	1	1	1	1	1	1	
7	111.747	115.275	129.065	111.752	122.714	111.69	65.2739	55.2133	73.5193	66.7934	57.0479	58.5642	48.7226	1	1	1	1	1	1	
8	111.744	115.274	129.06	111.749	122.711	111.688	65.2718	55.2122	73.5171	66.7918	57.0467	58.5624	48.7214	1	1	1	1	1	1	
9	111.741	115.272	129.053	111.747	122.708	111.685	65.2696	55.211	73.5147	66.79	57.0455	58.5603	48.7201	1	1	1	1	1	1	
10	111.738	115.27	129.046	111.744	122.704	111.682	65.2671	55.2097	73.512	66.788	57.0441	58.5581	48.7187	1	1	1	1	1	1	
11	111.735	115.267	129.038	111.741	122.7	111.68	65.2643	55.2082	73.509	66.7858	57.0425	58.5556	48.7172	1	1	1	1	1	1	
12	111.731	115.265	129.03	111.738	122.696	111.676	65.2613	55.2066	73.5058	66.7833	57.0408	58.5529	48.7155	1	1	1	1	1	1	
13	111.727	115.262	129.02	111.734	122.691	111.673	65.2579	55.2047	73.5021	66.7806	57.0389	58.5498	48.7136	1	1	1	1	1	1	
14	111.722	115.259	129.01	111.73	122.685	111.669	65.2542	55.2027	73.4981	66.7776	57.0369	58.5465	48.7115	1	1	1	1	1	1	
15	111.717	115.256	128.998	111.725	122.68	111.664	65.2501	55.2005	73.4937	66.7743	57.0345	58.5428	48.7092	1	1	1	1	1	1	
16	111.711	115.252	128.985	111.72	122.673	111.66	65.2455	55.1981	73.4888	66.7706	57.032	58.5387	48.7066	1	1	1	1	1	1	
17	111.705	115.248	128.971	111.715	122.666	111.654	65.2405	55.1954	73.4834	66.7666	57.0292	58.5342	48.7038	1	1	1	1	1	1	
18	111.698	115.244	128.956	111.709	122.658	111.648	65.2349	55.1924	73.4775	66.7622	57.0261	58.5292	48.7006	1	1	1	1	1	1	
19	111.69	115.239	128.938	111.702	122.649	111.642	65.2287	55.1891	73.4708	66.7572	57.0226	58.5237	48.6972	1	1	1	1	1	1	
20	111.682	115.233	128.919	111.695	122.639	111.635	65.2219	55.1855	73.4635	66.7518	57.0188	58.5176	48.6933	1	1	1	1	1	1	
21	111.672	115.227	128.898	111.686	122.628	111.627	65.2143	55.1815	73.4554	66.7458	57.0146	58.5108	48.6891	1	1	1	1	1	1	
22	111.662	115.22	128.874	111.677	122.616	111.618	65.206	55.177	73.4465	66.7391	57.01	58.5034	48.6844	1	1	1	1	1	1	
23	111.65	115.213	128.848	111.667	122.603	111.608	65.1967	55.1721	73.4366	66.7317	57.0049	58.4952	48.6792	1	1	1	1	1	1	
24	111.637	115.205	128.82	111.656	122.589	111.597	65.1864	55.1667	73.4256	66.7236	56.9992	58.4861	48.6735	1	1	1	1	1	1	
25	111.623	115.195	128.788	111.644	122.572	111.585	65.175	55.1607	73.4134	66.7146	56.9929	58.4761	48.6672	1	1	1	1	1	1	
26	111.608	115.185	128.753	111.63	122.555	111.572	65.1624	55.1541	73.4	66.7047	56.986	58.465	48.6602	1	1	1	1	1	1	
27	111.59	115.174	128.714	111.615	122.535	111.557	65.1484	55.1468	73.3851	66.6937	56.9783	58.4527	48.6524	1	1	1	1	1	1	
28	111.571	115.162	128.671	111.598	122.513	111.541	65.1328	55.1388	73.3685	66.6815	56.9698	58.4392	48.6438	1	1	1	1	1	1	
29	111.55	115.148	128.623	111.579	122.488	111.523	65.1156	55.1299	73.3502	66.6681	56.9605	58.4242	48.6343	1	1	1	1	1	1	
30	111.526	115.133	128.57	111.559	122.461	111.503	65.0964	55.1201	73.3299	66.6532	56.9501	58.4077	48.6237	1	1	1	1	1	1	
31	111.5	115.116	128.511	111.536	122.431	111.481	65.0751	55.1092	73.3074	66.6367	56.9386	58.3894	48.612	1	1	1	1	1	1	
32	111.471	115.097	128.446	111.511	122.398	111.457	65.0514	55.0972	73.2823	66.6185	56.9259	58.3692	48.5991	1	1	1	1	1	1	
33	111.439	115.076	128.374	111.483	122.362	111.43	65.025	55.0839	73.2546	66.5984	56.9118	58.3469	48.5847	1	1	1	1	1	1	
34	111.404	115.053	128.295	111.451	122.321	111.4	64.9957	55.0693	73.2237	66.5761	56.8963	58.3223	48.5688	1	1	1	1	1	1	
35	111.364	115.028	128.206	111.417	122.275	111.367	64.9629	55.0532	73.1894	66.5514	56.879	58.295	48.5511	1	1	1	1	1	1	
36	111.321	115	128.107	111.378	122.225	111.33	64.9264	55.0353	73.1512	66.524	56.86	58.2648	48.5314	1	1	1	1	1	1	
37	111.272	114.968	127.998	111.336	122.169	111.289	64.8856	55.0156	73.1086	66.4937	56.8388	58.2315	48.5096	1	1	1	1	1	1	
38	111.218	114.933	127.876	111.288	122.107	111.243	64.84	54.9939	73.0612	66.4601	56.8154	58.1947	48.4854	1	1	1	1	1	1	
39	111.158	114.894	127.741	111.236	122.037	111.193	64.789	54.9698	73.0084	66.4229	56.7894	58.1539	48.4584	1	1	1	1	1	1	
40	111.091	114.851	127.591	111.177	121.96	111.136	64.7318	54.9433	72.9494	66.3816	56.7607	58.1089	48.4284	1	1	1	1	1	1	
41	111.016	114.803	127.423	111.111	121.874	111.074	64.6675	54.9141	72.8834	66.3358	56.7288	58.0591	48.3949	1	1	1	1	1	1	
42	110.933	114.749	127.236	111.038	121.778	111.004	64.5952	54.8818	72.8096	66.2849	56.6934	58.004	48.3576	1	1	1	1	1	1	
43	110.84	114.689	127.027	110.957	121.67	110.926	64.5138	54.8462	72.7269	66.2284	56.6541	57.943	48.316	1	1	1	1	1	1	
44	110.736	114.621	126.794	110.866	121.55	110.839	64.4219	54.8069	72.634	66.1656	56.6105	57.8756	48.2695	1	1	1	1	1	1	
45	110.62	114.546	126.533	110.764	121.415	110.742	64.3179	54.7637	72.5296	66.0957	56.5621	57.801	48.2174	1	1	1	1	1	1	
46	110.49	114.462	126.241	110.649	121.264	110.633	64.1999	54.716	72.4121	66.018	56.5084	57.7184	48.1591	1	1	1	1	1	1	
47	110.344	114.367	125.913	110.521	121.095	110.511	64.0657	54.6635	72.2795	65.9313	56.4487	57.627	48.0936	1	1	1	1	1	1	
48	110.181	114.261	125.544	110.377	120.904	110.374	63.9125	54.6058	72.1296	65.8347	56.3823	57.5258	48.02	1	1	1	1	1	1	
49	109.997	114.142	125.13	110.215	120.688	110.22	63.7373	54.5424	71.9596	65.7267	56.3087	57.4137	47.9371	1	1	1	1	1	1	
50	109.789	114.007	124.662	110.031	120.445	110.047	63.536	54.4728	71.7665	65.606	56.2268	57.2894	47.8434	1	1	1	1	1	1	
51	109.555	113.854	124.134	109.824	120.169	109.852	63.3038	54.3966	71.5465	65.4707	56.1359	57.1515	47.7375	1	1	1	1	1	1	
52	109.477	113.868	123.723	109.778	120.043	109.819	63.2161	54.4778	71.4938	65.5165	56.2165	57.173	47.8384	1	1	1	1	1	1	
53	109.172	113.667	123.04	109.508	119.681	109.565	62.8998	54.3834	71.2023	65.3422	56.1001	56.9986	47.6941	1	1	1	1	1	1	
54	108.828	113.44	122.264	109.201	119.271	109.278	62.5309	54.2819	70.8678	65.1468	55.9728	56.8054	47.5327	1	1	1	1	1	1	
55	108.436	113.18	121.379	108.852	118.801	108.951	62.0974	54.1723	70.4818	64.9262	55.8329	56.5893	47.3479	1	1	1	1	1	1	
56	107.988	112.883	120.366	108.452	118.26	108.578	61.5847	54.0544	70.0344	64.6763	55.6797	56.3458	47.1349	1	1	1	1	1	1	
57	107.477	112.542	119.204	107.993	117.637	108.151	60.9745	53.9279	69.5139	64.3922	55.5136	56.0686	46.8878	1	1	1	1	1	1	
58	106.891	112.147	117.868	107.466	116.915	107.66	60.2433	53.7932	68.9057	64.0684	55.336	55.7484	46.599	1	1	1	1	1	1	
59	105.928	111.625	116.251	106.691	116.175	107.034	60.3988	49.8328	69.4147	64.3733	54.4432	57.0491	44.6199	1	1	1	1	1	1	
60	105.376	111.123	114.556	106.133	115.244	106.424	58.9374	51.8142	67.8775	63.8139	54.3981	55.4755	45.0051	1	1	1	1	1	1	
61	106.925	111.809	118.465	106.836	95.9434	106.59	59.0824	51.4766	67.4329	62.1696	54.8295	53.5757	45.8466	1	1	1	1	1	1	
62	104.166	110.53	112.955	104.842	103.112	105.319	58.0157	46.6321	66.9877	62.4112	53.1326	55.7164	44.2089	1	1	1	1	1	1	
63	102.535	109.227	108.849	103.474	105.068	104.038	55.2381	48.7301	64.5154	61.9059	53.1462	53.7151	43.9917	1	1	1	1	1	1	
64	100.715	99.3562	112.359	101.814	107.643	103.17	56.7164	41.456	64.7624	60.8953	52.0225	53.7644	42.392	1	1	1	1	1	1	
65	98.7173	100.037	104.53	99.9328	105.453	101.13	51.8301	42.6304	60.9208	59.9924	52.0293	51.4906	42.867	1	1	1	1	1	1	
66	95.5703	101.235	105.31	97.2731	78.2021	100.294	52.9624	31.5095	60.1812	59.0774	50.5714	49.9184	39.794	1	1	1	1	1	1	
67	91.4875	99.0035	93.5643	93.7511	79.4238	97.52	44.205	29.5945	52.7893	57.6285	50.1582	47.3103	40.3912	1	1	1	1	1	1	
68	85.8053	83.892	89.8243	88.8506	77.0229	95.6569	42.109	21.6223	44.089	55.6894	48.1609	40.409	33.544	1	1	1	1	1	1	
69	79.5602	80.0519	82.1238	82.9738	75.431	81.8349	36.3673	14.6522	30.0099	52.7131	44.9344	41.5692	30.2198	1	1	1	1	1	1	
70	76.9776	73.4604	66.2611	58.8011	71.9947	83.3585	23.9555	9.97993	15.6014	46.3975	43.4215	41.3948	28.1512	1	1	1	1	1	1	
71	78.7241	66.816	56.5282	54.0519	67.8147	80.2746	17.3577	8.28986	8.65194	42.1003	40.1652	39.9543	27.3601	1	1	1	1	1	1	
72	80.7776	52.1286	49.2119	47.406	61.4838	81.1716	12.7936	7.1895	6.53027	32.4119	35.7149	39.6554	21.0887	1	1	1	1	1	1	
73	80.9418	40.5478	45.4077	37.5255	51.2499	78.9413	11.0962	6.55993	5.86586	22.7136	23.8143	39.5261	16.5647	1	1	1	1	1	1	