      0 81.7615 21.4735 21.0244 24.3108 14.8878 39.6011 16.8311  41.567 8.13698 25.3831 10.6315 36.1643 27.4447 87.6824 31.6646  80.802 89.6292 58.1944  35.831 41.9571 51.8913 16.1694 33.9776 79.4936 32.8825 22.3791      15
 81.791       0 61.7777 64.9581 87.1219 69.7317 52.2027 70.3832 44.6161 51.8648 57.6053 78.3418 50.5139 71.8221 16.5454 60.1532 155.579  22.047 28.4309 75.6674 43.6086 32.1285 65.7832 69.3534 8.30809 46.6814 64.4424 88.2398
21.4178 61.7725       0 29.8799 25.3817  24.722 35.7147 8.62947 20.5547 13.4655 4.24275 17.2378 14.9812 13.6224  67.691 10.4913 56.2769 73.5392 39.0604 21.3876 24.5252 31.1482  5.1396 17.0321 59.5024 15.3059 32.6979 27.0813
20.9727 65.3356 29.9427       0 40.5951 6.10794 20.4146 27.1804  41.196 20.5949 33.8335 27.5433 41.3211 37.7408 71.2527 40.8246 101.579 77.1011 38.4214 46.2097 22.9298 40.9784 24.8173 43.4858 63.0667 26.7429 7.81206 35.5063
24.3081 87.1187 25.3754 40.6118       0  35.356 58.0525 16.8282 44.5794 20.0778 29.5334 13.7695 38.2017 20.6006 87.3299 30.6765 83.3313 81.5125  64.419 15.3666 48.6763 56.2786 22.4221 21.4855 84.8511 39.5006 43.3983 15.7578
14.8908 70.1051 24.8299 6.18443 35.3588       0 24.7226  22.057 44.9643 15.3152 28.7651 22.1129 39.4441 32.6189 76.0167 35.6917 95.5083 81.8664 43.2005 41.0888 27.6996  45.725 19.6979  38.335 67.8322 31.5286 8.08183 29.4479
39.5916 52.0686 35.7132 20.4162 58.0755  24.775       0 42.0866 33.9412 39.8524 34.6316 46.6956 35.2329 49.3058 57.9835 41.9783 120.198 63.8344 24.0036 56.9518 14.8679  30.621 36.0866 51.9011 49.7976 21.5642 18.0429 54.1209
17.0922 70.3816 8.61536 27.1938 16.8426 22.0398 42.1251       0 28.6757  9.0059 12.8108 9.53596 22.3007 10.8211 76.3028 16.7159 86.7573 82.1492 47.6717 18.4633 32.0371 39.7271       6 17.2113 68.1128 22.8247 30.0171 18.9973
41.5369 44.6144 20.5276 41.1896 44.5813 44.8622 34.0046 28.6638       0 33.5885 16.2852  37.662  6.4074 27.4086 50.5291 15.7245 114.982 56.3803      24 31.0848 19.1079 12.6709 25.1806 24.7607  42.344  16.758 40.6732 47.5154
8.16999  73.858 13.5514 20.6096 20.0759 15.3177 39.8498 8.98642 33.6176       0 17.4286 7.09023 28.1701 19.7715 79.5505 24.2202 82.9241 85.6226 50.2835 27.2678 34.0462  43.983 8.42626 26.1875 71.5864 24.9709 23.3667 16.1429
25.3398 57.6023 4.24285 33.8267 29.0259 28.6665  34.635 12.8111 16.3189 17.4077       0 21.4044 10.9215 16.0504 63.5236 10.3854  98.724 69.3709 34.9477 23.0443 21.4312 26.9181  8.9743 18.0341 55.3342 13.0919 36.6446 31.2528
10.6316  78.333 17.2398  25.201 13.7936 22.1143 46.6871 9.63582 37.7639 7.08915 21.4101       0 31.7687 18.3749 84.2468 26.1723 77.3422 82.5504 54.7534  26.316 38.5085 48.1887 12.7292 25.3677 76.0622 29.4328 30.1763 9.90048
36.0668 50.5154 14.9228 41.3082 38.2061  39.372 35.2393 22.3033 6.40461 28.1105  10.794 31.8507       0 21.8578 56.0818 9.68696 109.023 62.2846 29.2954 25.3685  20.613 18.8087 19.6883 19.1265  48.246 15.0041 40.7943 41.3068
27.6484 71.7965 13.6255 37.7453 20.4112 32.5893 49.3045 10.8275 27.3793 19.8069  16.051 18.5742 21.3722       0 77.7175 11.9921 63.1951 83.5642 50.4895 8.48551 37.3264 39.9875 15.0055       7 69.5282 28.8965 40.5702 25.4631
87.6326 16.5562 67.6053 70.8047 87.4233 75.5795 58.0593 76.2296 50.4546 79.6826 63.4366 81.7385 56.3545 77.6555       0 65.9813 144.537 6.73387 34.2555 81.5049 49.4079 37.9578 71.6138  75.185 8.26501 53.3621 70.2811 80.7868
32.4359 60.1594 11.8199 40.9158 30.7339 35.7627 42.0522 16.5887 15.7383 24.2975 10.4951 25.9939 9.73276 12.0331 66.0794       0 102.975 71.9285 38.7856 16.2623  28.167 28.3431 16.7682 10.1926 57.8876 20.6486 43.7407 34.9846
80.7014 155.558 94.5655 101.498 83.2977 95.4058 120.103 54.4325 115.069 82.9061 98.7232 77.3395 109.105 94.0773 144.528 103.187       0   138.7 131.977 98.5898 115.731 125.474 89.9724 101.077 152.498 106.656 103.052 69.1225
89.6426 22.0463   26.17  74.549 81.6834 81.4651 63.9061 82.1275 56.3557 85.5841 69.3474 82.5436 62.2551 83.5629 6.73995 71.8765 138.735       0 40.1721 87.4081 55.3254 43.8671 77.5276 81.0897 14.0558 61.6404  76.173 74.9834
58.2084 28.3863 39.0892 38.1761  64.443 42.9475 24.0053 47.7023      24 50.2725 34.9655 54.7616 29.2965 50.4926 34.3051 38.7359 132.001 40.1524       0 54.6446 17.8076 12.6702  42.231 48.4023 26.1155 25.6211 37.6546 64.6593
35.9261 75.6661  21.398 46.2274 15.2446 41.0732 56.9563 19.2854 31.0768 28.1523 23.0405 26.4092 25.3667 8.49801 81.5854 16.2233 98.4851 87.4319 54.6492       0 44.0915 43.7102 23.3888 6.34485 73.3951 35.9589 49.0556 30.2748
41.9979  43.627 24.5249 16.6509 48.4005 27.8086 14.8679 32.0382 19.1079 34.0401 21.4165 38.5321  20.606 37.3192 49.5509 28.1046 115.768 55.3989 17.8391 44.0857       0  18.137 26.2751 38.0269 41.3559 9.24018 22.5208 48.4296
51.9212 32.1151 31.1553 41.1974 56.4552 45.9702 30.9073 39.7047 12.6732 43.9511 26.9195 48.1916 18.8124 40.0231 38.0312 28.3348 125.489 43.8824 12.6741 43.7192   18.17       0 35.5668 37.3878 29.3298 21.6481 40.6819 58.0636
16.3414 65.7867  5.1691 24.8296 22.4383 19.6717 36.1628       6 25.2408 8.39471 9.00339 12.7295 19.7942 15.0031 69.0164 16.6921 89.9904 77.5519 42.2366  23.378 26.2728   35.58       0 20.0546 63.5144 17.1108  27.653   22.63
34.2453  69.347 17.0324 43.5028 21.3347 38.3503 51.9089 17.3187 24.7592 26.3383 18.0171 25.5812 19.2783       7 75.2671 10.1585  100.94 81.1134 48.4014 6.35796 38.0242 37.3861 20.0535       0 67.0768 30.5024 46.3274 32.4624
79.5054 8.27332 59.4778 62.6892 84.8248 67.4627 49.8953 68.0896   42.32 71.5726 52.7525  76.044 48.2193 69.5273 8.29267 57.8531 152.507  14.055 26.1141 73.3726 41.2532 29.8323 63.4893  67.058       0 47.6044   60.22 85.9447
32.9308 49.8925 15.3049 26.7474 39.5138 31.5205 21.5685 22.8267  16.561 24.9659 13.0859 29.4585  15.003 28.8928 55.8124  20.491   106.7 61.6634 25.6166 35.9495 9.23847 21.7778 17.1142 30.4902 47.6275       0 26.2254 39.3562
22.3802    64.8 28.2928 7.81158 43.3984 8.08028 18.0337 30.0383 40.6798 23.3635 36.6901 30.1748 40.8042 40.5979 70.7079 43.6499 103.163 76.5583 37.9855 49.0677  22.409 40.3769 27.6786 46.3822 62.5259 26.2262       0 37.2441
     15 88.2262 27.0888 35.5239 15.5966 29.4461 54.1223 19.0386 47.6623 16.1374 31.2679 9.89966 41.3546 25.7077 80.7904 35.0742 69.1315 74.9715 64.6527 30.2348 48.4064  58.068 22.6296 32.7077 85.9551 39.3311  37.243       0



dist cost node

      0 53.2259  21.095 19.7231 24.2074 14.8661 39.5601 16.7631 40.1622 8.06226 24.5153 10.6301 34.9285  27.313 44.5533 31.0161      47 47.0106 53.0377 34.4819 35.3836 48.8774 16.0312 33.8378 48.3839 27.8029 22.3607      15
53.2259       0 34.2053 38.4708 53.4135 43.9318 36.7696 42.5206 14.1421 46.6476      30 51.4004 20.5183 41.0488 16.4924 29.4109 53.6656 22.0227 17.2047 43.8634 24.1868 6.32456  38.833 37.5766 8.24621 26.6833 44.0114 61.2209
 21.095 34.2053       0 18.6011 21.8403      20 35.6931 8.60233 20.2485 13.3417 4.24264 17.2047 14.3178 13.6015 23.5372 10.4403 49.6588 26.0192 38.9102 21.0238 24.1868 31.1448 5.09902 17.0294  28.178 15.0333 26.2488 27.0185
19.7231 38.4708 18.6011       0 36.3456 5.83095 20.3961 22.8035 28.2843 18.1108 18.4391 25.1794  25.632 31.7648 35.4401 27.6586 31.6228 40.3113 34.4093 39.4462 16.6433 32.9848  17.088  35.609 36.0555      12 7.81025 33.5261
24.2074 53.4135 21.8403 36.3456       0 34.4819 56.0089 14.0357 39.4081 19.3132  25.632 13.6015 33.0151 12.8062 38.9487 24.0832 67.6831 37.7359 60.5392 15.1327 45.8912 51.6236  20.025 18.7883 46.0109 36.6742   42.45 15.5242
14.8661 43.9318      20 5.83095 34.4819       0 24.6982 21.9545 33.0151 15.2971 21.0238 22.0907 29.6142 32.0156 39.6232 30.0167 33.3766 43.9659 40.2244 39.8246 22.4722 38.6005 17.0294 36.7967 41.0122 17.2627 8.06226 29.4279
39.5601 36.7696 35.6931 20.3961 56.0089 24.6982       0 42.0476 33.9411 38.4708 33.5261 45.5412 35.2278 49.2443 42.4264 41.6293 17.2047 48.8365      24 56.3205 14.8661 30.4631 36.0555  51.264  38.833 21.5407 18.0278 53.8516
16.7631 42.5206 8.60233 22.8035 14.0357 21.9545 42.0476       0 28.4253 8.94427 12.8062 9.48683 22.2036 10.8167 30.4631 15.5242 54.4059 31.5753 47.4131 18.4391 32.0156 39.6989       6  17.088 36.0555 22.8035 29.5466  18.868
40.1622 14.1421 20.2485 28.2843 39.4081 33.0151 33.9411 28.4253       0 33.1059 16.1245 37.4433 6.40312 27.2947 8.48528 15.6525 50.9902      15      24 31.0483  19.105 12.6491 25.0599 24.7386 8.24621 16.4924  35.171 47.2017
8.06226 46.6476 13.3417 18.1108 19.3132 15.2971 38.4708 8.94427 33.1059       0  17.088 7.07107 27.5136 19.7231 36.8782      23 48.6621 39.0512 48.4149 27.2029 31.3847 42.8019 8.24621      26 41.2311 22.8035 23.3452 16.1245
24.5153      30 4.24264 18.4391  25.632 21.0238 33.5261 12.8062 16.1245  17.088       0 21.4009 10.4403 16.0312 20.0998 9.21954 48.3735 23.3452 34.9285 22.8035      21 26.9072 8.94427 17.8885 24.1661 12.1655 26.2488  31.241
10.6301 51.4004 17.2047 25.1794 13.6015 22.0907 45.5412 9.48683 37.4433 7.07107 21.4009       0 31.3847 18.2483 39.9249      25 55.4437      41 54.6443 24.6982 38.0132 48.1041 12.7279 25.1794 45.2769 29.1548 30.1496 9.89949
34.9285 20.5183 14.3178  25.632 33.0151 29.6142 35.2278 22.2036 6.40312 27.5136 10.4403 31.3847       0 21.0238 10.0499 9.48683 51.7397 14.7648 29.2746  25.318 20.5913 18.7883 19.3132  19.105 13.8924      15 33.1059 41.0488
 27.313 41.0488 13.6015 31.7648 12.8062 32.0156 49.2443 10.8167 27.2947 19.7231 16.0312 18.2483 21.0238       0 26.1725 11.6619 63.1585 25.0599 49.7293 7.81025 37.0135 39.8121      15       7 33.4215 28.1603 39.1152  25.318
44.5533 16.4924 23.5372 35.4401 38.9487 39.6232 42.4264 30.4631 8.48528 36.8782 20.0998 39.9249 10.0499 26.1725       0 15.2643 59.4643  6.7082 30.5941 27.7849 27.5862 18.1108 28.6356 21.6333 8.24621 24.1661   42.72 49.1935
31.0161 29.4109 10.4403 27.6586 24.0832 30.0167 41.6293 15.5242 15.6525      23 9.21954      25 9.48683 11.6619 15.2643       0 57.1402 16.1245 38.6394 16.0312 27.8927 28.2312 15.1327 10.0499 21.9317 20.1246 35.4683 34.0147
     47 53.6656 49.6588 31.6228 67.6831 33.3766 17.2047 54.4059 50.9902 48.6621 48.3735 55.4437 51.7397 63.1585 59.4643 57.1402       0 65.7647 39.2938 70.6824 31.8904 47.4131 48.7032  66.242 56.0357 37.2022  25.318      62
47.0106 22.0227 26.0192 40.3113 37.7359 43.9659 48.8365 31.5753      15 39.0512 23.3452      41 14.7648 25.0599  6.7082 16.1245 65.7647       0  37.108 24.7588 33.9706 24.5153      31 19.2094 14.0357 29.6816 47.8539 49.6488
53.0377 17.2047 38.9102 34.4093 60.5392 40.2244      24 47.4131      24 48.4149 34.9285 54.6443 29.2746 49.7293 30.5941 38.6394 39.2938  37.108       0 54.5894 17.8045 12.6491   42.19 48.3735 23.4094 25.6125 37.1618  64.405
34.4819 43.8634 21.0238 39.4462 15.1327 39.8246 56.3205 18.4391 31.0483 27.2029 22.8035 24.6982  25.318 7.81025 27.7849 16.0312 70.6824 24.7588 54.5894       0 43.4166 43.6807 22.8035 6.32456 35.7771 34.9285 46.8722 30.0666
35.3836 24.1868 24.1868 16.6433 45.8912 22.4722 14.8661 32.0156  19.105 31.3847      21 38.0132 20.5913 37.0135 27.5862 27.8927 31.8904 33.9706 17.8045 43.4166       0 18.0278 26.2488  37.855 24.5967 9.21954 20.3961 47.5079
48.8774 6.32456 31.1448 32.9848 51.6236 38.6005 30.4631 39.6989 12.6491 42.8019 26.9072 48.1041 18.7883 39.8121 18.1108 28.2312 47.4131 24.5153 12.6491 43.6807 18.0278       0 35.3836 37.3631 10.7703 21.5407 38.1182      58
16.0312  38.833 5.09902  17.088  20.025 17.0294 36.0555       6 25.0599 8.24621 8.94427 12.7279 19.3132      15 28.6356 15.1327 48.7032      31   42.19 22.8035 26.2488 35.3836       0      20 33.1059  17.088 24.1868 22.6274
33.8378 37.5766 17.0294  35.609 18.7883 36.7967  51.264  17.088 24.7386      26 17.8885 25.1794  19.105       7 21.6333 10.0499  66.242 19.2094 48.3735 6.32456  37.855 37.3631      20       0 29.5296 29.7321 43.2782  32.249
48.3839 8.24621  28.178 36.0555 46.0109 41.0122  38.833 36.0555 8.24621 41.2311 24.1661 45.2769 13.8924 33.4215 8.24621 21.9317 56.0357 14.0357 23.4094 35.7771 24.5967 10.7703 33.1059 29.5296       0 24.0832 42.5793 54.9181
27.8029 26.6833 15.0333      12 36.6742 17.2627 21.5407 22.8035 16.4924 22.8035 12.1655 29.1548      15 28.1603 24.1661 20.1246 37.2022 29.6816 25.6125 34.9285 9.21954 21.5407  17.088 29.7321 24.0832       0 18.6815  38.833
22.3607 44.0114 26.2488 7.81025   42.45 8.06226 18.0278 29.5466  35.171 23.3452 26.2488 30.1496 33.1059 39.1152   42.72 35.4683  25.318 47.8539 37.1618 46.8722 20.3961 38.1182 24.1868 43.2782 42.5793 18.6815       0 37.2156
     15 61.2209 27.0185 33.5261 15.5242 29.4279 53.8516  18.868 47.2017 16.1245  31.241 9.89949 41.0488  25.318 49.1935 34.0147      62 49.6488  64.405 30.0666 47.5079      58 22.6274  32.249 54.9181  38.833 37.2156       0


