      1e+20  9.8081e+11 7.48967e+11     44.4551     40.1576     31.9596     99.7529      91.571     60.9097     37.8698     20.4953     52.9003     5.22806     99.5701     69.8074     54.3919     2.29133     97.6686 3.06899e+21 6.66111e+21  9.1701e+20
8.83923e+11       1e+20 2.73611e+11     9.72797     20.8224     52.3718     67.0337     42.8563     83.5085     31.3267     95.5258      26.512     49.9088     45.1441     50.0087     32.3788     17.4547     98.1394 3.80256e+20 7.52839e+21 8.86148e+21
5.79048e+11 7.20869e+11       1e+20     42.1147     53.0187     34.4171     62.5589     33.6921     39.1868     97.5616     73.5806     2.46058     86.2525     89.3543     21.4997     20.0589     87.5477     42.3924  7.6569e+21 1.01522e+21 4.85381e+21
6.01652e+11   3.347e+10 2.73831e+11       1e+10     33.7249     3.93495     46.6808     37.1277     38.3453     11.6446     99.5118     24.9035     94.8899     67.0925     18.5203     78.6682     11.5456     49.9009     35.6546      29.948     52.9397
 8.2542e+11 3.18151e+11 6.44883e+11     71.1598       1e+10          38     10.3802     99.8012     66.9883     63.7371       71.64      28.433     75.2877     25.8495     53.3399     86.1386     21.7781     75.7653     75.8746     10.4993     1.45621
4.23187e+11 6.07726e+11 8.89746e+11     6.84212     78.4252       1e+10     33.3455     67.8317     75.0224      97.161     66.3362     14.1134     96.1543     79.3889     10.4859     90.0927     88.9681     97.3324     72.4403     93.8698     10.4802
7.11509e+11 3.18004e+11 5.28489e+11     75.7795     47.8516     69.0884       1e+10     70.9544     30.1864     18.2721     4.31451     90.0093      69.763     78.7302     33.9461     26.1176     22.9527     58.1608     50.5796     81.2148      21.936
9.56705e+11 2.15594e+11 9.41781e+11     37.7709       89.27     15.4054     33.8526       1e+10     94.1025     84.2113     45.1152      67.713     23.1731     3.15289     57.0276     35.6662     26.1814     92.6519     74.6507     70.7748     98.0116
5.17923e+10 4.78927e+11 9.17772e+11      81.126       67.04     44.6344     88.0637      97.361       1e+10     22.5064      96.598      1.3566     94.7678     1.07982     40.2607     49.8837     62.7414     88.8526     3.43972     61.0522     11.8795
1.15564e+11 6.32083e+11 2.94179e+11     84.9317     95.3897      27.501      25.746     38.5061     75.5905       1e+10     31.6563     41.7886     88.7572      72.353     36.5802     47.6404     40.7408     23.0183     69.9781     13.0548     83.8755
9.56548e+11 3.44114e+11 9.22591e+11     12.6676     33.7251     54.5631     64.8122     24.5391     85.6736     45.1211       1e+10     87.2083     75.0734     7.38095     56.5977     5.47357     79.5732     93.9432     72.3193     26.1706     1.87429
9.28558e+10  3.6285e+11 6.27522e+11     8.48711      75.768     64.4568     40.4356     64.3946     80.2153     6.01491     27.9247       1e+10     21.2799     49.9886     84.4048     98.8924     94.1203     6.30726     1.57912     87.0343     22.8447
5.20773e+11 2.11131e+11 1.50486e+10     96.6535     37.5044     79.5197     59.1631     1.06497     9.28256     27.8985     29.2179     15.3692       1e+10     58.6055     25.9345       68.14     59.7997      10.566     12.3705     2.13611     51.3038
3.56967e+10 9.35766e+11 9.46061e+11     39.0507     95.0071      87.288     67.7472     70.2199     22.8012     82.4664     92.6297     86.7201     98.9769       1e+10     23.6902     22.9938     58.2414      5.4888     22.2202     60.8252     30.8223
5.24864e+11  1.8827e+11 9.35673e+11     71.9754     46.9278     45.5567     77.4356     73.7748     80.0165     72.0032     90.6618     67.5224     48.7129     25.2763       1e+10     52.2323     80.2588     27.0854     76.3444     62.9089     32.3441
3.81271e+11 6.24319e+11 6.12774e+11     85.6282     43.3465     57.9449     83.4799     33.4104     76.1142     2.92096     26.3789     80.7054     4.33111     54.7598     5.32342       1e+10     49.8925     98.5341     9.70286     73.5765     45.1737
7.72528e+11 6.47274e+11 2.64065e+11     90.8997     70.7866     35.1396     36.8356     99.5994     92.7556     12.6528     10.9018     90.0346     88.9862     71.0338     2.42038       55.94       1e+10     27.4415      79.381     11.4047     12.0371
2.64658e+11 1.44974e+11 1.51267e+11     66.1535     83.6988     34.8267      91.841     7.62743     4.80267     66.1058     74.8731     12.6377     16.4258     47.4494     12.4071     9.25986      15.925       1e+10     68.9963     37.5596     3.11892
3.06899e+21 6.66111e+21  9.1701e+20 7.74054e+11 2.44725e+11 2.49849e+11 2.81142e+11 2.14742e+11 7.34752e+11   4.028e+11 4.78854e+11 7.73034e+11 4.68771e+10 4.95276e+11 5.40324e+10 1.78866e+11 9.87762e+11 6.12755e+11       1e+20 7.60162e+11 6.22588e+10
3.80256e+20 7.52839e+21 8.86148e+21 2.03176e+11 5.57183e+11 3.05293e+11 6.33366e+11 2.53454e+11 3.12617e+11 8.72432e+11 9.86135e+11 2.16909e+11 3.07748e+11  5.9791e+11 7.37733e+11 9.15202e+11 3.09994e+11 6.71824e+11 2.39929e+10       1e+20 2.40919e+11
 7.6569e+21 1.01522e+21 4.85381e+21 5.84126e+11 9.53664e+11 6.75517e+11 4.64041e+11 7.14396e+11 2.83418e+11 5.17793e+11 1.99942e+11 9.36228e+11 3.63413e+10 2.25228e+11 1.87881e+11 6.48575e+11 2.03986e+11   3.184e+11 6.29395e+11 9.87895e+10       1e+20
