
1	0 0 0 0 0
0 0 0 0 0
0 0 0 0 0
0 0 0 0 0
0 0 0 0 0
0 0 0 0 0
0 0 0 0 0
0 0 0 0 0
0 0 0 0 0
0 0 0 0 0
0 0 0 0 0
0 0 0 0 0
0 0 0 0 0
0 0 0 0 0
0 0 0 0 00 0 0 0 0 0 0 0 0 0 0 0 0 0 0
0 0 0 0 0 0 0 0 0 0 0 0 0 0 0
0 0 0 0 0 0 0 0 0 0 0 0 0 0 0
0 0 0 0 0 0 0 0 0 0 0 0 0 0 0
0 0 0 0 0 0 0 0 0 0 0 0 0 0 00.0943467 0.0943467 0.0943467 0.0943467 0.0943467
0.0943467 0.0943467 0.0943467 0.0943467 0.0943467
0.0943467 0.0943467 0.0943467 0.0943467 0.0943467
0.0943467 0.0943467 0.0943467 0.0943467 0.0943467
0.0943467 0.0943467 0.0943467 0.0943467 0.0943467
2	0 0 0 0 0
0 0 0 0 0
0 0 0 0 0
0 0 0 0 0
0 0 0 0 0
0 0 0 0 0
0 0 0 0 0
0 0 0 0 0
0 0 0 0 0
0 0 0 0 0
0 0 0 0 0
0 0 0 0 0
0 0 0 0 0
0 0 0 0 0
0 0 0 0 00 0 0 0 0 0 0 0 0 0 0 0 0 0 0
0 0 0 0 0 0 0 0 0 0 0 0 0 0 0
0 0 0 0 0 0 0 0 0 0 0 0 0 0 0
0 0 0 0 0 0 0 0 0 0 0 0 0 0 0
0 0 0 0 0 0 0 0 0 0 0 0 0 0 00.0943946 0.0943946 0.0943946 0.0943946 0.0943946
0.0943946 0.0943946 0.0943946 0.0943946 0.0943946
0.0943946 0.0943946 0.0943946 0.0943946 0.0943946
0.0943946 0.0943946 0.0943946 0.0943946 0.0943946
0.0943946 0.0943946 0.0943946 0.0943946 0.0943946
3	0 0 0 0 0
0 0 0 0 0
0 0 0 0 0
0 0 0 0 0
0 0 0 0 0
0 0 0 0 0
0 0 0 0 0
0 0 0 0 0
0 0 0 0 0
0 0 0 0 0
0 0 0 0 0
0 0 0 0 0
0 0 0 0 0
0 0 0 0 0
0 0 0 0 00 0 0 0 0 0 0 0 0 0 0 0 0 0 0
0 0 0 0 0 0 0 0 0 0 0 0 0 0 0
0 0 0 0 0 0 0 0 0 0 0 0 0 0 0
0 0 0 0 0 0 0 0 0 0 0 0 0 0 0
0 0 0 0 0 0 0 0 0 0 0 0 0 0 00.0943891 0.0943891 0.0943891 0.0943891 0.0943891
0.0943891 0.0943891 0.0943891 0.0943891 0.0943891
0.0943891 0.0943891 0.0943891 0.0943891 0.0943891
0.0943891 0.0943891 0.0943891 0.0943891 0.0943891
0.0943891 0.0943891 0.0943891 0.0943891 0.0943891
4	0 0 0 0 0
0 0 0 0 0
0 0 0 0 0
0 0 0 0 0
0 0 0 0 0
0 0 0 0 0
0 0 0 0 0
0 0 0 0 0
0 0 0 0 0
0 0 0 0 0
0 0 0 0 0
0 0 0 0 0
0 0 0 0 0
0 0 0 0 0
0 0 0 0 00 0 0 0 0 0 0 0 0 0 0 0 0 0 0
0 0 0 0 0 0 0 0 0 0 0 0 0 0 0
0 0 0 0 0 0 0 0 0 0 0 0 0 0 0
0 0 0 0 0 0 0 0 0 0 0 0 0 0 0
0 0 0 0 0 0 0 0 0 0 0 0 0 0 00.094383 0.094383 0.094383 0.094383 0.094383
0.094383 0.094383 0.094383 0.094383 0.094383
0.094383 0.094383 0.094383 0.094383 0.094383
0.094383 0.094383 0.094383 0.094383 0.094383
0.094383 0.094383 0.094383 0.094383 0.094383
5	0 0 0 0 0
0 0 0 0 0
0 0 0 0 0
0 0 0 0 0
0 0 0 0 0
0 0 0 0 0
0 0 0 0 0
0 0 0 0 0
0 0 0 0 0
0 0 0 0 0
0 0 0 0 0
0 0 0 0 0
0 0 0 0 0
0 0 0 0 0
0 0 0 0 00 0 0 0 0 0 0 0 0 0 0 0 0 0 0
0 0 0 0 0 0 0 0 0 0 0 0 0 0 0
0 0 0 0 0 0 0 0 0 0 0 0 0 0 0
0 0 0 0 0 0 0 0 0 0 0 0 0 0 0
0 0 0 0 0 0 0 0 0 0 0 0 0 0 00.0943761 0.0943761 0.0943761 0.0943761 0.0943761
0.0943761 0.0943761 0.0943761 0.0943761 0.0943761
0.0943761 0.0943761 0.0943761 0.0943761 0.0943761
0.0943761 0.0943761 0.0943761 0.0943761 0.0943761
0.0943761 0.0943761 0.0943761 0.0943761 0.0943761
6	0 0 0 0 0
0 0 0 0 0
0 0 0 0 0
0 0 0 0 0
0 0 0 0 0
0 0 0 0 0
0 0 0 0 0
0 0 0 0 0
0 0 0 0 0
0 0 0 0 0
0 0 0 0 0
0 0 0 0 0
0 0 0 0 0
0 0 0 0 0
0 0 0 0 00 0 0 0 0 0 0 0 0 0 0 0 0 0 0
0 0 0 0 0 0 0 0 0 0 0 0 0 0 0
0 0 0 0 0 0 0 0 0 0 0 0 0 0 0
0 0 0 0 0 0 0 0 0 0 0 0 0 0 0
0 0 0 0 0 0 0 0 0 0 0 0 0 0 00.0943685 0.0943685 0.0943685 0.0943685 0.0943685
0.0943685 0.0943685 0.0943685 0.0943685 0.0943685
0.0943685 0.0943685 0.0943685 0.0943685 0.0943685
0.0943685 0.0943685 0.0943685 0.0943685 0.0943685
0.0943685 0.0943685 0.0943685 0.0943685 0.0943685
7	0 0 0 0 0
0 0 0 0 0
0 0 0 0 0
0 0 0 0 0
0 0 0 0 0
0 0 0 0 0
0 0 0 0 0
0 0 0 0 0
0 0 0 0 0
0 0 0 0 0
0 0 0 0 0
0 0 0 0 0
0 0 0 0 0
0 0 0 0 0
0 0 0 0 00 0 0 0 0 0 0 0 0 0 0 0 0 0 0
0 0 0 0 0 0 0 0 0 0 0 0 0 0 0
0 0 0 0 0 0 0 0 0 0 0 0 0 0 0
0 0 0 0 0 0 0 0 0 0 0 0 0 0 0
0 0 0 0 0 0 0 0 0 0 0 0 0 0 00.0943601 0.0943601 0.0943601 0.0943601 0.0943601
0.0943601 0.0943601 0.0943601 0.0943601 0.0943601
0.0943601 0.0943601 0.0943601 0.0943601 0.0943601
0.0943601 0.0943601 0.0943601 0.0943601 0.0943601
0.0943601 0.0943601 0.0943601 0.0943601 0.0943601
8	0 0 0 0 0
0 0 0 0 0
0 0 0 0 0
0 0 0 0 0
0 0 0 0 0
0 0 0 0 0
0 0 0 0 0
0 0 0 0 0
0 0 0 0 0
0 0 0 0 0
0 0 0 0 0
0 0 0 0 0
0 0 0 0 0
0 0 0 0 0
0 0 0 0 00 0 0 0 0 0 0 0 0 0 0 0 0 0 0
0 0 0 0 0 0 0 0 0 0 0 0 0 0 0
0 0 0 0 0 0 0 0 0 0 0 0 0 0 0
0 0 0 0 0 0 0 0 0 0 0 0 0 0 0
0 0 0 0 0 0 0 0 0 0 0 0 0 0 00.0943507 0.0943507 0.0943507 0.0943507 0.0943507
0.0943507 0.0943507 0.0943507 0.0943507 0.0943507
0.0943507 0.0943507 0.0943507 0.0943507 0.0943507
0.0943507 0.0943507 0.0943507 0.0943507 0.0943507
0.0943507 0.0943507 0.0943507 0.0943507 0.0943507
9	0 0 0 0 0
0 0 0 0 0
0 0 0 0 0
0 0 0 0 0
0 0 0 0 0
0 0 0 0 0
0 0 0 0 0
0 0 0 0 0
0 0 0 0 0
0 0 0 0 0
0 0 0 0 0
0 0 0 0 0
0 0 0 0 0
0 0 0 0 0
0 0 0 0 00 0 0 0 0 0 0 0 0 0 0 0 0 0 0
0 0 0 0 0 0 0 0 0 0 0 0 0 0 0
0 0 0 0 0 0 0 0 0 0 0 0 0 0 0
0 0 0 0 0 0 0 0 0 0 0 0 0 0 0
0 0 0 0 0 0 0 0 0 0 0 0 0 0 00.0943403 0.0943403 0.0943403 0.0943403 0.0943403
0.0943403 0.0943403 0.0943403 0.0943403 0.0943403
0.0943403 0.0943403 0.0943403 0.0943403 0.0943403
0.0943403 0.0943403 0.0943403 0.0943403 0.0943403
0.0943403 0.0943403 0.0943403 0.0943403 0.0943403
10	0 0 0 0 0
0 0 0 0 0
0 0 0 0 0
0 0 0 0 0
0 0 0 0 0
0 0 0 0 0
0 0 0 0 0
0 0 0 0 0
0 0 0 0 0
0 0 0 0 0
0 0 0 0 0
0 0 0 0 0
0 0 0 0 0
0 0 0 0 0
0 0 0 0 00 0 0 0 0 0 0 0 0 0 0 0 0 0 0
0 0 0 0 0 0 0 0 0 0 0 0 0 0 0
0 0 0 0 0 0 0 0 0 0 0 0 0 0 0
0 0 0 0 0 0 0 0 0 0 0 0 0 0 0
0 0 0 0 0 0 0 0 0 0 0 0 0 0 00.0943287 0.0943287 0.0943287 0.0943287 0.0943287
0.0943287 0.0943287 0.0943287 0.0943287 0.0943287
0.0943287 0.0943287 0.0943287 0.0943287 0.0943287
0.0943287 0.0943287 0.0943287 0.0943287 0.0943287
0.0943287 0.0943287 0.0943287 0.0943287 0.0943287
11	0 0 0 0 0
0 0 0 0 0
0 0 0 0 0
0 0 0 0 0
0 0 0 0 0
0 0 0 0 0
0 0 0 0 0
0 0 0 0 0
0 0 0 0 0
0 0 0 0 0
0 0 0 0 0
0 0 0 0 0
0 0 0 0 0
0 0 0 0 0
0 0 0 0 00 0 0 0 0 0 0 0 0 0 0 0 0 0 0
0 0 0 0 0 0 0 0 0 0 0 0 0 0 0
0 0 0 0 0 0 0 0 0 0 0 0 0 0 0
0 0 0 0 0 0 0 0 0 0 0 0 0 0 0
0 0 0 0 0 0 0 0 0 0 0 0 0 0 00.0943159 0.0943159 0.0943159 0.0943159 0.0943159
0.0943159 0.0943159 0.0943159 0.0943159 0.0943159
0.0943159 0.0943159 0.0943159 0.0943159 0.0943159
0.0943159 0.0943159 0.0943159 0.0943159 0.0943159
0.0943159 0.0943159 0.0943159 0.0943159 0.0943159
12	0 0 0 0 0
0 0 0 0 0
0 0 0 0 0
0 0 0 0 0
0 0 0 0 0
0 0 0 0 0
0 0 0 0 0
0 0 0 0 0
0 0 0 0 0
0 0 0 0 0
0 0 0 0 0
0 0 0 0 0
0 0 0 0 0
0 0 0 0 0
0 0 0 0 00 0 0 0 0 0 0 0 0 0 0 0 0 0 0
0 0 0 0 0 0 0 0 0 0 0 0 0 0 0
0 0 0 0 0 0 0 0 0 0 0 0 0 0 0
0 0 0 0 0 0 0 0 0 0 0 0 0 0 0
0 0 0 0 0 0 0 0 0 0 0 0 0 0 00.0943016 0.0943016 0.0943016 0.0943016 0.0943016
0.0943016 0.0943016 0.0943016 0.0943016 0.0943016
0.0943016 0.0943016 0.0943016 0.0943016 0.0943016
0.0943016 0.0943016 0.0943016 0.0943016 0.0943016
0.0943016 0.0943016 0.0943016 0.0943016 0.0943016
13	0 0 0 0 0
0 0 0 0 0
0 0 0 0 0
0 0 0 0 0
0 0 0 0 0
0 0 0 0 0
0 0 0 0 0
0 0 0 0 0
0 0 0 0 0
0 0 0 0 0
0 0 0 0 0
0 0 0 0 0
0 0 0 0 0
0 0 0 0 0
0 0 0 0 00 0 0 0 0 0 0 0 0 0 0 0 0 0 0
0 0 0 0 0 0 0 0 0 0 0 0 0 0 0
0 0 0 0 0 0 0 0 0 0 0 0 0 0 0
0 0 0 0 0 0 0 0 0 0 0 0 0 0 0
0 0 0 0 0 0 0 0 0 0 0 0 0 0 00.0942857 0.0942857 0.0942857 0.0942857 0.0942857
0.0942857 0.0942857 0.0942857 0.0942857 0.0942857
0.0942857 0.0942857 0.0942857 0.0942857 0.0942857
0.0942857 0.0942857 0.0942857 0.0942857 0.0942857
0.0942857 0.0942857 0.0942857 0.0942857 0.0942857
14	0 0 0 0 0
0 0 0 0 0
0 0 0 0 0
0 0 0 0 0
0 0 0 0 0
0 0 0 0 0
0 0 0 0 0
0 0 0 0 0
0 0 0 0 0
0 0 0 0 0
0 0 0 0 0
0 0 0 0 0
0 0 0 0 0
0 0 0 0 0
0 0 0 0 00 0 0 0 0 0 0 0 0 0 0 0 0 0 0
0 0 0 0 0 0 0 0 0 0 0 0 0 0 0
0 0 0 0 0 0 0 0 0 0 0 0 0 0 0
0 0 0 0 0 0 0 0 0 0 0 0 0 0 0
0 0 0 0 0 0 0 0 0 0 0 0 0 0 00.0942681 0.0942681 0.0942681 0.0942681 0.0942681
0.0942681 0.0942681 0.0942681 0.0942681 0.0942681
0.0942681 0.0942681 0.0942681 0.0942681 0.0942681
0.0942681 0.0942681 0.0942681 0.0942681 0.0942681
0.0942681 0.0942681 0.0942681 0.0942681 0.0942681
15	0 0 0 0 0
0 0 0 0 0
0 0 0 0 0
0 0 0 0 0
0 0 0 0 0
0 0 0 0 0
0 0 0 0 0
0 0 0 0 0
0 0 0 0 0
0 0 0 0 0
0 0 0 0 0
0 0 0 0 0
0 0 0 0 0
0 0 0 0 0
0 0 0 0 00 0 0 0 0 0 0 0 0 0 0 0 0 0 0
0 0 0 0 0 0 0 0 0 0 0 0 0 0 0
0 0 0 0 0 0 0 0 0 0 0 0 0 0 0
0 0 0 0 0 0 0 0 0 0 0 0 0 0 0
0 0 0 0 0 0 0 0 0 0 0 0 0 0 00.0942484 0.0942484 0.0942484 0.0942484 0.0942484
0.0942484 0.0942484 0.0942484 0.0942484 0.0942484
0.0942484 0.0942484 0.0942484 0.0942484 0.0942484
0.0942484 0.0942484 0.0942484 0.0942484 0.0942484
0.0942484 0.0942484 0.0942484 0.0942484 0.0942484
16	0 0 0 0 0
0 0 0 0 0
0 0 0 0 0
0 0 0 0 0
0 0 0 0 0
0 0 0 0 0
0 0 0 0 0
0 0 0 0 0
0 0 0 0 0
0 0 0 0 0
0 0 0 0 0
0 0 0 0 0
0 0 0 0 0
0 0 0 0 0
0 0 0 0 00 0 0 0 0 0 0 0 0 0 0 0 0 0 0
0 0 0 0 0 0 0 0 0 0 0 0 0 0 0
0 0 0 0 0 0 0 0 0 0 0 0 0 0 0
0 0 0 0 0 0 0 0 0 0 0 0 0 0 0
0 0 0 0 0 0 0 0 0 0 0 0 0 0 00.0942266 0.0942266 0.0942266 0.0942266 0.0942266
0.0942266 0.0942266 0.0942266 0.0942266 0.0942266
0.0942266 0.0942266 0.0942266 0.0942266 0.0942266
0.0942266 0.0942266 0.0942266 0.0942266 0.0942266
0.0942266 0.0942266 0.0942266 0.0942266 0.0942266
17	0 0 0 0 0
0 0 0 0 0
0 0 0 0 0
0 0 0 0 0
0 0 0 0 0
0 0 0 0 0
0 0 0 0 0
0 0 0 0 0
0 0 0 0 0
0 0 0 0 0
0 0 0 0 0
0 0 0 0 0
0 0 0 0 0
0 0 0 0 0
0 0 0 0 00 0 0 0 0 0 0 0 0 0 0 0 0 0 0
0 0 0 0 0 0 0 0 0 0 0 0 0 0 0
0 0 0 0 0 0 0 0 0 0 0 0 0 0 0
0 0 0 0 0 0 0 0 0 0 0 0 0 0 0
0 0 0 0 0 0 0 0 0 0 0 0 0 0 00.0942024 0.0942024 0.0942024 0.0942024 0.0942024
0.0942024 0.0942024 0.0942024 0.0942024 0.0942024
0.0942024 0.0942024 0.0942024 0.0942024 0.0942024
0.0942024 0.0942024 0.0942024 0.0942024 0.0942024
0.0942024 0.0942024 0.0942024 0.0942024 0.0942024
18	0 0 0 0 0
0 0 0 0 0
0 0 0 0 0
0 0 0 0 0
0 0 0 0 0
0 0 0 0 0
0 0 0 0 0
0 0 0 0 0
0 0 0 0 0
0 0 0 0 0
0 0 0 0 0
0 0 0 0 0
0 0 0 0 0
0 0 0 0 0
0 0 0 0 00 0 0 0 0 0 0 0 0 0 0 0 0 0 0
0 0 0 0 0 0 0 0 0 0 0 0 0 0 0
0 0 0 0 0 0 0 0 0 0 0 0 0 0 0
0 0 0 0 0 0 0 0 0 0 0 0 0 0 0
0 0 0 0 0 0 0 0 0 0 0 0 0 0 00.0941755 0.0941755 0.0941755 0.0941755 0.0941755
0.0941755 0.0941755 0.0941755 0.0941755 0.0941755
0.0941755 0.0941755 0.0941755 0.0941755 0.0941755
0.0941755 0.0941755 0.0941755 0.0941755 0.0941755
0.0941755 0.0941755 0.0941755 0.0941755 0.0941755
19	0 0 0 0 0
0 0 0 0 0
0 0 0 0 0
0 0 0 0 0
0 0 0 0 0
0 0 0 0 0
0 0 0 0 0
0 0 0 0 0
0 0 0 0 0
0 0 0 0 0
0 0 0 0 0
0 0 0 0 0
0 0 0 0 0
0 0 0 0 0
0 0 0 0 00 0 0 0 0 0 0 0 0 0 0 0 0 0 0
0 0 0 0 0 0 0 0 0 0 0 0 0 0 0
0 0 0 0 0 0 0 0 0 0 0 0 0 0 0
0 0 0 0 0 0 0 0 0 0 0 0 0 0 0
0 0 0 0 0 0 0 0 0 0 0 0 0 0 00.0941456 0.0941456 0.0941456 0.0941456 0.0941456
0.0941456 0.0941456 0.0941456 0.0941456 0.0941456
0.0941456 0.0941456 0.0941456 0.0941456 0.0941456
0.0941456 0.0941456 0.0941456 0.0941456 0.0941456
0.0941456 0.0941456 0.0941456 0.0941456 0.0941456
20	0 0 0 0 0
0 0 0 0 0
0 0 0 0 0
0 0 0 0 0
0 0 0 0 0
0 0 0 0 0
0 0 0 0 0
0 0 0 0 0
0 0 0 0 0
0 0 0 0 0
0 0 0 0 0
0 0 0 0 0
0 0 0 0 0
0 0 0 0 0
0 0 0 0 00 0 0 0 0 0 0 0 0 0 0 0 0 0 0
0 0 0 0 0 0 0 0 0 0 0 0 0 0 0
0 0 0 0 0 0 0 0 0 0 0 0 0 0 0
0 0 0 0 0 0 0 0 0 0 0 0 0 0 0
0 0 0 0 0 0 0 0 0 0 0 0 0 0 00.0941123 0.0941123 0.0941123 0.0941123 0.0941123
0.0941123 0.0941123 0.0941123 0.0941123 0.0941123
0.0941123 0.0941123 0.0941123 0.0941123 0.0941123
0.0941123 0.0941123 0.0941123 0.0941123 0.0941123
0.0941123 0.0941123 0.0941123 0.0941123 0.0941123
21	0 0 0 0 0
0 0 0 0 0
0 0 0 0 0
0 0 0 0 0
0 0 0 0 0
0 0 0 0 0
0 0 0 0 0
0 0 0 0 0
0 0 0 0 0
0 0 0 0 0
0 0 0 0 0
0 0 0 0 0
0 0 0 0 0
0 0 0 0 0
0 0 0 0 00 0 0 0 0 0 0 0 0 0 0 0 0 0 0
0 0 0 0 0 0 0 0 0 0 0 0 0 0 0
0 0 0 0 0 0 0 0 0 0 0 0 0 0 0
0 0 0 0 0 0 0 0 0 0 0 0 0 0 0
0 0 0 0 0 0 0 0 0 0 0 0 0 0 00.0940754 0.0940754 0.0940754 0.0940754 0.0940754
0.0940754 0.0940754 0.0940754 0.0940754 0.0940754
0.0940754 0.0940754 0.0940754 0.0940754 0.0940754
0.0940754 0.0940754 0.0940754 0.0940754 0.0940754
0.0940754 0.0940754 0.0940754 0.0940754 0.0940754
22	0 0 0 0 0
0 0 0 0 0
0 0 0 0 0
0 0 0 0 0
0 0 0 0 0
0 0 0 0 0
0 0 0 0 0
0 0 0 0 0
0 0 0 0 0
0 0 0 0 0
0 0 0 0 0
0 0 0 0 0
0 0 0 0 0
0 0 0 0 0
0 0 0 0 00 0 0 0 0 0 0 0 0 0 0 0 0 0 0
0 0 0 0 0 0 0 0 0 0 0 0 0 0 0
0 0 0 0 0 0 0 0 0 0 0 0 0 0 0
0 0 0 0 0 0 0 0 0 0 0 0 0 0 0
0 0 0 0 0 0 0 0 0 0 0 0 0 0 00.0940343 0.0940343 0.0940343 0.0940343 0.0940343
0.0940343 0.0940343 0.0940343 0.0940343 0.0940343
0.0940343 0.0940343 0.0940343 0.0940343 0.0940343
0.0940343 0.0940343 0.0940343 0.0940343 0.0940343
0.0940343 0.0940343 0.0940343 0.0940343 0.0940343
23	0 0 0 0 0
0 0 0 0 0
0 0 0 0 0
0 0 0 0 0
0 0 0 0 0
0 0 0 0 0
0 0 0 0 0
0 0 0 0 0
0 0 0 0 0
0 0 0 0 0
0 0 0 0 0
0 0 0 0 0
0 0 0 0 0
0 0 0 0 0
0 0 0 0 00 0 0 0 0 0 0 0 0 0 0 0 0 0 0
0 0 0 0 0 0 0 0 0 0 0 0 0 0 0
0 0 0 0 0 0 0 0 0 0 0 0 0 0 0
0 0 0 0 0 0 0 0 0 0 0 0 0 0 0
0 0 0 0 0 0 0 0 0 0 0 0 0 0 00.0939886 0.0939886 0.0939886 0.0939886 0.0939886
0.0939886 0.0939886 0.0939886 0.0939886 0.0939886
0.0939886 0.0939886 0.0939886 0.0939886 0.0939886
0.0939886 0.0939886 0.0939886 0.0939886 0.0939886
0.0939886 0.0939886 0.0939886 0.0939886 0.0939886
24	0 0 0 0 0
0 0 0 0 0
0 0 0 0 0
0 0 0 0 0
0 0 0 0 0
0 0 0 0 0
0 0 0 0 0
0 0 0 0 0
0 0 0 0 0
0 0 0 0 0
0 0 0 0 0
0 0 0 0 0
0 0 0 0 0
0 0 0 0 0
0 0 0 0 00 0 0 0 0 0 0 0 0 0 0 0 0 0 0
0 0 0 0 0 0 0 0 0 0 0 0 0 0 0
0 0 0 0 0 0 0 0 0 0 0 0 0 0 0
0 0 0 0 0 0 0 0 0 0 0 0 0 0 0
0 0 0 0 0 0 0 0 0 0 0 0 0 0 00.0939379 0.0939379 0.0939379 0.0939379 0.0939379
0.0939379 0.0939379 0.0939379 0.0939379 0.0939379
0.0939379 0.0939379 0.0939379 0.0939379 0.0939379
0.0939379 0.0939379 0.0939379 0.0939379 0.0939379
0.0939379 0.0939379 0.0939379 0.0939379 0.0939379
25	0 0 0 0 0
0 0 0 0 0
0 0 0 0 0
0 0 0 0 0
0 0 0 0 0
0 0 0 0 0
0 0 0 0 0
0 0 0 0 0
0 0 0 0 0
0 0 0 0 0
0 0 0 0 0
0 0 0 0 0
0 0 0 0 0
0 0 0 0 0
0 0 0 0 00 0 0 0 0 0 0 0 0 0 0 0 0 0 0
0 0 0 0 0 0 0 0 0 0 0 0 0 0 0
0 0 0 0 0 0 0 0 0 0 0 0 0 0 0
0 0 0 0 0 0 0 0 0 0 0 0 0 0 0
0 0 0 0 0 0 0 0 0 0 0 0 0 0 00.0938815 0.0938815 0.0938815 0.0938815 0.0938815
0.0938815 0.0938815 0.0938815 0.0938815 0.0938815
0.0938815 0.0938815 0.0938815 0.0938815 0.0938815
0.0938815 0.0938815 0.0938815 0.0938815 0.0938815
0.0938815 0.0938815 0.0938815 0.0938815 0.0938815
26	0 0 0 0 0
0 0 0 0 0
0 0 0 0 0
0 0 0 0 0
0 0 0 0 0
0 0 0 0 0
0 0 0 0 0
0 0 0 0 0
0 0 0 0 0
0 0 0 0 0
0 0 0 0 0
0 0 0 0 0
0 0 0 0 0
0 0 0 0 0
0 0 0 0 00 0 0 0 0 0 0 0 0 0 0 0 0 0 0
0 0 0 0 0 0 0 0 0 0 0 0 0 0 0
0 0 0 0 0 0 0 0 0 0 0 0 0 0 0
0 0 0 0 0 0 0 0 0 0 0 0 0 0 0
0 0 0 0 0 0 0 0 0 0 0 0 0 0 00.0938188 0.0938188 0.0938188 0.0938188 0.0938188
0.0938188 0.0938188 0.0938188 0.0938188 0.0938188
0.0938188 0.0938188 0.0938188 0.0938188 0.0938188
0.0938188 0.0938188 0.0938188 0.0938188 0.0938188
0.0938188 0.0938188 0.0938188 0.0938188 0.0938188
27	0 0 0 0 0
0 0 0 0 0
0 0 0 0 0
0 0 0 0 0
0 0 0 0 0
0 0 0 0 0
0 0 0 0 0
0 0 0 0 0
0 0 0 0 0
0 0 0 0 0
0 0 0 0 0
0 0 0 0 0
0 0 0 0 0
0 0 0 0 0
0 0 0 0 00 0 0 0 0 0 0 0 0 0 0 0 0 0 0
0 0 0 0 0 0 0 0 0 0 0 0 0 0 0
0 0 0 0 0 0 0 0 0 0 0 0 0 0 0
0 0 0 0 0 0 0 0 0 0 0 0 0 0 0
0 0 0 0 0 0 0 0 0 0 0 0 0 0 00.0937491 0.0937491 0.0937491 0.0937491 0.0937491
0.0937491 0.0937491 0.0937491 0.0937491 0.0937491
0.0937491 0.0937491 0.0937491 0.0937491 0.0937491
0.0937491 0.0937491 0.0937491 0.0937491 0.0937491
0.0937491 0.0937491 0.0937491 0.0937491 0.0937491
28	0 0 0 0 0
0 0 0 0 0
0 0 0 0 0
0 0 0 0 0
0 0 0 0 0
0 0 0 0 0
0 0 0 0 0
0 0 0 0 0
0 0 0 0 0
0 0 0 0 0
0 0 0 0 0
0 0 0 0 0
0 0 0 0 0
0 0 0 0 0
0 0 0 0 00 0 0 0 0 0 0 0 0 0 0 0 0 0 0
0 0 0 0 0 0 0 0 0 0 0 0 0 0 0
0 0 0 0 0 0 0 0 0 0 0 0 0 0 0
0 0 0 0 0 0 0 0 0 0 0 0 0 0 0
0 0 0 0 0 0 0 0 0 0 0 0 0 0 00.0936716 0.0936716 0.0936716 0.0936716 0.0936716
0.0936716 0.0936716 0.0936716 0.0936716 0.0936716
0.0936716 0.0936716 0.0936716 0.0936716 0.0936716
0.0936716 0.0936716 0.0936716 0.0936716 0.0936716
0.0936716 0.0936716 0.0936716 0.0936716 0.0936716
29	0 0 0 0 0
0 0 0 0 0
0 0 0 0 0
0 0 0 0 0
0 0 0 0 0
0 0 0 0 0
0 0 0 0 0
0 0 0 0 0
0 0 0 0 0
0 0 0 0 0
0 0 0 0 0
0 0 0 0 0
0 0 0 0 0
0 0 0 0 0
0 0 0 0 00 0 0 0 0 0 0 0 0 0 0 0 0 0 0
0 0 0 0 0 0 0 0 0 0 0 0 0 0 0
0 0 0 0 0 0 0 0 0 0 0 0 0 0 0
0 0 0 0 0 0 0 0 0 0 0 0 0 0 0
0 0 0 0 0 0 0 0 0 0 0 0 0 0 00.0935854 0.0935854 0.0935854 0.0935854 0.0935854
0.0935854 0.0935854 0.0935854 0.0935854 0.0935854
0.0935854 0.0935854 0.0935854 0.0935854 0.0935854
0.0935854 0.0935854 0.0935854 0.0935854 0.0935854
0.0935854 0.0935854 0.0935854 0.0935854 0.0935854
30	0 0 0 0 0
0 0 0 0 0
0 0 0 0 0
0 0 0 0 0
0 0 0 0 0
0 0 0 0 0
0 0 0 0 0
0 0 0 0 0
0 0 0 0 0
0 0 0 0 0
0 0 0 0 0
0 0 0 0 0
0 0 0 0 0
0 0 0 0 0
0 0 0 0 00 0 0 0 0 0 0 0 0 0 0 0 0 0 0
0 0 0 0 0 0 0 0 0 0 0 0 0 0 0
0 0 0 0 0 0 0 0 0 0 0 0 0 0 0
0 0 0 0 0 0 0 0 0 0 0 0 0 0 0
0 0 0 0 0 0 0 0 0 0 0 0 0 0 00.0934896 0.0934896 0.0934896 0.0934896 0.0934896
0.0934896 0.0934896 0.0934896 0.0934896 0.0934896
0.0934896 0.0934896 0.0934896 0.0934896 0.0934896
0.0934896 0.0934896 0.0934896 0.0934896 0.0934896
0.0934896 0.0934896 0.0934896 0.0934896 0.0934896
31	0 0 0 0 0
0 0 0 0 0
0 0 0 0 0
0 0 0 0 0
0 0 0 0 0
0 0 0 0 0
0 0 0 0 0
0 0 0 0 0
0 0 0 0 0
0 0 0 0 0
0 0 0 0 0
0 0 0 0 0
0 0 0 0 0
0 0 0 0 0
0 0 0 0 00 0 0 0 0 0 0 0 0 0 0 0 0 0 0
0 0 0 0 0 0 0 0 0 0 0 0 0 0 0
0 0 0 0 0 0 0 0 0 0 0 0 0 0 0
0 0 0 0 0 0 0 0 0 0 0 0 0 0 0
0 0 0 0 0 0 0 0 0 0 0 0 0 0 00.093383 0.093383 0.093383 0.093383 0.093383
0.093383 0.093383 0.093383 0.093383 0.093383
0.093383 0.093383 0.093383 0.093383 0.093383
0.093383 0.093383 0.093383 0.093383 0.093383
0.093383 0.093383 0.093383 0.093383 0.093383
32	0 0 0 0 0
0 0 0 0 0
0 0 0 0 0
0 0 0 0 0
0 0 0 0 0
0 0 0 0 0
0 0 0 0 0
0 0 0 0 0
0 0 0 0 0
0 0 0 0 0
0 0 0 0 0
0 0 0 0 0
0 0 0 0 0
0 0 0 0 0
0 0 0 0 00 0 0 0 0 0 0 0 0 0 0 0 0 0 0
0 0 0 0 0 0 0 0 0 0 0 0 0 0 0
0 0 0 0 0 0 0 0 0 0 0 0 0 0 0
0 0 0 0 0 0 0 0 0 0 0 0 0 0 0
0 0 0 0 0 0 0 0 0 0 0 0 0 0 00.0932645 0.0932645 0.0932645 0.0932645 0.0932645
0.0932645 0.0932645 0.0932645 0.0932645 0.0932645
0.0932645 0.0932645 0.0932645 0.0932645 0.0932645
0.0932645 0.0932645 0.0932645 0.0932645 0.0932645
0.0932645 0.0932645 0.0932645 0.0932645 0.0932645
33	0 0 0 0 0
0 0 0 0 0
0 0 0 0 0
0 0 0 0 0
0 0 0 0 0
0 0 0 0 0
0 0 0 0 0
0 0 0 0 0
0 0 0 0 0
0 0 0 0 0
0 0 0 0 0
0 0 0 0 0
0 0 0 0 0
0 0 0 0 0
0 0 0 0 00 0 0 0 0 0 0 0 0 0 0 0 0 0 0
0 0 0 0 0 0 0 0 0 0 0 0 0 0 0
0 0 0 0 0 0 0 0 0 0 0 0 0 0 0
0 0 0 0 0 0 0 0 0 0 0 0 0 0 0
0 0 0 0 0 0 0 0 0 0 0 0 0 0 00.0931327 0.0931327 0.0931327 0.0931327 0.0931327
0.0931327 0.0931327 0.0931327 0.0931327 0.0931327
0.0931327 0.0931327 0.0931327 0.0931327 0.0931327
0.0931327 0.0931327 0.0931327 0.0931327 0.0931327
0.0931327 0.0931327 0.0931327 0.0931327 0.0931327
34	0 0 0 0 0
0 0 0 0 0
0 0 0 0 0
0 0 0 0 0
0 0 0 0 0
0 0 0 0 0
0 0 0 0 0
0 0 0 0 0
0 0 0 0 0
0 0 0 0 0
0 0 0 0 0
0 0 0 0 0
0 0 0 0 0
0 0 0 0 0
0 0 0 0 00 0 0 0 0 0 0 0 0 0 0 0 0 0 0
0 0 0 0 0 0 0 0 0 0 0 0 0 0 0
0 0 0 0 0 0 0 0 0 0 0 0 0 0 0
0 0 0 0 0 0 0 0 0 0 0 0 0 0 0
0 0 0 0 0 0 0 0 0 0 0 0 0 0 00.0929861 0.0929861 0.0929861 0.0929861 0.0929861
0.0929861 0.0929861 0.0929861 0.0929861 0.0929861
0.0929861 0.0929861 0.0929861 0.0929861 0.0929861
0.0929861 0.0929861 0.0929861 0.0929861 0.0929861
0.0929861 0.0929861 0.0929861 0.0929861 0.0929861
35	0 0 0 0 0
0 0 0 0 0
0 0 0 0 0
0 0 0 0 0
0 0 0 0 0
0 0 0 0 0
0 0 0 0 0
0 0 0 0 0
0 0 0 0 0
0 0 0 0 0
0 0 0 0 0
0 0 0 0 0
0 0 0 0 0
0 0 0 0 0
0 0 0 0 00 0 0 0 0 0 0 0 0 0 0 0 0 0 0
0 0 0 0 0 0 0 0 0 0 0 0 0 0 0
0 0 0 0 0 0 0 0 0 0 0 0 0 0 0
0 0 0 0 0 0 0 0 0 0 0 0 0 0 0
0 0 0 0 0 0 0 0 0 0 0 0 0 0 00.0928231 0.0928231 0.0928231 0.0928231 0.0928231
0.0928231 0.0928231 0.0928231 0.0928231 0.0928231
0.0928231 0.0928231 0.0928231 0.0928231 0.0928231
0.0928231 0.0928231 0.0928231 0.0928231 0.0928231
0.0928231 0.0928231 0.0928231 0.0928231 0.0928231
36	0 0 0 0 0
0 0 0 0 0
0 0 0 0 0
0 0 0 0 0
0 0 0 0 0
0 0 0 0 0
0 0 0 0 0
0 0 0 0 0
0 0 0 0 0
0 0 0 0 0
0 0 0 0 0
0 0 0 0 0
0 0 0 0 0
0 0 0 0 0
0 0 0 0 00 0 0 0 0 0 0 0 0 0 0 0 0 0 0
0 0 0 0 0 0 0 0 0 0 0 0 0 0 0
0 0 0 0 0 0 0 0 0 0 0 0 0 0 0
0 0 0 0 0 0 0 0 0 0 0 0 0 0 0
0 0 0 0 0 0 0 0 0 0 0 0 0 0 00.0926416 0.0926416 0.0926416 0.0926416 0.0926416
0.0926416 0.0926416 0.0926416 0.0926416 0.0926416
0.0926416 0.0926416 0.0926416 0.0926416 0.0926416
0.0926416 0.0926416 0.0926416 0.0926416 0.0926416
0.0926416 0.0926416 0.0926416 0.0926416 0.0926416
37	0 0 0 0 0
0 0 0 0 0
0 0 0 0 0
0 0 0 0 0
0 0 0 0 0
0 0 0 0 0
0 0 0 0 0
0 0 0 0 0
0 0 0 0 0
0 0 0 0 0
0 0 0 0 0
0 0 0 0 0
0 0 0 0 0
0 0 0 0 0
0 0 0 0 00 0 0 0 0 0 0 0 0 0 0 0 0 0 0
0 0 0 0 0 0 0 0 0 0 0 0 0 0 0
0 0 0 0 0 0 0 0 0 0 0 0 0 0 0
0 0 0 0 0 0 0 0 0 0 0 0 0 0 0
0 0 0 0 0 0 0 0 0 0 0 0 0 0 00.0924397 0.0924397 0.0924397 0.0924397 0.0924397
0.0924397 0.0924397 0.0924397 0.0924397 0.0924397
0.0924397 0.0924397 0.0924397 0.0924397 0.0924397
0.0924397 0.0924397 0.0924397 0.0924397 0.0924397
0.0924397 0.0924397 0.0924397 0.0924397 0.0924397
38	0 0 0 0 0
0 0 0 0 0
0 0 0 0 0
0 0 0 0 0
0 0 0 0 0
0 0 0 0 0
0 0 0 0 0
0 0 0 0 0
0 0 0 0 0
0 0 0 0 0
0 0 0 0 0
0 0 0 0 0
0 0 0 0 0
0 0 0 0 0
0 0 0 0 00 0 0 0 0 0 0 0 0 0 0 0 0 0 0
0 0 0 0 0 0 0 0 0 0 0 0 0 0 0
0 0 0 0 0 0 0 0 0 0 0 0 0 0 0
0 0 0 0 0 0 0 0 0 0 0 0 0 0 0
0 0 0 0 0 0 0 0 0 0 0 0 0 0 00.092215 0.092215 0.092215 0.092215 0.092215
0.092215 0.092215 0.092215 0.092215 0.092215
0.092215 0.092215 0.092215 0.092215 0.092215
0.092215 0.092215 0.092215 0.092215 0.092215
0.092215 0.092215 0.092215 0.092215 0.092215
39	0 0 0 0 0
0 0 0 0 0
0 0 0 0 0
0 0 0 0 0
0 0 0 0 0
0 0 0 0 0
0 0 0 0 0
0 0 0 0 0
0 0 0 0 0
0 0 0 0 0
0 0 0 0 0
0 0 0 0 0
0 0 0 0 0
0 0 0 0 0
0 0 0 0 00 0 0 0 0 0 0 0 0 0 0 0 0 0 0
0 0 0 0 0 0 0 0 0 0 0 0 0 0 0
0 0 0 0 0 0 0 0 0 0 0 0 0 0 0
0 0 0 0 0 0 0 0 0 0 0 0 0 0 0
0 0 0 0 0 0 0 0 0 0 0 0 0 0 00.0919649 0.0919649 0.0919649 0.0919649 0.0919649
0.0919649 0.0919649 0.0919649 0.0919649 0.0919649
0.0919649 0.0919649 0.0919649 0.0919649 0.0919649
0.0919649 0.0919649 0.0919649 0.0919649 0.0919649
0.0919649 0.0919649 0.0919649 0.0919649 0.0919649
40	0 0 0 0 0
0 0 0 0 0
0 0 0 0 0
0 0 0 0 0
0 0 0 0 0
0 0 0 0 0
0 0 0 0 0
0 0 0 0 0
0 0 0 0 0
0 0 0 0 0
0 0 0 0 0
0 0 0 0 0
0 0 0 0 0
0 0 0 0 0
0 0 0 0 00 0 0 0 0 0 0 0 0 0 0 0 0 0 0
0 0 0 0 0 0 0 0 0 0 0 0 0 0 0
0 0 0 0 0 0 0 0 0 0 0 0 0 0 0
0 0 0 0 0 0 0 0 0 0 0 0 0 0 0
0 0 0 0 0 0 0 0 0 0 0 0 0 0 00.0916865 0.0916865 0.0916865 0.0916865 0.0916865
0.0916865 0.0916865 0.0916865 0.0916865 0.0916865
0.0916865 0.0916865 0.0916865 0.0916865 0.0916865
0.0916865 0.0916865 0.0916865 0.0916865 0.0916865
0.0916865 0.0916865 0.0916865 0.0916865 0.0916865
41	0 0 0 0 0
0 0 0 0 0
0 0 0 0 0
0 0 0 0 0
0 0 0 0 0
0 0 0 0 0
0 0 0 0 0
0 0 0 0 0
0 0 0 0 0
0 0 0 0 0
0 0 0 0 0
0 0 0 0 0
0 0 0 0 0
0 0 0 0 0
0 0 0 0 00 0 0 0 0 0 0 0 0 0 0 0 0 0 0
0 0 0 0 0 0 0 0 0 0 0 0 0 0 0
0 0 0 0 0 0 0 0 0 0 0 0 0 0 0
0 0 0 0 0 0 0 0 0 0 0 0 0 0 0
0 0 0 0 0 0 0 0 0 0 0 0 0 0 00.0913765 0.0913765 0.0913765 0.0913765 0.0913765
0.0913765 0.0913765 0.0913765 0.0913765 0.0913765
0.0913765 0.0913765 0.0913765 0.0913765 0.0913765
0.0913765 0.0913765 0.0913765 0.0913765 0.0913765
0.0913765 0.0913765 0.0913765 0.0913765 0.0913765
42	0 0 0 0 0
0 0 0 0 0
0 0 0 0 0
0 0 0 0 0
0 0 0 0 0
0 0 0 0 0
0 0 0 0 0
0 0 0 0 0
0 0 0 0 0
0 0 0 0 0
0 0 0 0 0
0 0 0 0 0
0 0 0 0 0
0 0 0 0 0
0 0 0 0 00 0 0 0 0 0 0 0 0 0 0 0 0 0 0
0 0 0 0 0 0 0 0 0 0 0 0 0 0 0
0 0 0 0 0 0 0 0 0 0 0 0 0 0 0
0 0 0 0 0 0 0 0 0 0 0 0 0 0 0
0 0 0 0 0 0 0 0 0 0 0 0 0 0 00.0910311 0.0910311 0.0910311 0.0910311 0.0910311
0.0910311 0.0910311 0.0910311 0.0910311 0.0910311
0.0910311 0.0910311 0.0910311 0.0910311 0.0910311
0.0910311 0.0910311 0.0910311 0.0910311 0.0910311
0.0910311 0.0910311 0.0910311 0.0910311 0.0910311
43	0 0 0 0 0
0 0 0 0 0
0 0 0 0 0
0 0 0 0 0
0 0 0 0 0
0 0 0 0 0
0 0 0 0 0
0 0 0 0 0
0 0 0 0 0
0 0 0 0 0
0 0 0 0 0
0 0 0 0 0
0 0 0 0 0
0 0 0 0 0
0 0 0 0 00 0 0 0 0 0 0 0 0 0 0 0 0 0 0
0 0 0 0 0 0 0 0 0 0 0 0 0 0 0
0 0 0 0 0 0 0 0 0 0 0 0 0 0 0
0 0 0 0 0 0 0 0 0 0 0 0 0 0 0
0 0 0 0 0 0 0 0 0 0 0 0 0 0 00.0906464 0.0906464 0.0906464 0.0906464 0.0906464
0.0906464 0.0906464 0.0906464 0.0906464 0.0906464
0.0906464 0.0906464 0.0906464 0.0906464 0.0906464
0.0906464 0.0906464 0.0906464 0.0906464 0.0906464
0.0906464 0.0906464 0.0906464 0.0906464 0.0906464
44	0 0 0 0 0
0 0 0 0 0
0 0 0 0 0
0 0 0 0 0
0 0 0 0 0
0 0 0 0 0
0 0 0 0 0
0 0 0 0 0
0 0 0 0 0
0 0 0 0 0
0 0 0 0 0
0 0 0 0 0
0 0 0 0 0
0 0 0 0 0
0 0 0 0 00 0 0 0 0 0 0 0 0 0 0 0 0 0 0
0 0 0 0 0 0 0 0 0 0 0 0 0 0 0
0 0 0 0 0 0 0 0 0 0 0 0 0 0 0
0 0 0 0 0 0 0 0 0 0 0 0 0 0 0
0 0 0 0 0 0 0 0 0 0 0 0 0 0 00.0902177 0.0902177 0.0902177 0.0902177 0.0902177
0.0902177 0.0902177 0.0902177 0.0902177 0.0902177
0.0902177 0.0902177 0.0902177 0.0902177 0.0902177
0.0902177 0.0902177 0.0902177 0.0902177 0.0902177
0.0902177 0.0902177 0.0902177 0.0902177 0.0902177
45	0 0 0 0 0
0 0 0 0 0
0 0 0 0 0
0 0 0 0 0
0 0 0 0 0
0 0 0 0 0
0 0 0 0 0
0 0 0 0 0
0 0 0 0 0
0 0 0 0 0
0 0 0 0 0
0 0 0 0 0
0 0 0 0 0
0 0 0 0 0
0 0 0 0 00 0 0 0 0 0 0 0 0 0 0 0 0 0 0
0 0 0 0 0 0 0 0 0 0 0 0 0 0 0
0 0 0 0 0 0 0 0 0 0 0 0 0 0 0
0 0 0 0 0 0 0 0 0 0 0 0 0 0 0
0 0 0 0 0 0 0 0 0 0 0 0 0 0 00.0897399 0.0897399 0.0897399 0.0897399 0.0897399
0.0897399 0.0897399 0.0897399 0.0897399 0.0897399
0.0897399 0.0897399 0.0897399 0.0897399 0.0897399
0.0897399 0.0897399 0.0897399 0.0897399 0.0897399
0.0897399 0.0897399 0.0897399 0.0897399 0.0897399
46	0 0 0 0 0
0 0 0 0 0
0 0 0 0 0
0 0 0 0 0
0 0 0 0 0
0 0 0 0 0
0 0 0 0 0
0 0 0 0 0
0 0 0 0 0
0 0 0 0 0
0 0 0 0 0
0 0 0 0 0
0 0 0 0 0
0 0 0 0 0
0 0 0 0 00 0 0 0 0 0 0 0 0 0 0 0 0 0 0
0 0 0 0 0 0 0 0 0 0 0 0 0 0 0
0 0 0 0 0 0 0 0 0 0 0 0 0 0 0
0 0 0 0 0 0 0 0 0 0 0 0 0 0 0
0 0 0 0 0 0 0 0 0 0 0 0 0 0 00.0892071 0.0892071 0.0892071 0.0892071 0.0892071
0.0892071 0.0892071 0.0892071 0.0892071 0.0892071
0.0892071 0.0892071 0.0892071 0.0892071 0.0892071
0.0892071 0.0892071 0.0892071 0.0892071 0.0892071
0.0892071 0.0892071 0.0892071 0.0892071 0.0892071
47	0 0 0 0 0
0 0 0 0 0
0 0 0 0 0
0 0 0 0 0
0 0 0 0 0
0 0 0 0 0
0 0 0 0 0
0 0 0 0 0
0 0 0 0 0
0 0 0 0 0
0 0 0 0 0
0 0 0 0 0
0 0 0 0 0
0 0 0 0 0
0 0 0 0 00 0 0 0 0 0 0 0 0 0 0 0 0 0 0
0 0 0 0 0 0 0 0 0 0 0 0 0 0 0
0 0 0 0 0 0 0 0 0 0 0 0 0 0 0
0 0 0 0 0 0 0 0 0 0 0 0 0 0 0
0 0 0 0 0 0 0 0 0 0 0 0 0 0 00.0886129 0.0886129 0.0886129 0.0886129 0.0886129
0.0886129 0.0886129 0.0886129 0.0886129 0.0886129
0.0886129 0.0886129 0.0886129 0.0886129 0.0886129
0.0886129 0.0886129 0.0886129 0.0886129 0.0886129
0.0886129 0.0886129 0.0886129 0.0886129 0.0886129
48	0 0 0 0 0
0 0 0 0 0
0 0 0 0 0
0 0 0 0 0
0 0 0 0 0
0 0 0 0 0
0 0 0 0 0
0 0 0 0 0
0 0 0 0 0
0 0 0 0 0
0 0 0 0 0
0 0 0 0 0
0 0 0 0 0
0 0 0 0 0
0 0 0 0 00 0 0 0 0 0 0 0 0 0 0 0 0 0 0
0 0 0 0 0 0 0 0 0 0 0 0 0 0 0
0 0 0 0 0 0 0 0 0 0 0 0 0 0 0
0 0 0 0 0 0 0 0 0 0 0 0 0 0 0
0 0 0 0 0 0 0 0 0 0 0 0 0 0 00.0879499 0.0879499 0.0879499 0.0879499 0.0879499
0.0879499 0.0879499 0.0879499 0.0879499 0.0879499
0.0879499 0.0879499 0.0879499 0.0879499 0.0879499
0.0879499 0.0879499 0.0879499 0.0879499 0.0879499
0.0879499 0.0879499 0.0879499 0.0879499 0.0879499
49	0 0 0 0 0
0 0 0 0 0
0 0 0 0 0
0 0 0 0 0
0 0 0 0 0
0 0 0 0 0
0 0 0 0 0
0 0 0 0 0
0 0 0 0 0
0 0 0 0 0
0 0 0 0 0
0 0 0 0 0
0 0 0 0 0
0 0 0 0 0
0 0 0 0 00 0 0 0 0 0 0 0 0 0 0 0 0 0 0
0 0 0 0 0 0 0 0 0 0 0 0 0 0 0
0 0 0 0 0 0 0 0 0 0 0 0 0 0 0
0 0 0 0 0 0 0 0 0 0 0 0 0 0 0
0 0 0 0 0 0 0 0 0 0 0 0 0 0 00.08721 0.08721 0.08721 0.08721 0.08721
0.08721 0.08721 0.08721 0.08721 0.08721
0.08721 0.08721 0.08721 0.08721 0.08721
0.08721 0.08721 0.08721 0.08721 0.08721
0.08721 0.08721 0.08721 0.08721 0.08721
50	0 0 0 0 0
0 0 0 0 0
0 0 0 0 0
0 0 0 0 0
0 0 0 0 0
0 0 0 0 0
0 0 0 0 0
0 0 0 0 0
0 0 0 0 0
0 0 0 0 0
0 0 0 0 0
0 0 0 0 0
0 0 0 0 0
0 0 0 0 0
0 0 0 0 00 0 0 0 0 0 0 0 0 0 0 0 0 0 0
0 0 0 0 0 0 0 0 0 0 0 0 0 0 0
0 0 0 0 0 0 0 0 0 0 0 0 0 0 0
0 0 0 0 0 0 0 0 0 0 0 0 0 0 0
0 0 0 0 0 0 0 0 0 0 0 0 0 0 00.0863837 0.0863837 0.0863837 0.0863837 0.0863837
0.0863837 0.0863837 0.0863837 0.0863837 0.0863837
0.0863837 0.0863837 0.0863837 0.0863837 0.0863837
0.0863837 0.0863837 0.0863837 0.0863837 0.0863837
0.0863837 0.0863837 0.0863837 0.0863837 0.0863837
51	0 0 0 0 0
0 0 0 0 0
0 0 0 0 0
0 0 0 0 0
0 0 0 0 0
0 0 0 0 0
0 0 0 0 0
0 0 0 0 0
0 0 0 0 0
0 0 0 0 0
0 0 0 0 0
0 0 0 0 0
0 0 0 0 0
0 0 0 0 0
0 0 0 0 00 0 0 0 0 0 0 0 0 0 0 0 0 0 0
0 0 0 0 0 0 0 0 0 0 0 0 0 0 0
0 0 0 0 0 0 0 0 0 0 0 0 0 0 0
0 0 0 0 0 0 0 0 0 0 0 0 0 0 0
0 0 0 0 0 0 0 0 0 0 0 0 0 0 00.0854607 0.0854607 0.0854607 0.0854607 0.0854607
0.0854607 0.0854607 0.0854607 0.0854607 0.0854607
0.0854607 0.0854607 0.0854607 0.0854607 0.0854607
0.0854607 0.0854607 0.0854607 0.0854607 0.0854607
0.0854607 0.0854607 0.0854607 0.0854607 0.0854607
52	0 0 0 0 0
0 0 0 0 0
0 0 0 0 0
0 0 0 0 0
0 0 0 0 0
0 0 0 0 0
0 0 0 0 0
0 0 0 0 0
0 0 0 0 0
0 0 0 0 0
0 0 0 0 0
0 0 0 0 0
0 0 0 0 0
0 0 0 0 0
0 0 0 0 00 0 0 0 0 0 0 0 0 0 0 0 0 0 0
0 0 0 0 0 0 0 0 0 0 0 0 0 0 0
0 0 0 0 0 0 0 0 0 0 0 0 0 0 0
0 0 0 0 0 0 0 0 0 0 0 0 0 0 0
0 0 0 0 0 0 0 0 0 0 0 0 0 0 00.0844291 0.0844291 0.0844291 0.0844291 0.0844291
0.0844291 0.0844291 0.0844291 0.0844291 0.0844291
0.0844291 0.0844291 0.0844291 0.0844291 0.0844291
0.0844291 0.0844291 0.0844291 0.0844291 0.0844291
0.0844291 0.0844291 0.0844291 0.0844291 0.0844291
53	0 0 0 0 0
0 0 0 0 0
0 0 0 0 0
0 0 0 0 0
0 0 0 0 0
0 0 0 0 0
0 0 0 0 0
0 0 0 0 0
0 0 0 0 0
0 0 0 0 0
0 0 0 0 0
0 0 0 0 0
0 0 0 0 0
0 0 0 0 0
0 0 0 0 00 0 0 0 0 0 0 0 0 0 0 0 0 0 0
0 0 0 0 0 0 0 0 0 0 0 0 0 0 0
0 0 0 0 0 0 0 0 0 0 0 0 0 0 0
0 0 0 0 0 0 0 0 0 0 0 0 0 0 0
0 0 0 0 0 0 0 0 0 0 0 0 0 0 00.0832756 0.0832756 0.0832756 0.0832756 0.0832756
0.0832756 0.0832756 0.0832756 0.0832756 0.0832756
0.0832756 0.0832756 0.0832756 0.0832756 0.0832756
0.0832756 0.0832756 0.0832756 0.0832756 0.0832756
0.0832756 0.0832756 0.0832756 0.0832756 0.0832756
54	0 0 0 0 0
0 0 0 0 0
0 0 0 0 0
0 0 0 0 0
0 0 0 0 0
0 0 0 0 0
0 0 0 0 0
0 0 0 0 0
0 0 0 0 0
0 0 0 0 0
0 0 0 0 0
0 0 0 0 0
0 0 0 0 0
0 0 0 0 0
0 0 0 0 00 0 0 0 0 0 0 0 0 0 0 0 0 0 0
0 0 0 0 0 0 0 0 0 0 0 0 0 0 0
0 0 0 0 0 0 0 0 0 0 0 0 0 0 0
0 0 0 0 0 0 0 0 0 0 0 0 0 0 0
0 0 0 0 0 0 0 0 0 0 0 0 0 0 00.0819851 0.0819851 0.0819851 0.0819851 0.0819851
0.0819851 0.0819851 0.0819851 0.0819851 0.0819851
0.0819851 0.0819851 0.0819851 0.0819851 0.0819851
0.0819851 0.0819851 0.0819851 0.0819851 0.0819851
0.0819851 0.0819851 0.0819851 0.0819851 0.0819851
55	0 0 0 0 0
0 0 0 0 0
0 0 0 0 0
0 0 0 0 0
0 0 0 0 0
0 0 0 0 0
0 0 0 0 0
0 0 0 0 0
0 0 0 0 0
0 0 0 0 0
0 0 0 0 0
0 0 0 0 0
0 0 0 0 0
0 0 0 0 0
0 0 0 0 00 0 0 0 0 0 0 0 0 0 0 0 0 0 0
0 0 0 0 0 0 0 0 0 0 0 0 0 0 0
0 0 0 0 0 0 0 0 0 0 0 0 0 0 0
0 0 0 0 0 0 0 0 0 0 0 0 0 0 0
0 0 0 0 0 0 0 0 0 0 0 0 0 0 00.0805405 0.0805405 0.0805405 0.0805405 0.0805405
0.0805405 0.0805405 0.0805405 0.0805405 0.0805405
0.0805405 0.0805405 0.0805405 0.0805405 0.0805405
0.0805405 0.0805405 0.0805405 0.0805405 0.0805405
0.0805405 0.0805405 0.0805405 0.0805405 0.0805405
56	0 0 0 0 0
0 0 0 0 0
0 0 0 0 0
0 0 0 0 0
0 0 0 0 0
0 0 0 0 0
0 0 0 0 0
0 0 0 0 0
0 0 0 0 0
0 0 0 0 0
0 0 0 0 0
0 0 0 0 0
0 0 0 0 0
0 0 0 0 0
0 0 0 0 00 0 0 0 0 0 0 0 0 0 0 0 0 0 0
0 0 0 0 0 0 0 0 0 0 0 0 0 0 0
0 0 0 0 0 0 0 0 0 0 0 0 0 0 0
0 0 0 0 0 0 0 0 0 0 0 0 0 0 0
0 0 0 0 0 0 0 0 0 0 0 0 0 0 00.0789222 0.0789222 0.0789222 0.0789222 0.0789222
0.0789222 0.0789222 0.0789222 0.0789222 0.0789222
0.0789222 0.0789222 0.0789222 0.0789222 0.0789222
0.0789222 0.0789222 0.0789222 0.0789222 0.0789222
0.0789222 0.0789222 0.0789222 0.0789222 0.0789222
57	0 0 0 0 0
0 0 0 0 0
0 0 0 0 0
0 0 0 0 0
0 0 0 0 0
0 0 0 0 0
0 0 0 0 0
0 0 0 0 0
0 0 0 0 0
0 0 0 0 0
0 0 0 0 0
0 0 0 0 0
0 0 0 0 0
0 0 0 0 0
0 0 0 0 00 0 0 0 0 0 0 0 0 0 0 0 0 0 0
0 0 0 0 0 0 0 0 0 0 0 0 0 0 0
0 0 0 0 0 0 0 0 0 0 0 0 0 0 0
0 0 0 0 0 0 0 0 0 0 0 0 0 0 0
0 0 0 0 0 0 0 0 0 0 0 0 0 0 00.0771079 0.0771079 0.0771079 0.0771079 0.0771079
0.0771079 0.0771079 0.0771079 0.0771079 0.0771079
0.0771079 0.0771079 0.0771079 0.0771079 0.0771079
0.0771079 0.0771079 0.0771079 0.0771079 0.0771079
0.0771079 0.0771079 0.0771079 0.0771079 0.0771079
58	0 0 0 0 0
0 0 0 0 0
0 0 0 0 0
0 0 0 0 0
0 0 0 0 0
0 0 0 0 0
0 0 0 0 0
0 0 0 0 0
0 0 0 0 0
0 0 0 0 0
0 0 0 0 0
0 0 0 0 0
0 0 0 0 0
0 0 0 0 0
0 0 0 0 00 0 0 0 0 0 0 0 0 0 0 0 0 0 0
0 0 0 0 0 0 0 0 0 0 0 0 0 0 0
0 0 0 0 0 0 0 0 0 0 0 0 0 0 0
0 0 0 0 0 0 0 0 0 0 0 0 0 0 0
0 0 0 0 0 0 0 0 0 0 0 0 0 0 00.074059 0.074059 0.074059 0.074059 0.074059
0.074059 0.074059 0.074059 0.074059 0.074059
0.074059 0.074059 0.074059 0.074059 0.074059
0.074059 0.074059 0.074059 0.074059 0.074059
0.074059 0.074059 0.074059 0.074059 0.074059
59	0 0 0 0 0
0 0 0 0 0
0 0 0 0 0
0 0 0 0 0
0 0 0 0 0
0 0 0 0 0
0 0 0 0 0
0 0 0 0 0
0 0 0 0 0
0 0 0 0 0
0 0 0 0 0
0 0 0 0 0
0 0 0 0 0
0 0 0 0 0
0 0 0 0 00 0 0 0 0 0 0 0 0 0 0 0 0 0 0
0 0 0 0 0 0 0 0 0 0 0 0 0 0 0
0 0 0 0 0 0 0 0 0 0 0 0 0 0 0
0 0 0 0 0 0 0 0 0 0 0 0 0 0 0
0 0 0 0 0 0 0 0 0 0 0 0 0 0 00.0713235 0.0713235 0.0713235 0.0713235 0.0713235
0.0713235 0.0713235 0.0713235 0.0713235 0.0713235
0.0713235 0.0713235 0.0713235 0.0713235 0.0713235
0.0713235 0.0713235 0.0713235 0.0713235 0.0713235
0.0713235 0.0713235 0.0713235 0.0713235 0.0713235
60	0 0 0 0 0
0 0 0 0 0
0 0 0 0 0
0 0 0 0 0
0 0 0 0 0
0 0 0 0 0
0 0 0 0 0
0 0 0 0 0
0 0 0 0 0
0 0 0 0 0
0 0 0 0 0
0 0 0 0 0
0 0 0 0 0
0 0 0 0 0
0 0 0 0 00 0 0 0 0 0 0 0 0 0 0 0 0 0 0
0 0 0 0 0 0 0 0 0 0 0 0 0 0 0
0 0 0 0 0 0 0 0 0 0 0 0 0 0 0
0 0 0 0 0 0 0 0 0 0 0 0 0 0 0
0 0 0 0 0 0 0 0 0 0 0 0 0 0 00.0683667 0.0683667 0.0683667 0.0683667 0.0683667
0.0683667 0.0683667 0.0683667 0.0683667 0.0683667
0.0683667 0.0683667 0.0683667 0.0683667 0.0683667
0.0683667 0.0683667 0.0683667 0.0683667 0.0683667
0.0683667 0.0683667 0.0683667 0.0683667 0.0683667
61	0 0 0 0 0
0 0 0 0 0
0 0 0 0 0
0 0 0 0 0
0 0 0 0 0
0 0 0 0 0
0 0 0 0 0
0 0 0 0 0
0 0 0 0 0
0 0 0 0 0
0 0 0 0 0
0 0 0 0 0
0 0 0 0 0
0 0 0 0 0
0 0 0 0 00 0 0 0 0 0 0 0 0 0 0 0 0 0 0
0 0 0 0 0 0 0 0 0 0 0 0 0 0 0
0 0 0 0 0 0 0 0 0 0 0 0 0 0 0
0 0 0 0 0 0 0 0 0 0 0 0 0 0 0
0 0 0 0 0 0 0 0 0 0 0 0 0 0 00.0650389 0.0650389 0.0650389 0.0650389 0.0650389
0.0650389 0.0650389 0.0650389 0.0650389 0.0650389
0.0650389 0.0650389 0.0650389 0.0650389 0.0650389
0.0650389 0.0650389 0.0650389 0.0650389 0.0650389
0.0650389 0.0650389 0.0650389 0.0650389 0.0650389
62	0 0 0 0 0
0 0 0 0 0
0 0 0 0 0
0 0 0 0 0
0 0 0 0 0
0 0 0 0 0
0 0 0 0 0
0 0 0 0 0
0 0 0 0 0
0 0 0 0 0
0 0 0 0 0
0 0 0 0 0
0 0 0 0 0
0 0 0 0 0
0 0 0 0 00 0 0 0 0 0 0 0 0 0 0 0 0 0 0
0 0 0 0 0 0 0 0 0 0 0 0 0 0 0
0 0 0 0 0 0 0 0 0 0 0 0 0 0 0
0 0 0 0 0 0 0 0 0 0 0 0 0 0 0
0 0 0 0 0 0 0 0 0 0 0 0 0 0 00.0612773 0.0612773 0.0612773 0.0612773 0.0612773
0.0612773 0.0612773 0.0612773 0.0612773 0.0612773
0.0612773 0.0612773 0.0612773 0.0612773 0.0612773
0.0612773 0.0612773 0.0612773 0.0612773 0.0612773
0.0612773 0.0612773 0.0612773 0.0612773 0.0612773
63	0 0 0 0 0
0 0 0 0 0
0 0 0 0 0
0 0 0 0 0
0 0 0 0 0
0 0 0 0 0
0 0 0 0 0
0 0 0 0 0
0 0 0 0 0
0 0 0 0 0
0 0 0 0 0
0 0 0 0 0
0 0 0 0 0
0 0 0 0 0
0 0 0 0 00 0 0 0 0 0 0 0 0 0 0 0 0 0 0
0 0 0 0 0 0 0 0 0 0 0 0 0 0 0
0 0 0 0 0 0 0 0 0 0 0 0 0 0 0
0 0 0 0 0 0 0 0 0 0 0 0 0 0 0
0 0 0 0 0 0 0 0 0 0 0 0 0 0 00.0570403 0.0570403 0.0570403 0.0570403 0.0570403
0.0570403 0.0570403 0.0570403 0.0570403 0.0570403
0.0570403 0.0570403 0.0570403 0.0570403 0.0570403
0.0570403 0.0570403 0.0570403 0.0570403 0.0570403
0.0570403 0.0570403 0.0570403 0.0570403 0.0570403
64	0 0 0 0 0
0 0 0 0 0
0 0 0 0 0
0 0 0 0 0
0 0 0 0 0
0 0 0 0 0
0 0 0 0 0
0 0 0 0 0
0 0 0 0 0
0 0 0 0 0
0 0 0 0 0
0 0 0 0 0
0 0 0 0 0
0 0 0 0 0
0 0 0 0 00 0 0 0 0 0 0 0 0 0 0 0 0 0 0
0 0 0 0 0 0 0 0 0 0 0 0 0 0 0
0 0 0 0 0 0 0 0 0 0 0 0 0 0 0
0 0 0 0 0 0 0 0 0 0 0 0 0 0 0
0 0 0 0 0 0 0 0 0 0 0 0 0 0 00.0523042 0.0523042 0.0523042 0.0523042 0.0523042
0.0523042 0.0523042 0.0523042 0.0523042 0.0523042
0.0523042 0.0523042 0.0523042 0.0523042 0.0523042
0.0523042 0.0523042 0.0523042 0.0523042 0.0523042
0.0523042 0.0523042 0.0523042 0.0523042 0.0523042
65	0 0 0 0 0
0 0 0 0 0
0 0 0 0 0
0 0 0 0 0
0 0 0 0 0
0 0 0 0 0
0 0 0 0 0
0 0 0 0 0
0 0 0 0 0
0 0 0 0 0
0 0 0 0 0
0 0 0 0 0
0 0 0 0 0
0 0 0 0 0
0 0 0 0 00 0 0 0 0 0 0 0 0 0 0 0 0 0 0
0 0 0 0 0 0 0 0 0 0 0 0 0 0 0
0 0 0 0 0 0 0 0 0 0 0 0 0 0 0
0 0 0 0 0 0 0 0 0 0 0 0 0 0 0
0 0 0 0 0 0 0 0 0 0 0 0 0 0 00.0462077 0.0462077 0.0462077 0.0462077 0.0462077
0.0462077 0.0462077 0.0462077 0.0462077 0.0462077
0.0462077 0.0462077 0.0462077 0.0462077 0.0462077
0.0462077 0.0462077 0.0462077 0.0462077 0.0462077
0.0462077 0.0462077 0.0462077 0.0462077 0.0462077
66	0 0 0 0 0
0 0 0 0 0
0 0 0 0 0
0 0 0 0 0
0 0 0 0 0
0 0 0 0 0
0 0 0 0 0
0 0 0 0 0
0 0 0 0 0
0 0 0 0 0
0 0 0 0 0
0 0 0 0 0
0 0 0 0 0
0 0 0 0 0
0 0 0 0 00 0 0 0 0 0 0 0 0 0 0 0 0 0 0
0 0 0 0 0 0 0 0 0 0 0 0 0 0 0
0 0 0 0 0 0 0 0 0 0 0 0 0 0 0
0 0 0 0 0 0 0 0 0 0 0 0 0 0 0
0 0 0 0 0 0 0 0 0 0 0 0 0 0 00.0401089 0.0401089 0.0401089 0.0401089 0.0401089
0.0401089 0.0401089 0.0401089 0.0401089 0.0401089
0.0401089 0.0401089 0.0401089 0.0401089 0.0401089
0.0401089 0.0401089 0.0401089 0.0401089 0.0401089
0.0401089 0.0401089 0.0401089 0.0401089 0.0401089
67	0 0 0 0 0
0 0 0 0 0
0 0 0 0 0
0 0 0 0 0
0 0 0 0 0
0 0 0 0 0
0 0 0 0 0
0 0 0 0 0
0 0 0 0 0
0 0 0 0 0
0 0 0 0 0
0 0 0 0 0
0 0 0 0 0
0 0 0 0 0
0 0 0 0 00 0 0 0 0 0 0 0 0 0 0 0 0 0 0
0 0 0 0 0 0 0 0 0 0 0 0 0 0 0
0 0 0 0 0 0 0 0 0 0 0 0 0 0 0
0 0 0 0 0 0 0 0 0 0 0 0 0 0 0
0 0 0 0 0 0 0 0 0 0 0 0 0 0 00.0338197 0.0338197 0.0338197 0.0338197 0.0338197
0.0338197 0.0338197 0.0338197 0.0338197 0.0338197
0.0338197 0.0338197 0.0338197 0.0338197 0.0338197
0.0338197 0.0338197 0.0338197 0.0338197 0.0338197
0.0338197 0.0338197 0.0338197 0.0338197 0.0338197
68	0 0 0 0 0
0 0 0 0 0
0 0 0 0 0
0 0 0 0 0
0 0 0 0 0
0 0 0 0 0
0 0 0 0 0
0 0 0 0 0
0 0 0 0 0
0 0 0 0 0
0 0 0 0 0
0 0 0 0 0
0 0 0 0 0
0 0 0 0 0
0 0 0 0 00 0 0 0 0 0 0 0 0 0 0 0 0 0 0
0 0 0 0 0 0 0 0 0 0 0 0 0 0 0
0 0 0 0 0 0 0 0 0 0 0 0 0 0 0
0 0 0 0 0 0 0 0 0 0 0 0 0 0 0
0 0 0 0 0 0 0 0 0 0 0 0 0 0 00.026935 0.026935 0.026935 0.026935 0.026935
0.026935 0.026935 0.026935 0.026935 0.026935
0.026935 0.026935 0.026935 0.026935 0.026935
0.026935 0.026935 0.026935 0.026935 0.026935
0.026935 0.026935 0.026935 0.026935 0.026935
69	0 0 0 0 0
0 0 0 0 0
0 0 0 0 0
0 0 0 0 0
0 0 0 0 0
0 0 0 0 0
0 0 0 0 0
0 0 0 0 0
0 0 0 0 0
0 0 0 0 0
0 0 0 0 0
0 0 0 0 0
0 0 0 0 0
0 0 0 0 0
0 0 0 0 00 0 0 0 0 0 0 0 0 0 0 0 0 0 0
0 0 0 0 0 0 0 0 0 0 0 0 0 0 0
0 0 0 0 0 0 0 0 0 0 0 0 0 0 0
0 0 0 0 0 0 0 0 0 0 0 0 0 0 0
0 0 0 0 0 0 0 0 0 0 0 0 0 0 00.0208268 0.0208268 0.0208268 0.0208268 0.0208268
0.0208268 0.0208268 0.0208268 0.0208268 0.0208268
0.0208268 0.0208268 0.0208268 0.0208268 0.0208268
0.0208268 0.0208268 0.0208268 0.0208268 0.0208268
0.0208268 0.0208268 0.0208268 0.0208268 0.0208268
70	0 0 0 0 0
0 0 0 0 0
0 0 0 0 0
0 0 0 0 0
0 0 0 0 0
0 0 0 0 0
0 0 0 0 0
0 0 0 0 0
0 0 0 0 0
0 0 0 0 0
0 0 0 0 0
0 0 0 0 0
0 0 0 0 0
0 0 0 0 0
0 0 0 0 00 0 0 0 0 0 0 0 0 0 0 0 0 0 0
0 0 0 0 0 0 0 0 0 0 0 0 0 0 0
0 0 0 0 0 0 0 0 0 0 0 0 0 0 0
0 0 0 0 0 0 0 0 0 0 0 0 0 0 0
0 0 0 0 0 0 0 0 0 0 0 0 0 0 00.015153 0.015153 0.015153 0.015153 0.015153
0.015153 0.015153 0.015153 0.015153 0.015153
0.015153 0.015153 0.015153 0.015153 0.015153
0.015153 0.015153 0.015153 0.015153 0.015153
0.015153 0.015153 0.015153 0.015153 0.015153
71	0 0 0 0 0
0 0 0 0 0
0 0 0 0 0
0 0 0 0 0
0 0 0 0 0
0 0 0 0 0
0 0 0 0 0
0 0 0 0 0
0 0 0 0 0
0 0 0 0 0
0 0 0 0 0
0 0 0 0 0
0 0 0 0 0
0 0 0 0 0
0 0 0 0 00 0 0 0 0 0 0 0 0 0 0 0 0 0 0
0 0 0 0 0 0 0 0 0 0 0 0 0 0 0
0 0 0 0 0 0 0 0 0 0 0 0 0 0 0
0 0 0 0 0 0 0 0 0 0 0 0 0 0 0
0 0 0 0 0 0 0 0 0 0 0 0 0 0 00.0107141 0.0107141 0.0107141 0.0107141 0.0107141
0.0107141 0.0107141 0.0107141 0.0107141 0.0107141
0.0107141 0.0107141 0.0107141 0.0107141 0.0107141
0.0107141 0.0107141 0.0107141 0.0107141 0.0107141
0.0107141 0.0107141 0.0107141 0.0107141 0.0107141
72	0 0 0 0 0
0 0 0 0 0
0 0 0 0 0
0 0 0 0 0
0 0 0 0 0
0 0 0 0 0
0 0 0 0 0
0 0 0 0 0
0 0 0 0 0
0 0 0 0 0
0 0 0 0 0
0 0 0 0 0
0 0 0 0 0
0 0 0 0 0
0 0 0 0 00 0 0 0 0 0 0 0 0 0 0 0 0 0 0
0 0 0 0 0 0 0 0 0 0 0 0 0 0 0
0 0 0 0 0 0 0 0 0 0 0 0 0 0 0
0 0 0 0 0 0 0 0 0 0 0 0 0 0 0
0 0 0 0 0 0 0 0 0 0 0 0 0 0 00.00752513 0.00752513 0.00752513 0.00752513 0.00752513
0.00752513 0.00752513 0.00752513 0.00752513 0.00752513
0.00752513 0.00752513 0.00752513 0.00752513 0.00752513
0.00752513 0.00752513 0.00752513 0.00752513 0.00752513
0.00752513 0.00752513 0.00752513 0.00752513 0.00752513
73	0 0 0 0 0
0 0 0 0 0
0 0 0 0 0
0 0 0 0 0
0 0 0 0 0
0 0 0 0 0
0 0 0 0 0
0 0 0 0 0
0 0 0 0 0
0 0 0 0 0
0 0 0 0 0
0 0 0 0 0
0 0 0 0 0
0 0 0 0 0
0 0 0 0 00 0 0 0 0 0 0 0 0 0 0 0 0 0 0
0 0 0 0 0 0 0 0 0 0 0 0 0 0 0
0 0 0 0 0 0 0 0 0 0 0 0 0 0 0
0 0 0 0 0 0 0 0 0 0 0 0 0 0 0
0 0 0 0 0 0 0 0 0 0 0 0 0 0 00.00501237 0.00501237 0.00501237 0.00501237 0.00501237
0.00501237 0.00501237 0.00501237 0.00501237 0.00501237
0.00501237 0.00501237 0.00501237 0.00501237 0.00501237
0.00501237 0.00501237 0.00501237 0.00501237 0.00501237
0.00501237 0.00501237 0.00501237 0.00501237 0.00501237
74	0 0 0 0 0
0 0 0 0 0
0 0 0 0 0
0 0 0 0 0
0 0 0 0 0
0 0 0 0 0
0 0 0 0 0
0 0 0 0 0
0 0 0 0 0
0 0 0 0 0
0 0 0 0 0
0 0 0 0 0
0 0 0 0 0
0 0 0 0 0
0 0 0 0 00 0 0 0 0 0 0 0 0 0 0 0 0 0 0
0 0 0 0 0 0 0 0 0 0 0 0 0 0 0
0 0 0 0 0 0 0 0 0 0 0 0 0 0 0
0 0 0 0 0 0 0 0 0 0 0 0 0 0 0
0 0 0 0 0 0 0 0 0 0 0 0 0 0 00.00304817 0.00304817 0.00304817 0.00304817 0.00304817
0.00304817 0.00304817 0.00304817 0.00304817 0.00304817
0.00304817 0.00304817 0.00304817 0.00304817 0.00304817
0.00304817 0.00304817 0.00304817 0.00304817 0.00304817
0.00304817 0.00304817 0.00304817 0.00304817 0.00304817
75	0 0 0 0 0
0 0 0 0 0
0 0 0 0 0
0 0 0 0 0
0 0 0 0 0
0 0 0 0 0
0 0 0 0 0
0 0 0 0 0
0 0 0 0 0
0 0 0 0 0
0 0 0 0 0
0 0 0 0 0
0 0 0 0 0
0 0 0 0 0
0 0 0 0 00 0 0 0 0 0 0 0 0 0 0 0 0 0 0
0 0 0 0 0 0 0 0 0 0 0 0 0 0 0
0 0 0 0 0 0 0 0 0 0 0 0 0 0 0
0 0 0 0 0 0 0 0 0 0 0 0 0 0 0
0 0 0 0 0 0 0 0 0 0 0 0 0 0 00.00176459 0.00176459 0.00176459 0.00176459 0.00176459
0.00176459 0.00176459 0.00176459 0.00176459 0.00176459
0.00176459 0.00176459 0.00176459 0.00176459 0.00176459
0.00176459 0.00176459 0.00176459 0.00176459 0.00176459
0.00176459 0.00176459 0.00176459 0.00176459 0.00176459
76	0 0 0 0 0
0 0 0 0 0
0 0 0 0 0
0 0 0 0 0
0 0 0 0 0
0 0 0 0 0
0 0 0 0 0
0 0 0 0 0
0 0 0 0 0
0 0 0 0 0
0 0 0 0 0
0 0 0 0 0
0 0 0 0 0
0 0 0 0 0
0 0 0 0 00 0 0 0 0 0 0 0 0 0 0 0 0 0 0
0 0 0 0 0 0 0 0 0 0 0 0 0 0 0
0 0 0 0 0 0 0 0 0 0 0 0 0 0 0
0 0 0 0 0 0 0 0 0 0 0 0 0 0 0
0 0 0 0 0 0 0 0 0 0 0 0 0 0 00.000980976 0.000980976 0.000980976 0.000980976 0.000980976
0.000980976 0.000980976 0.000980976 0.000980976 0.000980976
0.000980976 0.000980976 0.000980976 0.000980976 0.000980976
0.000980976 0.000980976 0.000980976 0.000980976 0.000980976
0.000980976 0.000980976 0.000980976 0.000980976 0.000980976
77	0 0 0 0 0
0 0 0 0 0
0 0 0 0 0
0 0 0 0 0
0 0 0 0 0
0 0 0 0 0
0 0 0 0 0
0 0 0 0 0
0 0 0 0 0
0 0 0 0 0
0 0 0 0 0
0 0 0 0 0
0 0 0 0 0
0 0 0 0 0
0 0 0 0 00 0 0 0 0 0 0 0 0 0 0 0 0 0 0
0 0 0 0 0 0 0 0 0 0 0 0 0 0 0
0 0 0 0 0 0 0 0 0 0 0 0 0 0 0
0 0 0 0 0 0 0 0 0 0 0 0 0 0 0
0 0 0 0 0 0 0 0 0 0 0 0 0 0 00.000520611 0.000520611 0.000520611 0.000520611 0.000520611
0.000520611 0.000520611 0.000520611 0.000520611 0.000520611
0.000520611 0.000520611 0.000520611 0.000520611 0.000520611
0.000520611 0.000520611 0.000520611 0.000520611 0.000520611
0.000520611 0.000520611 0.000520611 0.000520611 0.000520611
78	0 0 0 0 0
0 0 0 0 0
0 0 0 0 0
0 0 0 0 0
0 0 0 0 0
0 0 0 0 0
0 0 0 0 0
0 0 0 0 0
0 0 0 0 0
0 0 0 0 0
0 0 0 0 0
0 0 0 0 0
0 0 0 0 0
0 0 0 0 0
0 0 0 0 00 0 0 0 0 0 0 0 0 0 0 0 0 0 0
0 0 0 0 0 0 0 0 0 0 0 0 0 0 0
0 0 0 0 0 0 0 0 0 0 0 0 0 0 0
0 0 0 0 0 0 0 0 0 0 0 0 0 0 0
0 0 0 0 0 0 0 0 0 0 0 0 0 0 00.000261228 0.000261228 0.000261228 0.000261228 0.000261228
0.000261228 0.000261228 0.000261228 0.000261228 0.000261228
0.000261228 0.000261228 0.000261228 0.000261228 0.000261228
0.000261228 0.000261228 0.000261228 0.000261228 0.000261228
0.000261228 0.000261228 0.000261228 0.000261228 0.000261228
79	0 0 0 0 0
0 0 0 0 0
0 0 0 0 0
0 0 0 0 0
0 0 0 0 0
0 0 0 0 0
0 0 0 0 0
0 0 0 0 0
0 0 0 0 0
0 0 0 0 0
0 0 0 0 0
0 0 0 0 0
0 0 0 0 0
0 0 0 0 0
0 0 0 0 00 0 0 0 0 0 0 0 0 0 0 0 0 0 0
0 0 0 0 0 0 0 0 0 0 0 0 0 0 0
0 0 0 0 0 0 0 0 0 0 0 0 0 0 0
0 0 0 0 0 0 0 0 0 0 0 0 0 0 0
0 0 0 0 0 0 0 0 0 0 0 0 0 0 00.000122673 0.000122673 0.000122673 0.000122673 0.000122673
0.000122673 0.000122673 0.000122673 0.000122673 0.000122673
0.000122673 0.000122673 0.000122673 0.000122673 0.000122673
0.000122673 0.000122673 0.000122673 0.000122673 0.000122673
0.000122673 0.000122673 0.000122673 0.000122673 0.000122673
80	0 0 0 0 0
0 0 0 0 0
0 0 0 0 0
0 0 0 0 0
0 0 0 0 0
0 0 0 0 0
0 0 0 0 0
0 0 0 0 0
0 0 0 0 0
0 0 0 0 0
0 0 0 0 0
0 0 0 0 0
0 0 0 0 0
0 0 0 0 0
0 0 0 0 00 0 0 0 0 0 0 0 0 0 0 0 0 0 0
0 0 0 0 0 0 0 0 0 0 0 0 0 0 0
0 0 0 0 0 0 0 0 0 0 0 0 0 0 0
0 0 0 0 0 0 0 0 0 0 0 0 0 0 0
0 0 0 0 0 0 0 0 0 0 0 0 0 0 05.3349e-05 5.3349e-05 5.3349e-05 5.3349e-05 5.3349e-05
5.3349e-05 5.3349e-05 5.3349e-05 5.3349e-05 5.3349e-05
5.3349e-05 5.3349e-05 5.3349e-05 5.3349e-05 5.3349e-05
5.3349e-05 5.3349e-05 5.3349e-05 5.3349e-05 5.3349e-05
5.3349e-05 5.3349e-05 5.3349e-05 5.3349e-05 5.3349e-05
81	0 0 0 0 0
0 0 0 0 0
0 0 0 0 0
0 0 0 0 0
0 0 0 0 0
0 0 0 0 0
0 0 0 0 0
0 0 0 0 0
0 0 0 0 0
0 0 0 0 0
0 0 0 0 0
0 0 0 0 0
0 0 0 0 0
0 0 0 0 0
0 0 0 0 00 0 0 0 0 0 0 0 0 0 0 0 0 0 0
0 0 0 0 0 0 0 0 0 0 0 0 0 0 0
0 0 0 0 0 0 0 0 0 0 0 0 0 0 0
0 0 0 0 0 0 0 0 0 0 0 0 0 0 0
0 0 0 0 0 0 0 0 0 0 0 0 0 0 02.12514e-05 2.12514e-05 2.12514e-05 2.12514e-05 2.12514e-05
2.12514e-05 2.12514e-05 2.12514e-05 2.12514e-05 2.12514e-05
2.12514e-05 2.12514e-05 2.12514e-05 2.12514e-05 2.12514e-05
2.12514e-05 2.12514e-05 2.12514e-05 2.12514e-05 2.12514e-05
2.12514e-05 2.12514e-05 2.12514e-05 2.12514e-05 2.12514e-05
82	0 0 0 0 0
0 0 0 0 0
0 0 0 0 0
0 0 0 0 0
0 0 0 0 0
0 0 0 0 0
0 0 0 0 0
0 0 0 0 0
0 0 0 0 0
0 0 0 0 0
0 0 0 0 0
0 0 0 0 0
0 0 0 0 0
0 0 0 0 0
0 0 0 0 00 0 0 0 0 0 0 0 0 0 0 0 0 0 0
0 0 0 0 0 0 0 0 0 0 0 0 0 0 0
0 0 0 0 0 0 0 0 0 0 0 0 0 0 0
0 0 0 0 0 0 0 0 0 0 0 0 0 0 0
0 0 0 0 0 0 0 0 0 0 0 0 0 0 07.66481e-06 7.66481e-06 7.66481e-06 7.66481e-06 7.66481e-06
7.66481e-06 7.66481e-06 7.66481e-06 7.66481e-06 7.66481e-06
7.66481e-06 7.66481e-06 7.66481e-06 7.66481e-06 7.66481e-06
7.66481e-06 7.66481e-06 7.66481e-06 7.66481e-06 7.66481e-06
7.66481e-06 7.66481e-06 7.66481e-06 7.66481e-06 7.66481e-06
83	0 0 0 0 0
0 0 0 0 0
0 0 0 0 0
0 0 0 0 0
0 0 0 0 0
0 0 0 0 0
0 0 0 0 0
0 0 0 0 0
0 0 0 0 0
0 0 0 0 0
0 0 0 0 0
0 0 0 0 0
0 0 0 0 0
0 0 0 0 0
0 0 0 0 00 0 0 0 0 0 0 0 0 0 0 0 0 0 0
0 0 0 0 0 0 0 0 0 0 0 0 0 0 0
0 0 0 0 0 0 0 0 0 0 0 0 0 0 0
0 0 0 0 0 0 0 0 0 0 0 0 0 0 0
0 0 0 0 0 0 0 0 0 0 0 0 0 0 02.47245e-06 2.47245e-06 2.47245e-06 2.47245e-06 2.47245e-06
2.47245e-06 2.47245e-06 2.47245e-06 2.47245e-06 2.47245e-06
2.47245e-06 2.47245e-06 2.47245e-06 2.47245e-06 2.47245e-06
2.47245e-06 2.47245e-06 2.47245e-06 2.47245e-06 2.47245e-06
2.47245e-06 2.47245e-06 2.47245e-06 2.47245e-06 2.47245e-06
84	0 0 0 0 0
0 0 0 0 0
0 0 0 0 0
0 0 0 0 0
0 0 0 0 0
0 0 0 0 0
0 0 0 0 0
0 0 0 0 0
0 0 0 0 0
0 0 0 0 0
0 0 0 0 0
0 0 0 0 0
0 0 0 0 0
0 0 0 0 0
0 0 0 0 00 0 0 0 0 0 0 0 0 0 0 0 0 0 0
0 0 0 0 0 0 0 0 0 0 0 0 0 0 0
0 0 0 0 0 0 0 0 0 0 0 0 0 0 0
0 0 0 0 0 0 0 0 0 0 0 0 0 0 0
0 0 0 0 0 0 0 0 0 0 0 0 0 0 07.03928e-07 7.03928e-07 7.03928e-07 7.03928e-07 7.03928e-07
7.03928e-07 7.03928e-07 7.03928e-07 7.03928e-07 7.03928e-07
7.03928e-07 7.03928e-07 7.03928e-07 7.03928e-07 7.03928e-07
7.03928e-07 7.03928e-07 7.03928e-07 7.03928e-07 7.03928e-07
7.03928e-07 7.03928e-07 7.03928e-07 7.03928e-07 7.03928e-07
85	0 0 0 0 0
0 0 0 0 0
0 0 0 0 0
0 0 0 0 0
0 0 0 0 0
0 0 0 0 0
0 0 0 0 0
0 0 0 0 0
0 0 0 0 0
0 0 0 0 0
0 0 0 0 0
0 0 0 0 0
0 0 0 0 0
0 0 0 0 0
0 0 0 0 00 0 0 0 0 0 0 0 0 0 0 0 0 0 0
0 0 0 0 0 0 0 0 0 0 0 0 0 0 0
0 0 0 0 0 0 0 0 0 0 0 0 0 0 0
0 0 0 0 0 0 0 0 0 0 0 0 0 0 0
0 0 0 0 0 0 0 0 0 0 0 0 0 0 01.74373e-07 1.74373e-07 1.74373e-07 1.74373e-07 1.74373e-07
1.74373e-07 1.74373e-07 1.74373e-07 1.74373e-07 1.74373e-07
1.74373e-07 1.74373e-07 1.74373e-07 1.74373e-07 1.74373e-07
1.74373e-07 1.74373e-07 1.74373e-07 1.74373e-07 1.74373e-07
1.74373e-07 1.74373e-07 1.74373e-07 1.74373e-07 1.74373e-07
86	0 0 0 0 0
0 0 0 0 0
0 0 0 0 0
0 0 0 0 0
0 0 0 0 0
0 0 0 0 0
0 0 0 0 0
0 0 0 0 0
0 0 0 0 0
0 0 0 0 0
0 0 0 0 0
0 0 0 0 0
0 0 0 0 0
0 0 0 0 0
0 0 0 0 00 0 0 0 0 0 0 0 0 0 0 0 0 0 0
0 0 0 0 0 0 0 0 0 0 0 0 0 0 0
0 0 0 0 0 0 0 0 0 0 0 0 0 0 0
0 0 0 0 0 0 0 0 0 0 0 0 0 0 0
0 0 0 0 0 0 0 0 0 0 0 0 0 0 03.69964e-08 3.69964e-08 3.69964e-08 3.69964e-08 3.69964e-08
3.69964e-08 3.69964e-08 3.69964e-08 3.69964e-08 3.69964e-08
3.69964e-08 3.69964e-08 3.69964e-08 3.69964e-08 3.69964e-08
3.69964e-08 3.69964e-08 3.69964e-08 3.69964e-08 3.69964e-08
3.69964e-08 3.69964e-08 3.69964e-08 3.69964e-08 3.69964e-08
87	0 0 0 0 0
0 0 0 0 0
0 0 0 0 0
0 0 0 0 0
0 0 0 0 0
0 0 0 0 0
0 0 0 0 0
0 0 0 0 0
0 0 0 0 0
0 0 0 0 0
0 0 0 0 0
0 0 0 0 0
0 0 0 0 0
0 0 0 0 0
0 0 0 0 00 0 0 0 0 0 0 0 0 0 0 0 0 0 0
0 0 0 0 0 0 0 0 0 0 0 0 0 0 0
0 0 0 0 0 0 0 0 0 0 0 0 0 0 0
0 0 0 0 0 0 0 0 0 0 0 0 0 0 0
0 0 0 0 0 0 0 0 0 0 0 0 0 0 06.60774e-09 6.60774e-09 6.60774e-09 6.60774e-09 6.60774e-09
6.60774e-09 6.60774e-09 6.60774e-09 6.60774e-09 6.60774e-09
6.60774e-09 6.60774e-09 6.60774e-09 6.60774e-09 6.60774e-09
6.60774e-09 6.60774e-09 6.60774e-09 6.60774e-09 6.60774e-09
6.60774e-09 6.60774e-09 6.60774e-09 6.60774e-09 6.60774e-09
88	0 0 0 0 0
0 0 0 0 0
0 0 0 0 0
0 0 0 0 0
0 0 0 0 0
0 0 0 0 0
0 0 0 0 0
0 0 0 0 0
0 0 0 0 0
0 0 0 0 0
0 0 0 0 0
0 0 0 0 0
0 0 0 0 0
0 0 0 0 0
0 0 0 0 00 0 0 0 0 0 0 0 0 0 0 0 0 0 0
0 0 0 0 0 0 0 0 0 0 0 0 0 0 0
0 0 0 0 0 0 0 0 0 0 0 0 0 0 0
0 0 0 0 0 0 0 0 0 0 0 0 0 0 0
0 0 0 0 0 0 0 0 0 0 0 0 0 0 09.74609e-10 9.74609e-10 9.74609e-10 9.74609e-10 9.74609e-10
9.74609e-10 9.74609e-10 9.74609e-10 9.74609e-10 9.74609e-10
9.74609e-10 9.74609e-10 9.74609e-10 9.74609e-10 9.74609e-10
9.74609e-10 9.74609e-10 9.74609e-10 9.74609e-10 9.74609e-10
9.74609e-10 9.74609e-10 9.74609e-10 9.74609e-10 9.74609e-10
89	0 0 0 0 0
0 0 0 0 0
0 0 0 0 0
0 0 0 0 0
0 0 0 0 0
0 0 0 0 0
0 0 0 0 0
0 0 0 0 0
0 0 0 0 0
0 0 0 0 0
0 0 0 0 0
0 0 0 0 0
0 0 0 0 0
0 0 0 0 0
0 0 0 0 00 0 0 0 0 0 0 0 0 0 0 0 0 0 0
0 0 0 0 0 0 0 0 0 0 0 0 0 0 0
0 0 0 0 0 0 0 0 0 0 0 0 0 0 0
0 0 0 0 0 0 0 0 0 0 0 0 0 0 0
0 0 0 0 0 0 0 0 0 0 0 0 0 0 01.16212e-10 1.16212e-10 1.16212e-10 1.16212e-10 1.16212e-10
1.16212e-10 1.16212e-10 1.16212e-10 1.16212e-10 1.16212e-10
1.16212e-10 1.16212e-10 1.16212e-10 1.16212e-10 1.16212e-10
1.16212e-10 1.16212e-10 1.16212e-10 1.16212e-10 1.16212e-10
1.16212e-10 1.16212e-10 1.16212e-10 1.16212e-10 1.16212e-10
90	0 0 0 0 0
0 0 0 0 0
0 0 0 0 0
0 0 0 0 0
0 0 0 0 0
0 0 0 0 0
0 0 0 0 0
0 0 0 0 0
0 0 0 0 0
0 0 0 0 0
0 0 0 0 0
0 0 0 0 0
0 0 0 0 0
0 0 0 0 0
0 0 0 0 00 0 0 0 0 0 0 0 0 0 0 0 0 0 0
0 0 0 0 0 0 0 0 0 0 0 0 0 0 0
0 0 0 0 0 0 0 0 0 0 0 0 0 0 0
0 0 0 0 0 0 0 0 0 0 0 0 0 0 0
0 0 0 0 0 0 0 0 0 0 0 0 0 0 01.09409e-11 1.09409e-11 1.09409e-11 1.09409e-11 1.09409e-11
1.09409e-11 1.09409e-11 1.09409e-11 1.09409e-11 1.09409e-11
1.09409e-11 1.09409e-11 1.09409e-11 1.09409e-11 1.09409e-11
1.09409e-11 1.09409e-11 1.09409e-11 1.09409e-11 1.09409e-11
1.09409e-11 1.09409e-11 1.09409e-11 1.09409e-11 1.09409e-11
91	0 0 0 0 0
0 0 0 0 0
0 0 0 0 0
0 0 0 0 0
0 0 0 0 0
0 0 0 0 0
0 0 0 0 0
0 0 0 0 0
0 0 0 0 0
0 0 0 0 0
0 0 0 0 0
0 0 0 0 0
0 0 0 0 0
0 0 0 0 0
0 0 0 0 00 0 0 0 0 0 0 0 0 0 0 0 0 0 0
0 0 0 0 0 0 0 0 0 0 0 0 0 0 0
0 0 0 0 0 0 0 0 0 0 0 0 0 0 0
0 0 0 0 0 0 0 0 0 0 0 0 0 0 0
0 0 0 0 0 0 0 0 0 0 0 0 0 0 07.92201e-13 7.92201e-13 7.92201e-13 7.92201e-13 7.92201e-13
7.92201e-13 7.92201e-13 7.92201e-13 7.92201e-13 7.92201e-13
7.92201e-13 7.92201e-13 7.92201e-13 7.92201e-13 7.92201e-13
7.92201e-13 7.92201e-13 7.92201e-13 7.92201e-13 7.92201e-13
7.92201e-13 7.92201e-13 7.92201e-13 7.92201e-13 7.92201e-13
92	0 0 0 0 0
0 0 0 0 0
0 0 0 0 0
0 0 0 0 0
0 0 0 0 0
0 0 0 0 0
0 0 0 0 0
0 0 0 0 0
0 0 0 0 0
0 0 0 0 0
0 0 0 0 0
0 0 0 0 0
0 0 0 0 0
0 0 0 0 0
0 0 0 0 00 0 0 0 0 0 0 0 0 0 0 0 0 0 0
0 0 0 0 0 0 0 0 0 0 0 0 0 0 0
0 0 0 0 0 0 0 0 0 0 0 0 0 0 0
0 0 0 0 0 0 0 0 0 0 0 0 0 0 0
0 0 0 0 0 0 0 0 0 0 0 0 0 0 04.28474e-14 4.28474e-14 4.28474e-14 4.28474e-14 4.28474e-14
4.28474e-14 4.28474e-14 4.28474e-14 4.28474e-14 4.28474e-14
4.28474e-14 4.28474e-14 4.28474e-14 4.28474e-14 4.28474e-14
4.28474e-14 4.28474e-14 4.28474e-14 4.28474e-14 4.28474e-14
4.28474e-14 4.28474e-14 4.28474e-14 4.28474e-14 4.28474e-14
93	0 0 0 0 0
0 0 0 0 0
0 0 0 0 0
0 0 0 0 0
0 0 0 0 0
0 0 0 0 0
0 0 0 0 0
0 0 0 0 0
0 0 0 0 0
0 0 0 0 0
0 0 0 0 0
0 0 0 0 0
0 0 0 0 0
0 0 0 0 0
0 0 0 0 00 0 0 0 0 0 0 0 0 0 0 0 0 0 0
0 0 0 0 0 0 0 0 0 0 0 0 0 0 0
0 0 0 0 0 0 0 0 0 0 0 0 0 0 0
0 0 0 0 0 0 0 0 0 0 0 0 0 0 0
0 0 0 0 0 0 0 0 0 0 0 0 0 0 01.67589e-15 1.67589e-15 1.67589e-15 1.67589e-15 1.67589e-15
1.67589e-15 1.67589e-15 1.67589e-15 1.67589e-15 1.67589e-15
1.67589e-15 1.67589e-15 1.67589e-15 1.67589e-15 1.67589e-15
1.67589e-15 1.67589e-15 1.67589e-15 1.67589e-15 1.67589e-15
1.67589e-15 1.67589e-15 1.67589e-15 1.67589e-15 1.67589e-15
94	0 0 0 0 0
0 0 0 0 0
0 0 0 0 0
0 0 0 0 0
0 0 0 0 0
0 0 0 0 0
0 0 0 0 0
0 0 0 0 0
0 0 0 0 0
0 0 0 0 0
0 0 0 0 0
0 0 0 0 0
0 0 0 0 0
0 0 0 0 0
0 0 0 0 00 0 0 0 0 0 0 0 0 0 0 0 0 0 0
0 0 0 0 0 0 0 0 0 0 0 0 0 0 0
0 0 0 0 0 0 0 0 0 0 0 0 0 0 0
0 0 0 0 0 0 0 0 0 0 0 0 0 0 0
0 0 0 0 0 0 0 0 0 0 0 0 0 0 04.57256e-17 4.57256e-17 4.57256e-17 4.57256e-17 4.57256e-17
4.57256e-17 4.57256e-17 4.57256e-17 4.57256e-17 4.57256e-17
4.57256e-17 4.57256e-17 4.57256e-17 4.57256e-17 4.57256e-17
4.57256e-17 4.57256e-17 4.57256e-17 4.57256e-17 4.57256e-17
4.57256e-17 4.57256e-17 4.57256e-17 4.57256e-17 4.57256e-17
95	0 0 0 0 0
0 0 0 0 0
0 0 0 0 0
0 0 0 0 0
0 0 0 0 0
0 0 0 0 0
0 0 0 0 0
0 0 0 0 0
0 0 0 0 0
0 0 0 0 0
0 0 0 0 0
0 0 0 0 0
0 0 0 0 0
0 0 0 0 0
0 0 0 0 00 0 0 0 0 0 0 0 0 0 0 0 0 0 0
0 0 0 0 0 0 0 0 0 0 0 0 0 0 0
0 0 0 0 0 0 0 0 0 0 0 0 0 0 0
0 0 0 0 0 0 0 0 0 0 0 0 0 0 0
0 0 0 0 0 0 0 0 0 0 0 0 0 0 08.36151e-19 8.36151e-19 8.36151e-19 8.36151e-19 8.36151e-19
8.36151e-19 8.36151e-19 8.36151e-19 8.36151e-19 8.36151e-19
8.36151e-19 8.36151e-19 8.36151e-19 8.36151e-19 8.36151e-19
8.36151e-19 8.36151e-19 8.36151e-19 8.36151e-19 8.36151e-19
8.36151e-19 8.36151e-19 8.36151e-19 8.36151e-19 8.36151e-19
96	0 0 0 0 0
0 0 0 0 0
0 0 0 0 0
0 0 0 0 0
0 0 0 0 0
0 0 0 0 0
0 0 0 0 0
0 0 0 0 0
0 0 0 0 0
0 0 0 0 0
0 0 0 0 0
0 0 0 0 0
0 0 0 0 0
0 0 0 0 0
0 0 0 0 00 0 0 0 0 0 0 0 0 0 0 0 0 0 0
0 0 0 0 0 0 0 0 0 0 0 0 0 0 0
0 0 0 0 0 0 0 0 0 0 0 0 0 0 0
0 0 0 0 0 0 0 0 0 0 0 0 0 0 0
0 0 0 0 0 0 0 0 0 0 0 0 0 0 09.80196e-21 9.80196e-21 9.80196e-21 9.80196e-21 9.80196e-21
9.80196e-21 9.80196e-21 9.80196e-21 9.80196e-21 9.80196e-21
9.80196e-21 9.80196e-21 9.80196e-21 9.80196e-21 9.80196e-21
9.80196e-21 9.80196e-21 9.80196e-21 9.80196e-21 9.80196e-21
9.80196e-21 9.80196e-21 9.80196e-21 9.80196e-21 9.80196e-21
97	0 0 0 0 0
0 0 0 0 0
0 0 0 0 0
0 0 0 0 0
0 0 0 0 0
0 0 0 0 0
0 0 0 0 0
0 0 0 0 0
0 0 0 0 0
0 0 0 0 0
0 0 0 0 0
0 0 0 0 0
0 0 0 0 0
0 0 0 0 0
0 0 0 0 00 0 0 0 0 0 0 0 0 0 0 0 0 0 0
0 0 0 0 0 0 0 0 0 0 0 0 0 0 0
0 0 0 0 0 0 0 0 0 0 0 0 0 0 0
0 0 0 0 0 0 0 0 0 0 0 0 0 0 0
0 0 0 0 0 0 0 0 0 0 0 0 0 0 07.01114e-23 7.01114e-23 7.01114e-23 7.01114e-23 7.01114e-23
7.01114e-23 7.01114e-23 7.01114e-23 7.01114e-23 7.01114e-23
7.01114e-23 7.01114e-23 7.01114e-23 7.01114e-23 7.01114e-23
7.01114e-23 7.01114e-23 7.01114e-23 7.01114e-23 7.01114e-23
7.01114e-23 7.01114e-23 7.01114e-23 7.01114e-23 7.01114e-23
98	0 0 0 0 0
0 0 0 0 0
0 0 0 0 0
0 0 0 0 0
0 0 0 0 0
0 0 0 0 0
0 0 0 0 0
0 0 0 0 0
0 0 0 0 0
0 0 0 0 0
0 0 0 0 0
0 0 0 0 0
0 0 0 0 0
0 0 0 0 0
0 0 0 0 00 0 0 0 0 0 0 0 0 0 0 0 0 0 0
0 0 0 0 0 0 0 0 0 0 0 0 0 0 0
0 0 0 0 0 0 0 0 0 0 0 0 0 0 0
0 0 0 0 0 0 0 0 0 0 0 0 0 0 0
0 0 0 0 0 0 0 0 0 0 0 0 0 0 02.8965e-25 2.8965e-25 2.8965e-25 2.8965e-25 2.8965e-25
2.8965e-25 2.8965e-25 2.8965e-25 2.8965e-25 2.8965e-25
2.8965e-25 2.8965e-25 2.8965e-25 2.8965e-25 2.8965e-25
2.8965e-25 2.8965e-25 2.8965e-25 2.8965e-25 2.8965e-25
2.8965e-25 2.8965e-25 2.8965e-25 2.8965e-25 2.8965e-25
99	0 0 0 0 0
0 0 0 0 0
0 0 0 0 0
0 0 0 0 0
0 0 0 0 0
0 0 0 0 0
0 0 0 0 0
0 0 0 0 0
0 0 0 0 0
0 0 0 0 0
0 0 0 0 0
0 0 0 0 0
0 0 0 0 0
0 0 0 0 0
0 0 0 0 00 0 0 0 0 0 0 0 0 0 0 0 0 0 0
0 0 0 0 0 0 0 0 0 0 0 0 0 0 0
0 0 0 0 0 0 0 0 0 0 0 0 0 0 0
0 0 0 0 0 0 0 0 0 0 0 0 0 0 0
0 0 0 0 0 0 0 0 0 0 0 0 0 0 06.50246e-28 6.50246e-28 6.50246e-28 6.50246e-28 6.50246e-28
6.50246e-28 6.50246e-28 6.50246e-28 6.50246e-28 6.50246e-28
6.50246e-28 6.50246e-28 6.50246e-28 6.50246e-28 6.50246e-28
6.50246e-28 6.50246e-28 6.50246e-28 6.50246e-28 6.50246e-28
6.50246e-28 6.50246e-28 6.50246e-28 6.50246e-28 6.50246e-28
100	0 0 0 0 0
0 0 0 0 0
0 0 0 0 0
0 0 0 0 0
0 0 0 0 0
0 0 0 0 0
0 0 0 0 0
0 0 0 0 0
0 0 0 0 0
0 0 0 0 0
0 0 0 0 0
0 0 0 0 0
0 0 0 0 0
0 0 0 0 0
0 0 0 0 00 0 0 0 0 0 0 0 0 0 0 0 0 0 0
0 0 0 0 0 0 0 0 0 0 0 0 0 0 0
0 0 0 0 0 0 0 0 0 0 0 0 0 0 0
0 0 0 0 0 0 0 0 0 0 0 0 0 0 0
0 0 0 0 0 0 0 0 0 0 0 0 0 0 07.41263e-31 7.41263e-31 7.41263e-31 7.41263e-31 7.41263e-31
7.41263e-31 7.41263e-31 7.41263e-31 7.41263e-31 7.41263e-31
7.41263e-31 7.41263e-31 7.41263e-31 7.41263e-31 7.41263e-31
7.41263e-31 7.41263e-31 7.41263e-31 7.41263e-31 7.41263e-31
7.41263e-31 7.41263e-31 7.41263e-31 7.41263e-31 7.41263e-31
101	0 0 0 0 0
0 0 0 0 0
0 0 0 0 0
0 0 0 0 0
0 0 0 0 0
0 0 0 0 0
0 0 0 0 0
0 0 0 0 0
0 0 0 0 0
0 0 0 0 0
0 0 0 0 0
0 0 0 0 0
0 0 0 0 0
0 0 0 0 0
0 0 0 0 00 0 0 0 0 0 0 0 0 0 0 0 0 0 0
0 0 0 0 0 0 0 0 0 0 0 0 0 0 0
0 0 0 0 0 0 0 0 0 0 0 0 0 0 0
0 0 0 0 0 0 0 0 0 0 0 0 0 0 0
0 0 0 0 0 0 0 0 0 0 0 0 0 0 03.97974e-34 3.97974e-34 3.97974e-34 3.97974e-34 3.97974e-34
3.97974e-34 3.97974e-34 3.97974e-34 3.97974e-34 3.97974e-34
3.97974e-34 3.97974e-34 3.97974e-34 3.97974e-34 3.97974e-34
3.97974e-34 3.97974e-34 3.97974e-34 3.97974e-34 3.97974e-34
3.97974e-34 3.97974e-34 3.97974e-34 3.97974e-34 3.97974e-34
102	0 0 0 0 0
0 0 0 0 0
0 0 0 0 0
0 0 0 0 0
0 0 0 0 0
0 0 0 0 0
0 0 0 0 0
0 0 0 0 0
0 0 0 0 0
0 0 0 0 0
0 0 0 0 0
0 0 0 0 0
0 0 0 0 0
0 0 0 0 0
0 0 0 0 00 0 0 0 0 0 0 0 0 0 0 0 0 0 0
0 0 0 0 0 0 0 0 0 0 0 0 0 0 0
0 0 0 0 0 0 0 0 0 0 0 0 0 0 0
0 0 0 0 0 0 0 0 0 0 0 0 0 0 0
0 0 0 0 0 0 0 0 0 0 0 0 0 0 09.2553e-38 9.2553e-38 9.2553e-38 9.2553e-38 9.2553e-38
9.2553e-38 9.2553e-38 9.2553e-38 9.2553e-38 9.2553e-38
9.2553e-38 9.2553e-38 9.2553e-38 9.2553e-38 9.2553e-38
9.2553e-38 9.2553e-38 9.2553e-38 9.2553e-38 9.2553e-38
9.2553e-38 9.2553e-38 9.2553e-38 9.2553e-38 9.2553e-38
103	0 0 0 0 0
0 0 0 0 0
0 0 0 0 0
0 0 0 0 0
0 0 0 0 0
0 0 0 0 0
0 0 0 0 0
0 0 0 0 0
0 0 0 0 0
0 0 0 0 0
0 0 0 0 0
0 0 0 0 0
0 0 0 0 0
0 0 0 0 0
0 0 0 0 00 0 0 0 0 0 0 0 0 0 0 0 0 0 0
0 0 0 0 0 0 0 0 0 0 0 0 0 0 0
0 0 0 0 0 0 0 0 0 0 0 0 0 0 0
0 0 0 0 0 0 0 0 0 0 0 0 0 0 0
0 0 0 0 0 0 0 0 0 0 0 0 0 0 08.49588e-42 8.49588e-42 8.49588e-42 8.49588e-42 8.49588e-42
8.49588e-42 8.49588e-42 8.49588e-42 8.49588e-42 8.49588e-42
8.49588e-42 8.49588e-42 8.49588e-42 8.49588e-42 8.49588e-42
8.49588e-42 8.49588e-42 8.49588e-42 8.49588e-42 8.49588e-42
8.49588e-42 8.49588e-42 8.49588e-42 8.49588e-42 8.49588e-42
104	0 0 0 0 0
0 0 0 0 0
0 0 0 0 0
0 0 0 0 0
0 0 0 0 0
0 0 0 0 0
0 0 0 0 0
0 0 0 0 0
0 0 0 0 0
0 0 0 0 0
0 0 0 0 0
0 0 0 0 0
0 0 0 0 0
0 0 0 0 0
0 0 0 0 00 0 0 0 0 0 0 0 0 0 0 0 0 0 0
0 0 0 0 0 0 0 0 0 0 0 0 0 0 0
0 0 0 0 0 0 0 0 0 0 0 0 0 0 0
0 0 0 0 0 0 0 0 0 0 0 0 0 0 0
0 0 0 0 0 0 0 0 0 0 0 0 0 0 02.7762e-46 2.7762e-46 2.7762e-46 2.7762e-46 2.7762e-46
2.7762e-46 2.7762e-46 2.7762e-46 2.7762e-46 2.7762e-46
2.7762e-46 2.7762e-46 2.7762e-46 2.7762e-46 2.7762e-46
2.7762e-46 2.7762e-46 2.7762e-46 2.7762e-46 2.7762e-46
2.7762e-46 2.7762e-46 2.7762e-46 2.7762e-46 2.7762e-46
105	0 0 0 0 0
0 0 0 0 0
0 0 0 0 0
0 0 0 0 0
0 0 0 0 0
0 0 0 0 0
0 0 0 0 0
0 0 0 0 0
0 0 0 0 0
0 0 0 0 0
0 0 0 0 0
0 0 0 0 0
0 0 0 0 0
0 0 0 0 0
0 0 0 0 00 0 0 0 0 0 0 0 0 0 0 0 0 0 0
0 0 0 0 0 0 0 0 0 0 0 0 0 0 0
0 0 0 0 0 0 0 0 0 0 0 0 0 0 0
0 0 0 0 0 0 0 0 0 0 0 0 0 0 0
0 0 0 0 0 0 0 0 0 0 0 0 0 0 02.87922e-51 2.87922e-51 2.87922e-51 2.87922e-51 2.87922e-51
2.87922e-51 2.87922e-51 2.87922e-51 2.87922e-51 2.87922e-51
2.87922e-51 2.87922e-51 2.87922e-51 2.87922e-51 2.87922e-51
2.87922e-51 2.87922e-51 2.87922e-51 2.87922e-51 2.87922e-51
2.87922e-51 2.87922e-51 2.87922e-51 2.87922e-51 2.87922e-51
106	0 0 0 0 0
0 0 0 0 0
0 0 0 0 0
0 0 0 0 0
0 0 0 0 0
0 0 0 0 0
0 0 0 0 0
0 0 0 0 0
0 0 0 0 0
0 0 0 0 0
0 0 0 0 0
0 0 0 0 0
0 0 0 0 0
0 0 0 0 0
0 0 0 0 00 0 0 0 0 0 0 0 0 0 0 0 0 0 0
0 0 0 0 0 0 0 0 0 0 0 0 0 0 0
0 0 0 0 0 0 0 0 0 0 0 0 0 0 0
0 0 0 0 0 0 0 0 0 0 0 0 0 0 0
0 0 0 0 0 0 0 0 0 0 0 0 0 0 08.34262e-57 8.34262e-57 8.34262e-57 8.34262e-57 8.34262e-57
8.34262e-57 8.34262e-57 8.34262e-57 8.34262e-57 8.34262e-57
8.34262e-57 8.34262e-57 8.34262e-57 8.34262e-57 8.34262e-57
8.34262e-57 8.34262e-57 8.34262e-57 8.34262e-57 8.34262e-57
8.34262e-57 8.34262e-57 8.34262e-57 8.34262e-57 8.34262e-57
107	0 0 0 0 0
0 0 0 0 0
0 0 0 0 0
0 0 0 0 0
0 0 0 0 0
0 0 0 0 0
0 0 0 0 0
0 0 0 0 0
0 0 0 0 0
0 0 0 0 0
0 0 0 0 0
0 0 0 0 0
0 0 0 0 0
0 0 0 0 0
0 0 0 0 00 0 0 0 0 0 0 0 0 0 0 0 0 0 0
0 0 0 0 0 0 0 0 0 0 0 0 0 0 0
0 0 0 0 0 0 0 0 0 0 0 0 0 0 0
0 0 0 0 0 0 0 0 0 0 0 0 0 0 0
0 0 0 0 0 0 0 0 0 0 0 0 0 0 05.86137e-63 5.86137e-63 5.86137e-63 5.86137e-63 5.86137e-63
5.86137e-63 5.86137e-63 5.86137e-63 5.86137e-63 5.86137e-63
5.86137e-63 5.86137e-63 5.86137e-63 5.86137e-63 5.86137e-63
5.86137e-63 5.86137e-63 5.86137e-63 5.86137e-63 5.86137e-63
5.86137e-63 5.86137e-63 5.86137e-63 5.86137e-63 5.86137e-63
108	0 0 0 0 0
0 0 0 0 0
0 0 0 0 0
0 0 0 0 0
0 0 0 0 0
0 0 0 0 0
0 0 0 0 0
0 0 0 0 0
0 0 0 0 0
0 0 0 0 0
0 0 0 0 0
0 0 0 0 0
0 0 0 0 0
0 0 0 0 0
0 0 0 0 00 0 0 0 0 0 0 0 0 0 0 0 0 0 0
0 0 0 0 0 0 0 0 0 0 0 0 0 0 0
0 0 0 0 0 0 0 0 0 0 0 0 0 0 0
0 0 0 0 0 0 0 0 0 0 0 0 0 0 0
0 0 0 0 0 0 0 0 0 0 0 0 0 0 08.53092e-70 8.53092e-70 8.53092e-70 8.53092e-70 8.53092e-70
8.53092e-70 8.53092e-70 8.53092e-70 8.53092e-70 8.53092e-70
8.53092e-70 8.53092e-70 8.53092e-70 8.53092e-70 8.53092e-70
8.53092e-70 8.53092e-70 8.53092e-70 8.53092e-70 8.53092e-70
8.53092e-70 8.53092e-70 8.53092e-70 8.53092e-70 8.53092e-70
109	0 0 0 0 0
0 0 0 0 0
0 0 0 0 0
0 0 0 0 0
0 0 0 0 0
0 0 0 0 0
0 0 0 0 0
0 0 0 0 0
0 0 0 0 0
0 0 0 0 0
0 0 0 0 0
0 0 0 0 0
0 0 0 0 0
0 0 0 0 0
0 0 0 0 00 0 0 0 0 0 0 0 0 0 0 0 0 0 0
0 0 0 0 0 0 0 0 0 0 0 0 0 0 0
0 0 0 0 0 0 0 0 0 0 0 0 0 0 0
0 0 0 0 0 0 0 0 0 0 0 0 0 0 0
0 0 0 0 0 0 0 0 0 0 0 0 0 0 02.15936e-77 2.15936e-77 2.15936e-77 2.15936e-77 2.15936e-77
2.15936e-77 2.15936e-77 2.15936e-77 2.15936e-77 2.15936e-77
2.15936e-77 2.15936e-77 2.15936e-77 2.15936e-77 2.15936e-77
2.15936e-77 2.15936e-77 2.15936e-77 2.15936e-77 2.15936e-77
2.15936e-77 2.15936e-77 2.15936e-77 2.15936e-77 2.15936e-77
110	0 0 0 0 0
0 0 0 0 0
0 0 0 0 0
0 0 0 0 0
0 0 0 0 0
0 0 0 0 0
0 0 0 0 0
0 0 0 0 0
0 0 0 0 0
0 0 0 0 0
0 0 0 0 0
0 0 0 0 0
0 0 0 0 0
0 0 0 0 0
0 0 0 0 00 0 0 0 0 0 0 0 0 0 0 0 0 0 0
0 0 0 0 0 0 0 0 0 0 0 0 0 0 0
0 0 0 0 0 0 0 0 0 0 0 0 0 0 0
0 0 0 0 0 0 0 0 0 0 0 0 0 0 0
0 0 0 0 0 0 0 0 0 0 0 0 0 0 07.82673e-86 7.82673e-86 7.82673e-86 7.82673e-86 7.82673e-86
7.82673e-86 7.82673e-86 7.82673e-86 7.82673e-86 7.82673e-86
7.82673e-86 7.82673e-86 7.82673e-86 7.82673e-86 7.82673e-86
7.82673e-86 7.82673e-86 7.82673e-86 7.82673e-86 7.82673e-86
7.82673e-86 7.82673e-86 7.82673e-86 7.82673e-86 7.82673e-86