
1	76.1699	63.8416	101.972	111.418	92.5651	33.9823	44.2204	52.982	46.0793	31.3401	1	1	1	1	1	
2	76.1687	63.8401	101.971	111.417	92.5647	33.9817	44.2176	52.9832	46.0782	31.3393	1	1	1	1	1	
3	76.1685	63.8399	101.971	111.416	92.5644	33.9816	44.2173	52.983	46.0781	31.3391	1	1	1	1	1	
4	76.1683	63.8396	101.971	111.416	92.5641	33.9815	44.217	52.9829	46.0779	31.339	1	1	1	1	1	
5	76.1681	63.8394	101.971	111.415	92.5638	33.9814	44.2166	52.9827	46.0777	31.3388	1	1	1	1	1	
6	76.168	63.8391	101.97	111.414	92.5635	33.9813	44.2163	52.9825	46.0775	31.3387	1	1	1	1	1	
7	76.1678	63.8389	101.97	111.414	92.5632	33.9812	44.216	52.9824	46.0774	31.3385	1	1	1	1	1	
8	76.1676	63.8386	101.97	111.413	92.5629	33.9811	44.2156	52.9822	46.0772	31.3384	1	1	1	1	1	
9	76.1674	63.8383	101.97	111.413	92.5625	33.981	44.2153	52.982	46.077	31.3382	1	1	1	1	1	
10	76.1672	63.8381	101.969	111.412	92.5622	33.9809	44.2149	52.9819	46.0768	31.3381	1	1	1	1	1	
11	76.167	63.8378	101.969	111.411	92.5619	33.9808	44.2146	52.9817	46.0767	31.3379	1	1	1	1	1	
12	76.1668	63.8375	101.969	111.411	92.5615	33.9807	44.2142	52.9815	46.0765	31.3377	1	1	1	1	1	
13	76.1666	63.8373	101.969	111.41	92.5612	33.9806	44.2139	52.9813	46.0763	31.3376	1	1	1	1	1	
14	76.1664	63.837	101.968	111.409	92.5608	33.9805	44.2135	52.9812	46.0761	31.3374	1	1	1	1	1	
15	76.1662	63.8367	101.968	111.409	92.5605	33.9804	44.2132	52.981	46.0759	31.3372	1	1	1	1	1	
16	76.166	63.8364	101.968	111.408	92.5602	33.9803	44.2128	52.9808	46.0757	31.3371	1	1	1	1	1	
17	76.1658	63.8362	101.968	111.407	92.5598	33.9802	44.2124	52.9806	46.0755	31.3369	1	1	1	1	1	
18	76.1656	63.8359	101.967	111.407	92.5594	33.9801	44.2121	52.9804	46.0753	31.3367	1	1	1	1	1	
19	76.1654	63.8356	101.967	111.406	92.5591	33.98	44.2117	52.9802	46.0751	31.3366	1	1	1	1	1	
20	76.1652	63.8353	101.967	111.405	92.5587	33.9799	44.2113	52.9801	46.075	31.3364	1	1	1	1	1	
21	76.1649	63.835	101.967	111.405	92.5584	33.9798	44.2109	52.9799	46.0748	31.3362	1	1	1	1	1	
22	76.1647	63.8347	101.966	111.404	92.558	33.9797	44.2105	52.9797	46.0745	31.336	1	1	1	1	1	
23	76.1645	63.8344	101.966	111.403	92.5576	33.9796	44.2101	52.9795	46.0743	31.3359	1	1	1	1	1	
24	76.1643	63.8341	101.966	111.402	92.5572	33.9794	44.2097	52.9793	46.0741	31.3357	1	1	1	1	1	
25	76.1641	63.8338	101.965	111.402	92.5568	33.9793	44.2093	52.9791	46.0739	31.3355	1	1	1	1	1	
26	76.1638	63.8335	101.965	111.401	92.5565	33.9792	44.2089	52.9789	46.0737	31.3353	1	1	1	1	1	
27	76.1636	63.8332	101.965	111.4	92.5561	33.9791	44.2085	52.9787	46.0735	31.3351	1	1	1	1	1	
28	76.1634	63.8328	101.964	111.399	92.5557	33.979	44.2081	52.9785	46.0733	31.3349	1	1	1	1	1	
29	76.1632	63.8325	101.964	111.399	92.5553	33.9789	44.2077	52.9783	46.0731	31.3347	1	1	1	1	1	
30	76.1629	63.8322	101.964	111.398	92.5549	33.9788	44.2073	52.9781	46.0729	31.3345	1	1	1	1	1	
31	76.1627	63.8319	101.964	111.397	92.5545	33.9786	44.2068	52.9778	46.0726	31.3343	1	1	1	1	1	
32	76.1624	63.8315	101.963	111.396	92.554	33.9785	44.2064	52.9776	46.0724	31.3341	1	1	1	1	1	
33	76.1622	63.8312	101.963	111.396	92.5536	33.9784	44.206	52.9774	46.0722	31.3339	1	1	1	1	1	
34	76.162	63.8309	101.963	111.395	92.5532	33.9783	44.2055	52.9772	46.072	31.3337	1	1	1	1	1	
35	76.1617	63.8305	101.962	111.394	92.5528	33.9781	44.2051	52.977	46.0717	31.3335	1	1	1	1	1	
36	76.1615	63.8302	101.962	111.393	92.5524	33.978	44.2047	52.9768	46.0715	31.3333	1	1	1	1	1	
37	76.1612	63.8298	101.962	111.392	92.5519	33.9779	44.2042	52.9765	46.0713	31.3331	1	1	1	1	1	
38	76.1609	63.8295	101.961	111.391	92.5515	33.9778	44.2037	52.9763	46.071	31.3329	1	1	1	1	1	
39	76.1607	63.8291	101.961	111.391	92.5511	33.9776	44.2033	52.9761	46.0708	31.3327	1	1	1	1	1	
40	76.1604	63.8288	101.961	111.39	92.5506	33.9775	44.2028	52.9758	46.0705	31.3325	1	1	1	1	1	
41	76.1602	63.8284	101.96	111.389	92.5502	33.9774	44.2023	52.9756	46.0703	31.3323	1	1	1	1	1	
42	76.1599	63.8281	101.96	111.388	92.5497	33.9772	44.2019	52.9754	46.07	31.3321	1	1	1	1	1	
43	76.1596	63.8277	101.96	111.387	92.5492	33.9771	44.2014	52.9751	46.0698	31.3318	1	1	1	1	1	
44	76.1594	63.8273	101.959	111.386	92.5488	33.977	44.2009	52.9749	46.0695	31.3316	1	1	1	1	1	
45	76.1591	63.8269	101.959	111.385	92.5483	33.9768	44.2004	52.9747	46.0693	31.3314	1	1	1	1	1	
46	76.1588	63.8266	101.959	111.384	92.5478	33.9767	44.1999	52.9744	46.069	31.3312	1	1	1	1	1	
47	76.1585	63.8262	101.958	111.383	92.5474	33.9765	44.1994	52.9742	46.0688	31.3309	1	1	1	1	1	
48	76.1583	63.8258	101.958	111.383	92.5469	33.9764	44.1989	52.9739	46.0685	31.3307	1	1	1	1	1	
49	76.158	63.8254	101.957	111.382	92.5464	33.9763	44.1984	52.9737	46.0682	31.3305	1	1	1	1	1	
50	76.1577	63.825	101.957	111.381	92.5459	33.9761	44.1979	52.9734	46.068	31.3302	1	1	1	1	1	
51	76.1574	63.8246	101.957	111.38	92.5454	33.976	44.1974	52.9731	46.0677	31.33	1	1	1	1	1	
52	76.1571	63.8242	101.956	111.379	92.5449	33.9758	44.1968	52.9729	46.0674	31.3298	1	1	1	1	1	
53	76.1568	63.8238	101.956	111.378	92.5444	33.9757	44.1963	52.9726	46.0672	31.3295	1	1	1	1	1	
54	76.1565	63.8234	101.955	111.377	92.5439	33.9755	44.1958	52.9724	46.0669	31.3293	1	1	1	1	1	
55	76.1562	63.823	101.955	111.376	92.5434	33.9754	44.1952	52.9721	46.0666	31.329	1	1	1	1	1	
56	76.1559	63.8225	101.955	111.375	92.5428	33.9752	44.1947	52.9718	46.0663	31.3288	1	1	1	1	1	
57	76.1556	63.8221	101.954	111.374	92.5423	33.9751	44.1941	52.9715	46.066	31.3285	1	1	1	1	1	
58	76.1553	63.8217	101.954	111.373	92.5418	33.9749	44.1936	52.9713	46.0657	31.3283	1	1	1	1	1	
59	76.155	63.8213	101.953	111.372	92.5412	33.9747	44.193	52.971	46.0654	31.328	1	1	1	1	1	
60	76.1546	63.8208	101.953	111.371	92.5407	33.9746	44.1924	52.9707	46.0651	31.3277	1	1	1	1	1	
61	76.1543	63.8204	101.953	111.37	92.5401	33.9744	44.1918	52.9704	46.0648	31.3275	1	1	1	1	1	
62	76.154	63.8199	101.952	111.369	92.5396	33.9743	44.1913	52.9701	46.0645	31.3272	1	1	1	1	1	
63	76.1537	63.8195	101.952	111.367	92.539	33.9741	44.1907	52.9698	46.0642	31.3269	1	1	1	1	1	
64	76.1533	63.819	101.951	111.366	92.5384	33.9739	44.1901	52.9695	46.0639	31.3267	1	1	1	1	1	
65	76.153	63.8186	101.951	111.365	92.5379	33.9738	44.1895	52.9692	46.0636	31.3264	1	1	1	1	1	
66	76.1527	63.8181	101.95	111.364	92.5373	33.9736	44.1889	52.9689	46.0633	31.3261	1	1	1	1	1	
67	76.1523	63.8176	101.95	111.363	92.5367	33.9734	44.1883	52.9686	46.063	31.3258	1	1	1	1	1	
68	76.152	63.8172	101.95	111.362	92.5361	33.9732	44.1876	52.9683	46.0627	31.3256	1	1	1	1	1	
69	76.1516	63.8167	101.949	111.361	92.5355	33.9731	44.187	52.968	46.0623	31.3253	1	1	1	1	1	
70	76.1513	63.8162	101.949	111.36	92.5349	33.9729	44.1864	52.9677	46.062	31.325	1	1	1	1	1	
71	76.1509	63.8157	101.948	111.358	92.5343	33.9727	44.1857	52.9674	46.0617	31.3247	1	1	1	1	1	
72	76.1506	63.8152	101.948	111.357	92.5337	33.9725	44.1851	52.9671	46.0613	31.3244	1	1	1	1	1	
73	76.1502	63.8147	101.947	111.356	92.5331	33.9723	44.1845	52.9667	46.061	31.3241	1	1	1	1	1	
74	76.1498	63.8142	101.947	111.355	92.5324	33.9722	44.1838	52.9664	46.0607	31.3238	1	1	1	1	1	
75	76.1495	63.8137	101.946	111.354	92.5318	33.972	44.1831	52.9661	46.0603	31.3235	1	1	1	1	1	
76	76.1491	63.8132	101.946	111.352	92.5312	33.9718	44.1825	52.9658	46.06	31.3232	1	1	1	1	1	
77	76.1487	63.8127	101.945	111.351	92.5305	33.9716	44.1818	52.9654	46.0596	31.3229	1	1	1	1	1	
78	76.1483	63.8121	101.945	111.35	92.5298	33.9714	44.1811	52.9651	46.0593	31.3226	1	1	1	1	1	
79	76.1479	63.8116	101.944	111.349	92.5292	33.9712	44.1804	52.9647	46.0589	31.3222	1	1	1	1	1	
80	76.1475	63.8111	101.944	111.347	92.5285	33.971	44.1797	52.9644	46.0585	31.3219	1	1	1	1	1	
81	76.1471	63.8105	101.943	111.346	92.5278	33.9708	44.179	52.964	46.0582	31.3216	1	1	1	1	1	
82	76.1467	63.81	101.943	111.345	92.5272	33.9706	44.1783	52.9637	46.0578	31.3213	1	1	1	1	1	
83	76.1463	63.8094	101.942	111.343	92.5265	33.9704	44.1776	52.9633	46.0574	31.3209	1	1	1	1	1	
84	76.1459	63.8089	101.942	111.342	92.5258	33.9702	44.1768	52.963	46.057	31.3206	1	1	1	1	1	
85	76.1455	63.8083	101.941	111.341	92.5251	33.97	44.1761	52.9626	46.0567	31.3203	1	1	1	1	1	
86	76.1451	63.8077	101.941	111.339	92.5244	33.9698	44.1754	52.9622	46.0563	31.3199	1	1	1	1	1	
87	76.1447	63.8072	101.94	111.338	92.5236	33.9696	44.1746	52.9619	46.0559	31.3196	1	1	1	1	1	
88	76.1443	63.8066	101.939	111.337	92.5229	33.9694	44.1738	52.9615	46.0555	31.3192	1	1	1	1	1	
89	76.1438	63.806	101.939	111.335	92.5222	33.9691	44.1731	52.9611	46.0551	31.3189	1	1	1	1	1	
90	76.1434	63.8054	101.938	111.334	92.5215	33.9689	44.1723	52.9607	46.0547	31.3185	1	1	1	1	1	
91	76.143	63.8048	101.938	111.332	92.5207	33.9687	44.1715	52.9603	46.0543	31.3182	1	1	1	1	1	
92	76.1425	63.8042	101.937	111.331	92.5199	33.9685	44.1707	52.9599	46.0539	31.3178	1	1	1	1	1	
93	76.1421	63.8036	101.937	111.33	92.5192	33.9683	44.1699	52.9595	46.0535	31.3175	1	1	1	1	1	
94	76.1416	63.803	101.936	111.328	92.5184	33.968	44.1691	52.9591	46.053	31.3171	1	1	1	1	1	
95	76.1412	63.8023	101.935	111.327	92.5176	33.9678	44.1683	52.9587	46.0526	31.3167	1	1	1	1	1	
96	76.1407	63.8017	101.935	111.325	92.5169	33.9676	44.1675	52.9583	46.0522	31.3163	1	1	1	1	1	
97	76.1403	63.8011	101.934	111.324	92.5161	33.9673	44.1667	52.9579	46.0518	31.316	1	1	1	1	1	
98	76.1398	63.8004	101.934	111.322	92.5153	33.9671	44.1658	52.9575	46.0513	31.3156	1	1	1	1	1	
99	76.1393	63.7998	101.933	111.32	92.5144	33.9669	44.165	52.9571	46.0509	31.3152	1	1	1	1	1	
100	76.1389	63.7991	101.932	111.319	92.5136	33.9666	44.1641	52.9567	46.0504	31.3148	1	1	1	1	1	
101	76.1384	63.7984	101.932	111.317	92.5128	33.9664	44.1633	52.9562	46.05	31.3144	1	1	1	1	1	
102	76.1379	63.7978	101.931	111.316	92.512	33.9661	44.1624	52.9558	46.0495	31.314	1	1	1	1	1	
103	76.1374	63.7971	101.93	111.314	92.5111	33.9659	44.1615	52.9554	46.0491	31.3136	1	1	1	1	1	
104	76.1369	63.7964	101.93	111.312	92.5103	33.9656	44.1606	52.9549	46.0486	31.3132	1	1	1	1	1	
105	76.1364	63.7957	101.929	111.311	92.5094	33.9654	44.1597	52.9545	46.0481	31.3128	1	1	1	1	1	
106	76.1359	63.795	101.928	111.309	92.5085	33.9651	44.1588	52.954	46.0477	31.3124	1	1	1	1	1	
107	76.1354	63.7943	101.928	111.307	92.5077	33.9649	44.1579	52.9536	46.0472	31.3119	1	1	1	1	1	
108	76.1348	63.7936	101.927	111.306	92.5068	33.9646	44.157	52.9531	46.0467	31.3115	1	1	1	1	1	
109	76.1343	63.7929	101.926	111.304	92.5059	33.9643	44.156	52.9526	46.0462	31.3111	1	1	1	1	1	
110	76.1338	63.7922	101.926	111.302	92.505	33.9641	44.1551	52.9522	46.0457	31.3106	1	1	1	1	1	
111	76.1333	63.7914	101.925	111.301	92.504	33.9638	44.1541	52.9517	46.0452	31.3102	1	1	1	1	1	
112	76.1327	63.7907	101.924	111.299	92.5031	33.9635	44.1531	52.9512	46.0447	31.3098	1	1	1	1	1	
113	76.1322	63.7899	101.924	111.297	92.5022	33.9633	44.1522	52.9507	46.0442	31.3093	1	1	1	1	1	
114	76.1316	63.7892	101.923	111.295	92.5012	33.963	44.1512	52.9502	46.0437	31.3089	1	1	1	1	1	
115	76.1311	63.7884	101.922	111.293	92.5003	33.9627	44.1502	52.9498	46.0432	31.3084	1	1	1	1	1	
116	76.1305	63.7876	101.921	111.291	92.4993	33.9624	44.1492	52.9493	46.0427	31.3079	1	1	1	1	1	
117	76.1299	63.7869	101.921	111.29	92.4984	33.9621	44.1482	52.9487	46.0421	31.3075	1	1	1	1	1	
118	76.1294	63.7861	101.92	111.288	92.4974	33.9618	44.1471	52.9482	46.0416	31.307	1	1	1	1	1	
119	76.1288	63.7853	101.919	111.286	92.4964	33.9615	44.1461	52.9477	46.041	31.3065	1	1	1	1	1	
120	76.1282	63.7845	101.918	111.284	92.4954	33.9613	44.145	52.9472	46.0405	31.3061	1	1	1	1	1	
121	76.1276	63.7836	101.918	111.282	92.4944	33.961	44.144	52.9467	46.04	31.3056	1	1	1	1	1	
122	76.127	63.7828	101.917	111.28	92.4933	33.9607	44.1429	52.9462	46.0394	31.3051	1	1	1	1	1	
123	76.1264	63.782	101.916	111.278	92.4923	33.9603	44.1418	52.9456	46.0388	31.3046	1	1	1	1	1	
124	76.1258	63.7812	101.915	111.276	92.4913	33.96	44.1407	52.9451	46.0383	31.3041	1	1	1	1	1	
125	76.1252	63.7803	101.914	111.274	92.4902	33.9597	44.1396	52.9445	46.0377	31.3036	1	1	1	1	1	
126	76.1246	63.7795	101.914	111.272	92.4891	33.9594	44.1385	52.944	46.0371	31.3031	1	1	1	1	1	
127	76.1239	63.7786	101.913	111.27	92.4881	33.9591	44.1374	52.9434	46.0365	31.3026	1	1	1	1	1	
128	76.1233	63.7777	101.912	111.268	92.487	33.9588	44.1362	52.9429	46.0359	31.302	1	1	1	1	1	
129	76.1227	63.7768	101.911	111.266	92.4859	33.9585	44.1351	52.9423	46.0353	31.3015	1	1	1	1	1	
130	76.122	63.7759	101.91	111.264	92.4848	33.9581	44.1339	52.9417	46.0347	31.301	1	1	1	1	1	
131	76.1214	63.775	101.909	111.261	92.4836	33.9578	44.1328	52.9411	46.0341	31.3004	1	1	1	1	1	
132	76.1207	63.7741	101.909	111.259	92.4825	33.9575	44.1316	52.9405	46.0335	31.2999	1	1	1	1	1	
133	76.12	63.7732	101.908	111.257	92.4814	33.9571	44.1304	52.9399	46.0329	31.2994	1	1	1	1	1	
134	76.1193	63.7723	101.907	111.255	92.4802	33.9568	44.1292	52.9393	46.0322	31.2988	1	1	1	1	1	
135	76.1187	63.7713	101.906	111.253	92.479	33.9564	44.1279	52.9387	46.0316	31.2982	1	1	1	1	1	
136	76.118	63.7704	101.905	111.25	92.4778	33.9561	44.1267	52.9381	46.031	31.2977	1	1	1	1	1	
137	76.1173	63.7694	101.904	111.248	92.4767	33.9557	44.1255	52.9375	46.0303	31.2971	1	1	1	1	1	
138	76.1166	63.7685	101.903	111.246	92.4754	33.9554	44.1242	52.9369	46.0297	31.2965	1	1	1	1	1	
139	76.1159	63.7675	101.902	111.243	92.4742	33.955	44.1229	52.9363	46.029	31.2959	1	1	1	1	1	
140	76.1151	63.7665	101.901	111.241	92.473	33.9547	44.1216	52.9356	46.0283	31.2954	1	1	1	1	1	
141	76.1144	63.7655	101.9	111.239	92.4718	33.9543	44.1203	52.935	46.0277	31.2948	1	1	1	1	1	
142	76.1137	63.7645	101.899	111.236	92.4705	33.9539	44.119	52.9343	46.027	31.2942	1	1	1	1	1	
143	76.1129	63.7635	101.898	111.234	92.4692	33.9535	44.1177	52.9337	46.0263	31.2936	1	1	1	1	1	
144	76.1122	63.7624	101.897	111.231	92.468	33.9532	44.1164	52.933	46.0256	31.2929	1	1	1	1	1	
145	76.1114	63.7614	101.896	111.229	92.4667	33.9528	44.115	52.9323	46.0249	31.2923	1	1	1	1	1	
146	76.1107	63.7603	101.895	111.226	92.4653	33.9524	44.1136	52.9317	46.0242	31.2917	1	1	1	1	1	
147	76.1099	63.7593	101.894	111.224	92.464	33.952	44.1123	52.931	46.0234	31.2911	1	1	1	1	1	
148	76.1091	63.7582	101.893	111.221	92.4627	33.9516	44.1109	52.9303	46.0227	31.2904	1	1	1	1	1	
149	76.1083	63.7571	101.892	111.219	92.4613	33.9512	44.1095	52.9296	46.022	31.2898	1	1	1	1	1	
150	76.1075	63.756	101.891	111.216	92.46	33.9508	44.108	52.9289	46.0212	31.2891	1	1	1	1	1	
151	76.1067	63.7549	101.89	111.214	92.4586	33.9504	44.1066	52.9282	46.0205	31.2885	1	1	1	1	1	
152	76.1059	63.7538	101.889	111.211	92.4572	33.95	44.1051	52.9275	46.0197	31.2878	1	1	1	1	1	
153	76.1051	63.7527	101.888	111.208	92.4558	33.9496	44.1037	52.9267	46.019	31.2871	1	1	1	1	1	
154	76.1043	63.7515	101.887	111.205	92.4544	33.9492	44.1022	52.926	46.0182	31.2865	1	1	1	1	1	
155	76.1034	63.7504	101.886	111.203	92.4529	33.9487	44.1007	52.9252	46.0174	31.2858	1	1	1	1	1	
156	76.1026	63.7492	101.885	111.2	92.4515	33.9483	44.0992	52.9245	46.0166	31.2851	1	1	1	1	1	
157	76.1017	63.7481	101.884	111.197	92.45	33.9479	44.0976	52.9237	46.0158	31.2844	1	1	1	1	1	
158	76.1009	63.7469	101.883	111.194	92.4486	33.9474	44.0961	52.923	46.015	31.2837	1	1	1	1	1	
159	76.1	63.7457	101.881	111.191	92.4471	33.947	44.0945	52.9222	46.0142	31.283	1	1	1	1	1	
160	76.0991	63.7444	101.88	111.189	92.4456	33.9465	44.0929	52.9214	46.0134	31.2822	1	1	1	1	1	
161	76.0982	63.7432	101.879	111.186	92.444	33.9461	44.0914	52.9206	46.0126	31.2815	1	1	1	1	1	
162	76.0973	63.742	101.878	111.183	92.4425	33.9456	44.0897	52.9198	46.0117	31.2808	1	1	1	1	1	
163	76.0964	63.7407	101.877	111.18	92.4409	33.9452	44.0881	52.919	46.0109	31.28	1	1	1	1	1	
164	76.0955	63.7395	101.876	111.177	92.4394	33.9447	44.0865	52.9182	46.01	31.2793	1	1	1	1	1	
165	76.0946	63.7382	101.874	111.174	92.4378	33.9442	44.0848	52.9174	46.0092	31.2785	1	1	1	1	1	
166	76.0936	63.7369	101.873	111.171	92.4362	33.9438	44.0831	52.9166	46.0083	31.2777	1	1	1	1	1	
167	76.0927	63.7356	101.872	111.167	92.4345	33.9433	44.0814	52.9157	46.0074	31.277	1	1	1	1	1	
168	76.0917	63.7343	101.871	111.164	92.4329	33.9428	44.0797	52.9149	46.0065	31.2762	1	1	1	1	1	
169	76.0908	63.7329	101.869	111.161	92.4312	33.9423	44.078	52.914	46.0056	31.2754	1	1	1	1	1	
170	76.0898	63.7316	101.868	111.158	92.4296	33.9418	44.0762	52.9132	46.0047	31.2746	1	1	1	1	1	
171	76.0888	63.7302	101.867	111.155	92.4279	33.9413	44.0745	52.9123	46.0038	31.2738	1	1	1	1	1	
172	76.0878	63.7289	101.865	111.151	92.4262	33.9408	44.0727	52.9114	46.0028	31.273	1	1	1	1	1	
173	76.0868	63.7275	101.864	111.148	92.4244	33.9403	44.0709	52.9105	46.0019	31.2721	1	1	1	1	1	
174	76.0858	63.7261	101.863	111.145	92.4227	33.9398	44.0691	52.9096	46.001	31.2713	1	1	1	1	1	
175	76.0848	63.7247	101.861	111.141	92.4209	33.9393	44.0672	52.9087	46	31.2705	1	1	1	1	1	
176	76.0837	63.7232	101.86	111.138	92.4192	33.9387	44.0654	52.9078	45.999	31.2696	1	1	1	1	1	
177	76.0827	63.7218	101.859	111.135	92.4174	33.9382	44.0635	52.9069	45.9981	31.2688	1	1	1	1	1	
178	76.0816	63.7203	101.857	111.131	92.4155	33.9377	44.0616	52.9059	45.9971	31.2679	1	1	1	1	1	
179	76.0805	63.7189	101.856	111.128	92.4137	33.9371	44.0597	52.905	45.9961	31.267	1	1	1	1	1	
180	76.0795	63.7174	101.855	111.124	92.4118	33.9366	44.0577	52.904	45.9951	31.2661	1	1	1	1	1	
181	76.0784	63.7159	101.853	111.12	92.41	33.936	44.0558	52.903	45.994	31.2652	1	1	1	1	1	
182	76.0773	63.7143	101.852	111.117	92.4081	33.9355	44.0538	52.9021	45.993	31.2643	1	1	1	1	1	
183	76.0762	63.7128	101.85	111.113	92.4062	33.9349	44.0518	52.9011	45.992	31.2634	1	1	1	1	1	
184	76.075	63.7112	101.849	111.11	92.4042	33.9343	44.0498	52.9001	45.9909	31.2625	1	1	1	1	1	
185	76.0739	63.7097	101.847	111.106	92.4023	33.9337	44.0477	52.8991	45.9898	31.2616	1	1	1	1	1	
186	76.0727	63.7081	101.846	111.102	92.4003	33.9332	44.0457	52.8981	45.9888	31.2606	1	1	1	1	1	
187	76.0716	63.7065	101.844	111.098	92.3983	33.9326	44.0436	52.897	45.9877	31.2597	1	1	1	1	1	
188	76.0704	63.7049	101.843	111.094	92.3963	33.932	44.0415	52.896	45.9866	31.2587	1	1	1	1	1	
189	76.0692	63.7032	101.841	111.09	92.3943	33.9314	44.0394	52.8949	45.9855	31.2577	1	1	1	1	1	
190	76.068	63.7016	101.84	111.087	92.3922	33.9308	44.0372	52.8939	45.9844	31.2568	1	1	1	1	1	
191	76.0668	63.6999	101.838	111.083	92.3901	33.9301	44.035	52.8928	45.9832	31.2558	1	1	1	1	1	
192	76.0656	63.6982	101.836	111.079	92.388	33.9295	44.0328	52.8917	45.9821	31.2548	1	1	1	1	1	
193	76.0643	63.6965	101.835	111.074	92.3859	33.9289	44.0306	52.8906	45.9809	31.2537	1	1	1	1	1	
194	76.0631	63.6948	101.833	111.07	92.3838	33.9283	44.0284	52.8895	45.9798	31.2527	1	1	1	1	1	
195	76.0618	63.693	101.831	111.066	92.3816	33.9276	44.0261	52.8884	45.9786	31.2517	1	1	1	1	1	
196	76.0605	63.6913	101.83	111.062	92.3794	33.927	44.0238	52.8873	45.9774	31.2506	1	1	1	1	1	
197	76.0593	63.6895	101.828	111.058	92.3772	33.9263	44.0215	52.8861	45.9762	31.2496	1	1	1	1	1	
198	76.058	63.6877	101.826	111.054	92.375	33.9257	44.0192	52.885	45.975	31.2485	1	1	1	1	1	
199	76.0566	63.6859	101.825	111.049	92.3727	33.925	44.0168	52.8838	45.9737	31.2474	1	1	1	1	1	
200	76.0553	63.6841	101.823	111.045	92.3704	33.9243	44.0145	52.8827	45.9725	31.2464	1	1	1	1	1	
201	76.054	63.6822	101.821	111.04	92.3681	33.9236	44.0121	52.8815	45.9713	31.2453	1	1	1	1	1	
202	76.0526	63.6803	101.819	111.036	92.3658	33.9229	44.0096	52.8803	45.97	31.2441	1	1	1	1	1	
203	76.0512	63.6784	101.818	111.032	92.3634	33.9222	44.0072	52.8791	45.9687	31.243	1	1	1	1	1	
204	76.0498	63.6765	101.816	111.027	92.3611	33.9215	44.0047	52.8778	45.9674	31.2419	1	1	1	1	1	
205	76.0484	63.6746	101.814	111.022	92.3587	33.9208	44.0022	52.8766	45.9661	31.2407	1	1	1	1	1	
206	76.047	63.6726	101.812	111.018	92.3562	33.9201	43.9996	52.8753	45.9648	31.2396	1	1	1	1	1	
207	76.0456	63.6707	101.81	111.013	92.3538	33.9194	43.9971	52.8741	45.9634	31.2384	1	1	1	1	1	
208	76.0441	63.6687	101.808	111.008	92.3513	33.9186	43.9945	52.8728	45.9621	31.2372	1	1	1	1	1	
209	76.0427	63.6667	101.806	111.004	92.3488	33.9179	43.9919	52.8715	45.9607	31.236	1	1	1	1	1	
210	76.0412	63.6646	101.804	110.999	92.3463	33.9171	43.9892	52.8702	45.9594	31.2348	1	1	1	1	1	
211	76.0397	63.6626	101.803	110.994	92.3437	33.9164	43.9866	52.8689	45.958	31.2336	1	1	1	1	1	
212	76.0382	63.6605	101.801	110.989	92.3411	33.9156	43.9839	52.8676	45.9566	31.2324	1	1	1	1	1	
213	76.0367	63.6584	101.799	110.984	92.3385	33.9148	43.9811	52.8662	45.9551	31.2311	1	1	1	1	1	
214	76.0352	63.6563	101.797	110.979	92.3359	33.914	43.9784	52.8649	45.9537	31.2299	1	1	1	1	1	
215	76.0336	63.6541	101.794	110.974	92.3332	33.9133	43.9756	52.8635	45.9522	31.2286	1	1	1	1	1	
216	76.032	63.652	101.792	110.969	92.3305	33.9125	43.9728	52.8621	45.9508	31.2273	1	1	1	1	1	
217	76.0304	63.6498	101.79	110.963	92.3278	33.9116	43.97	52.8607	45.9493	31.226	1	1	1	1	1	
218	76.0288	63.6476	101.788	110.958	92.3251	33.9108	43.9671	52.8593	45.9478	31.2247	1	1	1	1	1	
219	76.0272	63.6453	101.786	110.953	92.3223	33.91	43.9642	52.8579	45.9463	31.2234	1	1	1	1	1	
220	76.0256	63.6431	101.784	110.947	92.3195	33.9092	43.9613	52.8564	45.9448	31.2221	1	1	1	1	1	
221	76.0239	63.6408	101.782	110.942	92.3166	33.9083	43.9583	52.855	45.9432	31.2207	1	1	1	1	1	
222	76.0223	63.6385	101.78	110.937	92.3138	33.9075	43.9553	52.8535	45.9417	31.2193	1	1	1	1	1	
223	76.0206	63.6361	101.777	110.931	92.3109	33.9066	43.9523	52.852	45.9401	31.218	1	1	1	1	1	
224	76.0189	63.6338	101.775	110.925	92.3079	33.9057	43.9492	52.8505	45.9385	31.2166	1	1	1	1	1	
225	76.0171	63.6314	101.773	110.92	92.305	33.9049	43.9461	52.849	45.9369	31.2152	1	1	1	1	1	
226	76.0154	63.629	101.771	110.914	92.302	33.904	43.943	52.8474	45.9352	31.2137	1	1	1	1	1	
227	76.0136	63.6266	101.768	110.908	92.299	33.9031	43.9399	52.8459	45.9336	31.2123	1	1	1	1	1	
228	76.0118	63.6241	101.766	110.902	92.2959	33.9022	43.9367	52.8443	45.9319	31.2108	1	1	1	1	1	
229	76.01	63.6216	101.764	110.897	92.2928	33.9012	43.9335	52.8427	45.9303	31.2094	1	1	1	1	1	
230	76.0082	63.6191	101.761	110.891	92.2897	33.9003	43.9302	52.8411	45.9286	31.2079	1	1	1	1	1	
231	76.0064	63.6166	101.759	110.885	92.2866	33.8994	43.9269	52.8395	45.9268	31.2064	1	1	1	1	1	
232	76.0045	63.614	101.756	110.878	92.2834	33.8984	43.9236	52.8379	45.9251	31.2049	1	1	1	1	1	
233	76.0027	63.6114	101.754	110.872	92.2802	33.8975	43.9202	52.8362	45.9234	31.2033	1	1	1	1	1	
234	76.0008	63.6088	101.752	110.866	92.2769	33.8965	43.9168	52.8346	45.9216	31.2018	1	1	1	1	1	
235	75.9988	63.6062	101.749	110.86	92.2736	33.8955	43.9134	52.8329	45.9198	31.2002	1	1	1	1	1	
236	75.9969	63.6035	101.746	110.854	92.2703	33.8945	43.91	52.8312	45.918	31.1986	1	1	1	1	1	
237	75.9949	63.6008	101.744	110.847	92.267	33.8935	43.9065	52.8295	45.9162	31.1971	1	1	1	1	1	
238	75.993	63.5981	101.741	110.841	92.2636	33.8925	43.9029	52.8277	45.9143	31.1954	1	1	1	1	1	
239	75.991	63.5953	101.739	110.834	92.2602	33.8915	43.8993	52.826	45.9125	31.1938	1	1	1	1	1	
240	75.989	63.5925	101.736	110.827	92.2567	33.8905	43.8957	52.8242	45.9106	31.1922	1	1	1	1	1	
241	75.9869	63.5897	101.733	110.821	92.2532	33.8894	43.8921	52.8224	45.9087	31.1905	1	1	1	1	1	
242	75.9849	63.5868	101.731	110.814	92.2497	33.8883	43.8884	52.8206	45.9067	31.1888	1	1	1	1	1	
243	75.9828	63.584	101.728	110.807	92.2461	33.8873	43.8847	52.8188	45.9048	31.1871	1	1	1	1	1	
244	75.9807	63.581	101.725	110.8	92.2425	33.8862	43.8809	52.8169	45.9028	31.1854	1	1	1	1	1	
245	75.9785	63.5781	101.722	110.793	92.2388	33.8851	43.8771	52.815	45.9008	31.1837	1	1	1	1	1	
246	75.9764	63.5751	101.72	110.786	92.2351	33.884	43.8733	52.8131	45.8988	31.1819	1	1	1	1	1	
247	75.9742	63.5721	101.717	110.779	92.2314	33.8829	43.8694	52.8112	45.8968	31.1801	1	1	1	1	1	
248	75.972	63.5691	101.714	110.772	92.2276	33.8818	43.8654	52.8093	45.8947	31.1783	1	1	1	1	1	
249	75.9698	63.566	101.711	110.765	92.2238	33.8806	43.8615	52.8074	45.8927	31.1765	1	1	1	1	1	
250	75.9675	63.5629	101.708	110.757	92.22	33.8795	43.8575	52.8054	45.8906	31.1747	1	1	1	1	1	
251	75.9653	63.5598	101.705	110.75	92.2161	33.8783	43.8534	52.8034	45.8885	31.1729	1	1	1	1	1	
252	75.963	63.5566	101.702	110.742	92.2122	33.8771	43.8493	52.8014	45.8863	31.171	1	1	1	1	1	
253	75.9607	63.5534	101.699	110.735	92.2082	33.876	43.8452	52.7994	45.8841	31.1691	1	1	1	1	1	
254	75.9583	63.5502	101.696	110.727	92.2042	33.8748	43.841	52.7973	45.882	31.1672	1	1	1	1	1	
255	75.956	63.5469	101.693	110.719	92.2001	33.8735	43.8368	52.7952	45.8797	31.1653	1	1	1	1	1	
256	75.9536	63.5436	101.69	110.712	92.196	33.8723	43.8325	52.7931	45.8775	31.1633	1	1	1	1	1	
257	75.9512	63.5403	101.687	110.704	92.1919	33.8711	43.8282	52.791	45.8753	31.1613	1	1	1	1	1	
258	75.9487	63.5369	101.683	110.696	92.1877	33.8698	43.8238	52.7889	45.873	31.1594	1	1	1	1	1	
259	75.9463	63.5335	101.68	110.688	92.1835	33.8685	43.8194	52.7867	45.8707	31.1574	1	1	1	1	1	
260	75.9438	63.53	101.677	110.68	92.1792	33.8673	43.8149	52.7845	45.8683	31.1553	1	1	1	1	1	
261	75.9412	63.5266	101.674	110.671	92.1749	33.866	43.8104	52.7823	45.866	31.1533	1	1	1	1	1	
262	75.9387	63.523	101.67	110.663	92.1705	33.8647	43.8059	52.7801	45.8636	31.1512	1	1	1	1	1	
263	75.9361	63.5195	101.667	110.655	92.1661	33.8633	43.8013	52.7778	45.8612	31.1491	1	1	1	1	1	
264	75.9335	63.5159	101.664	110.646	92.1616	33.862	43.7966	52.7755	45.8588	31.147	1	1	1	1	1	
265	75.9309	63.5122	101.66	110.637	92.1571	33.8606	43.7919	52.7732	45.8563	31.1448	1	1	1	1	1	
266	75.9282	63.5085	101.657	110.629	92.1526	33.8593	43.7872	52.7709	45.8538	31.1427	1	1	1	1	1	
267	75.9255	63.5048	101.653	110.62	92.148	33.8579	43.7824	52.7686	45.8513	31.1405	1	1	1	1	1	
268	75.9228	63.5011	101.65	110.611	92.1433	33.8565	43.7775	52.7662	45.8488	31.1383	1	1	1	1	1	
269	75.9201	63.4973	101.646	110.602	92.1386	33.8551	43.7726	52.7638	45.8462	31.136	1	1	1	1	1	
270	75.9173	63.4934	101.642	110.593	92.1338	33.8536	43.7676	52.7614	45.8436	31.1338	1	1	1	1	1	
271	75.9145	63.4896	101.639	110.584	92.129	33.8522	43.7626	52.7589	45.841	31.1315	1	1	1	1	1	
272	75.9117	63.4856	101.635	110.575	92.1242	33.8507	43.7576	52.7564	45.8383	31.1292	1	1	1	1	1	
273	75.9088	63.4817	101.631	110.565	92.1193	33.8493	43.7525	52.7539	45.8357	31.1269	1	1	1	1	1	
274	75.9059	63.4777	101.627	110.556	92.1143	33.8478	43.7473	52.7514	45.833	31.1245	1	1	1	1	1	
275	75.903	63.4736	101.624	110.546	92.1093	33.8463	43.7421	52.7488	45.8302	31.1221	1	1	1	1	1	
276	75.9	63.4695	101.62	110.536	92.1042	33.8447	43.7368	52.7462	45.8275	31.1197	1	1	1	1	1	
277	75.897	63.4654	101.616	110.527	92.0991	33.8432	43.7314	52.7436	45.8247	31.1173	1	1	1	1	1	
278	75.894	63.4612	101.612	110.517	92.0939	33.8416	43.726	52.741	45.8218	31.1148	1	1	1	1	1	
279	75.8909	63.457	101.608	110.507	92.0886	33.84	43.7206	52.7383	45.819	31.1124	1	1	1	1	1	
280	75.8879	63.4527	101.604	110.497	92.0834	33.8384	43.7151	52.7356	45.8161	31.1098	1	1	1	1	1	
281	75.8847	63.4483	101.6	110.486	92.078	33.8368	43.7095	52.7329	45.8132	31.1073	1	1	1	1	1	
282	75.8816	63.444	101.596	110.476	92.0726	33.8352	43.7039	52.7301	45.8102	31.1047	1	1	1	1	1	
283	75.8784	63.4396	101.592	110.466	92.0671	33.8336	43.6982	52.7274	45.8072	31.1022	1	1	1	1	1	
284	75.8752	63.4351	101.587	110.455	92.0616	33.8319	43.6924	52.7245	45.8042	31.0995	1	1	1	1	1	
285	75.8719	63.4306	101.583	110.445	92.056	33.8302	43.6866	52.7217	45.8012	31.0969	1	1	1	1	1	
286	75.8686	63.426	101.579	110.434	92.0504	33.8285	43.6807	52.7188	45.7981	31.0942	1	1	1	1	1	
287	75.8653	63.4214	101.574	110.423	92.0446	33.8268	43.6748	52.7159	45.795	31.0915	1	1	1	1	1	
288	75.8619	63.4167	101.57	110.412	92.0389	33.825	43.6687	52.713	45.7918	31.0888	1	1	1	1	1	
289	75.8585	63.412	101.566	110.401	92.033	33.8233	43.6627	52.71	45.7886	31.086	1	1	1	1	1	
290	75.8551	63.4072	101.561	110.39	92.0271	33.8215	43.6565	52.707	45.7854	31.0832	1	1	1	1	1	
291	75.8516	63.4024	101.557	110.378	92.0212	33.8197	43.6503	52.704	45.7822	31.0804	1	1	1	1	1	
292	75.8481	63.3976	101.552	110.367	92.0151	33.8179	43.644	52.7009	45.7789	31.0775	1	1	1	1	1	
293	75.8445	63.3926	101.547	110.355	92.009	33.816	43.6377	52.6979	45.7756	31.0747	1	1	1	1	1	
294	75.8409	63.3876	101.543	110.343	92.0029	33.8141	43.6313	52.6947	45.7722	31.0717	1	1	1	1	1	
295	75.8373	63.3826	101.538	110.331	91.9967	33.8123	43.6248	52.6916	45.7688	31.0688	1	1	1	1	1	
296	75.8336	63.3775	101.533	110.319	91.9904	33.8104	43.6183	52.6884	45.7654	31.0658	1	1	1	1	1	
297	75.8299	63.3724	101.528	110.307	91.984	33.8084	43.6116	52.6851	45.7619	31.0628	1	1	1	1	1	
298	75.8262	63.3672	101.523	110.295	91.9776	33.8065	43.6049	52.6819	45.7584	31.0598	1	1	1	1	1	
299	75.8224	63.3619	101.518	110.283	91.9711	33.8045	43.5982	52.6786	45.7548	31.0567	1	1	1	1	1	
300	75.8185	63.3566	101.513	110.27	91.9645	33.8025	43.5913	52.6753	45.7512	31.0536	1	1	1	1	1	
301	75.8147	63.3512	101.508	110.257	91.9578	33.8005	43.5844	52.6719	45.7476	31.0505	1	1	1	1	1	
302	75.8107	63.3458	101.503	110.245	91.9511	33.7984	43.5774	52.6685	45.7439	31.0473	1	1	1	1	1	
303	75.8068	63.3403	101.498	110.232	91.9443	33.7964	43.5703	52.665	45.7402	31.0441	1	1	1	1	1	
304	75.8028	63.3347	101.493	110.219	91.9374	33.7943	43.5632	52.6616	45.7365	31.0408	1	1	1	1	1	
305	75.7987	63.3291	101.488	110.205	91.9305	33.7922	43.556	52.658	45.7327	31.0375	1	1	1	1	1	
306	75.7946	63.3234	101.482	110.192	91.9235	33.7901	43.5487	52.6545	45.7289	31.0342	1	1	1	1	1	
307	75.7905	63.3176	101.477	110.179	91.9164	33.7879	43.5413	52.6509	45.725	31.0309	1	1	1	1	1	
308	75.7863	63.3118	101.471	110.165	91.9092	33.7857	43.5338	52.6473	45.7211	31.0275	1	1	1	1	1	
309	75.7821	63.3059	101.466	110.151	91.9019	33.7835	43.5263	52.6436	45.7171	31.0241	1	1	1	1	1	
310	75.7778	63.3	101.46	110.137	91.8946	33.7813	43.5186	52.6399	45.7131	31.0206	1	1	1	1	1	
311	75.7735	63.294	101.455	110.123	91.8872	33.779	43.5109	52.6361	45.709	31.0171	1	1	1	1	1	
312	75.7691	63.2879	101.449	110.109	91.8797	33.7767	43.5031	52.6324	45.7049	31.0136	1	1	1	1	1	
313	75.7647	63.2818	101.443	110.094	91.8721	33.7744	43.4952	52.6285	45.7008	31.01	1	1	1	1	1	
314	75.7602	63.2755	101.437	110.08	91.8644	33.7721	43.4873	52.6247	45.6966	31.0064	1	1	1	1	1	
315	75.7557	63.2693	101.431	110.065	91.8567	33.7697	43.4792	52.6207	45.6924	31.0027	1	1	1	1	1	
316	75.7511	63.2629	101.425	110.05	91.8488	33.7673	43.4711	52.6168	45.6881	30.999	1	1	1	1	1	
317	75.7465	63.2565	101.419	110.035	91.8409	33.7649	43.4628	52.6128	45.6838	30.9953	1	1	1	1	1	
318	75.7418	63.25	101.413	110.02	91.8329	33.7624	43.4545	52.6088	45.6794	30.9915	1	1	1	1	1	
319	75.7371	63.2434	101.407	110.004	91.8248	33.76	43.4461	52.6047	45.675	30.9877	1	1	1	1	1	
320	75.7323	63.2368	101.401	109.989	91.8166	33.7575	43.4376	52.6005	45.6705	30.9838	1	1	1	1	1	
321	75.7275	63.23	101.395	109.973	91.8083	33.7549	43.4289	52.5964	45.666	30.9799	1	1	1	1	1	
322	75.7226	63.2232	101.388	109.957	91.7999	33.7524	43.4202	52.5921	45.6614	30.976	1	1	1	1	1	
323	75.7176	63.2164	101.382	109.941	91.7914	33.7498	43.4114	52.5879	45.6568	30.972	1	1	1	1	1	
324	75.7126	63.2094	101.375	109.924	91.7829	33.7471	43.4025	52.5836	45.6521	30.968	1	1	1	1	1	
325	75.7076	63.2024	101.369	109.908	91.7742	33.7445	43.3935	52.5792	45.6473	30.9639	1	1	1	1	1	
326	75.7025	63.1953	101.362	109.891	91.7654	33.7418	43.3844	52.5748	45.6426	30.9598	1	1	1	1	1	
327	75.6973	63.1881	101.355	109.874	91.7566	33.7391	43.3752	52.5704	45.6377	30.9556	1	1	1	1	1	
328	75.6921	63.1808	101.348	109.857	91.7476	33.7363	43.3659	52.5659	45.6328	30.9514	1	1	1	1	1	
329	75.6868	63.1734	101.342	109.84	91.7385	33.7336	43.3565	52.5613	45.6279	30.9471	1	1	1	1	1	
330	75.6815	63.166	101.335	109.823	91.7294	33.7307	43.347	52.5567	45.6229	30.9428	1	1	1	1	1	
331	75.6761	63.1585	101.328	109.805	91.7201	33.7279	43.3374	52.552	45.6178	30.9385	1	1	1	1	1	
332	75.6706	63.1508	101.32	109.787	91.7107	33.725	43.3276	52.5473	45.6127	30.9341	1	1	1	1	1	
333	75.6651	63.1431	101.313	109.769	91.7012	33.7221	43.3178	52.5426	45.6075	30.9296	1	1	1	1	1	
334	75.6595	63.1354	101.306	109.751	91.6916	33.7191	43.3078	52.5378	45.6022	30.9251	1	1	1	1	1	
335	75.6538	63.1275	101.299	109.733	91.682	33.7162	43.2978	52.5329	45.5969	30.9206	1	1	1	1	1	
336	75.6481	63.1195	101.291	109.714	91.6721	33.7131	43.2876	52.528	45.5916	30.916	1	1	1	1	1	
337	75.6423	63.1114	101.284	109.695	91.6622	33.7101	43.2773	52.523	45.5862	30.9113	1	1	1	1	1	
338	75.6365	63.1033	101.276	109.676	91.6522	33.707	43.2669	52.518	45.5807	30.9066	1	1	1	1	1	
339	75.6306	63.095	101.268	109.657	91.642	33.7039	43.2564	52.513	45.5751	30.9019	1	1	1	1	1	
340	75.6246	63.0867	101.261	109.637	91.6318	33.7007	43.2457	52.5078	45.5695	30.8971	1	1	1	1	1	
341	75.6185	63.0783	101.253	109.618	91.6214	33.6975	43.2349	52.5026	45.5638	30.8922	1	1	1	1	1	
342	75.6124	63.0697	101.245	109.598	91.6109	33.6942	43.2241	52.4974	45.5581	30.8873	1	1	1	1	1	
343	75.6062	63.0611	101.237	109.578	91.6003	33.691	43.213	52.4921	45.5523	30.8823	1	1	1	1	1	
344	75.6	63.0523	101.228	109.557	91.5895	33.6876	43.2019	52.4867	45.5464	30.8773	1	1	1	1	1	
345	75.5936	63.0435	101.22	109.537	91.5787	33.6843	43.1906	52.4813	45.5405	30.8722	1	1	1	1	1	
346	75.5872	63.0345	101.212	109.516	91.5677	33.6809	43.1792	52.4758	45.5345	30.8671	1	1	1	1	1	
347	75.5807	63.0255	101.203	109.495	91.5566	33.6774	43.1677	52.4703	45.5284	30.8619	1	1	1	1	1	
348	75.5742	63.0163	101.195	109.473	91.5453	33.6739	43.1561	52.4647	45.5223	30.8566	1	1	1	1	1	
349	75.5675	63.0071	101.186	109.452	91.5339	33.6704	43.1443	52.459	45.516	30.8513	1	1	1	1	1	
350	75.5608	62.9977	101.178	109.43	91.5224	33.6668	43.1323	52.4533	45.5097	30.8459	1	1	1	1	1	
351	75.5541	62.9882	101.169	109.408	91.5108	33.6632	43.1203	52.4475	45.5034	30.8405	1	1	1	1	1	
352	75.5472	62.9786	101.16	109.385	91.499	33.6596	43.1081	52.4416	45.4969	30.835	1	1	1	1	1	
353	75.5403	62.9689	101.151	109.363	91.4871	33.6559	43.0957	52.4357	45.4904	30.8294	1	1	1	1	1	
354	75.5332	62.9591	101.142	109.34	91.475	33.6521	43.0832	52.4297	45.4838	30.8238	1	1	1	1	1	
355	75.5261	62.9492	101.132	109.317	91.4629	33.6483	43.0706	52.4237	45.4772	30.8181	1	1	1	1	1	
356	75.5189	62.9391	101.123	109.293	91.4505	33.6445	43.0578	52.4175	45.4704	30.8124	1	1	1	1	1	
357	75.5117	62.9289	101.114	109.27	91.438	33.6406	43.0449	52.4113	45.4636	30.8066	1	1	1	1	1	
358	75.5043	62.9186	101.104	109.246	91.4254	33.6366	43.0318	52.4051	45.4567	30.8007	1	1	1	1	1	
359	75.4969	62.9082	101.094	109.222	91.4126	33.6327	43.0186	52.3987	45.4497	30.7948	1	1	1	1	1	
360	75.4893	62.8977	101.085	109.197	91.3997	33.6286	43.0052	52.3923	45.4426	30.7887	1	1	1	1	1	
361	75.4817	62.887	101.075	109.172	91.3866	33.6245	42.9917	52.3859	45.4355	30.7827	1	1	1	1	1	
362	75.474	62.8762	101.065	109.147	91.3734	33.6204	42.978	52.3793	45.4282	30.7765	1	1	1	1	1	
363	75.4662	62.8653	101.055	109.122	91.36	33.6162	42.9641	52.3727	45.4209	30.7703	1	1	1	1	1	
364	75.4583	62.8542	101.044	109.096	91.3465	33.612	42.9501	52.366	45.4135	30.764	1	1	1	1	1	
365	75.4503	62.843	101.034	109.07	91.3328	33.6077	42.9359	52.3592	45.406	30.7576	1	1	1	1	1	
366	75.4422	62.8317	101.023	109.044	91.3189	33.6033	42.9216	52.3524	45.3984	30.7512	1	1	1	1	1	
367	75.4341	62.8202	101.013	109.017	91.3049	33.5989	42.9071	52.3455	45.3907	30.7447	1	1	1	1	1	
368	75.4258	62.8086	101.002	108.991	91.2907	33.5945	42.8924	52.3385	45.3829	30.7381	1	1	1	1	1	
369	75.4174	62.7969	100.991	108.963	91.2763	33.59	42.8775	52.3314	45.3751	30.7314	1	1	1	1	1	
370	75.409	62.785	100.98	108.936	91.2618	33.5854	42.8625	52.3242	45.3671	30.7247	1	1	1	1	1	
371	75.4004	62.773	100.969	108.908	91.2471	33.5807	42.8473	52.317	45.3591	30.7179	1	1	1	1	1	
372	75.3917	62.7608	100.958	108.88	91.2322	33.5761	42.8319	52.3096	45.3509	30.711	1	1	1	1	1	
373	75.3829	62.7485	100.946	108.851	91.2171	33.5713	42.8163	52.3022	45.3427	30.704	1	1	1	1	1	
374	75.374	62.736	100.935	108.822	91.2019	33.5665	42.8005	52.2947	45.3343	30.697	1	1	1	1	1	
375	75.3651	62.7234	100.923	108.793	91.1864	33.5616	42.7846	52.2871	45.3259	30.6898	1	1	1	1	1	
376	75.356	62.7106	100.911	108.764	91.1708	33.5567	42.7684	52.2795	45.3173	30.6826	1	1	1	1	1	
377	75.3467	62.6977	100.899	108.734	91.155	33.5517	42.7521	52.2717	45.3087	30.6753	1	1	1	1	1	
378	75.3374	62.6846	100.887	108.704	91.139	33.5466	42.7355	52.2639	45.2999	30.6679	1	1	1	1	1	
379	75.328	62.6713	100.875	108.673	91.1228	33.5415	42.7188	52.2559	45.291	30.6605	1	1	1	1	1	
380	75.3185	62.6579	100.863	108.642	91.1065	33.5363	42.7019	52.2479	45.282	30.6529	1	1	1	1	1	
381	75.3088	62.6443	100.85	108.611	91.0899	33.5311	42.6847	52.2398	45.273	30.6453	1	1	1	1	1	
382	75.299	62.6305	100.838	108.579	91.0731	33.5257	42.6674	52.2316	45.2638	30.6375	1	1	1	1	1	
383	75.2891	62.6166	100.825	108.547	91.0561	33.5203	42.6499	52.2233	45.2545	30.6297	1	1	1	1	1	
384	75.2791	62.6025	100.812	108.514	91.0389	33.5149	42.6321	52.2149	45.245	30.6218	1	1	1	1	1	
385	75.2689	62.5882	100.799	108.481	91.0215	33.5093	42.6141	52.2063	45.2355	30.6138	1	1	1	1	1	
386	75.2587	62.5737	100.785	108.448	91.0039	33.5037	42.5959	52.1977	45.2258	30.6057	1	1	1	1	1	
387	75.2483	62.5591	100.772	108.414	90.986	33.498	42.5775	52.189	45.2161	30.5975	1	1	1	1	1	
388	75.2378	62.5443	100.758	108.38	90.968	33.4923	42.5588	52.1802	45.2062	30.5892	1	1	1	1	1	
389	75.2271	62.5293	100.744	108.346	90.9497	33.4864	42.54	52.1713	45.1961	30.5808	1	1	1	1	1	
390	75.2163	62.5141	100.73	108.311	90.9312	33.4805	42.5209	52.1623	45.186	30.5723	1	1	1	1	1	
391	75.2054	62.4987	100.716	108.275	90.9124	33.4745	42.5015	52.1532	45.1757	30.5637	1	1	1	1	1	
392	75.1944	62.4831	100.702	108.24	90.8935	33.4684	42.4819	52.144	45.1653	30.555	1	1	1	1	1	
393	75.1832	62.4673	100.688	108.203	90.8742	33.4623	42.4621	52.1347	45.1548	30.5462	1	1	1	1	1	
394	75.1718	62.4513	100.673	108.167	90.8548	33.456	42.4421	52.1252	45.1441	30.5373	1	1	1	1	1	
395	75.1604	62.4351	100.658	108.129	90.8351	33.4497	42.4218	52.1157	45.1333	30.5283	1	1	1	1	1	
396	75.1488	62.4187	100.643	108.092	90.8152	33.4433	42.4012	52.106	45.1224	30.5192	1	1	1	1	1	
397	75.137	62.4021	100.628	108.054	90.795	33.4368	42.3804	52.0962	45.1113	30.51	1	1	1	1	1	
398	75.1251	62.3852	100.612	108.015	90.7745	33.4302	42.3593	52.0863	45.1001	30.5007	1	1	1	1	1	
399	75.113	62.3682	100.597	107.976	90.7538	33.4236	42.3379	52.0763	45.0888	30.4912	1	1	1	1	1	
400	75.1008	62.3509	100.581	107.937	90.7329	33.4168	42.3163	52.0662	45.0773	30.4817	1	1	1	1	1	
401	75.0885	62.3334	100.565	107.897	90.7117	33.4099	42.2945	52.056	45.0657	30.472	1	1	1	1	1	
402	75.076	62.3157	100.549	107.856	90.6902	33.403	42.2723	52.0456	45.0539	30.4622	1	1	1	1	1	
403	75.0633	62.2978	100.532	107.815	90.6684	33.3959	42.2499	52.0351	45.0419	30.4523	1	1	1	1	1	
404	75.0504	62.2796	100.516	107.774	90.6463	33.3888	42.2271	52.0245	45.0298	30.4423	1	1	1	1	1	
405	75.0374	62.2612	100.499	107.731	90.624	33.3816	42.2041	52.0137	45.0176	30.4322	1	1	1	1	1	
406	75.0243	62.2425	100.482	107.689	90.6014	33.3742	42.1808	52.0029	45.0052	30.4219	1	1	1	1	1	
407	75.0109	62.2236	100.465	107.646	90.5785	33.3668	42.1573	51.9919	44.9926	30.4115	1	1	1	1	1	
408	74.9974	62.2044	100.447	107.602	90.5553	33.3592	42.1334	51.9807	44.9799	30.401	1	1	1	1	1	
409	74.9837	62.185	100.43	107.558	90.5318	33.3516	42.1092	51.9694	44.967	30.3904	1	1	1	1	1	
410	74.9699	62.1653	100.412	107.513	90.508	33.3438	42.0846	51.958	44.9539	30.3796	1	1	1	1	1	
411	74.9558	62.1454	100.394	107.468	90.4839	33.3359	42.0598	51.9465	44.9407	30.3688	1	1	1	1	1	
412	74.9416	62.1252	100.375	107.422	90.4595	33.328	42.0347	51.9348	44.9273	30.3577	1	1	1	1	1	
413	74.9272	62.1047	100.357	107.375	90.4347	33.3199	42.0092	51.923	44.9137	30.3466	1	1	1	1	1	
414	74.9126	62.084	100.338	107.328	90.4096	33.3117	41.9834	51.911	44.9	30.3353	1	1	1	1	1	
415	74.8978	62.063	100.319	107.28	90.3843	33.3033	41.9573	51.8989	44.886	30.3239	1	1	1	1	1	
416	74.8828	62.0417	100.3	107.232	90.3585	33.2949	41.9308	51.8866	44.8719	30.3123	1	1	1	1	1	
417	74.8676	62.0201	100.28	107.183	90.3325	33.2863	41.904	51.8742	44.8576	30.3006	1	1	1	1	1	
418	74.8523	61.9982	100.26	107.133	90.306	33.2776	41.8768	51.8616	44.8431	30.2887	1	1	1	1	1	
419	74.8367	61.976	100.24	107.083	90.2793	33.2688	41.8493	51.8489	44.8284	30.2767	1	1	1	1	1	
420	74.8209	61.9535	100.22	107.032	90.2522	33.2599	41.8214	51.8361	44.8136	30.2646	1	1	1	1	1	
421	74.8049	61.9307	100.199	106.98	90.2247	33.2508	41.7931	51.823	44.7985	30.2523	1	1	1	1	1	
422	74.7887	61.9076	100.178	106.928	90.1969	33.2416	41.7645	51.8098	44.7832	30.2399	1	1	1	1	1	
423	74.7723	61.8842	100.157	106.875	90.1686	33.2322	41.7355	51.7965	44.7677	30.2273	1	1	1	1	1	
424	74.7556	61.8604	100.136	106.821	90.1401	33.2228	41.7061	51.7829	44.752	30.2145	1	1	1	1	1	
425	74.7387	61.8363	100.114	106.767	90.1111	33.2131	41.6763	51.7692	44.7361	30.2016	1	1	1	1	1	
426	74.7216	61.8119	100.092	106.712	90.0817	33.2034	41.6461	51.7554	44.72	30.1885	1	1	1	1	1	
427	74.7043	61.7872	100.07	106.656	90.0519	33.1935	41.6155	51.7413	44.7037	30.1753	1	1	1	1	1	
428	74.6868	61.762	100.047	106.599	90.0218	33.1834	41.5845	51.7271	44.6871	30.1619	1	1	1	1	1	
429	74.669	61.7366	100.025	106.542	89.9912	33.1732	41.5531	51.7127	44.6703	30.1484	1	1	1	1	1	
430	74.6509	61.7108	100.001	106.484	89.9602	33.1628	41.5213	51.6982	44.6533	30.1346	1	1	1	1	1	
431	74.6326	61.6846	99.9779	106.425	89.9288	33.1523	41.489	51.6834	44.6361	30.1207	1	1	1	1	1	
432	74.6141	61.658	99.9541	106.365	89.8969	33.1417	41.4563	51.6685	44.6186	30.1067	1	1	1	1	1	
433	74.5953	61.6311	99.93	106.305	89.8646	33.1308	41.4231	51.6533	44.6009	30.0924	1	1	1	1	1	
434	74.5762	61.6038	99.9055	106.243	89.8319	33.1198	41.3895	51.638	44.5829	30.078	1	1	1	1	1	
435	74.5569	61.5761	99.8807	106.181	89.7987	33.1086	41.3554	51.6225	44.5647	30.0634	1	1	1	1	1	
436	74.5373	61.548	99.8556	106.118	89.7651	33.0973	41.3208	51.6068	44.5462	30.0486	1	1	1	1	1	
437	74.5174	61.5195	99.8302	106.054	89.7309	33.0858	41.2858	51.5909	44.5275	30.0337	1	1	1	1	1	
438	74.4973	61.4906	99.8044	105.99	89.6963	33.0741	41.2503	51.5748	44.5085	30.0185	1	1	1	1	1	
439	74.4769	61.4612	99.7782	105.924	89.6613	33.0622	41.2143	51.5584	44.4892	30.0032	1	1	1	1	1	
440	74.4562	61.4314	99.7517	105.857	89.6257	33.0502	41.1778	51.5419	44.4697	29.9876	1	1	1	1	1	
441	74.4352	61.4012	99.7249	105.79	89.5896	33.0379	41.1407	51.5251	44.4499	29.9719	1	1	1	1	1	
442	74.4139	61.3706	99.6976	105.721	89.553	33.0255	41.1032	51.5082	44.4298	29.956	1	1	1	1	1	
443	74.3923	61.3395	99.67	105.652	89.5159	33.0128	41.0651	51.491	44.4095	29.9399	1	1	1	1	1	
444	74.3704	61.3079	99.642	105.582	89.4783	33	41.0265	51.4736	44.3888	29.9235	1	1	1	1	1	
445	74.3481	61.2759	99.6136	105.51	89.4401	32.987	40.9873	51.4559	44.3679	29.907	1	1	1	1	1	
446	74.3256	61.2434	99.5848	105.438	89.4014	32.9737	40.9475	51.4381	44.3466	29.8903	1	1	1	1	1	
447	74.3027	61.2104	99.5556	105.365	89.3621	32.9602	40.9072	51.42	44.3251	29.8733	1	1	1	1	1	
448	74.2795	61.1769	99.526	105.29	89.3223	32.9466	40.8664	51.4016	44.3032	29.8561	1	1	1	1	1	
449	74.256	61.1429	99.496	105.215	89.2818	32.9327	40.8249	51.3831	44.281	29.8387	1	1	1	1	1	
450	74.2321	61.1084	99.4655	105.138	89.2408	32.9185	40.7828	51.3642	44.2585	29.8211	1	1	1	1	1	
451	74.2079	61.0734	99.4346	105.06	89.1992	32.9042	40.7401	51.3452	44.2357	29.8033	1	1	1	1	1	
452	74.1833	61.0378	99.4033	104.982	89.157	32.8896	40.6968	51.3258	44.2126	29.7853	1	1	1	1	1	
453	74.1584	61.0017	99.3715	104.902	89.1141	32.8748	40.6528	51.3063	44.1891	29.767	1	1	1	1	1	
454	74.1331	60.965	99.3393	104.82	89.0707	32.8597	40.6082	51.2864	44.1652	29.7485	1	1	1	1	1	
455	74.1074	60.9278	99.3066	104.738	89.0265	32.8444	40.5629	51.2663	44.1411	29.7297	1	1	1	1	1	
456	74.0814	60.89	99.2735	104.655	88.9818	32.8288	40.517	51.2459	44.1165	29.7107	1	1	1	1	1	
457	74.0549	60.8516	99.2398	104.57	88.9363	32.813	40.4704	51.2253	44.0916	29.6915	1	1	1	1	1	
458	74.0281	60.8126	99.2057	104.484	88.8902	32.7969	40.423	51.2043	44.0663	29.672	1	1	1	1	1	
459	74.0008	60.7729	99.1711	104.397	88.8434	32.7805	40.375	51.1831	44.0407	29.6523	1	1	1	1	1	
460	73.9731	60.7327	99.136	104.308	88.7958	32.7638	40.3262	51.1616	44.0147	29.6323	1	1	1	1	1	
461	73.9451	60.6918	99.1003	104.218	88.7476	32.7469	40.2767	51.1398	43.9882	29.6121	1	1	1	1	1	
462	73.9166	60.6503	99.0642	104.127	88.6986	32.7297	40.2265	51.1177	43.9614	29.5917	1	1	1	1	1	
463	73.8876	60.6081	99.0275	104.035	88.6489	32.7122	40.1754	51.0953	43.9342	29.5709	1	1	1	1	1	
464	73.8582	60.5652	98.9902	103.941	88.5984	32.6943	40.1236	51.0726	43.9066	29.5499	1	1	1	1	1	
465	73.8284	60.5217	98.9524	103.845	88.5471	32.6762	40.071	51.0496	43.8785	29.5286	1	1	1	1	1	
466	73.7981	60.4774	98.9141	103.749	88.495	32.6578	40.0175	51.0262	43.85	29.5071	1	1	1	1	1	
467	73.7673	60.4324	98.8751	103.65	88.4422	32.639	39.9632	51.0026	43.8211	29.4853	1	1	1	1	1	
468	73.7361	60.3867	98.8356	103.55	88.3885	32.6199	39.9081	50.9786	43.7917	29.4632	1	1	1	1	1	
469	73.7043	60.3402	98.7955	103.449	88.3339	32.6005	39.8521	50.9542	43.7619	29.4409	1	1	1	1	1	
470	73.6721	60.293	98.7548	103.346	88.2785	32.5807	39.7952	50.9296	43.7317	29.4182	1	1	1	1	1	
471	73.6393	60.245	98.7134	103.242	88.2222	32.5606	39.7374	50.9046	43.7009	29.3953	1	1	1	1	1	
472	74.3452	60.9657	99.3148	103.79	88.841	33.3102	39.8791	51.9825	44.9466	29.4919	1	1	1	1	1	
473	73.7813	60.3977	98.7801	103.16	88.2731	32.7077	39.7269	51.1286	43.9523	29.372	1	1	1	1	1	
474	73.6007	60.1745	98.6241	102.946	88.0912	32.5441	39.6011	50.9028	43.6925	29.3286	1	1	1	1	1	
475	73.5224	60.0687	98.5519	102.812	87.9996	32.4879	39.5116	50.8229	43.5988	29.3008	1	1	1	1	1	
476	74.2493	60.8079	99.1712	103.377	88.6368	33.2582	39.6668	51.9296	44.8789	29.399	1	1	1	1	1	
477	73.6629	60.2161	98.6175	102.723	88.0474	32.637	39.4972	51.0477	43.8502	29.2761	1	1	1	1	1	
478	73.4675	59.9752	98.4497	102.493	87.8517	32.4615	39.3576	50.8051	43.5707	29.2305	1	1	1	1	1	
479	74.183	60.693	99.0633	103.055	88.4803	33.2233	39.5035	51.9002	44.8386	29.3265	1	1	1	1	1	
480	73.5728	60.0757	98.4908	102.377	87.8702	32.5826	39.318	50.9881	43.7741	29.2008	1	1	1	1	1	
481	73.3634	59.8183	98.3125	102.135	87.6623	32.3962	39.1657	50.7297	43.4762	29.1535	1	1	1	1	1	
482	74.102	60.5592	98.9433	102.71	88.3093	33.1775	39.3288	51.8545	44.7794	29.2507	1	1	1	1	1	
483	73.4752	59.9242	98.3564	102.013	87.6826	32.5231	39.1285	50.9221	43.6898	29.1228	1	1	1	1	1	
484	73.2535	59.6522	98.1683	101.758	87.4632	32.3268	38.9639	50.6502	43.376	29.0737	1	1	1	1	1	
485	74.0168	60.4178	98.8172	102.348	88.1293	33.1282	39.1462	51.8061	44.7164	29.1719	1	1	1	1	1	
486	73.3731	59.7649	98.2157	101.631	87.4857	32.4601	38.9303	50.8536	43.6017	29.0418	1	1	1	1	1	
487	73.1384	59.4775	98.0174	101.363	87.2541	32.2537	38.7523	50.5676	43.2714	28.9909	1	1	1	1	1	
488	73.9273	60.2687	98.6847	101.967	87.9398	33.0753	38.9551	51.7553	44.6498	29.0899	1	1	1	1	1	
489	73.2664	59.5974	98.0684	101.23	87.2789	32.3936	38.7228	50.7826	43.5097	28.9576	1	1	1	1	1	
490	73.0181	59.2938	97.8593	100.947	87.0344	32.1764	38.5304	50.4817	43.1622	28.9049	1	1	1	1	1	
491	73.8332	60.1113	98.5453	101.565	87.7401	33.0185	38.755	51.7019	44.5793	29.0047	1	1	1	1	1	
492	73.1549	59.421	97.9139	100.807	87.0615	32.3231	38.5054	50.7089	43.4137	28.8704	1	1	1	1	1	
493	73.8361	60.0713	98.4971	101.332	87.6467	33.0338	38.6551	51.7527	44.6279	28.9513	1	1	1	1	1	
494	73.1028	59.3255	97.8221	100.525	86.9249	32.2903	38.3752	50.6865	43.3804	28.8103	1	1	1	1	1	
495	73.7805	59.969	98.4037	101.047	87.5086	32.9991	38.5204	51.7283	44.5926	28.8909	1	1	1	1	1	
496	73.0283	59.2035	97.7142	100.222	86.7708	32.2416	38.2245	50.6397	43.3184	28.7484	1	1	1	1	1	
497	73.7169	59.8567	98.3036	100.749	87.3627	32.9587	38.3783	51.6958	44.5476	28.8291	1	1	1	1	1	
498	72.9494	59.0748	97.6017	99.908	86.6105	32.1899	38.0673	50.5894	43.2517	28.6852	1	1	1	1	1	
499	73.6507	59.7396	98.1998	100.44	87.2113	32.916	38.2316	51.6616	44.5	28.766	1	1	1	1	1	
500	72.8679	58.9413	97.4854	99.5821	86.4445	32.136	37.905	50.5378	43.1827	28.6206	1	1	1	1	1	
501	73.5822	59.618	98.0924	100.119	87.0543	32.871	38.0804	51.6263	44.4506	28.7012	1	1	1	1	1	
502	72.7839	58.8029	97.3653	99.2441	86.2725	32.0798	37.7375	50.4849	43.1118	28.5545	1	1	1	1	1	
503	73.5116	59.4917	97.9811	99.7864	86.8913	32.8237	37.9244	51.5899	44.3994	28.6349	1	1	1	1	1	
504	72.6975	58.6593	97.2412	98.8936	86.0944	32.0214	37.5647	50.4308	43.0388	28.4868	1	1	1	1	1	
505	73.4387	59.3604	97.8658	99.4403	86.7222	32.774	37.7635	51.5525	44.3463	28.567	1	1	1	1	1	
506	72.6086	58.5105	97.113	98.5297	85.9098	31.9605	37.3862	50.3754	42.9639	28.4177	1	1	1	1	1	
507	73.3635	59.2239	97.7464	99.0805	86.5466	32.7216	37.5975	51.514	44.2914	28.4976	1	1	1	1	1	
508	72.517	58.3559	96.9804	98.1518	85.7184	31.897	37.202	50.3188	42.8868	28.347	1	1	1	1	1	
509	73.2858	59.0818	97.6226	98.7063	86.3641	32.6664	37.4261	51.4744	44.2344	28.4265	1	1	1	1	1	
510	72.4226	58.1955	96.8433	97.7591	85.5198	31.8307	37.0117	50.2609	42.8075	28.2748	1	1	1	1	1	
511	73.2055	58.9339	97.4941	98.3168	86.1744	32.6082	37.249	51.4336	44.1754	28.3538	1	1	1	1	1	
512	72.3254	58.0287	96.7014	97.3508	85.3137	31.7615	36.815	50.2016	42.726	28.2011	1	1	1	1	1	
513	73.1226	58.7799	97.3609	97.9112	85.9771	32.5468	37.066	51.3915	44.1142	28.2797	1	1	1	1	1	
514	72.2252	57.8553	96.5545	96.9259	85.0997	31.6892	36.6117	50.1409	42.6421	28.126	1	1	1	1	1	
515	73.037	58.6193	97.2225	97.4885	85.7718	32.4821	36.8768	51.3482	44.0508	28.204	1	1	1	1	1	
516	72.122	57.6749	96.4025	96.4837	84.8774	31.6137	36.4014	50.0788	42.5558	28.0495	1	1	1	1	1	
517	72.9485	58.4517	97.0789	97.0477	85.558	32.4137	36.681	51.3036	43.9851	28.1269	1	1	1	1	1	
518	71.2696	58.1528	94.0113	101.144	85.4915	31.8842	35.5586	49.4456	42.3537	28.1131	1	1	1	1	1	
519	72.493	58.5184	96.0396	98.6834	85.6268	32.6152	36.0832	50.869	43.7507	28.1516	1	1	1	1	1	
520	71.7333	57.3857	95.7346	96.4321	84.5172	31.5707	35.7708	49.7197	42.3213	27.9266	1	1	1	1	1	
521	72.6804	58.132	96.6294	96.5114	85.1409	32.335	36.1752	51.0984	43.7989	27.9705	1	1	1	1	1	
522	70.9759	57.7987	93.4852	100.515	85.0539	31.7651	34.9964	49.2133	42.151	27.961	1	1	1	1	1	
523	72.2496	58.1752	95.6077	97.9539	85.1841	32.497	35.5992	50.7085	43.5822	27.9907	1	1	1	1	1	
524	71.4714	56.9866	95.3275	95.5612	84.024	31.4136	35.262	49.5431	42.1182	27.7612	1	1	1	1	1	
525	72.4618	57.7508	96.2667	95.5763	84.6538	32.1838	35.712	50.9743	43.6377	27.8015	1	1	1	1	1	
526	70.6879	57.3936	92.9645	99.6881	84.5556	31.6241	34.4261	49.0005	41.9335	27.7968	1	1	1	1	1	
527	71.9997	57.7931	95.1549	97.0948	84.6941	32.3555	35.0919	50.5519	43.4041	27.8247	1	1	1	1	1	
528	71.1965	56.55	94.8914	94.5886	83.4864	31.2372	34.7194	49.3629	41.9041	27.5924	1	1	1	1	1	
529	71.3763	58.0871	93.2654	100.135	85.0706	32.4578	34.4061	50.115	43.3498	27.818	1	1	1	1	1	
530	70.7906	56.522	93.9547	95.6292	83.4563	31.2702	34.1924	48.9343	41.819	27.5796	1	1	1	1	1	
531	71.9625	57.1968	95.3463	94.7328	83.939	32.0207	34.8055	50.5846	43.333	27.5648	1	1	1	1	1	
532	70.1578	56.7611	91.9527	98.5989	83.7809	31.4047	33.4004	48.5709	41.5964	27.5563	1	1	1	1	1	
533	71.5523	57.1688	94.3267	95.8061	83.895	32.1292	34.2108	50.246	43.1023	27.5638	1	1	1	1	1	
534	70.7259	55.828	94.1282	93.0486	82.5998	30.9493	33.7994	49.0436	41.5511	27.3259	1	1	1	1	1	
535	70.909	57.4237	92.3243	98.7302	84.2267	32.2371	33.4404	49.7739	43.0325	27.5566	1	1	1	1	1	
536	70.2859	55.7783	93.0803	94.0878	82.5456	30.9785	33.2089	48.581	41.4526	27.317	1	1	1	1	1	
537	71.5293	56.4721	94.5753	93.0534	83.0215	31.7253	33.9095	50.3209	43.021	27.2915	1	1	1	1	1	
538	69.6184	55.9838	90.9147	97.0274	82.8332	31.1345	32.3044	48.1626	41.2028	27.288	1	1	1	1	1	
539	71.0735	56.4246	93.4134	94.1665	82.9511	31.8391	33.2371	49.9351	42.763	27.2925	1	1	1	1	1	
540	70.2121	54.99	93.2644	91.216	81.5779	30.6057	32.7658	48.707	41.1642	27.0568	1	1	1	1	1	
541	70.3839	56.6374	91.2342	97.0371	83.2361	31.9702	32.3372	49.3887	42.6675	27.2819	1	1	1	1	1	
542	69.722	54.9143	92.0644	92.2792	81.4954	30.637	32.0859	48.19	41.0456	27.0506	1	1	1	1	1	
543	71.0361	55.6242	93.6667	91.1009	81.9586	31.3695	32.8766	50.0205	42.6653	27.0154	1	1	1	1	1	
544	69.0122	55.0725	89.7018	95.1656	81.7307	30.8198	31.043	47.7028	40.7628	27.0104	1	1	1	1	1	
545	70.5269	55.5473	92.3315	92.2336	81.849	31.4876	32.1088	49.5774	42.3756	27.0174	1	1	1	1	1	
546	68.6223	54.8978	88.7257	95.3836	81.5405	30.7506	30.3066	47.3477	40.6548	26.9718	1	1	1	1	1	
547	70.2104	55.2984	91.6546	92.0514	81.5383	31.4137	31.5453	49.3147	42.2151	26.9329	1	1	1	1	1	
548	69.3462	53.6961	91.7183	88.6214	80.0137	30.0879	31.0463	48.1046	40.5663	26.6933	1	1	1	1	1	
549	69.5223	55.3794	89.3624	94.4261	81.6663	31.5352	30.5081	48.7369	42.0867	26.909	1	1	1	1	1	
550	68.8253	53.5402	90.3576	89.462	79.8414	30.0949	30.2625	47.5631	40.4218	26.6964	1	1	1	1	1	
551	69.1245	55.1724	88.3075	94.495	81.4241	31.4591	29.7497	48.3643	41.9755	26.8741	1	1	1	1	1	
552	70.3399	55.0552	91.0613	90.6892	80.9423	31.5907	31.1415	49.7819	42.7838	26.7272	1	1	1	1	1	
553	68.0906	54.0995	86.9435	93.3518	80.3116	30.6158	29.0169	46.9902	40.5731	26.649	1	1	1	1	1	
554	69.5951	54.2842	89.9901	89.6356	80.1088	31.0697	30.213	48.9497	41.9424	26.5919	1	1	1	1	1	
555	67.5153	53.4185	85.9667	92.4379	79.6494	30.2611	27.9532	46.4669	40.0528	26.5785	1	1	1	1	1	
556	69.1462	53.7293	89.2096	88.7339	79.5102	30.7925	29.3851	48.5811	41.5683	26.5098	1	1	1	1	1	
557	68.9816	54.7699	86.6795	93.1183	80.5553	31.7127	28.9021	48.5555	42.4475	26.5769	1	1	1	1	1	
558	68.0634	52.4987	87.9717	87.0235	78.2571	29.8275	28.6776	47.0574	40.2927	26.3236	1	1	1	1	1	
559	68.1824	53.8667	85.4869	91.6099	79.5959	31.0925	27.6888	47.6559	41.5971	26.5127	1	1	1	1	1	
560	69.4241	53.6082	88.56	87.4052	78.9532	31.0522	29.2644	49.209	42.3527	26.3527	1	1	1	1	1	
561	66.9894	52.4734	83.9324	89.853	78.1928	30.0922	26.6508	46.1421	39.9956	26.3017	1	1	1	1	1	
562	68.5179	52.581	87.2284	85.8459	77.8733	30.3811	28.0146	48.2347	41.3308	26.2499	1	1	1	1	1	
563	68.2039	53.4791	84.2488	90.0918	78.7751	31.3323	27.2124	48.0138	42.0909	26.3025	1	1	1	1	1	
564	67.2334	51.1029	85.7086	83.7922	76.4155	29.3003	27.0123	46.5013	39.8783	26.1033	1	1	1	1	1	
565	67.2338	52.3656	82.6885	88.2222	77.6189	30.5978	25.6368	46.9612	41.0669	26.277	1	1	1	1	1	
566	68.5098	52.0673	85.965	83.8503	76.9002	30.4102	27.3911	48.6453	41.8638	26.1528	1	1	1	1	1	
567	65.9374	50.8173	80.8052	86.183	76.0526	29.5464	24.3488	45.3799	39.4268	26.1026	1	1	1	1	1	
568	67.4745	50.886	84.2683	81.9942	75.6384	29.6709	25.8695	47.5772	40.7561	26.0877	1	1	1	1	1	
569	67.0344	51.6562	80.6787	86.0172	76.3449	30.6964	24.7345	47.2058	41.4428	26.1026	1	1	1	1	1	
570	66.0751	49.262	82.4096	79.6388	74.0117	28.5706	24.6896	45.7688	39.2788	26.0003	1	1	1	1	1	
571	65.9473	50.4024	78.6278	83.8118	74.9961	29.907	22.867	46.1007	40.343	26.1362	1	1	1	1	1	
572	67.2282	50.0477	82.0811	79.285	74.1319	29.5291	24.8462	47.8987	41.189	26.0688	1	1	1	1	1	
573	66.4426	50.4321	77.8536	83.0108	74.3971	30.4664	23.4287	47.08	41.5027	26.0135	1	1	1	1	1	
574	65.3732	48.0216	79.6094	76.4157	71.9621	28.1414	23.4945	45.4861	39.1915	25.9826	1	1	1	1	1	
575	65.0268	48.9307	75.0906	80.3578	72.6171	29.4555	21.1011	45.6488	40.0396	26.1136	1	1	1	1	1	
576	66.2362	48.4649	78.5079	75.7093	71.5574	28.8848	23.1523	47.4696	40.8495	26.1009	1	1	1	1	1	
577	65.2349	48.6045	73.5675	79.1847	71.415	29.836	21.2638	46.508	41.027	26.0376	1	1	1	1	1	
578	64.1548	46.2939	75.4938	72.6731	68.9609	27.4595	21.6327	44.9672	38.7746	26.0876	1	1	1	1	1	
579	63.6632	47.015	70.0786	76.3668	69.1689	28.7701	18.7001	45.0814	39.4949	26.2315	1	1	1	1	1	
580	64.7665	46.3241	73.3709	71.6666	67.7133	28.0287	20.8907	46.899	40.2927	26.2237	1	1	1	1	1	
581	63.5418	46.0908	67.634	74.8293	66.9134	28.9532	18.5139	45.861	40.3391	26.1855	1	1	1	1	1	
582	63.23	44.2745	72.4097	69.3233	64.9135	27.6394	24.1524	44.6936	40.116	24.997	1	1	1	1	1	
583	61.8582	43.6735	65.268	72.1715	63.6325	28.4993	18.5407	44.1474	40.0866	25.3981	1	1	1	1	1	
584	60.6766	41.4954	67.1587	66.1251	60.67	26.0528	19.2568	43.0024	37.9115	25.7648	1	1	1	1	1	
585	60.1029	41.4045	60.3865	69.1474	59.6729	27.3267	15.1892	43.4655	38.483	26.2114	1	1	1	1	1	
586	59.8083	35.9701	65.3433	63.8907	56.6132	26.3705	20.8953	44.9366	37.723	19.6017	1	1	1	1	1	
587	59.1304	36.068	57.6342	66.5662	55.0496	27.3077	15.0017	44.5731	38.1943	22.9394	1	1	1	1	1	
588	58.2002	33.6652	62.3891	61.5881	52.5695	25.6558	20.4198	43.3468	38.2364	22.912	1	1	1	1	1	
589	56.9651	33.3407	54.1253	63.2564	51.0424	26.313	13.9747	42.8864	38.116	24.3046	1	1	1	1	1	
590	56.1146	32.6691	56.6936	58.4503	48.3924	24.0542	15.8617	42.2549	36.2397	25.2805	1	1	1	1	1	
591	58.1537	32.3809	55.6544	57.2118	47.8443	23.747	15.1975	44.7829	37.2844	25.7677	1	1	1	1	1	
592	52.3936	27.4996	57.663	61.0192	46.6597	26.2517	18.1835	38.9383	36.3316	20.0004	1	1	1	1	1	
593	55.5396	29.1588	54.7035	57.5001	46.429	24.4094	15.4003	42.2515	37.0277	22.9436	1	1	1	1	1	
594	54.7668	30.3256	53.9908	55.1456	44.4602	22.5484	14.7933	41.5965	34.6474	24.5153	1	1	1	1	1	
595	53.4494	29.7077	54.9101	54.0269	43.5817	21.7307	16.6272	40.1761	34.4433	23.8875	1	1	1	1	1	
596	51.8326	30.3575	47.4881	55.686	42.1543	22.4264	10.2942	38.7793	32.719	24.5834	1	1	1	1	1	
597	51.6597	26.6494	51.6813	53.037	40.7711	21.0802	13.8922	38.6748	31.75	20.9059	1	1	1	1	1	
598	50.8826	28.3836	50.8463	51.6779	40.1143	20.0987	12.9855	37.7852	31.3443	23.2044	1	1	1	1	1	
599	47.5729	29.1721	49.1276	50.4189	38.4574	18.7012	11.1675	34.3779	29.4894	24.3862	1	1	1	1	1	
600	46.1834	28.4916	48.1131	49.5309	37.8102	18.2309	10.4358	32.8842	29.223	23.7669	1	1	1	1	1	
601	44.61	27.7575	47.0036	48.8532	36.9858	17.7128	9.54173	31.278	28.6297	23.1508	1	1	1	1	1	