    0 32.5576 23.7697 12.0416 16.2788 22.0907  21.095 3.60555 26.4433  18.868 10.6301 12.1655 9.05539 17.6918 4.12311 23.8537 7.81025 26.8328 22.4722 28.6356 10.7703 12.7279 20.2237 15.6205 12.6491 10.0499 13.4629 12.6491 22.8035 14.4222 27.2947   8.544 19.2354      20 23.8537       5 14.2127 14.1421 15.6205 17.6918  6.7082 8.06226 10.2956 29.7321 24.3311 21.3776 15.6525   12.53
32.5576       0 28.0179 25.0799 48.7955 20.0998 35.2278 33.3017 15.0748 15.2315 43.1856 27.8568 40.2244      15 36.0694 9.84886 24.8395 36.0555 14.3178 34.0588 37.7359 19.8494  25.318 48.0833 22.3607 26.9258 45.0694 44.4072      18 37.5766      35 24.8395 31.7805 36.4966 35.2278 27.6586 33.6155   42.19 48.0833 50.2096      35 40.4599   42.45       4 28.0713 18.2483 39.8121 20.6155
23.7697 28.0179       0 28.4253 34.5254 8.06226 41.6173 21.2132 13.2382 25.5539 31.0161 30.8058 32.3883 21.9545 24.0832 19.2354 21.6333 46.0977 14.1421  6.7082 19.4165 20.5183 4.24264  33.541 26.1725 13.9284 28.7446 35.0571 32.7567 16.1555 7.07107 17.4929  6.7082 41.3401 7.61577 22.3607 12.3693 22.4722  33.541 35.6931      20 30.0666 28.1603 28.1603 40.3609  10.198 17.8885 16.9706
12.0416 25.0799 28.4253       0 26.8328 23.2594 13.4164 15.0333  25.005 9.84886 21.0238       3 16.4012 11.0454 16.1245 19.0263  7.2111 17.6918 20.3961 34.6554 22.2036   8.544 24.2074 26.4008       3 15.8114  25.224 20.6155 11.1803      25 33.9706 11.4018 26.4008 13.6015 31.4006 8.24621 23.2594 26.0192 26.4008  28.178 18.1108 17.8885 21.8403 21.4709      13 21.5407 26.6833 11.6619
16.2788 48.7955 34.5254 26.8328       0 35.8469      30 15.8114 41.1491      35 5.83095  25.632 11.1803 33.9706 12.8062 39.8246 24.0832 36.0139 37.7359      37 15.1327      29   32.28       1 28.3019 23.7065  6.0208 8.06226 38.0132      19 35.0143 24.2074 28.1603 28.0179 31.0161 21.2603 22.2036 13.1529       1 1.41421 15.2315 8.94427  6.7082 46.0109 36.6742 35.7771 18.1108 28.4253
22.0907 20.0998 8.06226 23.2594 35.8469       0 36.6742 20.6155 6.10328 18.4391 31.3209      26 31.1448 14.8661 23.7697 11.1803 17.4642 40.4969 6.08276 14.5602 21.6333 14.7648 5.38516 34.9285 20.5913 12.3693 30.6472 34.5254 25.6125  19.799 15.1327 14.0357  12.083 36.7696 15.1327  19.105 15.5563 25.6125 34.9285 37.1618 20.6155 29.6142 29.1548 20.0998 34.0588 2.23607 21.9317 11.7047
 21.095 35.2278 41.6173 13.4164      30 36.6742       0 24.6982 38.1215  21.095 25.1794 10.8167  19.105 23.5372 24.1661 31.4006      20 6.08276 33.5261  47.634 31.7648 21.9317 37.4433 30.0167 16.1555 28.3196 31.0846 22.0227 17.4642 35.5106 46.7547 24.2074 38.8973 2.23607 43.8406  19.799 34.8281 34.5398 30.0167 31.0161 27.7849 22.3607 27.6586  31.257 9.21954 34.9285 36.7151 25.0599
3.60555 33.3017 21.2132 15.0333 15.8114 20.6155 24.6982       0 25.5392 20.6155 10.7703 15.5242 11.1803  18.868 3.16228 24.0832 9.48683 30.4138 21.9545  25.632 7.28011 13.8924      18      15 15.1327 8.24621 11.8004 14.0357  25.318 10.8167 24.1661 8.48528 16.1555 23.6008 20.5913 7.07107 10.8167      11      15 17.2047 3.16228 9.05539 9.21954 30.8058 27.6586 20.2485  12.083 12.7279
26.4433 15.0748 13.2382  25.005 41.1491 6.10328 38.1215 25.5392       0 17.9234 36.3077 27.9508 35.4154 14.7733 28.6923 8.13941 20.5244 41.1734 4.60977 19.0066 27.4089 16.6208 11.4127 40.2647 22.0737 17.4428 36.2008   39.08 24.6018 25.8312 20.0562 17.9513 18.1177 38.5649 20.7425 22.6991 21.5928 31.5159 40.2647    42.5 25.9856 34.3111  34.442 15.9765 34.0478 5.40833 27.9866 14.5344
 18.868 15.2315 25.5539 9.84886      35 18.4391  21.095 20.6155 17.9234       0 29.2062 12.6491 25.4951 3.60555 22.8254 10.4403 11.1803 23.4094 13.6015  32.249 26.6833 7.07107 21.4709 34.4093  7.2111      17 32.2064 29.7321  7.2111 28.0713 32.2025 13.1529 25.9615      22 30.6757 13.8924   25.02 31.0483 34.4093 36.4005 23.0868 26.2488 29.1548 11.6619 16.1245 16.2788 30.1496 10.0499
10.6301 43.1856 31.0161 21.0238 5.83095 31.3209 25.1794 10.7703 36.3077 29.2062       0 19.9249 6.08276 28.2843 7.61577 34.4093 18.3848  31.257 32.6497 34.3657 12.3693 23.3452 28.2843 5.38516 22.4722 18.9737 6.26498       5 32.2025 16.7631 32.5576  18.868 25.0799 23.3452 28.6356 15.5563  19.105 12.2066 5.38516  7.2111 11.0454 3.16228 3.60555 40.3113  31.257 31.0161 16.5529 23.0217
12.1655 27.8568 30.8058       3  25.632      26 10.8167 15.5242 27.9508 12.6491 19.9249       0 14.7648 14.0357 16.0312 22.0227 9.21954 15.6205 23.3452 36.8782 22.8035 11.4018 26.6271 25.2982       6 17.6918  24.683  18.868 12.8062      26 36.0694 13.4536 28.3196 10.7703 33.3017 9.43398 24.6982 26.3059 25.2982 26.9258 18.6815 16.7631 21.2132 24.1661 12.1655 24.3516 27.5136 14.3178
9.05539 40.2244 32.3883 16.4012 11.1803 31.1448  19.105 11.1803 35.4154 25.4951 6.08276 14.7648       0 25.2389   8.544 32.2025 15.6525 25.1794 31.3209 36.6879 15.8114 20.5913 29.0689 11.0454 18.3848      19 12.1758 4.24264 27.4591 20.2485 35.1141 17.4642 27.2029 17.2627 31.3847      13 21.5407 17.0294 11.0454 12.3693      13 3.60555 8.94427 37.0135 25.4951 30.4138 20.6155 21.1896
17.6918      15 21.9545 11.0454 33.9706 14.8661 23.5372  18.868 14.7733 3.60555 28.2843 14.0357 25.2389       0 21.4009       8 9.89949 26.4008 10.2956 28.6531 24.3516       5 17.8885 33.3017 8.06226 14.1421 30.6472 29.4109 10.8167  25.318 28.6356 10.7703  22.561 24.1868 27.2029 12.7279 22.0227 28.7924 33.3017 35.3836 21.0238 25.4951 27.8029 12.0416 19.4165 12.7279 27.4591 7.07107
4.12311 36.0694 24.0832 16.1245 12.8062 23.7697 24.1661 3.16228 28.6923 22.8254 7.61577 16.0312   8.544 21.4009       0 27.0185 11.6619 30.0832 25.0599 28.1603 7.81025 16.4012 21.0238 12.0416 16.7631 11.4018 9.39415      11 26.9258 12.0416 26.5707 11.4018 18.6815 22.8254 22.8473 8.94427      13 10.4403 12.0416 14.2127 4.47214       6 6.40312 33.4215 28.1603 23.4094 12.8062 15.6205
23.8537 9.84886 19.2354 19.0263 39.8246 11.1803 31.4006 24.0832 8.13941 10.4403 34.4093 22.0227 32.2025       8 27.0185       0 16.5529 33.8378 5.09902 25.7099 28.0179 11.7047      16 39.0512 16.0312 17.2047 35.7106 36.2353 16.6433 27.7308 26.3059 15.6205 22.2036 32.1403      26 19.2354 23.7697   32.45 39.0512 41.2311 25.4951 31.9061 33.3017       9 26.4008 9.05539 29.9666 11.4018
7.81025 24.8395 21.6333  7.2111 24.0832 17.4642      20 9.48683 20.5244 11.1803 18.3848 9.21954 15.6525 9.89949 11.6619 16.5529       0 24.7588 16.1245 27.6586 16.0312       5 17.4929 23.4307 6.08276 8.60233 21.0297 19.7231 16.0312 18.2483 26.8701 4.24264 19.2094 19.7231 24.2074 2.82843 16.1555 20.2237 23.4307 25.4951 12.1655 15.6205 18.0278 21.9317 20.1246 16.1245 20.0998       6
26.8328 36.0555 46.0977 17.6918 36.0139 40.4969 6.08276 30.4138 41.1734 23.4094  31.257 15.6205 25.1794 26.4008 30.0832 33.8378 24.7588       0 36.6742  52.345 37.5766  25.807 41.8688 36.0555      20 33.3017 37.1652      28 18.1108 41.1825 51.6236      29 43.9318       8 48.9183      25 40.2244 40.4969 36.0555      37  33.541 28.4429 33.7343 32.0624       8 38.5876 42.4853 29.2062
22.4722 14.3178 14.1421 20.3961 37.7359 6.08276 33.5261 21.9545 4.60977 13.6015 32.6497 23.3452 31.3209 10.2956 25.0599 5.09902 16.1245 36.6742       0 20.6155 24.7588 12.0416 11.0454 36.8917 17.4642 14.2127 33.1097 35.1141 20.5183 23.8537 21.2132 13.9284 17.4642 33.9559 21.0238 18.4391 19.7231 29.0689 36.8917 39.1152 22.8035 30.4631 31.0644 14.0357 29.6816       4 26.0768  10.198
28.6356 34.0588  6.7082 34.6554      37 14.5602  47.634  25.632 19.0066  32.249 34.3657 36.8782 36.6879 28.6531 28.1603 25.7099 27.6586  52.345 20.6155       0 22.0907 27.0185 10.8167      36 32.5576 19.4165  31.004  38.833 39.4462      18 2.23607 23.4307 9.48683 47.2017 6.08276 28.0179 15.2971 24.0832      36 38.0132 23.7697 33.9559 31.1448 34.5254 46.8615 16.7631  19.105 23.4307
10.7703 37.7359 19.4165 22.2036 15.1327 21.6333 31.7648 7.28011 27.4089 26.6833 12.3693 22.8035 15.8114 24.3516 7.81025 28.0179 16.0312 37.5766 24.7588 22.0907       0 19.6469 17.4642 14.1421      22 10.8167 9.34077  17.088 32.0624 4.47214 20.2237 13.6015 13.0384 30.5287 16.2788 14.0357 7.07107 4.47214 14.1421 16.2788 4.12311   12.53 9.05539 35.7771 34.9285 22.0227       5 17.4642
12.7279 19.8494 20.5183   8.544      29 14.7648 21.9317 13.8924 16.6208 7.07107 23.3452 11.4018 20.5913       5 16.4012 11.7047       5  25.807 12.0416 27.0185 19.6469       0 16.2788 28.3196 5.83095 10.0499 25.6564 24.6982 13.3417 21.0238 26.6271 6.08276 19.6977 22.1359 24.5967 7.81025 18.1108 24.0416 28.3196 30.4138 16.1555 20.6155 22.8035 17.0294 19.8494      13 23.0868 3.60555
20.2237  25.318 4.24264 24.2074   32.28 5.38516 37.4433      18 11.4127 21.4709 28.2843 26.6271 29.0689 17.8885 21.0238      16 17.4929 41.8688 11.0454 10.8167 17.4642 16.2788       0 31.3209 21.9317  10.198 26.7442 32.0156 28.6531      15 10.7703 13.4164  6.7082 37.2156      10 18.3848 10.8167  21.095 31.3209 33.5261 17.2627 27.0185 25.7099      25 36.1248 7.07107 17.0294 12.7279
15.6205 48.0833  33.541 26.4008       1 34.9285 30.0167      15 40.2647 34.4093 5.38516 25.2982 11.0454 33.3017 12.0416 39.0512 23.4307 36.0555 36.8917      36 14.1421 28.3196 31.3209       0 27.7849 22.8254 5.02494 8.24621 37.5766      18 34.0147 23.4307 27.1662 28.0713 30.0167 20.6155 21.2132 12.1655       0 2.23607 14.3178   8.544 5.83095 45.3431 36.4966 34.8855 17.1172 27.6586
12.6491 22.3607 26.1725       3 28.3019 20.5913 16.1555 15.1327 22.0737  7.2111 22.4722       6 18.3848 8.06226 16.7631 16.0312 6.08276      20 17.4642 32.5576      22 5.83095 21.9317 27.7849       0 14.3178 26.1008 22.6274  10.198 24.3311 32.0156 9.84886 24.6982 16.4924 29.6816 8.06226 22.1359 26.0768 27.7849 29.6816 18.0278 19.4165 22.8473  18.868 14.4222 18.7883 26.1725 9.21954
10.0499 26.9258 13.9284 15.8114 23.7065 12.3693 28.3196 8.24621 17.4428      17 18.9737 17.6918      19 14.1421 11.4018 17.2047 8.60233 33.3017 14.2127 19.4165 10.8167 10.0499  10.198 22.8254 14.3178       0 18.9011 22.2036 23.3452 11.1803 18.4391 4.47214 10.6301 27.8029 15.6205 8.60233 8.06226 15.2643 22.8254 25.0599 8.60233 17.2627      17 25.0799 28.6531  12.083 13.3417 7.07107
13.4629 45.0694 28.7446  25.224  6.0208 30.6472 31.0846 11.8004 36.2008 32.2064 6.26498  24.683 12.1758 30.6472 9.39415 35.7106 21.0297 37.1652 33.1097  31.004 9.34077 25.6564 26.7442 5.02494 26.1008 18.9011       0 11.0114 36.2112 13.0096 29.0043 20.2299 22.2767 29.3471  25.005 18.3371 16.3783 7.15891 5.02494 7.01783 10.3078 8.73212     3.5 42.6058 36.5137 30.7937 12.0934 24.4591
12.6491 44.4072 35.0571 20.6155 8.06226 34.5254 22.0227 14.0357   39.08 29.7321       5  18.868 4.24264 29.4109      11 36.2353 19.7231      28 35.1141  38.833  17.088 24.6982 32.0156 8.24621 22.6274 22.2036 11.0114       0 31.6228 21.5407  37.108 21.1896 29.4279      20 33.2415      17 23.5372 17.2047 8.24621       9 15.1327       5 8.60233 41.2311 29.1204 33.9559 21.4709 25.0799
22.8035      18 32.7567 11.1803 38.0132 25.6125 17.4642  25.318 24.6018  7.2111 32.2025 12.8062 27.4591 10.8167 26.9258 16.6433 16.0312 18.1108 20.5183 39.4462 32.0624 13.3417 28.6531 37.5766  10.198 23.3452 36.2112 31.6228       0 34.0588 39.3573  19.105 32.8938 18.9737 37.6962 18.2483 31.4006 36.2215 37.5766 39.3573 28.1603 29.0689 32.8938      14  10.198 23.4307 36.0139 16.7631
14.4222 37.5766 16.1555      25      19  19.799 35.5106 10.8167 25.8312 28.0713 16.7631      26 20.2485  25.318 12.0416 27.7308 18.2483 41.1825 23.8537      18 4.47214 21.0238      15      18 24.3311 11.1803 13.0096 21.5407 34.0588       0 16.0312      15 9.48683 34.4093 12.0416 16.7631 4.24264 6.32456      18  20.025 7.81025      17 13.3417 36.0555 37.9473 20.6155 2.23607 18.2483
27.2947      35 7.07107 33.9706 35.0143 15.1327 46.7547 24.1661 20.0562 32.2025 32.5576 36.0694 35.1141 28.6356 26.5707 26.3059 26.8701 51.6236 21.2132 2.23607 20.2237 26.6271 10.7703 34.0147 32.0156 18.4391 29.0043  37.108 39.3573 16.0312       0 22.6274 8.06226 46.2277       4 27.0185 13.6015 22.0227 34.0147      36 22.1359   32.28 29.2746 35.2278 46.4004 17.2627 17.0294 23.0217
  8.544 24.8395 17.4929 11.4018 24.2074 14.0357 24.2074 8.48528 17.9513 13.1529  18.868 13.4536 17.4642 10.7703 11.4018 15.6205 4.24264      29 13.9284 23.4307 13.6015 6.08276 13.4164 23.4307 9.84886 4.47214 20.2299 21.1896  19.105      15 22.6274       0      15 23.8537      20 5.09902 12.3693 18.0278 23.4307 25.6125 10.2956 16.5529 17.6918 22.4722 24.1868 13.0384 17.0294 4.24264
19.2354 31.7805  6.7082 26.4008 28.1603  12.083 38.8973 16.1555 18.1177 25.9615 25.0799 28.3196 27.2029  22.561 18.6815 22.2036 19.2094 43.9318 17.4642 9.48683 13.0384 19.6977  6.7082 27.1662 24.6982 10.6301 22.2767 29.4279 32.8938 9.48683 8.06226      15       0 38.2884       5  19.105       6 15.8114 27.1662 29.2746 14.3178 24.5153      22 31.1448 39.1152 13.6015 11.1803 16.1555
     20 36.4966 41.3401 13.6015 28.0179 36.7696 2.23607 23.6008 38.5649      22 23.3452 10.7703 17.2627 24.1868 22.8254 32.1403 19.7231       8 33.9559 47.2017 30.5287 22.1359 37.2156 28.0713 16.4924 27.8029 29.3471      20 18.9737 34.4093 46.2277 23.8537 38.2884       0 43.1856 19.2094 33.9706 33.1059 28.0713      29 26.6271 20.6155 25.9615 32.5576 11.3137 35.1141 35.5106 25.0799
23.8537 35.2278 7.61577 31.4006 31.0161 15.1327 43.8406 20.5913 20.7425 30.6757 28.6356 33.3017 31.3847 27.2029 22.8473      26 24.2074 48.9183 21.0238 6.08276 16.2788 24.5967      10 30.0167 29.6816 15.6205  25.005 33.2415 37.6962 12.0416       4      20       5 43.1856       0 24.0416 9.84886 18.0278 30.0167      32 18.3848 28.4605  25.318      35 44.1022 17.0294 13.0384 21.0238
      5 27.6586 22.3607 8.24621 21.2603  19.105  19.799 7.07107 22.6991 13.8924 15.5563 9.43398      13 12.7279 8.94427 19.2354 2.82843      25 18.4391 28.0179 14.0357 7.81025 18.3848 20.6155 8.06226 8.60233 18.3371      17 18.2483 16.7631 27.0185 5.09902  19.105 19.2094 24.0416       0 15.2643 18.0278 20.6155 22.6716      10 12.8062 15.2643 24.7588 21.1896      18 18.4391 8.24621
14.2127 33.6155 12.3693 23.2594 22.2036 15.5563 34.8281 10.8167 21.5928   25.02  19.105 24.6982 21.5407 22.0227      13 23.7697 16.1555 40.2244 19.7231 15.2971 7.07107 18.1108 10.8167 21.2132 22.1359 8.06226 16.3783 23.5372 31.4006 4.24264 13.6015 12.3693       6 33.9706 9.84886 15.2643       0 10.2956 21.2132 23.3452   8.544 18.6815      16   32.28 36.2491 16.4012 6.40312      15
14.1421   42.19 22.4722 26.0192 13.1529 25.6125 34.5398      11 31.5159 31.0483 12.2066 26.3059 17.0294 28.7924 10.4403   32.45 20.2237 40.4969 29.0689 24.0832 4.47214 24.0416  21.095 12.1655 26.0768 15.2643 7.15891 17.2047 36.2215 6.32456 22.0227 18.0278 15.8114 33.1059 18.0278 18.0278 10.2956       0 12.1655 14.0357 8.06226 13.4536 8.60233 40.2492 38.4708 26.1725       5 21.9317
15.6205 48.0833  33.541 26.4008       1 34.9285 30.0167      15 40.2647 34.4093 5.38516 25.2982 11.0454 33.3017 12.0416 39.0512 23.4307 36.0555 36.8917      36 14.1421 28.3196 31.3209       0 27.7849 22.8254 5.02494 8.24621 37.5766      18 34.0147 23.4307 27.1662 28.0713 30.0167 20.6155 21.2132 12.1655       0 2.23607 14.3178   8.544 5.83095 45.3431 36.4966 34.8855 17.1172 27.6586
17.6918 50.2096 35.6931  28.178 1.41421 37.1618 31.0161 17.2047    42.5 36.4005  7.2111 26.9258 12.3693 35.3836 14.2127 41.2311 25.4951      37 39.1152 38.0132 16.2788 30.4138 33.5261 2.23607 29.6816 25.0599 7.01783       9 39.3573  20.025      36 25.6125 29.2746      29      32 22.6716 23.3452 14.0357 2.23607       0 16.5529 10.2956 8.06226 47.4236  37.855 37.1214 19.0263 29.8329
 6.7082      35      20 18.1108 15.2315 20.6155 27.7849 3.16228 25.9856 23.0868 11.0454 18.6815      13 21.0238 4.47214 25.4951 12.1655  33.541 22.8035 23.7697 4.12311 16.1555 17.2627 14.3178 18.0278 8.60233 10.3078 15.1327 28.1603 7.81025 22.1359 10.2956 14.3178 26.6271 18.3848      10   8.544 8.06226 14.3178 16.5529       0  10.198   8.544 32.7567 30.8058 20.5913 8.94427 14.4222
8.06226 40.4599 30.0666 17.8885 8.94427 29.6142 22.3607 9.05539 34.3111 26.2488 3.16228 16.7631 3.60555 25.4951       6 31.9061 15.6205 28.4429 30.4631 33.9559   12.53 20.6155 27.0185   8.544 19.4165 17.2627 8.73212       5 29.0689      17   32.28 16.5529 24.5153 20.6155 28.4605 12.8062 18.6815 13.4536   8.544 10.2956  10.198       0 5.38516 37.4833 28.1603 29.1204 17.2047 20.5913
10.2956   42.45 28.1603 21.8403  6.7082 29.1548 27.6586 9.21954  34.442 29.1548 3.60555 21.2132 8.94427 27.8029 6.40312 33.3017 18.0278 33.7343 31.0644 31.1448 9.05539 22.8035 25.7099 5.83095 22.8473      17     3.5 8.60233 32.8938 13.3417 29.2746 17.6918      22 25.9615  25.318 15.2643      16 8.60233 5.83095 8.06226   8.544 5.38516       0 39.8246 33.0151 29.0689      13 21.9317
29.7321       4 28.1603 21.4709 46.0109 20.0998  31.257 30.8058 15.9765 11.6619 40.3113 24.1661 37.0135 12.0416 33.4215       9 21.9317 32.0624 14.0357 34.5254 35.7771 17.0294      25 45.3431  18.868 25.0799 42.6058 41.2311      14 36.0555 35.2278 22.4722 31.1448 32.5576      35 24.7588   32.28 40.2492 45.3431 47.4236 32.7567 37.4833 39.8246       0 24.0832 18.0278 38.2753 18.3576
24.3311 28.0713 40.3609      13 36.6742 34.0588 9.21954 27.6586 34.0478 16.1245  31.257 12.1655 25.4951 19.4165 28.1603 26.4008 20.1246       8 29.6816 46.8615 34.9285 19.8494 36.1248 36.4966 14.4222 28.6531 36.5137 29.1204  10.198 37.9473 46.4004 24.1868 39.1152 11.3137 44.1022 21.1896 36.2491 38.4708 36.4966  37.855 30.8058 28.1603 33.0151 24.0832       0 32.0156 39.5601 23.4307
21.3776 18.2483  10.198 21.5407 35.7771 2.23607 34.9285 20.2485 5.40833 16.2788 31.0161 24.3516 30.4138 12.7279 23.4094 9.05539 16.1245 38.5876       4 16.7631 22.0227      13 7.07107 34.8855 18.7883  12.083 30.7937 33.9559 23.4307 20.6155 17.2627 13.0384 13.6015 35.1141 17.0294      18 16.4012 26.1725 34.8855 37.1214 20.5913 29.1204 29.0689 18.0278 32.0156       0 22.8035  10.198
15.6525 39.8121 17.8885 26.6833 18.1108 21.9317 36.7151  12.083 27.9866 30.1496 16.5529 27.5136 20.6155 27.4591 12.8062 29.9666 20.0998 42.4853 26.0768  19.105       5 23.0868 17.0294 17.1172 26.1725 13.3417 12.0934 21.4709 36.0139 2.23607 17.0294 17.0294 11.1803 35.5106 13.0384 18.4391 6.40312       5 17.1172 19.0263 8.94427 17.2047      13 38.2753 39.5601 22.8035       0 20.3961
  12.53 20.6155 16.9706 11.6619 28.4253 11.7047 25.0599 12.7279 14.5344 10.0499 23.0217 14.3178 21.1896 7.07107 15.6205 11.4018       6 29.2062  10.198 23.4307 17.4642 3.60555 12.7279 27.6586 9.21954 7.07107 24.4591 25.0799 16.7631 18.2483 23.0217 4.24264 16.1555 25.0799 21.0238 8.24621      15 21.9317 27.6586 29.8329 14.4222 20.5913 21.9317 18.3576 23.4307  10.198 20.3961       0

