
1	240.81
2	240.809
3	240.809
4	240.808
5	240.808
6	240.807
7	240.807
8	240.806
9	240.806
10	240.806
11	240.805
12	240.805
13	240.804
14	240.804
15	240.803
16	240.803
17	240.802
18	240.802
19	240.801
20	240.8
21	240.8
22	240.799
23	240.799
24	240.798
25	240.798
26	240.797
27	240.797
28	240.796
29	240.795
30	240.795
31	240.794
32	240.794
33	240.793
34	240.793
35	240.792
36	240.791
37	240.791
38	240.79
39	240.789
40	240.789
41	240.788
42	240.787
43	240.787
44	240.786
45	240.785
46	240.785
47	240.784
48	240.783
49	240.783
50	240.782
51	240.781
52	240.78
53	240.78
54	240.779
55	240.778
56	240.777
57	240.777
58	240.776
59	240.775
60	240.774
61	240.774
62	240.773
63	240.772
64	240.771
65	240.77
66	240.769
67	240.769
68	240.768
69	240.767
70	240.766
71	240.765
72	240.764
73	240.763
74	240.762
75	240.761
76	240.761
77	240.76
78	240.759
79	240.758
80	240.757
81	240.756
82	240.755
83	240.754
84	240.753
85	240.752
86	240.751
87	240.75
88	240.749
89	240.748
90	240.747
91	240.745
92	240.744
93	240.743
94	240.742
95	240.741
96	240.74
97	240.739
98	240.738
99	240.736
100	240.735
101	240.734
102	240.733
103	240.732
104	240.73
105	240.729
106	240.728
107	240.727
108	240.725
109	240.724
110	240.723
111	240.721
112	240.72
113	240.719
114	240.717
115	240.716
116	240.715
117	240.713
118	240.712
119	240.71
120	240.709
121	240.707
122	240.706
123	240.704
124	240.703
125	240.701
126	240.7
127	240.698
128	240.697
129	240.695
130	240.694
131	240.692
132	240.69
133	240.689
134	240.687
135	240.685
136	240.684
137	240.682
138	240.68
139	240.678
140	240.677
141	240.675
142	240.673
143	240.671
144	240.669
145	240.668
146	240.666
147	240.664
148	240.662
149	240.66
150	240.658
151	240.656
152	240.654
153	240.652
154	240.65
155	240.648
156	240.646
157	240.644
158	240.642
159	240.639
160	240.637
161	240.635
162	240.633
163	240.631
164	240.628
165	240.626
166	240.624
167	240.622
168	240.619
169	240.617
170	240.614
171	240.612
172	240.61
173	240.607
174	240.605
175	240.602
176	240.6
177	240.597
178	240.594
179	240.592
180	240.589
181	240.586
182	240.584
183	240.581
184	240.578
185	240.575
186	240.573
187	240.57
188	240.567
189	240.564
190	240.561
191	240.558
192	240.555
193	240.552
194	240.549
195	240.546
196	240.543
197	240.54
198	240.536
199	240.533
200	240.53
201	240.527
202	240.523
203	240.52
204	240.517
205	240.513
206	240.51
207	240.506
208	240.503
209	240.499
210	240.496
211	240.492
212	240.488
213	240.485
214	240.481
215	240.477
216	240.473
217	240.469
218	240.466
219	240.462
220	240.458
221	240.454
222	240.45
223	240.445
224	240.441
225	240.437
226	240.433
227	240.429
228	240.424
229	240.42
230	240.416
231	240.411
232	240.407
233	240.402
234	240.398
235	240.393
236	240.388
237	240.383
238	240.379
239	240.374
240	240.369
241	240.364
242	240.359
243	240.354
244	240.349
245	240.344
246	240.339
247	240.333
248	240.328
249	240.323
250	240.317
251	240.312
252	240.307
253	240.301
254	240.295
255	240.29
256	240.284
257	240.278
258	240.272
259	240.266
260	240.26
261	240.254
262	240.248
263	240.242
264	240.236
265	240.23
266	240.223
267	240.217
268	240.21
269	240.204
270	240.197
271	240.19
272	240.184
273	240.177
274	240.17
275	240.163
276	240.156
277	240.149
278	240.142
279	240.134
280	240.127
281	240.12
282	240.112
283	240.105
284	240.097
285	240.089
286	240.082
287	240.074
288	240.066
289	240.058
290	240.05
291	240.041
292	240.033
293	240.025
294	240.016
295	240.008
296	239.999
297	239.99
298	239.982
299	239.973
300	239.964
301	239.955
302	239.945
303	239.936
304	239.927
305	239.917
306	239.908
307	239.898
308	239.888
309	239.878
310	239.868
311	239.858
312	239.848
313	239.838
314	239.827
315	239.817
316	239.806
317	239.796
318	239.785
319	239.774
320	239.763
321	239.752
322	239.74
323	239.729
324	239.717
325	239.706
326	239.694
327	239.682
328	239.67
329	239.658
330	239.646
331	239.633
332	239.621
333	239.608
334	239.595
335	239.582
336	239.569
337	239.556
338	239.543
339	239.529
340	239.516
341	239.502
342	239.488
343	239.474
344	239.46
345	239.446
346	239.348
347	239.331
348	239.316
349	239.302
350	239.287
351	239.272
352	239.257
353	239.242
354	239.226
355	239.21
356	239.195
357	239.179
358	239.163
359	239.146
360	239.13
361	239.113
362	239.097
363	239.08
364	239.062
365	239.045
366	239.028
367	239.01
368	238.992
369	238.974
370	238.956
371	238.937
372	238.918
373	238.9
374	238.88
375	238.861
376	238.842
377	238.822
378	238.802
379	238.782
380	238.762
381	238.741
382	238.72
383	238.699
384	238.678
385	238.657
386	238.635
387	238.613
388	238.591
389	238.569
390	238.546
391	238.523
392	238.5
393	238.477
394	238.453
395	238.429
396	238.405
397	238.381
398	238.356
399	238.331
400	238.306
401	238.281
402	238.255
403	238.229
404	238.203
405	238.176
406	238.149
407	238.122
408	238.095
409	238.067
410	238.039
411	238.01
412	237.982
413	237.953
414	237.923
415	237.894
416	237.864
417	237.834
418	237.803
419	237.772
420	237.741
421	237.709
422	237.677
423	237.645
424	237.612
425	237.579
426	237.545
427	237.512
428	237.478
429	237.443
430	237.408
431	237.373
432	237.337
433	237.301
434	237.264
435	237.227
436	237.19
437	237.152
438	237.114
439	237.075
440	237.141
441	237.008
442	236.958
443	237.025
444	236.888
445	236.835
446	236.904
447	236.763
448	236.823
449	236.678
450	236.738
451	236.59
452	236.652
453	236.501
454	236.564
455	236.41
456	236.474
457	236.316
458	236.382
459	236.221
460	236.288
461	236.123
462	236.191
463	236.023
464	236.092
465	235.92
466	235.991
467	235.815
468	235.888
469	235.708
470	235.782
471	235.598
472	235.674
473	235.486
474	235.563
475	235.371
476	235.449
477	235.253
478	235.333
479	235.132
480	235.214
481	235.009
482	235.092
483	234.882
484	234.967
485	234.753
486	234.84
487	234.62
488	234.709
489	234.484
490	234.575
491	234.345
492	234.437
493	234.202
494	234.297
495	234.056
496	234.152
497	233.906
498	234.005
499	233.753
500	233.853
501	233.596
502	233.698
503	233.434
504	233.539
505	233.269
506	233.376
507	233.099
508	233.208
509	232.926
510	233.037
511	232.747
512	232.861
513	232.564
514	232.68
515	232.377
516	232.495
517	232.249
518	232.353
519	232.038
520	232.16
521	231.838
522	231.963
523	231.634
524	231.761
525	231.424
526	231.554
527	231.209
528	231.342
529	230.989
530	231.125
531	230.763
532	230.902
533	230.532
534	230.673
535	230.294
536	230.439
537	230.05
538	230.198
539	229.8
540	229.951
541	229.543
542	229.698
543	229.28
544	229.438
545	229.009
546	229.171
547	228.731
548	228.897
549	228.446
550	228.616
551	228.153
552	228.327
553	227.852
554	228.03
555	227.543
556	227.725
557	227.226
558	227.412
559	226.899
560	227.09
561	226.563
562	226.759
563	226.218
564	226.418
565	225.863
566	226.068
567	225.498
568	225.708
569	225.123
570	225.338
571	224.736
572	224.957
573	224.367
574	231.124
575	225.293
576	224.471
577	223.928
578	230.599
579	224.567
580	223.856
581	229.753
582	224.419
583	223.114
584	229.774
585	223.411
586	223.173
587	228.813
588	223.233
589	222.374
590	228.828
591	222.144
592	222.425
593	227.773
594	221.942
595	221.561
596	227.781
597	220.766
598	221.6
599	226.619
600	220.535
601	220.666
602	226.617
603	219.27
604	226.532
605	218.858
606	226.141
607	218.474
608	225.717
609	218.08
610	225.276
611	217.671
612	224.818
613	217.248
614	224.343
615	216.81
616	223.85
617	216.355
618	223.338
619	215.884
620	222.789
621	215.943
622	221.484
623	215.494
624	221.683
625	214.304
626	220.939
627	213.774
628	220.314
629	213.895
630	218.641
631	213.271
632	218.979
633	211.9
634	218.192
635	212.057
636	216.343
637	211.34
638	216.7
639	209.843
640	215.777
641	209.963
642	213.685
643	209.121
644	214.047
645	207.474
646	212.945
647	207.53
648	210.543
649	206.529
650	210.888
651	204.7
652	209.531
653	204.645
654	206.701
655	203.43
656	206.973
657	201.47
658	205.029
659	204.228
660	203.438
661	199.491
662	201.523
663	198.463
664	196.998
665	200.557
666	198.002
667	195.03
668	193.332
669	193.272
670	189.075
671	190.524
672	181.42
673	182.194
674	184.098
675	168.951
676	168.301
677	160.706
678	142.709
679	129.729
680	118.811
681	101.228
682	82.6934
683	84.2451
684	83.2287
685	86.6748
686	99.3219