      1e+30 2.77696e+10     56.4533     42.4298     99.8596     12.0696     56.8363      81.962      29.904     39.3126     88.4617     3.83891     98.4604       94.87     64.0264     89.2113     74.5647 2.72059e+21 3.22983e+21
7.11547e+21       1e+30      89.369     42.1532      27.296      47.335     30.2789     91.0545     65.2416     70.0367     40.3117     41.7611     79.5984     32.7977     71.9029      20.852     19.3562 7.62305e+21 9.11337e+21
7.31262e+21 3.23207e+21       1e+20     39.0914     93.7705     71.0147     8.63587      93.936     32.3444     75.4685     93.8014     47.4125     65.3298     51.3605     75.8222     87.9323     59.6066     67.8483     57.9914
9.75388e+21 8.12053e+21 3.71488e+10       1e+20     55.7184     5.72437     98.7045     76.6793     83.4651     80.8503     32.8077     67.1041     51.5955     8.25832     70.1832     57.2963     58.1561     89.5422     7.85289
4.19233e+21  5.5312e+21 8.81829e+11 6.56917e+11       1e+20     72.2384     17.0916     34.3987     18.7273     48.0226     97.3787     52.7896     40.8243     37.9395     72.5602     93.9555     62.3996     92.3856     79.0881
3.56336e+21 3.02058e+20 4.93008e+11 8.76611e+11 3.59098e+11       1e+20     45.9989     52.7504      74.853     93.9436     33.2591     16.8918     39.6497      81.667     22.6229     95.4298     71.2851     23.3622     73.0763
4.50252e+21 7.21366e+20   4.409e+11 3.12428e+11 9.81698e+11 8.77481e+11       1e+20     97.6927     84.3612      52.667     67.2082     95.6108     73.7674     59.9583      18.101     4.97971     73.5451      71.917     59.5791
3.55461e+21 4.46664e+21 2.96529e+11 6.23565e+11 9.18902e+11 9.82751e+10 4.19958e+11       1e+20     42.2276     33.6444     49.3817     95.1625     76.5187     36.8827     20.6299     33.3888     56.8034     54.5911     36.1377
5.80707e+21 9.11752e+21 4.14062e+11 3.47697e+11 5.82544e+11 8.89361e+11 3.46209e+11 6.62833e+11       1e+20     12.1231     48.3961     68.8362       93.82     44.7812     35.5277     54.5229      90.222     48.0591     45.4575
2.15519e+21 1.05331e+21 4.03624e+11   5.215e+11 9.59332e+11 5.89549e+11  3.2439e+11 6.26388e+11 5.74957e+11       1e+20     36.0074     42.8448     43.9618     10.0371     17.8086     91.4874     26.8736     26.8518     6.26081
4.72616e+21 9.82913e+20 5.58588e+11 9.36548e+11 4.28682e+11 9.47173e+11 5.45611e+11 4.25378e+11  4.4346e+11 6.42652e+11       1e+20     13.3883     7.15674      68.085     83.5913     11.4718     32.8742     38.4195     87.6171
9.88139e+21 2.45385e+21 1.76367e+11 2.59034e+11 8.68128e+11 4.33442e+11 5.34857e+11 7.79859e+11  5.8067e+11 1.20285e+11 6.12259e+11       1e+20     1.65722     74.1035     44.0434     86.3833     69.1172     89.8572     21.8184
3.76151e+21 4.95697e+21 4.21393e+11 8.60325e+10  3.8363e+11 5.88145e+11 4.35086e+11  1.9475e+11 3.94577e+11 6.94793e+11 7.43199e+11 3.13065e+11       1e+20     8.49752     12.6786     55.5138     16.0849     1.41657     84.3313
4.13751e+21 7.99839e+21 4.34514e+11 8.30238e+11 8.40214e+11 2.20134e+11 1.89608e+10 7.18166e+11 3.54005e+11 2.95068e+11 2.31718e+11    5.27e+11 4.79179e+11       1e+20      16.389     82.3747     52.7262     56.7757     93.6193
4.14699e+21 9.66647e+21 4.89575e+11 3.75891e+11 2.59042e+11 3.71147e+11 2.45004e+11 8.56218e+11  5.2003e+11 4.33729e+11 3.66944e+11 9.89432e+11 4.80697e+11 3.94333e+11       1e+20     62.2055     57.0496     49.4637     88.6668
9.21054e+21 4.71085e+21 2.33447e+11 1.13181e+11  8.8622e+11 1.45328e+11 4.82329e+11 1.81795e+11 1.61371e+11 5.29444e+11 5.51703e+11 6.31142e+11 1.39048e+11  5.9093e+11 1.99369e+11       1e+20     72.3812     58.5726     73.8735
9.62724e+21 2.19071e+21 9.77634e+11 7.12067e+11 4.97131e+11 6.49461e+11 7.31345e+11 8.79083e+11 6.87992e+11  4.7234e+11 7.01945e+11 5.00787e+11 9.97075e+11 8.75077e+11 5.33285e+11 5.49349e+11       1e+20     19.1753     86.0049
2.72059e+31 3.22983e+31  5.0978e+21 8.58898e+21 1.35653e+21 7.20244e+21 3.11838e+20 3.16207e+21 4.75342e+20 1.82258e+21  3.0638e+21 3.22023e+21 6.39615e+21  7.8083e+21 7.60708e+21 8.38284e+21 5.24794e+21       1e+30  1.2029e+11
7.62305e+31 9.11337e+31 2.95583e+21 5.44081e+21 1.98648e+21 1.27026e+21 3.59811e+21 9.99054e+21 1.38298e+21 3.73056e+21 7.83725e+20 3.03224e+21 9.51563e+20 3.28604e+21 7.88952e+21  4.2798e+21 7.63609e+21 3.21177e+21       1e+30
