
1	194.729	192.135	178.8	196.504	183.393	185.493	176.9	128.41	141.717	134	132.165	125.567	140.494	133.765	135.549	125.45	123.364	139.8	126.265	140.895	134.804	130.541	129.504	126.245	126.716	1	1	1	1	1	1	1	
2	194.729	192.134	178.8	196.5	183.393	185.493	176.9	128.409	141.718	133.999	132.164	125.566	140.494	133.764	135.549	125.449	123.363	139.8	126.266	140.895	134.805	130.541	129.501	126.245	126.716	1	1	1	1	1	1	1	
3	194.726	192.132	178.798	196.495	183.391	185.491	176.898	128.407	141.716	133.997	132.163	125.564	140.493	133.763	135.548	125.447	123.361	139.799	126.264	140.892	134.802	130.539	129.498	126.243	126.715	1	1	1	1	1	1	1	
4	194.723	192.13	178.795	196.489	183.388	185.488	176.895	128.404	141.714	133.996	132.161	125.563	140.491	133.761	135.546	125.444	123.359	139.798	126.262	140.889	134.798	130.537	129.494	126.241	126.713	1	1	1	1	1	1	1	
5	194.72	192.127	178.793	196.482	183.386	185.485	176.892	128.401	141.712	133.994	132.158	125.561	140.49	133.758	135.544	125.441	123.356	139.796	126.26	140.885	134.794	130.534	129.49	126.239	126.711	1	1	1	1	1	1	1	
6	194.717	192.124	178.79	196.475	183.383	185.482	176.889	128.397	141.71	133.992	132.156	125.558	140.488	133.756	135.543	125.438	123.353	139.795	126.258	140.881	134.79	130.531	129.485	126.237	126.708	1	1	1	1	1	1	1	
7	194.713	192.121	178.786	196.466	183.379	185.479	176.886	128.393	141.708	133.989	132.153	125.556	140.486	133.753	135.541	125.434	123.35	139.793	126.256	140.877	134.785	130.528	129.48	126.234	126.706	1	1	1	1	1	1	1	
8	194.709	192.117	178.783	196.457	183.376	185.475	176.882	128.389	141.705	133.987	132.15	125.553	140.484	133.75	135.538	125.43	123.346	139.791	126.253	140.872	134.779	130.524	129.474	126.231	126.703	1	1	1	1	1	1	1	
9	194.705	192.113	178.778	196.447	183.372	185.47	176.878	128.384	141.702	133.984	132.147	125.55	140.481	133.747	135.536	125.425	123.342	139.789	126.251	140.866	134.773	130.52	129.468	126.228	126.7	1	1	1	1	1	1	1	
10	194.699	192.109	178.774	196.435	183.367	185.465	176.873	128.379	141.699	133.981	132.143	125.546	140.479	133.743	135.533	125.42	123.338	139.787	126.247	140.86	134.766	130.516	129.461	126.224	126.696	1	1	1	1	1	1	1	
11	194.694	192.104	178.769	196.423	183.363	185.46	176.868	128.373	141.695	133.977	132.139	125.543	140.476	133.739	135.53	125.414	123.333	139.785	126.244	140.854	134.759	130.511	129.453	126.22	126.692	1	1	1	1	1	1	1	
12	194.687	192.098	178.763	196.409	183.357	185.454	176.862	128.366	141.691	133.974	132.135	125.538	140.472	133.734	135.527	125.408	123.327	139.782	126.24	140.846	134.75	130.505	129.444	126.215	126.688	1	1	1	1	1	1	1	
13	194.68	192.092	178.757	196.393	183.351	185.447	176.855	128.359	141.686	133.969	132.13	125.534	140.469	133.729	135.523	125.401	123.321	139.779	126.236	140.838	134.741	130.499	129.434	126.21	126.683	1	1	1	1	1	1	1	
14	194.672	192.085	178.749	196.376	183.344	185.44	176.848	128.351	141.681	133.964	132.124	125.528	140.464	133.724	135.519	125.393	123.314	139.776	126.231	140.829	134.73	130.492	129.423	126.204	126.677	1	1	1	1	1	1	1	
15	194.664	192.078	178.742	196.356	183.337	185.431	176.84	128.342	141.675	133.959	132.118	125.522	140.46	133.717	135.514	125.385	123.307	139.772	126.225	140.819	134.719	130.485	129.411	126.198	126.671	1	1	1	1	1	1	1	
16	194.654	192.069	178.733	196.335	183.328	185.422	176.831	128.332	141.669	133.953	132.111	125.516	140.455	133.71	135.509	125.375	123.298	139.768	126.219	140.807	134.706	130.476	129.397	126.191	126.664	1	1	1	1	1	1	1	
17	194.643	192.06	178.723	196.311	183.319	185.412	176.821	128.321	141.662	133.947	132.103	125.509	140.449	133.702	135.503	125.364	123.289	139.763	126.213	140.795	134.692	130.467	129.382	126.183	126.657	1	1	1	1	1	1	1	
18	194.631	192.05	178.712	196.284	183.309	185.401	176.81	128.308	141.654	133.939	132.095	125.501	140.443	133.694	135.497	125.352	123.279	139.758	126.205	140.781	134.676	130.456	129.365	126.174	126.648	1	1	1	1	1	1	1	
19	194.618	192.038	178.7	196.254	183.297	185.388	176.798	128.294	141.646	133.931	132.085	125.492	140.436	133.684	135.49	125.339	123.267	139.752	126.197	140.765	134.658	130.445	129.347	126.165	126.639	1	1	1	1	1	1	1	
20	194.603	192.025	178.687	196.222	183.284	185.374	176.784	128.279	141.636	133.922	132.075	125.482	140.428	133.673	135.482	125.325	123.254	139.746	126.188	140.748	134.638	130.432	129.326	126.154	126.629	1	1	1	1	1	1	1	
21	194.587	192.011	178.672	196.185	183.27	185.358	176.769	128.262	141.625	133.912	132.063	125.471	140.42	133.661	135.473	125.308	123.24	139.739	126.177	140.729	134.616	130.418	129.303	126.142	126.617	1	1	1	1	1	1	1	
22	194.569	191.995	178.656	196.144	183.254	185.341	176.752	128.243	141.613	133.901	132.05	125.458	140.41	133.648	135.463	125.29	123.224	139.731	126.166	140.707	134.592	130.402	129.277	126.129	126.604	1	1	1	1	1	1	1	
23	194.548	191.977	178.637	196.099	183.237	185.321	176.733	128.222	141.6	133.888	132.035	125.445	140.399	133.633	135.453	125.27	123.206	139.722	126.153	140.683	134.565	130.384	129.248	126.114	126.59	1	1	1	1	1	1	1	
24	194.526	191.958	178.617	196.049	183.217	185.3	176.712	128.199	141.585	133.875	132.019	125.429	140.387	133.617	135.44	125.247	123.186	139.712	126.139	140.657	134.535	130.364	129.216	126.097	126.574	1	1	1	1	1	1	1	
25	194.501	191.936	178.594	195.992	183.195	185.276	176.689	128.172	141.569	133.859	132.001	125.412	140.374	133.598	135.427	125.222	123.164	139.701	126.124	140.628	134.501	130.342	129.181	126.079	126.557	1	1	1	1	1	1	1	
26	194.473	191.911	178.569	195.93	183.171	185.249	176.663	128.143	141.551	133.842	131.981	125.393	140.36	133.578	135.412	125.195	123.14	139.689	126.106	140.595	134.464	130.317	129.141	126.058	126.537	1	1	1	1	1	1	1	
27	194.441	191.884	178.541	195.86	183.144	185.219	176.634	128.111	141.531	133.823	131.959	125.372	140.343	133.555	135.395	125.164	123.113	139.676	126.087	140.558	134.422	130.29	129.097	126.036	126.515	1	1	1	1	1	1	1	
28	194.407	191.854	178.509	195.783	183.114	185.186	176.602	128.075	141.508	133.802	131.935	125.349	140.325	133.53	135.377	125.129	123.083	139.661	126.065	140.518	134.376	130.26	129.048	126.01	126.491	1	1	1	1	1	1	1	
29	194.368	191.82	178.474	195.697	183.08	185.149	176.566	128.036	141.483	133.778	131.907	125.323	140.305	133.501	135.356	125.091	123.049	139.644	126.041	140.473	134.324	130.226	128.993	125.982	126.464	1	1	1	1	1	1	1	
30	194.325	191.783	178.436	195.601	183.043	185.108	176.527	127.991	141.455	133.751	131.877	125.293	140.282	133.47	135.333	125.049	123.012	139.625	126.014	140.423	134.266	130.188	128.932	125.951	126.434	1	1	1	1	1	1	1	
31	194.277	191.741	178.392	195.494	183.002	185.062	176.482	127.942	141.424	133.722	131.843	125.261	140.257	133.434	135.308	125.001	122.97	139.605	125.984	140.367	134.202	130.146	128.863	125.916	126.4	1	1	1	1	1	1	1	
32	194.224	191.694	178.344	195.375	182.955	185.011	176.433	127.887	141.39	133.689	131.805	125.225	140.23	133.395	135.279	124.949	122.924	139.581	125.951	140.306	134.131	130.099	128.787	125.877	126.363	1	1	1	1	1	1	1	
33	194.165	191.642	178.29	195.242	182.904	184.954	176.378	127.826	141.352	133.652	131.763	125.184	140.198	133.351	135.247	124.89	122.872	139.556	125.914	140.237	134.051	130.047	128.702	125.833	126.321	1	1	1	1	1	1	1	
34	194.098	191.585	178.23	195.093	182.846	184.891	176.316	127.758	141.309	133.611	131.717	125.139	140.164	133.302	135.212	124.825	122.815	139.527	125.873	140.16	133.962	129.989	128.606	125.784	126.275	1	1	1	1	1	1	1	
35	194.025	191.52	178.164	194.928	182.782	184.82	176.248	127.682	141.262	133.565	131.665	125.088	140.125	133.247	135.172	124.752	122.751	139.495	125.826	140.074	133.862	129.924	128.5	125.73	126.223	1	1	1	1	1	1	1	
36	193.942	191.448	178.089	194.743	182.71	184.741	176.172	127.598	141.209	133.514	131.607	125.031	140.082	133.186	135.128	124.671	122.679	139.46	125.775	139.979	133.751	129.851	128.38	125.67	126.165	1	1	1	1	1	1	1	
37	193.85	191.368	178.006	194.536	182.63	184.653	176.086	127.504	141.15	133.457	131.543	124.968	140.034	133.117	135.079	124.581	122.599	139.42	125.718	139.873	133.626	129.77	128.246	125.602	126.1	1	1	1	1	1	1	1	
38	193.747	191.278	177.913	194.305	182.541	184.555	175.991	127.4	141.085	133.393	131.471	124.897	139.981	133.04	135.023	124.48	122.51	139.376	125.653	139.755	133.487	129.679	128.096	125.526	126.028	1	1	1	1	1	1	1	
39	193.633	191.177	177.809	194.046	182.441	184.445	175.885	127.283	141.012	133.321	131.391	124.818	139.921	132.953	134.962	124.367	122.411	139.326	125.582	139.624	133.331	129.577	127.927	125.442	125.947	1	1	1	1	1	1	1	
40	193.504	191.065	177.692	193.757	182.329	184.322	175.766	127.153	140.931	133.241	131.303	124.729	139.854	132.856	134.893	124.242	122.3	139.271	125.501	139.477	133.157	129.463	127.737	125.347	125.857	1	1	1	1	1	1	1	
41	193.361	190.939	177.562	193.433	182.204	184.184	175.632	127.009	140.841	133.15	131.204	124.629	139.78	132.747	134.816	124.102	122.176	139.209	125.411	139.314	132.961	129.335	127.523	125.241	125.756	1	1	1	1	1	1	1	
42	193.2	190.798	177.416	193.069	182.064	184.03	175.483	126.848	140.74	133.049	131.093	124.516	139.696	132.624	134.729	123.946	122.037	139.139	125.311	139.132	132.741	129.192	127.282	125.122	125.643	1	1	1	1	1	1	1	
43	191.539	190.502	177.134	194.711	181.817	183.817	175.278	126.559	140.532	132.865	130.891	124.333	139.521	132.455	134.6	123.722	121.845	138.982	125.137	138.824	132.456	129.056	127.017	124.975	125.486	1	1	1	1	1	1	1	
44	192.745	190.457	177.065	192.311	181.727	183.664	175.129	126.431	140.471	132.821	130.826	124.248	139.472	132.355	134.536	123.56	121.688	138.976	125.06	138.664	132.228	128.903	126.77	124.849	125.366	1	1	1	1	1	1	1	
45	190.757	190.093	176.717	194.234	181.42	183.397	174.871	126.099	140.23	132.588	130.57	124.025	139.269	132.136	134.357	123.289	121.466	138.77	124.855	138.3	131.874	128.688	126.386	124.663	125.174	1	1	1	1	1	1	1	
46	192.233	190.036	176.632	191.288	181.31	183.208	174.688	125.945	140.163	132.525	130.504	123.911	139.212	131.998	134.286	123.095	121.27	138.773	124.756	138.114	131.578	128.505	126.071	124.502	125.026	1	1	1	1	1	1	1	
47	189.812	189.594	176.207	193.632	180.936	182.884	174.372	125.54	139.86	132.252	130.179	123.649	138.956	131.748	134.058	122.76	121.003	138.509	124.512	137.659	131.163	128.241	125.608	124.286	124.791	1	1	1	1	1	1	1	
48	191.589	189.513	176.094	190.026	180.792	182.643	174.142	125.348	139.783	132.158	130.11	123.489	138.888	131.553	133.977	122.523	120.752	138.522	124.378	137.438	130.769	128.015	125.193	124.073	124.605	1	1	1	1	1	1	1	
49	188.639	188.967	175.568	192.859	180.327	182.239	173.746	124.844	139.392	131.834	129.688	123.176	138.558	131.265	133.679	122.096	120.423	138.176	124.082	136.854	130.274	127.684	124.62	123.817	124.309	1	1	1	1	1	1	1	
50	190.766	188.852	175.414	188.448	180.137	181.932	173.453	124.602	139.304	131.695	129.622	122.95	138.474	130.986	133.59	121.809	120.101	138.206	123.898	136.592	129.744	127.404	124.065	123.533	124.071	1	1	1	1	1	1	1	
51	187.376	188.428	175.015	192.117	179.813	181.645	173.2	125.114	138.66	131.716	129.287	122.351	138.185	130.425	133.264	121.552	119.718	137.485	123.437	137.122	129.295	126.998	124.333	123.773	123.469	1	1	1	1	1	1	1	
52	190.444	188.782	175.333	187.271	180.09	181.795	173.351	124.516	139.418	131.824	129.768	122.982	138.675	130.977	133.824	121.687	120.027	138.472	124.016	136.401	129.204	127.433	123.525	123.595	124.119	1	1	1	1	1	1	1	
53	185.879	187.791	174.359	191.171	179.204	180.96	172.558	124.553	138.189	131.418	128.843	121.864	137.861	129.936	132.955	120.849	119.106	137.177	123.037	136.425	128.191	126.433	123.281	123.429	122.943	1	1	1	1	1	1	1	
54	188.212	186.874	173.406	183.953	178.199	179.805	171.407	122.512	137.825	130.271	128.171	121.185	137.205	129.151	132.387	119.657	118.079	137.176	122.38	134.246	126.629	125.592	120.876	121.908	122.368	1	1	1	1	1	1	1	
55	182.738	185.69	172.24	188.617	177.139	178.796	170.458	122.509	136.338	129.798	126.989	119.92	136.204	128.023	131.3	118.61	116.99	135.592	121.247	134.198	125.469	124.397	120.643	121.732	120.964	1	1	1	1	1	1	1	
56	186.54	185.653	172.166	180.958	177.004	178.486	170.146	121.219	136.988	129.429	127.372	120.134	136.466	128.061	131.74	118.353	116.861	136.657	121.502	132.756	124.587	124.545	118.64	120.945	121.359	1	1	1	1	1	1	1	
57	180.503	184.776	171.304	187.034	176.266	177.798	169.529	121.712	135.691	129.422	126.367	119.26	135.737	127.41	130.874	117.586	116.114	135.186	120.725	133.133	123.819	123.637	118.978	121.3	120.217	1	1	1	1	1	1	1	
58	184.131	183.875	170.368	176.92	175.263	176.591	168.329	119.398	135.723	128.147	126.181	118.533	135.309	126.413	130.721	116.496	115.08	135.825	120.167	130.683	121.725	123.005	115.472	119.523	119.852	1	1	1	1	1	1	1	
59	176.885	182.783	169.291	184.03	174.324	175.686	167.525	119.842	134.101	128.154	124.759	117.573	134.344	125.838	129.521	115.412	114.141	133.924	119.257	130.894	120.823	121.839	115.922	119.939	118.43	1	1	1	1	1	1	1	
60	180.934	181.564	168.044	171.665	173.004	174.142	165.987	117.118	134.113	126.478	124.701	116.412	133.782	124.243	129.417	114.125	112.774	134.774	118.431	128.062	117.956	121.067	111.142	117.706	117.872	1	1	1	1	1	1	1	
61	181.207	170.722	167.325	180.686	172.284	172.997	165.102	117.46	132.531	126.631	123.508	115.253	132.763	123.951	128.457	112.971	111.397	133.183	117.208	128.705	116.38	119.996	112.253	118.068	116.175	1	1	1	1	1	1	1	
62	170.705	175.831	165.55	181.371	170.69	171.827	163.676	115.332	131.746	126.027	122.368	115.164	131.849	123.233	127.469	111.332	110.751	132.58	117.584	124.305	115.456	120.401	107.363	117.153	116.193	1	1	1	1	1	1	1	
63	175.86	177.453	165.076	163.647	170.173	170.75	163.053	116.462	131.577	125.087	123.255	112.971	131.827	120.675	127.904	110.78	109.03	132.818	115.996	126.76	111.542	119.304	106.186	116.401	114.407	1	1	1	1	1	1	1	
64	175.139	162.21	162.62	171.967	167.667	168.068	160.212	111.14	129.939	123.59	120.834	111.775	129.567	121.705	126.363	108.217	106.935	132.206	114.333	121.253	108.66	117.136	100.286	114.381	112.908	1	1	1	1	1	1	1	
65	161.448	167.96	160.285	173.403	165.506	165.915	158.416	113.211	127.232	123.35	118.351	109.612	127.734	118.544	123.714	105.459	104.575	128.671	113.175	120.396	105.678	116.484	98.078	114.317	110.366	1	1	1	1	1	1	1	
66	164.984	168.094	157.786	149.583	162.834	162.712	155.668	109.778	124.324	118.98	118.817	99.7324	126.137	114.189	120.884	103.776	96.2412	130.797	110.61	114.259	104.64	115.362	99.8534	110.812	107.927	1	1	1	1	1	1	1	
67	162.994	148.908	153.932	153.552	159.244	158.864	151.473	103.406	123.774	117.753	115.58	99.4557	122.804	115.757	120.716	99.7528	94.9505	129.102	106.855	109.845	97.678	110.185	85.6302	107.793	104.778	1	1	1	1	1	1	1	
68	145.778	153.11	150.468	153.131	155.612	155.311	148.639	106.151	120.613	117.873	111.448	96.8504	119.764	112.23	116.89	95.6799	91.4591	122.442	105.412	108.082	90.9742	110.781	76.2671	107.207	101.125	1	1	1	1	1	1	1	
69	145.009	146.891	145.145	150.44	130.261	150.397	143.134	101.437	117.057	112.075	109.927	90.3494	114.522	106.53	115.016	90.7645	83.5371	124.747	99.8886	103.188	79.3697	96.6235	70.0935	99.3423	90.4584	1	1	1	1	1	1	1	
70	136.485	137.973	138.556	100.141	125.82	143.681	136.077	97.8243	113.558	106.726	98.5942	81.3375	110.181	91.8936	112.141	85.2668	78.8126	123.804	92.7864	101.618	73.0065	88.1395	44.8745	91.6051	84.8536	1	1	1	1	1	1	1	
71	125.086	121.062	128.854	77.4268	106.485	104.397	125.603	85.5303	105.495	101.312	89.1174	72.0946	93.0264	91.83	100.34	73.4737	67.367	118.5	83.8492	94.2261	44.3749	84.5943	16.615	73.4698	72.2229	1	1	1	1	1	1	1	
72	115.569	97.8141	95.1241	42.5644	80.0637	84.4465	110.788	67.6318	90.7713	89.6167	69.732	58.0398	71.084	81.9482	87.0394	60.3426	50.0682	109.659	63.985	83.8564	17.4025	80.3085	3.56048	65.3297	50.9049	1	1	1	1	1	1	1	
73	81.5818	93.2117	84.3093	16.3906	51.1032	57.4715	94.5917	43.0312	68.1569	71.8064	55.4768	45.9628	46.5746	67.3897	70.5304	41.387	20.7289	75.678	48.5368	71.4331	15.6717	82.5951	3.16155	48.4619	15.2779	1	1	1	1	1	1	1	
74	62.9457	82.2602	68.1165	12.7593	28.344	23.4966	93.7459	24.6105	62.5168	58.5015	39.3886	35.2638	47.7935	49.7697	43.1982	15.3657	3.6024	57.0421	44.4544	47.4759	15.6587	71.6902	3.14061	25.9344	10.387	1	1	1	1	1	1	1	
75	51.3133	66.6355	54.0464	12.7465	24.975	15.0982	107.157	23.6532	68.4892	42.0286	28.6101	29.4029	53.0927	30.3098	23.7	10.8886	3.44508	45.4098	41.161	30.3528	15.6585	56.0651	3.13853	22.5658	10.3861	1	1	1	1	1	1	1	
76	51.0939	62.094	39.5907	12.7431	15.2077	15.0748	117.223	23.6523	78.406	37.4974	14.1723	39.0156	63.0089	25.7805	19.2199	10.8794	3.44531	45.1907	50.7733	30.279	15.6584	51.5241	3.13683	12.799	10.386	1	1	1	1	1	1	1	