      1e+20 8.43003e+20  8.5192e+21 2.82025e+21 7.67578e+21 9.10372e+21 3.73074e+21     80.4358     44.8332     79.2931     23.9087      95.298     51.3918     83.1439     16.4966     63.3622     94.4442     4.90319     95.6446     39.8447     99.6637     25.9748     49.8124       90.98     72.5131       1e+20 1.69045e+21 3.18074e+20 9.00981e+21 4.38152e+21 4.50896e+21 4.84433e+21
6.53521e+21       1e+20 8.66747e+21 9.68455e+20 8.61284e+21 1.29306e+21 3.78771e+21     29.3229     90.2184     20.6104      55.844     58.8215     71.1783     88.2431     69.0037     84.0097     80.4579     97.1662     41.5896     82.3284     32.6683     9.56984     54.7397     38.9304     60.4934 9.98622e+21       1e+20 8.99613e+21 3.27192e+21  5.1808e+21 8.02404e+21 7.38728e+21
3.54343e+21 9.26033e+20       1e+20 4.11626e+21 3.57935e+21 6.19028e+21 1.38188e+21     25.1633     36.6283     61.5508     24.4183     44.7184      86.954     21.8887     94.2915     69.8923     85.8551     41.5732      20.172     45.6612     23.7873     22.6522      25.061     11.4384     83.4873 7.19486e+21 1.31199e+21       1e+20 7.16296e+21 9.83307e+21 6.93187e+21 2.40849e+21
7.05695e+21 9.42898e+21  3.0186e+21       1e+20 3.39791e+21 7.24747e+21 9.91737e+21     94.2599     99.0698     24.1748     91.1331     49.5136     98.9816     16.0856     67.7012     88.1592     79.9408     86.5564     63.8952     97.6485      31.931     32.4232     8.60623     41.3201     72.9217 5.73391e+20 4.08295e+21 5.10964e+20       1e+20 2.65698e+21 5.32928e+21 2.73287e+21
8.68598e+21 4.49939e+21 1.86092e+21 5.72213e+21       1e+20 6.28663e+21 1.48241e+21     55.2366     44.8817     68.2244     54.2156     48.5898     32.9418     52.2046      25.797     85.4966     82.6532     68.2506     58.8038     32.2674     7.44845     58.7938     50.3401     1.40854     80.2915  2.4925e+21 2.92891e+20 6.61565e+21 8.27546e+21       1e+20 7.88854e+21 3.58353e+21
 9.8495e+21 3.19344e+21 4.85367e+21 9.53091e+21 5.09357e+21       1e+20 2.69138e+21     54.6633      48.614     98.3717     89.7683     61.7634     63.9615     56.7934     2.48686     3.19537     71.0844     18.2142     49.9389     74.7801      50.224     95.6004     62.4781     20.7981     22.9542  8.9377e+21 7.61952e+21 5.10354e+21 5.73952e+21  9.8645e+21       1e+20 6.74751e+21
2.36741e+21 8.04307e+21 5.51465e+21 1.61422e+21 1.60441e+21 1.40949e+21       1e+20     12.9857     37.8209       66.35      18.045     77.0076     35.9047     8.19538     33.3031     85.2292      76.641      30.767     30.1189     27.4367     73.9482     38.4171     10.3597     39.4669     89.0006 6.40753e+21 7.23046e+21 8.57655e+21  1.3143e+20 9.26438e+21 4.43901e+21       1e+20
8.61409e+21 2.59605e+21 7.03305e+21  8.2065e+21 4.16202e+21 3.13263e+21 1.87258e+21       1e+10     43.1752     26.9119      28.494     36.9231     92.1097     65.6018       97.07     96.7002     44.2105     66.2238     29.7882     43.0171     6.99393     2.75344     98.1468     17.0789     26.5865     61.1555      54.219     11.9547     27.6727     83.5396     35.5938      22.122
8.09666e+21 5.27214e+21 2.58437e+21 6.01827e+21   6.846e+21 4.90175e+20 8.35145e+21     98.2935       1e+10     74.2783     88.3333      60.168     14.3972      72.273     12.2037     61.5573     97.9732     70.9844     11.7498     99.5455     43.9596     48.8067     16.6704     46.2951     31.6512     95.1414     65.1239     86.9344     81.1938     52.6938     27.7624     53.5944
2.17869e+21  7.7307e+21 6.48736e+21 1.85243e+21 2.79548e+21 5.76007e+21 4.46302e+21     11.0734     75.9066       1e+10     98.4045     50.4356     16.4796     10.7168     59.3619     27.8888     53.7702     61.8108     25.7653     93.7356     53.2063     54.1922      26.497     9.69695     16.7908     97.1964     31.5156     61.7423     59.6436     93.8213     39.7784     66.7466
9.68763e+21 1.07271e+21 3.38218e+20 1.29107e+21 4.45058e+21 1.51302e+21 9.80877e+21     39.0857     33.2151     81.3595       1e+10     80.5749     3.52144     27.0589     42.6596     77.1292     32.0439     95.6464      67.299     79.2581     16.7751     17.1373     70.2301     27.7902      32.977     9.38067     67.7898     57.7984     60.3364     62.7956     80.5174     26.5902
8.47666e+21 3.30516e+21 3.08456e+21 3.88561e+20 8.38039e+21 8.03618e+21 1.33463e+20     90.0399     55.4477     45.9341     44.6518       1e+10     61.4571     45.5896     80.4289     87.8333     30.4226     38.5108      37.241     10.7812     15.3839     72.0833     11.7112     7.39047     48.2252     14.5708     46.8436     33.6637      79.256     45.9235     5.46826     42.3037
8.03303e+21 6.00188e+20 4.37029e+21 1.63439e+21 7.64601e+21 1.78202e+21 9.17464e+21     96.7602     71.6557     56.3185     51.2437     48.0599       1e+10     69.2253      27.276     32.4494     67.5264     26.4912     11.2357     71.4243     24.2766     95.0408     61.0954      17.574     19.4294     81.7197     46.7293     98.0622     93.2297     77.7059     88.7092     19.8725
2.86949e+21 7.88293e+21 9.78195e+21 4.95053e+21 6.02194e+21 4.81161e+21 8.66868e+21     95.7491     57.7535     52.8392     97.6243     57.8371     59.5085       1e+10     5.56058     14.7563     64.6804     85.4703     77.6886     71.0703     41.8486     35.5984     8.87709     3.63862     84.5233     16.2137     37.3199     34.5861     83.8846     49.9308      53.126     60.6044
6.91021e+21 9.54373e+21 3.75946e+21 1.67136e+21 3.39859e+21 8.85992e+21 5.76633e+21     25.5384     71.4796     25.1962     77.2622      56.987     41.8552      62.901       1e+10     33.6365     89.8239     11.3897     91.8122     26.0735     19.4611      38.647     75.8485     52.5463     7.83302     69.5301     76.7877     24.5482     87.1352     72.6086     35.0141     73.0337
6.33857e+21   7.749e+20  1.3828e+21  5.0182e+21 9.23734e+20 5.73287e+21 3.54985e+21      17.032     79.2622     33.6103     46.5753     80.3982     18.3113     57.1982     45.8031       1e+10     72.8789     55.5712     16.2923     5.07724     66.5637     65.1372     46.1558     59.6078     55.9593     30.9441     90.8845     8.87922     27.6851     30.5459       31.73     20.3175
2.74713e+20 7.01251e+21 3.48382e+21 3.27773e+21 4.05086e+21 4.37522e+21 2.02718e+21     8.60642     77.2918     95.3316     33.3383     44.9947     87.9729     19.5271     28.9519     6.35243       1e+10     6.05664      33.653     43.2871     70.0964     85.0604     43.0338       37.53     49.2244     45.1553     10.8171     34.4553       52.84     43.0208     1.44502     47.4598
9.12958e+21 3.70187e+21  8.3272e+21 8.02891e+21  9.5636e+21 3.35849e+21 1.28573e+21     20.5383     43.4924      35.714     87.1576     29.4644      51.613     24.3913     91.5962     65.3996     20.5863       1e+10     72.2168     29.2478      50.462     35.1567     34.8913     64.7011     29.9416     73.4972     99.8693     68.9554       93.09     48.3191     86.8554     61.8714
4.15813e+21 4.66774e+21 6.45755e+21 6.26501e+21 4.49858e+21  5.5194e+21 9.49999e+21     72.0127     11.5178     10.8954     72.4774     10.7578     61.4903     54.9691     32.7631     30.7624     45.5747     80.4046       1e+10     32.0009     96.5097     59.0429     13.1548     23.1086     4.96706     24.0816     45.4072     6.95473     75.7105     52.8413     88.8377     33.4209
3.99284e+21 5.17475e+21 1.34681e+21 3.67485e+21 9.78653e+21 6.05013e+21 5.59808e+21     32.2556     77.2851     26.9021     30.3596      44.179     97.7709     86.9599     70.3611     72.6958     25.8335     87.8819     27.9236       1e+10     93.9057      66.999     63.5007     49.0077     93.1375     54.5226     98.0755     49.0254     23.2954     58.1077     14.1033     86.2933
8.16224e+21 7.86299e+21 4.97119e+20 5.83567e+21 1.77492e+21  3.6709e+21 2.46492e+21     99.9933     31.5706     97.0213     99.1843      10.798     68.4328     42.4092     67.3434     95.7535     82.8253     94.2706     87.6589     24.8093       1e+10      21.467     12.4778     44.9131     10.3673     88.2584     15.5701     70.4554     16.0869     13.6583     39.8335     61.8052
4.26113e+21 2.16992e+21 7.80676e+21 2.21131e+21 4.12405e+20 1.27919e+21  8.0455e+21     88.0782     62.3073     13.0267     81.3336     17.8198     19.0179     75.7472      31.354      63.239     39.3063      16.442     95.5615     32.4766     86.3103       1e+10      80.212     80.4257     15.7613     15.7008     2.50005     22.9969     65.3393     52.9781     99.9337     26.7025
7.50218e+21 1.44921e+21  5.9463e+21 5.91383e+21 5.75979e+21 8.54551e+21 1.70654e+21     51.7895     3.13135     9.85613     8.06206     57.5276     21.7782     98.5909     33.4766     93.7316     36.0374     92.3873     1.47574     89.8006     19.5435     68.0572       1e+10     11.7942     91.6192     57.0929     17.0422     89.6288      1.1368      12.096     93.2817     68.2029
6.27446e+21 4.69949e+21 2.33898e+21 5.97326e+21 2.59538e+21 6.10847e+21 2.05338e+21     25.8463      82.954     77.7025     14.3486     24.0073     12.6309     63.1156     22.0358     11.2039      5.5053     73.5521     59.8546     25.6379     2.05824     94.8164     62.7865       1e+10     3.57028     18.9667     41.6034     77.8414     53.9883     80.1783     81.9097      5.5541
 6.8365e+21 1.94186e+21 2.37589e+20 9.20462e+20 2.53757e+21 9.58846e+21  2.5853e+21     52.3834     80.6812     15.1643     14.2093     44.1981     21.7064     54.6924     15.4504       22.68     79.2815     72.1958     1.82856     20.1197     74.3494     51.3087     54.5686      93.203       1e+10     27.0333     8.38597     38.9014       67.52     43.0762     43.7489     70.7922
      1e+20 1.69045e+21 3.18074e+20 9.00981e+21 4.38152e+21 4.50896e+21 4.84433e+21 1.93739e+21 3.13758e+20 3.28757e+21 2.73783e+21 3.68843e+20 7.89452e+21 8.40964e+21  5.9441e+21 4.09752e+21 5.67537e+21 6.26703e+20  8.7643e+21 8.80392e+21 7.37223e+21 7.43566e+21 1.37772e+21  1.5947e+21 1.23325e+21       1e+20 1.69045e+21 3.18074e+20 9.00981e+21 4.38152e+21 4.50896e+21 4.84433e+21
9.98622e+21       1e+20 8.99613e+21 3.27192e+21  5.1808e+21 8.02404e+21 7.38728e+21 1.00623e+20 2.40196e+21 2.03162e+21 4.61608e+21  5.8167e+21 8.55056e+21 2.69643e+21 4.72436e+21 2.17163e+21 1.38798e+21 8.71673e+21 9.82386e+21 5.51788e+21 7.29933e+20 5.54601e+21 5.15278e+20 2.07133e+21  4.9793e+21 9.98622e+21       1e+20 8.99613e+21 3.27192e+21  5.1808e+21 8.02404e+21 7.38728e+21
7.19486e+21 1.31199e+21       1e+20 7.16296e+21 9.83307e+21 6.93187e+21 2.40849e+21 4.10656e+21 4.26137e+21 3.28122e+21 3.51597e+21 7.38747e+21 6.38488e+21 2.62078e+21 1.15124e+21 9.37447e+20 1.46152e+21  3.9384e+21 3.05409e+21 6.24109e+20 6.06436e+21 4.23663e+21 2.22316e+21 4.72228e+21 8.18955e+21 7.19486e+21 1.31199e+21       1e+20 7.16296e+21 9.83307e+21 6.93187e+21 2.40849e+21
5.73391e+20 4.08295e+21 5.10964e+20       1e+20 2.65698e+21 5.32928e+21 2.73287e+21 6.19326e+21 1.86478e+21 2.19504e+21 3.06766e+21 4.31424e+21 7.15154e+21  9.6062e+21 8.66945e+21 3.53337e+21 6.71882e+21 2.97124e+21 8.61214e+21 8.62942e+21 9.10575e+21  6.7663e+21 5.40198e+21 5.21873e+21 4.59153e+21 5.73391e+20 4.08295e+21 5.10964e+20       1e+20 2.65698e+21 5.32928e+21 2.73287e+21
 2.4925e+21 2.92891e+20 6.61565e+21 8.27546e+21       1e+20 7.88854e+21 3.58353e+21 1.65103e+21 8.90747e+21 4.29831e+20  4.0454e+21 9.25702e+21 1.29655e+21 2.82535e+21 9.43585e+21 1.14345e+21 2.44453e+21 9.84784e+21  9.8255e+21 1.83352e+21 9.33064e+21 4.12426e+21 3.72403e+21 3.45827e+21  9.8848e+21  2.4925e+21 2.92891e+20 6.61565e+21 8.27546e+21       1e+20 7.88854e+21 3.58353e+21
 8.9377e+21 7.61952e+21 5.10354e+21 5.73952e+21  9.8645e+21       1e+20 6.74751e+21 6.60551e+21 8.39821e+21 9.42932e+21 3.54032e+21 2.74599e+21 2.28914e+20 4.81149e+21 8.97182e+21 1.15655e+21 1.23111e+21 1.01643e+20 6.31565e+21 8.70071e+21 8.57825e+21 3.30875e+21 1.48694e+21  5.0055e+21 2.50628e+21  8.9377e+21 7.61952e+21 5.10354e+21 5.73952e+21  9.8645e+21       1e+20 6.74751e+21
6.40753e+21 7.23046e+21 8.57655e+21  1.3143e+20 9.26438e+21 4.43901e+21       1e+20 4.23684e+21  6.2481e+21 1.24353e+20 5.35853e+21 3.84404e+21 2.29072e+21 7.92058e+21 3.19107e+20 9.76959e+21 6.16324e+21 3.36155e+21  8.1766e+21 2.61389e+21 9.07212e+21 9.26378e+21  3.8322e+20 4.31672e+21 1.84284e+21 6.40753e+21 7.23046e+21 8.57655e+21  1.3143e+20 9.26438e+21 4.43901e+21       1e+20
