
1	193.386
2	193.386
3	193.386
4	193.385
5	193.385
6	193.385
7	193.384
8	193.384
9	193.383
10	193.383
11	193.383
12	193.382
13	193.382
14	193.381
15	193.381
16	193.38
17	193.38
18	193.38
19	193.379
20	193.379
21	193.378
22	193.378
23	193.377
24	193.377
25	193.376
26	193.376
27	193.375
28	193.375
29	193.374
30	193.374
31	193.373
32	193.373
33	193.372
34	193.372
35	193.371
36	193.371
37	193.37
38	193.37
39	193.369
40	193.369
41	193.368
42	193.367
43	193.367
44	193.366
45	193.366
46	193.365
47	193.364
48	193.364
49	193.363
50	193.363
51	193.362
52	193.361
53	193.361
54	193.36
55	193.359
56	193.359
57	193.358
58	193.357
59	193.357
60	193.356
61	193.355
62	193.355
63	193.354
64	193.353
65	193.353
66	193.352
67	193.351
68	193.35
69	193.35
70	193.349
71	193.348
72	193.347
73	193.347
74	193.346
75	193.345
76	193.344
77	193.343
78	193.343
79	193.342
80	193.341
81	193.34
82	193.339
83	193.338
84	193.338
85	193.337
86	193.336
87	193.335
88	193.334
89	193.333
90	193.332
91	193.331
92	193.33
93	193.329
94	193.328
95	193.327
96	193.326
97	193.325
98	193.324
99	193.323
100	193.322
101	193.321
102	193.32
103	193.319
104	193.318
105	193.317
106	193.316
107	193.315
108	193.314
109	193.313
110	193.312
111	193.311
112	193.309
113	193.308
114	193.307
115	193.306
116	193.305
117	193.303
118	193.302
119	193.301
120	193.3
121	193.298
122	193.297
123	193.296
124	193.295
125	193.293
126	193.292
127	193.291
128	193.289
129	193.288
130	193.287
131	193.285
132	193.284
133	193.282
134	193.281
135	193.279
136	193.278
137	193.277
138	193.275
139	193.274
140	193.272
141	193.27
142	193.269
143	193.267
144	193.266
145	193.264
146	193.262
147	193.261
148	193.259
149	193.258
150	193.256
151	193.254
152	193.252
153	193.251
154	193.249
155	193.247
156	193.245
157	193.244
158	193.242
159	193.24
160	193.238
161	193.236
162	193.234
163	193.232
164	193.23
165	193.228
166	193.226
167	193.224
168	193.222
169	193.22
170	193.218
171	193.216
172	193.214
173	193.212
174	193.21
175	193.208
176	193.205
177	193.203
178	193.201
179	193.199
180	193.196
181	193.194
182	193.192
183	193.189
184	193.187
185	193.185
186	193.182
187	193.18
188	193.177
189	193.175
190	193.172
191	193.17
192	193.167
193	193.164
194	193.162
195	193.159
196	193.156
197	193.154
198	193.151
199	193.148
200	193.145
201	193.143
202	193.14
203	193.137
204	193.134
205	193.131
206	193.128
207	193.125
208	193.122
209	193.119
210	193.116
211	193.113
212	193.109
213	193.106
214	193.103
215	193.1
216	193.096
217	193.093
218	193.09
219	193.086
220	193.083
221	193.08
222	193.076
223	193.072
224	193.069
225	193.065
226	193.062
227	193.058
228	193.054
229	193.05
230	193.047
231	193.043
232	193.039
233	193.035
234	193.031
235	193.027
236	193.023
237	193.019
238	193.015
239	193.011
240	193.006
241	193.002
242	192.998
243	192.994
244	192.989
245	192.985
246	192.98
247	192.976
248	192.971
249	192.967
250	192.962
251	192.957
252	192.952
253	192.948
254	192.943
255	192.938
256	192.933
257	192.928
258	192.923
259	192.918
260	192.912
261	192.907
262	192.902
263	192.897
264	192.891
265	192.886
266	192.88
267	192.875
268	192.869
269	192.864
270	192.858
271	192.852
272	192.846
273	192.84
274	192.834
275	192.828
276	192.822
277	192.816
278	192.81
279	192.804
280	192.797
281	192.791
282	192.784
283	192.778
284	192.771
285	192.764
286	192.758
287	192.751
288	192.744
289	192.737
290	192.73
291	192.723
292	192.716
293	192.708
294	192.701
295	192.694
296	192.686
297	192.679
298	192.671
299	192.663
300	192.656
301	192.648
302	192.64
303	192.632
304	192.624
305	192.615
306	192.607
307	192.599
308	192.59
309	192.582
310	192.573
311	192.564
312	192.555
313	192.546
314	192.537
315	192.528
316	192.519
317	192.51
318	192.5
319	192.491
320	192.481
321	192.472
322	192.462
323	192.452
324	192.442
325	192.432
326	192.422
327	192.411
328	192.401
329	192.39
330	192.38
331	192.369
332	192.358
333	192.347
334	192.336
335	192.325
336	192.313
337	192.302
338	192.29
339	192.278
340	192.267
341	192.255
342	192.243
343	192.23
344	192.218
345	192.205
346	192.193
347	192.18
348	192.167
349	192.154
350	192.141
351	192.128
352	192.114
353	192.101
354	192.087
355	192.073
356	192.059
357	192.045
358	192.031
359	192.016
360	192.002
361	191.987
362	191.972
363	191.957
364	191.942
365	191.926
366	191.911
367	191.895
368	191.879
369	191.863
370	191.847
371	191.83
372	191.813
373	191.797
374	191.78
375	191.763
376	191.745
377	191.728
378	191.71
379	191.692
380	191.674
381	191.656
382	191.637
383	191.618
384	191.6
385	191.58
386	191.561
387	191.542
388	191.522
389	191.502
390	191.482
391	191.461
392	191.441
393	191.42
394	191.399
395	191.377
396	191.356
397	191.334
398	191.312
399	191.29
400	191.267
401	191.245
402	191.222
403	191.198
404	191.175
405	191.151
406	191.127
407	191.103
408	191.078
409	191.054
410	191.028
411	191.003
412	190.977
413	190.951
414	190.925
415	190.899
416	190.872
417	190.845
418	190.817
419	190.79
420	190.761
421	190.733
422	190.704
423	190.675
424	190.646
425	190.616
426	190.614
427	190.568
428	190.526
429	190.524
430	190.475
431	190.432
432	190.43
433	190.38
434	190.367
435	190.315
436	190.301
437	190.248
438	190.234
439	190.179
440	190.165
441	190.109
442	190.095
443	190.037
444	190.023
445	189.964
446	189.95
447	189.889
448	189.874
449	189.813
450	189.797
451	189.734
452	189.719
453	189.654
454	189.638
455	189.572
456	189.556
457	189.487
458	189.472
459	189.401
460	189.385
461	189.313
462	189.297
463	189.223
464	189.207
465	189.131
466	189.114
467	189.036
468	189.019
469	188.939
470	188.922
471	188.84
472	188.823
473	188.739
474	188.721
475	188.635
476	188.617
477	188.528
478	188.511
479	188.419
480	188.401
481	188.307
482	188.29
483	188.193
484	188.175
485	188.075
486	188.058
487	187.955
488	187.937
489	187.832
490	187.814
491	187.706
492	187.688
493	187.576
494	187.558
495	187.443
496	187.425
497	187.307
498	187.289
499	187.167
500	187.149
501	187.024
502	187.006
503	186.877
504	186.859
505	186.726
506	186.709
507	186.572
508	186.554
509	186.442
510	190.069
511	186.662
512	186.374
513	189.884
514	186.497
515	186.228
516	189.823
517	186.209
518	186.177
519	189.616
520	186.033
521	186.02
522	189.552
523	185.721
524	185.967
525	189.242
526	185.611
527	189.181
528	185.527
529	189.084
530	185.444
531	188.984
532	185.358
533	188.88
534	185.27
535	188.774
536	185.18
537	188.664
538	185.087
539	188.552
540	184.992
541	188.436
542	184.895
543	188.316
544	184.795
545	188.193
546	184.692
547	188.066
548	184.586
549	187.935
550	184.477
551	187.8
552	184.365
553	187.661
554	184.251
555	187.518
556	184.133
557	187.369
558	184.011
559	187.217
560	183.886
561	187.059
562	183.758
563	186.896
564	183.626
565	186.727
566	183.49
567	186.553
568	183.349
569	186.373
570	183.205
571	186.123
572	182.964
573	185.912
574	182.798
575	185.703
576	182.631
577	185.487
578	182.459
579	185.264
580	182.281
581	185.033
582	182.098
583	184.793
584	181.909
585	184.545
586	181.714
587	184.288
588	181.512
589	184.021
590	181.304
591	183.744
592	181.089
593	183.457
594	181.154
595	183.266
596	180.636
597	182.85
598	180.696
599	182.639
600	180.153
601	182.192
602	180.204
603	181.96
604	179.635
605	181.477
606	179.676
607	181.631
608	178.8
609	181.473
610	178.439
611	180.892
612	178.037
613	180.682
614	178.122
615	179.612
616	178.185
617	179.664
618	177.141
619	179.411
620	177.101
621	178.194
622	177.131
623	178.249
624	175.971
625	177.836
626	175.852
627	176.444
628	175.834
629	176.508
630	174.534
631	176.089
632	174.494
633	174.495
634	174.434
635	174.568
636	172.974
637	174.019
638	172.934
639	172.137
640	172.803
641	172.215
642	171.152
643	171.455
644	171.111
645	170.127
646	174.177
647	172.295
648	168.786
649	170.306
650	168.509
651	170.583
652	170.904
653	167.085
654	167.087
655	166.861
656	169.671
657	167.554
658	164.145
659	168.7
660	166.267
661	162.461
662	167.322
663	164.673
664	162.524
665	164.427
666	161.666
667	157.477
668	157.456
669	155.752
670	151.74
671	150.673
672	151.358
673	148.072
674	146.633
675	144.697
676	143.681
677	141.023
678	135.746
679	132.139
680	129.398
681	129.009
682	127.483
683	116.851
684	105.722
685	97.1048
686	84.5126
687	82.8115
688	81.9358
689	79.9239
690	84.6667