
1	76.1685	63.8394	101.971	111.416	92.5651	33.9807	44.2169	52.985	46.0797	31.3389	1	1	1	1	1	
2	76.1686	63.84	101.971	111.417	92.5647	33.9816	44.2175	52.9831	46.0782	31.3392	1	1	1	1	1	
3	76.1684	63.8398	101.971	111.416	92.5643	33.9815	44.2172	52.983	46.078	31.3391	1	1	1	1	1	
4	76.1683	63.8396	101.971	111.415	92.564	33.9814	44.2169	52.9828	46.0778	31.3389	1	1	1	1	1	
5	76.1681	63.8393	101.971	111.415	92.5637	33.9814	44.2165	52.9827	46.0777	31.3388	1	1	1	1	1	
6	76.1679	63.839	101.97	111.414	92.5634	33.9813	44.2162	52.9825	46.0775	31.3386	1	1	1	1	1	
7	76.1677	63.8388	101.97	111.414	92.5631	33.9812	44.2159	52.9823	46.0773	31.3385	1	1	1	1	1	
8	76.1675	63.8385	101.97	111.413	92.5628	33.9811	44.2155	52.9822	46.0771	31.3383	1	1	1	1	1	
9	76.1673	63.8383	101.97	111.412	92.5624	33.981	44.2152	52.982	46.077	31.3382	1	1	1	1	1	
10	76.1671	63.838	101.969	111.412	92.5621	33.9809	44.2148	52.9818	46.0768	31.338	1	1	1	1	1	
11	76.1669	63.8377	101.969	111.411	92.5618	33.9808	44.2145	52.9816	46.0766	31.3378	1	1	1	1	1	
12	76.1667	63.8375	101.969	111.41	92.5614	33.9807	44.2141	52.9815	46.0764	31.3377	1	1	1	1	1	
13	76.1665	63.8372	101.969	111.41	92.5611	33.9806	44.2138	52.9813	46.0762	31.3375	1	1	1	1	1	
14	76.1663	63.8369	101.968	111.409	92.5607	33.9805	44.2134	52.9811	46.0761	31.3374	1	1	1	1	1	
15	76.1661	63.8366	101.968	111.408	92.5604	33.9804	44.2131	52.9809	46.0759	31.3372	1	1	1	1	1	
16	76.1659	63.8364	101.968	111.408	92.5601	33.9803	44.2127	52.9808	46.0757	31.337	1	1	1	1	1	
17	76.1657	63.8361	101.968	111.407	92.5597	33.9802	44.2123	52.9806	46.0755	31.3369	1	1	1	1	1	
18	76.1655	63.8358	101.967	111.406	92.5593	33.9801	44.212	52.9804	46.0753	31.3367	1	1	1	1	1	
19	76.1653	63.8355	101.967	111.406	92.559	33.98	44.2116	52.9802	46.0751	31.3365	1	1	1	1	1	
20	76.1651	63.8352	101.967	111.405	92.5586	33.9799	44.2112	52.98	46.0749	31.3363	1	1	1	1	1	
21	76.1649	63.8349	101.966	111.404	92.5582	33.9797	44.2108	52.9798	46.0747	31.3362	1	1	1	1	1	
22	76.1647	63.8346	101.966	111.404	92.5579	33.9796	44.2104	52.9796	46.0745	31.336	1	1	1	1	1	
23	76.1644	63.8343	101.966	111.403	92.5575	33.9795	44.21	52.9794	46.0743	31.3358	1	1	1	1	1	
24	76.1642	63.834	101.966	111.402	92.5571	33.9794	44.2096	52.9792	46.0741	31.3356	1	1	1	1	1	
25	76.164	63.8337	101.965	111.401	92.5567	33.9793	44.2092	52.979	46.0739	31.3354	1	1	1	1	1	
26	76.1638	63.8334	101.965	111.401	92.5563	33.9792	44.2088	52.9788	46.0737	31.3352	1	1	1	1	1	
27	76.1635	63.8331	101.965	111.4	92.5559	33.9791	44.2084	52.9786	46.0734	31.3351	1	1	1	1	1	
28	76.1633	63.8327	101.964	111.399	92.5556	33.979	44.208	52.9784	46.0732	31.3349	1	1	1	1	1	
29	76.1631	63.8324	101.964	111.398	92.5552	33.9788	44.2076	52.9782	46.073	31.3347	1	1	1	1	1	
30	76.1628	63.8321	101.964	111.398	92.5547	33.9787	44.2071	52.978	46.0728	31.3345	1	1	1	1	1	
31	76.1626	63.8318	101.963	111.397	92.5543	33.9786	44.2067	52.9778	46.0726	31.3343	1	1	1	1	1	
32	76.1624	63.8314	101.963	111.396	92.5539	33.9785	44.2063	52.9776	46.0723	31.3341	1	1	1	1	1	
33	76.1621	63.8311	101.963	111.395	92.5535	33.9784	44.2059	52.9774	46.0721	31.3339	1	1	1	1	1	
34	76.1619	63.8308	101.963	111.394	92.5531	33.9782	44.2054	52.9771	46.0719	31.3337	1	1	1	1	1	
35	76.1616	63.8304	101.962	111.394	92.5527	33.9781	44.205	52.9769	46.0717	31.3335	1	1	1	1	1	
36	76.1614	63.8301	101.962	111.393	92.5522	33.978	44.2045	52.9767	46.0714	31.3333	1	1	1	1	1	
37	76.1611	63.8297	101.962	111.392	92.5518	33.9779	44.2041	52.9765	46.0712	31.3331	1	1	1	1	1	
38	76.1609	63.8294	101.961	111.391	92.5514	33.9777	44.2036	52.9762	46.071	31.3329	1	1	1	1	1	
39	76.1606	63.829	101.961	111.39	92.5509	33.9776	44.2031	52.976	46.0707	31.3327	1	1	1	1	1	
40	76.1604	63.8287	101.961	111.389	92.5505	33.9775	44.2027	52.9758	46.0705	31.3324	1	1	1	1	1	
41	76.1601	63.8283	101.96	111.389	92.55	33.9773	44.2022	52.9755	46.0702	31.3322	1	1	1	1	1	
42	76.1598	63.8279	101.96	111.388	92.5496	33.9772	44.2017	52.9753	46.07	31.332	1	1	1	1	1	
43	76.1596	63.8276	101.959	111.387	92.5491	33.9771	44.2012	52.9751	46.0697	31.3318	1	1	1	1	1	
44	76.1593	63.8272	101.959	111.386	92.5486	33.9769	44.2008	52.9748	46.0695	31.3316	1	1	1	1	1	
45	76.159	63.8268	101.959	111.385	92.5482	33.9768	44.2003	52.9746	46.0692	31.3313	1	1	1	1	1	
46	76.1587	63.8264	101.958	111.384	92.5477	33.9766	44.1998	52.9743	46.069	31.3311	1	1	1	1	1	
47	76.1585	63.8261	101.958	111.383	92.5472	33.9765	44.1993	52.9741	46.0687	31.3309	1	1	1	1	1	
48	76.1582	63.8257	101.958	111.382	92.5467	33.9764	44.1988	52.9738	46.0684	31.3306	1	1	1	1	1	
49	76.1579	63.8253	101.957	111.381	92.5462	33.9762	44.1982	52.9736	46.0682	31.3304	1	1	1	1	1	
50	76.1576	63.8249	101.957	111.38	92.5457	33.9761	44.1977	52.9733	46.0679	31.3302	1	1	1	1	1	
51	76.1573	63.8245	101.957	111.379	92.5452	33.9759	44.1972	52.9731	46.0676	31.3299	1	1	1	1	1	
52	76.157	63.8241	101.956	111.378	92.5447	33.9758	44.1967	52.9728	46.0674	31.3297	1	1	1	1	1	
53	76.1567	63.8237	101.956	111.377	92.5442	33.9756	44.1961	52.9725	46.0671	31.3294	1	1	1	1	1	
54	76.1564	63.8233	101.955	111.377	92.5437	33.9755	44.1956	52.9723	46.0668	31.3292	1	1	1	1	1	
55	76.1561	63.8228	101.955	111.376	92.5432	33.9753	44.1951	52.972	46.0665	31.329	1	1	1	1	1	
56	76.1558	63.8224	101.955	111.375	92.5427	33.9752	44.1945	52.9717	46.0662	31.3287	1	1	1	1	1	
57	76.1555	63.822	101.954	111.373	92.5421	33.975	44.194	52.9715	46.0659	31.3284	1	1	1	1	1	
58	76.1552	63.8216	101.954	111.372	92.5416	33.9749	44.1934	52.9712	46.0656	31.3282	1	1	1	1	1	
59	76.1549	63.8211	101.953	111.371	92.5411	33.9747	44.1928	52.9709	46.0654	31.3279	1	1	1	1	1	
60	76.1545	63.8207	101.953	111.37	92.5405	33.9745	44.1923	52.9706	46.0651	31.3277	1	1	1	1	1	
61	76.1542	63.8202	101.952	111.369	92.54	33.9744	44.1917	52.9703	46.0648	31.3274	1	1	1	1	1	
62	76.1539	63.8198	101.952	111.368	92.5394	33.9742	44.1911	52.97	46.0645	31.3271	1	1	1	1	1	
63	76.1536	63.8193	101.952	111.367	92.5388	33.974	44.1905	52.9697	46.0641	31.3269	1	1	1	1	1	
64	76.1532	63.8189	101.951	111.366	92.5383	33.9739	44.1899	52.9694	46.0638	31.3266	1	1	1	1	1	
65	76.1529	63.8184	101.951	111.365	92.5377	33.9737	44.1893	52.9691	46.0635	31.3263	1	1	1	1	1	
66	76.1526	63.818	101.95	111.364	92.5371	33.9735	44.1887	52.9688	46.0632	31.326	1	1	1	1	1	
67	76.1522	63.8175	101.95	111.363	92.5365	33.9734	44.1881	52.9685	46.0629	31.3258	1	1	1	1	1	
68	76.1519	63.817	101.949	111.362	92.5359	33.9732	44.1875	52.9682	46.0626	31.3255	1	1	1	1	1	
69	76.1515	63.8165	101.949	111.36	92.5353	33.973	44.1868	52.9679	46.0622	31.3252	1	1	1	1	1	
70	76.1512	63.816	101.948	111.359	92.5347	33.9728	44.1862	52.9676	46.0619	31.3249	1	1	1	1	1	
71	76.1508	63.8156	101.948	111.358	92.5341	33.9727	44.1856	52.9673	46.0616	31.3246	1	1	1	1	1	
72	76.1504	63.8151	101.948	111.357	92.5335	33.9725	44.1849	52.967	46.0612	31.3243	1	1	1	1	1	
73	76.1501	63.8146	101.947	111.356	92.5329	33.9723	44.1843	52.9666	46.0609	31.324	1	1	1	1	1	
74	76.1497	63.8141	101.947	111.355	92.5322	33.9721	44.1836	52.9663	46.0606	31.3237	1	1	1	1	1	
75	76.1493	63.8135	101.946	111.353	92.5316	33.9719	44.1829	52.966	46.0602	31.3234	1	1	1	1	1	
76	76.149	63.813	101.946	111.352	92.531	33.9717	44.1823	52.9657	46.0599	31.3231	1	1	1	1	1	
77	76.1486	63.8125	101.945	111.351	92.5303	33.9715	44.1816	52.9653	46.0595	31.3228	1	1	1	1	1	
78	76.1482	63.812	101.945	111.35	92.5297	33.9713	44.1809	52.965	46.0591	31.3225	1	1	1	1	1	
79	76.1478	63.8114	101.944	111.348	92.529	33.9711	44.1802	52.9646	46.0588	31.3221	1	1	1	1	1	
80	76.1474	63.8109	101.944	111.347	92.5283	33.971	44.1795	52.9643	46.0584	31.3218	1	1	1	1	1	
81	76.147	63.8104	101.943	111.346	92.5276	33.9708	44.1788	52.9639	46.0581	31.3215	1	1	1	1	1	
82	76.1466	63.8098	101.943	111.344	92.527	33.9706	44.1781	52.9636	46.0577	31.3212	1	1	1	1	1	
83	76.1462	63.8093	101.942	111.343	92.5263	33.9703	44.1774	52.9632	46.0573	31.3208	1	1	1	1	1	
84	76.1458	63.8087	101.941	111.342	92.5256	33.9701	44.1766	52.9629	46.0569	31.3205	1	1	1	1	1	
85	76.1454	63.8081	101.941	111.34	92.5249	33.9699	44.1759	52.9625	46.0565	31.3202	1	1	1	1	1	
86	76.145	63.8076	101.94	111.339	92.5242	33.9697	44.1751	52.9621	46.0562	31.3198	1	1	1	1	1	
87	76.1446	63.807	101.94	111.338	92.5234	33.9695	44.1744	52.9618	46.0558	31.3195	1	1	1	1	1	
88	76.1442	63.8064	101.939	111.336	92.5227	33.9693	44.1736	52.9614	46.0554	31.3191	1	1	1	1	1	
89	76.1437	63.8058	101.939	111.335	92.522	33.9691	44.1729	52.961	46.055	31.3188	1	1	1	1	1	
90	76.1433	63.8052	101.938	111.333	92.5212	33.9689	44.1721	52.9606	46.0546	31.3184	1	1	1	1	1	
91	76.1429	63.8046	101.938	111.332	92.5205	33.9686	44.1713	52.9602	46.0542	31.3181	1	1	1	1	1	
92	76.1424	63.804	101.937	111.331	92.5197	33.9684	44.1705	52.9598	46.0537	31.3177	1	1	1	1	1	
93	76.142	63.8034	101.936	111.329	92.519	33.9682	44.1697	52.9594	46.0533	31.3173	1	1	1	1	1	
94	76.1415	63.8028	101.936	111.328	92.5182	33.968	44.1689	52.959	46.0529	31.317	1	1	1	1	1	
95	76.1411	63.8021	101.935	111.326	92.5174	33.9677	44.1681	52.9586	46.0525	31.3166	1	1	1	1	1	
96	76.1406	63.8015	101.935	111.325	92.5166	33.9675	44.1673	52.9582	46.0521	31.3162	1	1	1	1	1	
97	76.1401	63.8009	101.934	111.323	92.5158	33.9673	44.1664	52.9578	46.0516	31.3158	1	1	1	1	1	
98	76.1397	63.8002	101.933	111.322	92.515	33.967	44.1656	52.9574	46.0512	31.3155	1	1	1	1	1	
99	76.1392	63.7996	101.933	111.32	92.5142	33.9668	44.1647	52.957	46.0507	31.3151	1	1	1	1	1	
100	76.1387	63.7989	101.932	111.318	92.5134	33.9666	44.1639	52.9565	46.0503	31.3147	1	1	1	1	1	
101	76.1382	63.7983	101.932	111.317	92.5126	33.9663	44.163	52.9561	46.0498	31.3143	1	1	1	1	1	
102	76.1377	63.7976	101.931	111.315	92.5117	33.9661	44.1621	52.9557	46.0494	31.3139	1	1	1	1	1	
103	76.1372	63.7969	101.93	111.314	92.5109	33.9658	44.1612	52.9552	46.0489	31.3135	1	1	1	1	1	
104	76.1367	63.7962	101.93	111.312	92.51	33.9656	44.1604	52.9548	46.0485	31.3131	1	1	1	1	1	
105	76.1362	63.7955	101.929	111.31	92.5092	33.9653	44.1594	52.9543	46.048	31.3127	1	1	1	1	1	
106	76.1357	63.7948	101.928	111.309	92.5083	33.9651	44.1585	52.9539	46.0475	31.3122	1	1	1	1	1	
107	76.1352	63.7941	101.928	111.307	92.5074	33.9648	44.1576	52.9534	46.047	31.3118	1	1	1	1	1	
108	76.1347	63.7934	101.927	111.305	92.5065	33.9645	44.1567	52.953	46.0466	31.3114	1	1	1	1	1	
109	76.1342	63.7927	101.926	111.304	92.5056	33.9643	44.1557	52.9525	46.0461	31.311	1	1	1	1	1	
110	76.1336	63.7919	101.926	111.302	92.5047	33.964	44.1548	52.952	46.0456	31.3105	1	1	1	1	1	
111	76.1331	63.7912	101.925	111.3	92.5038	33.9637	44.1538	52.9516	46.0451	31.3101	1	1	1	1	1	
112	76.1326	63.7905	101.924	111.298	92.5029	33.9635	44.1529	52.9511	46.0446	31.3096	1	1	1	1	1	
113	76.132	63.7897	101.923	111.296	92.5019	33.9632	44.1519	52.9506	46.0441	31.3092	1	1	1	1	1	
114	76.1315	63.789	101.923	111.295	92.501	33.9629	44.1509	52.9501	46.0435	31.3087	1	1	1	1	1	
115	76.1309	63.7882	101.922	111.293	92.5	33.9626	44.1499	52.9496	46.043	31.3083	1	1	1	1	1	
116	76.1303	63.7874	101.921	111.291	92.499	33.9623	44.1489	52.9491	46.0425	31.3078	1	1	1	1	1	
117	76.1298	63.7866	101.92	111.289	92.4981	33.962	44.1479	52.9486	46.042	31.3073	1	1	1	1	1	
118	76.1292	63.7858	101.92	111.287	92.4971	33.9618	44.1468	52.9481	46.0414	31.3069	1	1	1	1	1	
119	76.1286	63.785	101.919	111.285	92.4961	33.9615	44.1458	52.9476	46.0409	31.3064	1	1	1	1	1	
120	76.128	63.7842	101.918	111.283	92.4951	33.9612	44.1447	52.9471	46.0403	31.3059	1	1	1	1	1	
121	76.1274	63.7834	101.917	111.281	92.4941	33.9609	44.1437	52.9465	46.0398	31.3054	1	1	1	1	1	
122	76.1268	63.7826	101.917	111.279	92.493	33.9606	44.1426	52.946	46.0392	31.3049	1	1	1	1	1	
123	76.1262	63.7818	101.916	111.277	92.492	33.9603	44.1415	52.9455	46.0387	31.3044	1	1	1	1	1	
124	76.1256	63.7809	101.915	111.275	92.491	33.9599	44.1404	52.9449	46.0381	31.3039	1	1	1	1	1	
125	76.125	63.7801	101.914	111.273	92.4899	33.9596	44.1393	52.9444	46.0375	31.3034	1	1	1	1	1	
126	76.1244	63.7792	101.913	111.271	92.4888	33.9593	44.1382	52.9438	46.0369	31.3029	1	1	1	1	1	
127	76.1237	63.7783	101.913	111.269	92.4877	33.959	44.1371	52.9433	46.0364	31.3024	1	1	1	1	1	
128	76.1231	63.7775	101.912	111.267	92.4867	33.9587	44.1359	52.9427	46.0358	31.3019	1	1	1	1	1	
129	76.1225	63.7766	101.911	111.265	92.4855	33.9584	44.1348	52.9421	46.0352	31.3014	1	1	1	1	1	
130	76.1218	63.7757	101.91	111.263	92.4844	33.958	44.1336	52.9415	46.0346	31.3008	1	1	1	1	1	
131	76.1212	63.7748	101.909	111.261	92.4833	33.9577	44.1324	52.941	46.0339	31.3003	1	1	1	1	1	
132	76.1205	63.7739	101.908	111.259	92.4822	33.9574	44.1312	52.9404	46.0333	31.2997	1	1	1	1	1	
133	76.1198	63.7729	101.907	111.256	92.481	33.957	44.13	52.9398	46.0327	31.2992	1	1	1	1	1	
134	76.1191	63.772	101.907	111.254	92.4799	33.9567	44.1288	52.9392	46.0321	31.2986	1	1	1	1	1	
135	76.1185	63.7711	101.906	111.252	92.4787	33.9563	44.1276	52.9386	46.0314	31.2981	1	1	1	1	1	
136	76.1178	63.7701	101.905	111.25	92.4775	33.956	44.1264	52.938	46.0308	31.2975	1	1	1	1	1	
137	76.1171	63.7692	101.904	111.247	92.4763	33.9556	44.1251	52.9373	46.0301	31.2969	1	1	1	1	1	
138	76.1164	63.7682	101.903	111.245	92.4751	33.9553	44.1238	52.9367	46.0295	31.2964	1	1	1	1	1	
139	76.1157	63.7672	101.902	111.243	92.4739	33.9549	44.1226	52.9361	46.0288	31.2958	1	1	1	1	1	
140	76.1149	63.7662	101.901	111.24	92.4726	33.9545	44.1213	52.9354	46.0281	31.2952	1	1	1	1	1	
141	76.1142	63.7652	101.9	111.238	92.4714	33.9542	44.12	52.9348	46.0275	31.2946	1	1	1	1	1	
142	76.1135	63.7642	101.899	111.236	92.4701	33.9538	44.1186	52.9341	46.0268	31.294	1	1	1	1	1	
143	76.1127	63.7632	101.898	111.233	92.4689	33.9534	44.1173	52.9335	46.0261	31.2934	1	1	1	1	1	
144	76.112	63.7621	101.897	111.231	92.4676	33.9531	44.116	52.9328	46.0254	31.2928	1	1	1	1	1	
145	76.1112	63.7611	101.896	111.228	92.4663	33.9527	44.1146	52.9321	46.0247	31.2921	1	1	1	1	1	
146	76.1105	63.76	101.895	111.226	92.465	33.9523	44.1132	52.9315	46.024	31.2915	1	1	1	1	1	
147	76.1097	63.759	101.894	111.223	92.4636	33.9519	44.1119	52.9308	46.0232	31.2909	1	1	1	1	1	
148	76.1089	63.7579	101.893	111.221	92.4623	33.9515	44.1105	52.9301	46.0225	31.2902	1	1	1	1	1	
149	76.1081	63.7568	101.892	111.218	92.4609	33.9511	44.109	52.9294	46.0218	31.2896	1	1	1	1	1	
150	76.1073	63.7557	101.891	111.215	92.4596	33.9507	44.1076	52.9287	46.021	31.2889	1	1	1	1	1	
151	76.1065	63.7546	101.89	111.213	92.4582	33.9503	44.1062	52.928	46.0203	31.2883	1	1	1	1	1	
152	76.1057	63.7535	101.889	111.21	92.4568	33.9499	44.1047	52.9272	46.0195	31.2876	1	1	1	1	1	
153	76.1049	63.7524	101.888	111.207	92.4554	33.9495	44.1032	52.9265	46.0188	31.2869	1	1	1	1	1	
154	76.104	63.7512	101.887	111.205	92.454	33.949	44.1017	52.9258	46.018	31.2863	1	1	1	1	1	
155	76.1032	63.7501	101.886	111.202	92.4525	33.9486	44.1002	52.925	46.0172	31.2856	1	1	1	1	1	
156	76.1024	63.7489	101.885	111.199	92.4511	33.9482	44.0987	52.9243	46.0164	31.2849	1	1	1	1	1	
157	76.1015	63.7477	101.883	111.196	92.4496	33.9477	44.0972	52.9235	46.0156	31.2842	1	1	1	1	1	
158	76.1006	63.7465	101.882	111.193	92.4481	33.9473	44.0956	52.9228	46.0148	31.2835	1	1	1	1	1	
159	76.0998	63.7453	101.881	111.191	92.4466	33.9469	44.0941	52.922	46.014	31.2827	1	1	1	1	1	
160	76.0989	63.7441	101.88	111.188	92.4451	33.9464	44.0925	52.9212	46.0132	31.282	1	1	1	1	1	
161	76.098	63.7429	101.879	111.185	92.4436	33.946	44.0909	52.9204	46.0123	31.2813	1	1	1	1	1	
162	76.0971	63.7416	101.878	111.182	92.442	33.9455	44.0893	52.9196	46.0115	31.2806	1	1	1	1	1	
163	76.0962	63.7404	101.876	111.179	92.4405	33.945	44.0876	52.9188	46.0106	31.2798	1	1	1	1	1	
164	76.0952	63.7391	101.875	111.176	92.4389	33.9446	44.086	52.918	46.0098	31.2791	1	1	1	1	1	
165	76.0943	63.7378	101.874	111.173	92.4373	33.9441	44.0843	52.9172	46.0089	31.2783	1	1	1	1	1	
166	76.0934	63.7365	101.873	111.17	92.4357	33.9436	44.0826	52.9163	46.008	31.2775	1	1	1	1	1	
167	76.0924	63.7352	101.872	111.167	92.4341	33.9432	44.0809	52.9155	46.0071	31.2767	1	1	1	1	1	
168	76.0915	63.7339	101.87	111.163	92.4324	33.9427	44.0792	52.9146	46.0062	31.276	1	1	1	1	1	
169	76.0905	63.7326	101.869	111.16	92.4308	33.9422	44.0775	52.9138	46.0053	31.2752	1	1	1	1	1	
170	76.0895	63.7312	101.868	111.157	92.4291	33.9417	44.0757	52.9129	46.0044	31.2744	1	1	1	1	1	
171	76.0885	63.7299	101.866	111.154	92.4274	33.9412	44.074	52.912	46.0035	31.2736	1	1	1	1	1	
172	76.0875	63.7285	101.865	111.151	92.4257	33.9407	44.0722	52.9112	46.0026	31.2727	1	1	1	1	1	
173	76.0865	63.7271	101.864	111.147	92.4239	33.9402	44.0704	52.9103	46.0016	31.2719	1	1	1	1	1	
174	76.0855	63.7257	101.862	111.144	92.4222	33.9396	44.0685	52.9094	46.0007	31.2711	1	1	1	1	1	
175	76.0845	63.7243	101.861	111.14	92.4204	33.9391	44.0667	52.9084	45.9997	31.2702	1	1	1	1	1	
176	76.0834	63.7228	101.86	111.137	92.4186	33.9386	44.0648	52.9075	45.9987	31.2694	1	1	1	1	1	
177	76.0824	63.7214	101.858	111.134	92.4168	33.9381	44.0629	52.9066	45.9978	31.2685	1	1	1	1	1	
178	76.0813	63.7199	101.857	111.13	92.415	33.9375	44.061	52.9056	45.9968	31.2676	1	1	1	1	1	
179	76.0802	63.7184	101.856	111.127	92.4132	33.937	44.0591	52.9047	45.9958	31.2668	1	1	1	1	1	
180	76.0792	63.7169	101.854	111.123	92.4113	33.9364	44.0572	52.9037	45.9948	31.2659	1	1	1	1	1	
181	76.0781	63.7154	101.853	111.119	92.4094	33.9359	44.0552	52.9028	45.9937	31.265	1	1	1	1	1	
182	76.0769	63.7139	101.851	111.116	92.4075	33.9353	44.0532	52.9018	45.9927	31.2641	1	1	1	1	1	
183	76.0758	63.7124	101.85	111.112	92.4056	33.9347	44.0512	52.9008	45.9917	31.2632	1	1	1	1	1	
184	76.0747	63.7108	101.848	111.108	92.4037	33.9342	44.0492	52.8998	45.9906	31.2622	1	1	1	1	1	
185	76.0736	63.7092	101.847	111.105	92.4017	33.9336	44.0471	52.8988	45.9895	31.2613	1	1	1	1	1	
186	76.0724	63.7076	101.845	111.101	92.3997	33.933	44.0451	52.8978	45.9885	31.2603	1	1	1	1	1	
187	76.0712	63.706	101.844	111.097	92.3977	33.9324	44.043	52.8967	45.9874	31.2594	1	1	1	1	1	
188	76.0701	63.7044	101.842	111.093	92.3957	33.9318	44.0409	52.8957	45.9863	31.2584	1	1	1	1	1	
189	76.0689	63.7028	101.841	111.089	92.3937	33.9312	44.0387	52.8946	45.9852	31.2575	1	1	1	1	1	
190	76.0677	63.7011	101.839	111.085	92.3916	33.9306	44.0366	52.8936	45.984	31.2565	1	1	1	1	1	
191	76.0664	63.6994	101.837	111.081	92.3895	33.93	44.0344	52.8925	45.9829	31.2555	1	1	1	1	1	
192	76.0652	63.6977	101.836	111.077	92.3874	33.9293	44.0322	52.8914	45.9818	31.2545	1	1	1	1	1	
193	76.064	63.696	101.834	111.073	92.3853	33.9287	44.03	52.8903	45.9806	31.2535	1	1	1	1	1	
194	76.0627	63.6943	101.833	111.069	92.3831	33.9281	44.0277	52.8892	45.9794	31.2524	1	1	1	1	1	
195	76.0615	63.6925	101.831	111.065	92.381	33.9274	44.0255	52.8881	45.9782	31.2514	1	1	1	1	1	
196	76.0602	63.6908	101.829	111.061	92.3788	33.9268	44.0232	52.887	45.9771	31.2503	1	1	1	1	1	
197	76.0589	63.689	101.828	111.057	92.3766	33.9261	44.0209	52.8858	45.9758	31.2493	1	1	1	1	1	
198	76.0576	63.6872	101.826	111.052	92.3743	33.9255	44.0185	52.8847	45.9746	31.2482	1	1	1	1	1	
199	76.0563	63.6854	101.824	111.048	92.3721	33.9248	44.0162	52.8835	45.9734	31.2471	1	1	1	1	1	
200	76.0549	63.6835	101.822	111.044	92.3698	33.9241	44.0138	52.8823	45.9721	31.246	1	1	1	1	1	
201	76.0536	63.6817	101.821	111.039	92.3675	33.9234	44.0114	52.8811	45.9709	31.2449	1	1	1	1	1	
202	76.0522	63.6798	101.819	111.035	92.3651	33.9227	44.0089	52.8799	45.9696	31.2438	1	1	1	1	1	
203	76.0508	63.6779	101.817	111.03	92.3628	33.922	44.0065	52.8787	45.9683	31.2427	1	1	1	1	1	
204	76.0494	63.676	101.815	111.026	92.3604	33.9213	44.004	52.8775	45.967	31.2416	1	1	1	1	1	
205	76.048	63.674	101.813	111.021	92.358	33.9206	44.0014	52.8762	45.9657	31.2404	1	1	1	1	1	
206	76.0466	63.6721	101.812	111.016	92.3555	33.9199	43.9989	52.875	45.9644	31.2393	1	1	1	1	1	
207	76.0452	63.6701	101.81	111.012	92.3531	33.9192	43.9963	52.8737	45.9631	31.2381	1	1	1	1	1	
208	76.0437	63.6681	101.808	111.007	92.3506	33.9184	43.9937	52.8724	45.9617	31.2369	1	1	1	1	1	
209	76.0423	63.6661	101.806	111.002	92.3481	33.9177	43.9911	52.8711	45.9603	31.2357	1	1	1	1	1	
210	76.0408	63.664	101.804	110.997	92.3455	33.9169	43.9885	52.8698	45.959	31.2345	1	1	1	1	1	
211	76.0393	63.662	101.802	110.992	92.343	33.9162	43.9858	52.8685	45.9576	31.2333	1	1	1	1	1	
212	76.0378	63.6599	101.8	110.987	92.3404	33.9154	43.9831	52.8672	45.9562	31.232	1	1	1	1	1	
213	76.0363	63.6578	101.798	110.982	92.3378	33.9146	43.9804	52.8658	45.9547	31.2308	1	1	1	1	1	
214	76.0347	63.6557	101.796	110.977	92.3351	33.9138	43.9776	52.8645	45.9533	31.2295	1	1	1	1	1	
215	76.0331	63.6535	101.794	110.972	92.3325	33.913	43.9748	52.8631	45.9518	31.2282	1	1	1	1	1	
216	76.0316	63.6513	101.792	110.967	92.3298	33.9122	43.972	52.8617	45.9504	31.227	1	1	1	1	1	
217	76.03	63.6491	101.79	110.962	92.327	33.9114	43.9691	52.8603	45.9489	31.2257	1	1	1	1	1	
218	76.0284	63.6469	101.788	110.957	92.3243	33.9106	43.9663	52.8589	45.9474	31.2243	1	1	1	1	1	
219	76.0267	63.6447	101.786	110.951	92.3215	33.9098	43.9633	52.8575	45.9459	31.223	1	1	1	1	1	
220	76.0251	63.6424	101.783	110.946	92.3187	33.9089	43.9604	52.856	45.9443	31.2217	1	1	1	1	1	
221	76.0234	63.6401	101.781	110.94	92.3158	33.9081	43.9574	52.8545	45.9428	31.2203	1	1	1	1	1	
222	76.0218	63.6378	101.779	110.935	92.3129	33.9072	43.9544	52.8531	45.9412	31.2189	1	1	1	1	1	
223	76.0201	63.6355	101.777	110.929	92.31	33.9064	43.9514	52.8516	45.9396	31.2176	1	1	1	1	1	
224	76.0184	63.6331	101.775	110.924	92.3071	33.9055	43.9483	52.8501	45.938	31.2162	1	1	1	1	1	
225	76.0166	63.6307	101.772	110.918	92.3041	33.9046	43.9452	52.8485	45.9364	31.2148	1	1	1	1	1	
226	76.0149	63.6283	101.77	110.912	92.3011	33.9037	43.9421	52.847	45.9348	31.2133	1	1	1	1	1	
227	76.0131	63.6259	101.768	110.907	92.2981	33.9028	43.939	52.8454	45.9331	31.2119	1	1	1	1	1	
228	76.0113	63.6234	101.765	110.901	92.295	33.9019	43.9358	52.8439	45.9315	31.2104	1	1	1	1	1	
229	76.0095	63.6209	101.763	110.895	92.292	33.901	43.9325	52.8423	45.9298	31.2089	1	1	1	1	1	
230	76.0077	63.6184	101.761	110.889	92.2888	33.9	43.9293	52.8407	45.9281	31.2075	1	1	1	1	1	
231	76.0059	63.6158	101.758	110.883	92.2857	33.8991	43.926	52.8391	45.9264	31.206	1	1	1	1	1	
232	76.004	63.6133	101.756	110.877	92.2825	33.8981	43.9226	52.8374	45.9246	31.2044	1	1	1	1	1	
233	76.0021	63.6107	101.753	110.871	92.2792	33.8972	43.9193	52.8358	45.9229	31.2029	1	1	1	1	1	
234	76.0002	63.6081	101.751	110.864	92.276	33.8962	43.9159	52.8341	45.9211	31.2013	1	1	1	1	1	
235	75.9983	63.6054	101.748	110.858	92.2727	33.8952	43.9124	52.8324	45.9193	31.1998	1	1	1	1	1	
236	75.9963	63.6027	101.746	110.852	92.2694	33.8942	43.909	52.8307	45.9175	31.1982	1	1	1	1	1	
237	75.9944	63.6	101.743	110.845	92.266	33.8932	43.9055	52.829	45.9156	31.1966	1	1	1	1	1	
238	75.9924	63.5973	101.741	110.839	92.2626	33.8922	43.9019	52.8272	45.9138	31.195	1	1	1	1	1	
239	75.9904	63.5945	101.738	110.832	92.2592	33.8912	43.8983	52.8255	45.9119	31.1933	1	1	1	1	1	
240	75.9884	63.5917	101.735	110.826	92.2557	33.8902	43.8947	52.8237	45.91	31.1917	1	1	1	1	1	
241	75.9863	63.5889	101.733	110.819	92.2522	33.8891	43.891	52.8219	45.9081	31.19	1	1	1	1	1	
242	75.9843	63.586	101.73	110.812	92.2486	33.888	43.8873	52.8201	45.9062	31.1883	1	1	1	1	1	
243	75.9822	63.5831	101.727	110.805	92.2451	33.887	43.8836	52.8182	45.9042	31.1866	1	1	1	1	1	
244	75.9801	63.5802	101.724	110.798	92.2414	33.8859	43.8798	52.8164	45.9023	31.1849	1	1	1	1	1	
245	75.9779	63.5773	101.722	110.791	92.2378	33.8848	43.876	52.8145	45.9003	31.1832	1	1	1	1	1	
246	75.9758	63.5743	101.719	110.784	92.2341	33.8837	43.8722	52.8126	45.8982	31.1814	1	1	1	1	1	
247	75.9736	63.5713	101.716	110.777	92.2303	33.8826	43.8683	52.8107	45.8962	31.1796	1	1	1	1	1	
248	75.9714	63.5682	101.713	110.77	92.2266	33.8814	43.8643	52.8088	45.8942	31.1778	1	1	1	1	1	
249	75.9692	63.5652	101.71	110.763	92.2227	33.8803	43.8603	52.8068	45.8921	31.176	1	1	1	1	1	
250	75.9669	63.562	101.707	110.755	92.2189	33.8792	43.8563	52.8048	45.89	31.1742	1	1	1	1	1	
251	75.9646	63.5589	101.704	110.748	92.215	33.878	43.8522	52.8028	45.8878	31.1723	1	1	1	1	1	
252	75.9623	63.5557	101.701	110.74	92.211	33.8768	43.8481	52.8008	45.8857	31.1705	1	1	1	1	1	
253	75.96	63.5525	101.698	110.733	92.2071	33.8756	43.844	52.7988	45.8835	31.1686	1	1	1	1	1	
254	75.9577	63.5493	101.695	110.725	92.203	33.8744	43.8398	52.7967	45.8813	31.1666	1	1	1	1	1	
255	75.9553	63.546	101.692	110.717	92.199	33.8732	43.8355	52.7946	45.8791	31.1647	1	1	1	1	1	
256	75.9529	63.5427	101.689	110.709	92.1949	33.872	43.8313	52.7925	45.8769	31.1628	1	1	1	1	1	
257	75.9505	63.5393	101.686	110.701	92.1907	33.8707	43.8269	52.7904	45.8746	31.1608	1	1	1	1	1	
258	75.948	63.5359	101.683	110.693	92.1865	33.8695	43.8225	52.7883	45.8723	31.1588	1	1	1	1	1	
259	75.9455	63.5325	101.679	110.685	92.1823	33.8682	43.8181	52.7861	45.87	31.1568	1	1	1	1	1	
260	75.943	63.5291	101.676	110.677	92.178	33.8669	43.8137	52.7839	45.8677	31.1547	1	1	1	1	1	
261	75.9405	63.5256	101.673	110.669	92.1736	33.8656	43.8091	52.7817	45.8653	31.1527	1	1	1	1	1	
262	75.938	63.522	101.669	110.661	92.1693	33.8643	43.8046	52.7794	45.8629	31.1506	1	1	1	1	1	
263	75.9354	63.5184	101.666	110.652	92.1648	33.863	43.8	52.7772	45.8605	31.1485	1	1	1	1	1	
264	75.9328	63.5148	101.663	110.644	92.1604	33.8616	43.7953	52.7749	45.8581	31.1464	1	1	1	1	1	
265	75.9301	63.5112	101.659	110.635	92.1558	33.8603	43.7906	52.7726	45.8556	31.1442	1	1	1	1	1	
266	75.9275	63.5075	101.656	110.626	92.1513	33.8589	43.7858	52.7702	45.8531	31.1421	1	1	1	1	1	
267	75.9248	63.5038	101.652	110.617	92.1466	33.8575	43.781	52.7679	45.8506	31.1399	1	1	1	1	1	
268	75.922	63.5	101.649	110.608	92.142	33.8561	43.7761	52.7655	45.848	31.1376	1	1	1	1	1	
269	75.9193	63.4962	101.645	110.599	92.1373	33.8547	43.7712	52.7631	45.8455	31.1354	1	1	1	1	1	
270	75.9165	63.4923	101.641	110.59	92.1325	33.8532	43.7662	52.7607	45.8429	31.1331	1	1	1	1	1	
271	75.9137	63.4884	101.638	110.581	92.1277	33.8518	43.7612	52.7582	45.8402	31.1309	1	1	1	1	1	
272	75.9109	63.4845	101.634	110.572	92.1228	33.8503	43.7561	52.7557	45.8376	31.1285	1	1	1	1	1	
273	75.908	63.4805	101.63	110.562	92.1179	33.8488	43.751	52.7532	45.8349	31.1262	1	1	1	1	1	
274	75.9051	63.4765	101.626	110.553	92.1129	33.8473	43.7458	52.7507	45.8322	31.1238	1	1	1	1	1	
275	75.9021	63.4725	101.623	110.543	92.1078	33.8458	43.7406	52.7481	45.8294	31.1215	1	1	1	1	1	
276	75.8992	63.4683	101.619	110.534	92.1028	33.8443	43.7353	52.7455	45.8267	31.119	1	1	1	1	1	
277	75.8962	63.4642	101.615	110.524	92.0976	33.8427	43.7299	52.7429	45.8239	31.1166	1	1	1	1	1	
278	75.8931	63.46	101.611	110.514	92.0924	33.8412	43.7245	52.7402	45.821	31.1141	1	1	1	1	1	
279	75.8901	63.4557	101.607	110.504	92.0872	33.8396	43.719	52.7376	45.8182	31.1116	1	1	1	1	1	
280	75.887	63.4515	101.603	110.494	92.0818	33.838	43.7135	52.7349	45.8153	31.1091	1	1	1	1	1	
281	75.8838	63.4471	101.599	110.484	92.0765	33.8364	43.7079	52.7321	45.8123	31.1066	1	1	1	1	1	
282	75.8807	63.4427	101.595	110.473	92.0711	33.8347	43.7023	52.7294	45.8094	31.104	1	1	1	1	1	
283	75.8775	63.4383	101.59	110.463	92.0656	33.8331	43.6965	52.7266	45.8064	31.1014	1	1	1	1	1	
284	75.8743	63.4338	101.586	110.452	92.06	33.8314	43.6908	52.7238	45.8034	31.0988	1	1	1	1	1	
285	75.871	63.4293	101.582	110.442	92.0544	33.8297	43.6849	52.7209	45.8003	31.0961	1	1	1	1	1	
286	75.8677	63.4247	101.578	110.431	92.0488	33.828	43.679	52.718	45.7972	31.0935	1	1	1	1	1	
287	75.8643	63.4201	101.573	110.42	92.043	33.8263	43.6731	52.7151	45.7941	31.0907	1	1	1	1	1	
288	75.861	63.4154	101.569	110.409	92.0372	33.8245	43.667	52.7122	45.7909	31.088	1	1	1	1	1	
289	75.8575	63.4107	101.564	110.398	92.0314	33.8228	43.6609	52.7092	45.7877	31.0852	1	1	1	1	1	
290	75.8541	63.4059	101.56	110.386	92.0255	33.821	43.6548	52.7062	45.7845	31.0824	1	1	1	1	1	
291	75.8506	63.4011	101.555	110.375	92.0195	33.8192	43.6486	52.7031	45.7812	31.0796	1	1	1	1	1	
292	75.8471	63.3962	101.551	110.363	92.0134	33.8173	43.6423	52.7001	45.7779	31.0767	1	1	1	1	1	
293	75.8435	63.3912	101.546	110.352	92.0073	33.8155	43.6359	52.697	45.7746	31.0738	1	1	1	1	1	
294	75.8399	63.3862	101.541	110.34	92.0011	33.8136	43.6295	52.6938	45.7712	31.0709	1	1	1	1	1	
295	75.8363	63.3812	101.537	110.328	91.9949	33.8117	43.623	52.6907	45.7678	31.068	1	1	1	1	1	
296	75.8326	63.3761	101.532	110.316	91.9886	33.8098	43.6164	52.6875	45.7644	31.065	1	1	1	1	1	
297	75.8289	63.3709	101.527	110.304	91.9822	33.8079	43.6098	52.6842	45.7609	31.062	1	1	1	1	1	
298	75.8251	63.3657	101.522	110.292	91.9757	33.8059	43.603	52.681	45.7574	31.0589	1	1	1	1	1	
299	75.8213	63.3604	101.517	110.279	91.9692	33.8039	43.5963	52.6777	45.7538	31.0558	1	1	1	1	1	
300	75.8175	63.3551	101.512	110.267	91.9626	33.8019	43.5894	52.6743	45.7502	31.0527	1	1	1	1	1	
301	75.8136	63.3497	101.507	110.254	91.956	33.7999	43.5825	52.6709	45.7466	31.0496	1	1	1	1	1	
302	75.8096	63.3442	101.502	110.241	91.9492	33.7979	43.5754	52.6675	45.7429	31.0464	1	1	1	1	1	
303	75.8057	63.3387	101.497	110.228	91.9424	33.7958	43.5684	52.6641	45.7392	31.0432	1	1	1	1	1	
304	75.8016	63.3331	101.491	110.215	91.9355	33.7937	43.5612	52.6606	45.7354	31.0399	1	1	1	1	1	
305	75.7976	63.3275	101.486	110.202	91.9285	33.7916	43.5539	52.6571	45.7316	31.0366	1	1	1	1	1	
306	75.7935	63.3218	101.481	110.188	91.9215	33.7895	43.5466	52.6535	45.7278	31.0333	1	1	1	1	1	
307	75.7893	63.316	101.475	110.175	91.9144	33.7873	43.5392	52.6499	45.7239	31.0299	1	1	1	1	1	
308	75.7851	63.3102	101.47	110.161	91.9072	33.7851	43.5317	52.6463	45.72	31.0265	1	1	1	1	1	
309	75.7809	63.3043	101.464	110.147	91.8999	33.7829	43.5242	52.6426	45.716	31.0231	1	1	1	1	1	
310	75.7766	63.2983	101.459	110.133	91.8925	33.7806	43.5165	52.6389	45.712	31.0196	1	1	1	1	1	
311	75.7723	63.2923	101.453	110.119	91.8851	33.7784	43.5088	52.6351	45.7079	31.0161	1	1	1	1	1	
312	75.7679	63.2862	101.447	110.105	91.8776	33.7761	43.5009	52.6313	45.7038	31.0126	1	1	1	1	1	
313	75.7634	63.28	101.441	110.09	91.87	33.7738	43.493	52.6275	45.6996	31.009	1	1	1	1	1	
314	75.7589	63.2738	101.436	110.076	91.8623	33.7714	43.485	52.6236	45.6954	31.0054	1	1	1	1	1	
315	75.7544	63.2675	101.43	110.061	91.8545	33.769	43.477	52.6197	45.6912	31.0017	1	1	1	1	1	
316	75.7498	63.2611	101.424	110.046	91.8466	33.7666	43.4688	52.6157	45.6869	30.998	1	1	1	1	1	
317	75.7452	63.2547	101.418	110.031	91.8387	33.7642	43.4605	52.6117	45.6826	30.9942	1	1	1	1	1	
318	75.7405	63.2482	101.412	110.015	91.8306	33.7618	43.4522	52.6076	45.6782	30.9905	1	1	1	1	1	
319	75.7358	63.2416	101.405	110	91.8225	33.7593	43.4437	52.6035	45.6737	30.9866	1	1	1	1	1	
320	75.731	63.2349	101.399	109.984	91.8143	33.7568	43.4352	52.5994	45.6692	30.9828	1	1	1	1	1	
321	75.7261	63.2282	101.393	109.968	91.806	33.7542	43.4265	52.5952	45.6647	30.9788	1	1	1	1	1	
322	75.7212	63.2213	101.386	109.952	91.7976	33.7516	43.4178	52.591	45.6601	30.9749	1	1	1	1	1	
323	75.7163	63.2144	101.38	109.936	91.7891	33.749	43.409	52.5867	45.6555	30.9709	1	1	1	1	1	
324	75.7112	63.2075	101.373	109.92	91.7805	33.7464	43.4	52.5824	45.6508	30.9668	1	1	1	1	1	
325	75.7062	63.2004	101.367	109.903	91.7718	33.7437	43.391	52.578	45.646	30.9628	1	1	1	1	1	
326	75.7011	63.1933	101.36	109.887	91.763	33.7411	43.3819	52.5736	45.6412	30.9586	1	1	1	1	1	
327	75.6959	63.1861	101.353	109.87	91.7541	33.7383	43.3727	52.5691	45.6364	30.9545	1	1	1	1	1	
328	75.6906	63.1788	101.347	109.853	91.7451	33.7356	43.3633	52.5646	45.6315	30.9502	1	1	1	1	1	
329	75.6853	63.1714	101.34	109.835	91.736	33.7328	43.3539	52.56	45.6265	30.946	1	1	1	1	1	
330	75.68	63.1639	101.333	109.818	91.7268	33.73	43.3443	52.5554	45.6215	30.9416	1	1	1	1	1	
331	75.6746	63.1564	101.326	109.8	91.7175	33.7271	43.3347	52.5508	45.6164	30.9373	1	1	1	1	1	
332	75.6691	63.1487	101.318	109.782	91.7081	33.7242	43.3249	52.546	45.6112	30.9329	1	1	1	1	1	
333	75.6635	63.141	101.311	109.764	91.6986	33.7213	43.3151	52.5413	45.606	30.9284	1	1	1	1	1	
334	75.6579	63.1332	101.304	109.746	91.689	33.7183	43.3051	52.5365	45.6008	30.9239	1	1	1	1	1	
335	75.6523	63.1253	101.297	109.728	91.6793	33.7153	43.295	52.5316	45.5955	30.9193	1	1	1	1	1	
336	75.6465	63.1173	101.289	109.709	91.6694	33.7123	43.2848	52.5267	45.5901	30.9147	1	1	1	1	1	
337	75.6407	63.1092	101.282	109.69	91.6595	33.7092	43.2744	52.5217	45.5847	30.91	1	1	1	1	1	
338	75.6349	63.101	101.274	109.671	91.6494	33.7061	43.264	52.5166	45.5792	30.9053	1	1	1	1	1	
339	75.6289	63.0928	101.266	109.652	91.6392	33.703	43.2534	52.5115	45.5736	30.9006	1	1	1	1	1	
340	75.6229	63.0844	101.258	109.632	91.6289	33.6998	43.2428	52.5064	45.568	30.8957	1	1	1	1	1	
341	75.6169	63.0759	101.25	109.612	91.6185	33.6966	43.232	52.5012	45.5623	30.8909	1	1	1	1	1	
342	75.6107	63.0674	101.242	109.592	91.608	33.6933	43.221	52.4959	45.5565	30.8859	1	1	1	1	1	
343	75.6045	63.0587	101.234	109.572	91.5973	33.6901	43.21	52.4906	45.5507	30.881	1	1	1	1	1	
344	75.5982	63.0499	101.226	109.552	91.5866	33.6867	43.1988	52.4852	45.5448	30.8759	1	1	1	1	1	
345	75.5919	63.0411	101.218	109.531	91.5757	33.6833	43.1875	52.4798	45.5389	30.8708	1	1	1	1	1	
346	75.5855	63.0321	101.21	109.51	91.5647	33.6799	43.1761	52.4743	45.5328	30.8657	1	1	1	1	1	
347	75.579	63.023	101.201	109.489	91.5535	33.6765	43.1645	52.4688	45.5267	30.8604	1	1	1	1	1	
348	75.5724	63.0138	101.193	109.467	91.5422	33.673	43.1528	52.4631	45.5206	30.8552	1	1	1	1	1	
349	75.5657	63.0045	101.184	109.446	91.5308	33.6694	43.141	52.4574	45.5143	30.8498	1	1	1	1	1	
350	75.559	62.9951	101.175	109.424	91.5193	33.6659	43.1291	52.4517	45.508	30.8445	1	1	1	1	1	
351	75.5522	62.9856	101.166	109.402	91.5076	33.6622	43.117	52.4459	45.5016	30.839	1	1	1	1	1	
352	75.5453	62.976	101.157	109.379	91.4958	33.6586	43.1047	52.44	45.4952	30.8335	1	1	1	1	1	
353	75.5383	62.9663	101.148	109.357	91.4838	33.6548	43.0923	52.4341	45.4886	30.8279	1	1	1	1	1	
354	75.5313	62.9564	101.139	109.334	91.4718	33.6511	43.0798	52.4281	45.482	30.8223	1	1	1	1	1	
355	75.5242	62.9464	101.13	109.31	91.4595	33.6473	43.0671	52.422	45.4753	30.8166	1	1	1	1	1	
356	75.517	62.9364	101.121	109.287	91.4472	33.6434	43.0543	52.4159	45.4686	30.8108	1	1	1	1	1	
357	75.5097	62.9262	101.111	109.263	91.4346	33.6395	43.0414	52.4097	45.4617	30.805	1	1	1	1	1	
358	75.5023	62.9158	101.101	109.239	91.422	33.6356	43.0283	52.4034	45.4548	30.7991	1	1	1	1	1	
359	75.4948	62.9054	101.092	109.215	91.4092	33.6316	43.015	52.397	45.4478	30.7931	1	1	1	1	1	
360	75.4873	62.8948	101.082	109.19	91.3962	33.6275	43.0016	52.3906	45.4407	30.7871	1	1	1	1	1	
361	75.4796	62.8841	101.072	109.166	91.3831	33.6234	42.988	52.3841	45.4335	30.781	1	1	1	1	1	
362	75.4719	62.8733	101.062	109.14	91.3698	33.6193	42.9743	52.3775	45.4262	30.7748	1	1	1	1	1	
363	75.4641	62.8623	101.052	109.115	91.3564	33.6151	42.9604	52.3709	45.4189	30.7686	1	1	1	1	1	
364	75.4562	62.8512	101.041	109.089	91.3428	33.6108	42.9463	52.3642	45.4115	30.7623	1	1	1	1	1	
365	75.4482	62.84	101.031	109.063	91.3291	33.6065	42.9321	52.3574	45.4039	30.7559	1	1	1	1	1	
366	75.4401	62.8286	101.021	109.037	91.3152	33.6021	42.9177	52.3505	45.3963	30.7494	1	1	1	1	1	
367	75.4319	62.8171	101.01	109.01	91.3011	33.5977	42.9031	52.3436	45.3886	30.7429	1	1	1	1	1	
368	75.4236	62.8055	100.999	108.983	91.2869	33.5933	42.8884	52.3366	45.3808	30.7363	1	1	1	1	1	
369	75.4152	62.7937	100.988	108.956	91.2724	33.5887	42.8735	52.3295	45.3729	30.7296	1	1	1	1	1	
370	75.4067	62.7818	100.977	108.928	91.2579	33.5841	42.8584	52.3223	45.365	30.7229	1	1	1	1	1	
371	75.3981	62.7697	100.966	108.9	91.2431	33.5795	42.8431	52.315	45.3569	30.716	1	1	1	1	1	
372	75.3894	62.7575	100.955	108.872	91.2282	33.5748	42.8277	52.3077	45.3487	30.7091	1	1	1	1	1	
373	75.3806	62.7452	100.943	108.844	91.2131	33.57	42.8121	52.3002	45.3404	30.7021	1	1	1	1	1	
374	75.3717	62.7327	100.932	108.815	91.1978	33.5652	42.7963	52.2927	45.3321	30.6951	1	1	1	1	1	
375	75.3626	62.72	100.92	108.785	91.1823	33.5603	42.7803	52.2851	45.3236	30.6879	1	1	1	1	1	
376	75.3535	62.7072	100.908	108.756	91.1666	33.5554	42.7641	52.2774	45.315	30.6807	1	1	1	1	1	
377	75.3443	62.6942	100.896	108.726	91.1508	33.5504	42.7477	52.2696	45.3063	30.6733	1	1	1	1	1	
378	75.3349	62.681	100.884	108.695	91.1347	33.5453	42.7311	52.2618	45.2975	30.6659	1	1	1	1	1	
379	75.3255	62.6677	100.872	108.665	91.1185	33.5401	42.7143	52.2538	45.2886	30.6585	1	1	1	1	1	
380	75.3159	62.6543	100.859	108.634	91.1021	33.5349	42.6974	52.2458	45.2796	30.6509	1	1	1	1	1	
381	75.3062	62.6406	100.847	108.602	91.0854	33.5297	42.6802	52.2376	45.2705	30.6432	1	1	1	1	1	
382	75.2964	62.6268	100.834	108.57	91.0686	33.5243	42.6628	52.2294	45.2613	30.6354	1	1	1	1	1	
383	75.2865	62.6129	100.821	108.538	91.0516	33.5189	42.6452	52.221	45.252	30.6276	1	1	1	1	1	
384	75.2764	62.5987	100.808	108.506	91.0343	33.5134	42.6274	52.2126	45.2425	30.6197	1	1	1	1	1	
385	75.2662	62.5844	100.795	108.473	91.0168	33.5079	42.6093	52.2041	45.233	30.6116	1	1	1	1	1	
386	75.2559	62.5699	100.782	108.439	90.9992	33.5022	42.5911	52.1955	45.2233	30.6035	1	1	1	1	1	
387	75.2455	62.5552	100.768	108.405	90.9813	33.4965	42.5726	52.1867	45.2135	30.5953	1	1	1	1	1	
388	75.235	62.5403	100.755	108.371	90.9632	33.4907	42.5539	52.1779	45.2035	30.587	1	1	1	1	1	
389	75.2243	62.5253	100.741	108.337	90.9448	33.4849	42.535	52.169	45.1935	30.5786	1	1	1	1	1	
390	75.2135	62.51	100.727	108.301	90.9263	33.4789	42.5158	52.1599	45.1833	30.57	1	1	1	1	1	
391	75.2025	62.4946	100.713	108.266	90.9075	33.4729	42.4964	52.1508	45.173	30.5614	1	1	1	1	1	
392	75.1914	62.4789	100.698	108.23	90.8884	33.4668	42.4768	52.1416	45.1626	30.5527	1	1	1	1	1	
393	75.1802	62.4631	100.684	108.194	90.8692	33.4607	42.4569	52.1322	45.152	30.5439	1	1	1	1	1	
394	75.1689	62.4471	100.669	108.157	90.8497	33.4544	42.4368	52.1227	45.1413	30.535	1	1	1	1	1	
395	75.1574	62.4308	100.654	108.12	90.8299	33.4481	42.4164	52.1132	45.1305	30.5259	1	1	1	1	1	
396	75.1457	62.4144	100.639	108.082	90.8099	33.4416	42.3958	52.1035	45.1195	30.5168	1	1	1	1	1	
397	75.1339	62.3977	100.624	108.044	90.7897	33.4351	42.3749	52.0937	45.1084	30.5076	1	1	1	1	1	
398	75.122	62.3808	100.608	108.005	90.7692	33.4285	42.3538	52.0837	45.0972	30.4982	1	1	1	1	1	
399	75.1099	62.3637	100.593	107.966	90.7484	33.4218	42.3323	52.0737	45.0858	30.4887	1	1	1	1	1	
400	75.0976	62.3464	100.577	107.926	90.7274	33.415	42.3107	52.0636	45.0743	30.4792	1	1	1	1	1	
401	75.0852	62.3289	100.561	107.886	90.7061	33.4082	42.2887	52.0533	45.0626	30.4695	1	1	1	1	1	
402	75.0727	62.3111	100.545	107.846	90.6845	33.4012	42.2665	52.0429	45.0508	30.4597	1	1	1	1	1	
403	75.06	62.2931	100.528	107.804	90.6627	33.3941	42.244	52.0324	45.0388	30.4497	1	1	1	1	1	
404	75.0471	62.2748	100.512	107.763	90.6406	33.3869	42.2212	52.0217	45.0267	30.4397	1	1	1	1	1	
405	75.034	62.2564	100.495	107.721	90.6182	33.3797	42.1982	52.0109	45.0144	30.4295	1	1	1	1	1	
406	75.0208	62.2376	100.478	107.678	90.5955	33.3723	42.1748	52	45.002	30.4192	1	1	1	1	1	
407	75.0075	62.2187	100.46	107.635	90.5725	33.3649	42.1511	51.989	44.9894	30.4088	1	1	1	1	1	
408	74.9939	62.1995	100.443	107.591	90.5493	33.3573	42.1272	51.9778	44.9766	30.3983	1	1	1	1	1	
409	74.9802	62.18	100.425	107.546	90.5257	33.3496	42.1029	51.9665	44.9637	30.3876	1	1	1	1	1	
410	74.9663	62.1603	100.407	107.501	90.5018	33.3418	42.0783	51.9551	44.9506	30.3768	1	1	1	1	1	
411	74.9522	62.1403	100.389	107.456	90.4777	33.3339	42.0534	51.9435	44.9373	30.3659	1	1	1	1	1	
412	74.9379	62.12	100.371	107.41	90.4532	33.3259	42.0282	51.9318	44.9239	30.3549	1	1	1	1	1	
413	74.9235	62.0995	100.352	107.363	90.4283	33.3178	42.0026	51.9199	44.9102	30.3437	1	1	1	1	1	
414	74.9088	62.0787	100.333	107.316	90.4032	33.3096	41.9768	51.9079	44.8964	30.3324	1	1	1	1	1	
415	74.894	62.0576	100.314	107.268	90.3777	33.3012	41.9506	51.8958	44.8825	30.3209	1	1	1	1	1	
416	74.879	62.0362	100.295	107.219	90.3519	33.2927	41.924	51.8835	44.8683	30.3093	1	1	1	1	1	
417	74.8638	62.0145	100.275	107.17	90.3258	33.2841	41.8971	51.871	44.854	30.2976	1	1	1	1	1	
418	74.8483	61.9926	100.255	107.121	90.2993	33.2754	41.8699	51.8584	44.8394	30.2857	1	1	1	1	1	
419	74.8327	61.9703	100.235	107.07	90.2725	33.2666	41.8423	51.8457	44.8247	30.2736	1	1	1	1	1	
420	74.8169	61.9478	100.215	107.019	90.2453	33.2576	41.8143	51.8328	44.8098	30.2615	1	1	1	1	1	
421	74.8008	61.9249	100.194	106.967	90.2177	33.2485	41.786	51.8197	44.7947	30.2491	1	1	1	1	1	
422	74.7846	61.9017	100.173	106.915	90.1898	33.2392	41.7572	51.8065	44.7793	30.2367	1	1	1	1	1	
423	74.7681	61.8782	100.152	106.862	90.1615	33.2299	41.7281	51.7931	44.7638	30.224	1	1	1	1	1	
424	74.7514	61.8544	100.13	106.808	90.1328	33.2204	41.6987	51.7795	44.7481	30.2113	1	1	1	1	1	
425	74.7345	61.8302	100.109	106.753	90.1038	33.2107	41.6688	51.7658	44.7321	30.1983	1	1	1	1	1	
426	74.7173	61.8058	100.087	106.698	90.0743	33.2009	41.6385	51.7519	44.7159	30.1852	1	1	1	1	1	
427	74.6999	61.7809	100.064	106.642	90.0444	33.191	41.6078	51.7378	44.6996	30.1719	1	1	1	1	1	
428	74.6823	61.7557	100.042	106.585	90.0142	33.1809	41.5767	51.7236	44.6829	30.1585	1	1	1	1	1	
429	74.6645	61.7302	100.019	106.528	89.9835	33.1706	41.5452	51.7091	44.6661	30.1449	1	1	1	1	1	
430	74.6464	61.7043	99.9955	106.469	89.9524	33.1603	41.5133	51.6945	44.649	30.1312	1	1	1	1	1	
431	74.628	61.678	99.972	106.41	89.9209	33.1497	41.4809	51.6797	44.6318	30.1172	1	1	1	1	1	
432	74.6094	61.6514	99.9481	106.35	89.889	33.139	41.4481	51.6647	44.6142	30.1031	1	1	1	1	1	
433	74.5906	61.6244	99.9239	106.29	89.8566	33.1281	41.4148	51.6496	44.5964	30.0888	1	1	1	1	1	
434	74.5715	61.597	99.8994	106.228	89.8238	33.1171	41.3811	51.6342	44.5784	30.0744	1	1	1	1	1	
435	74.5521	61.5692	99.8746	106.166	89.7905	33.1059	41.3469	51.6186	44.5601	30.0597	1	1	1	1	1	
436	74.5324	61.541	99.8494	106.103	89.7567	33.0945	41.3123	51.6029	44.5416	30.0449	1	1	1	1	1	
437	74.5125	61.5124	99.8239	106.039	89.7225	33.083	41.2772	51.5869	44.5228	30.0299	1	1	1	1	1	
438	74.4923	61.4834	99.798	105.974	89.6878	33.0712	41.2415	51.5708	44.5038	30.0147	1	1	1	1	1	
439	74.4718	61.454	99.7718	105.908	89.6526	33.0593	41.2054	51.5544	44.4845	29.9993	1	1	1	1	1	
440	74.4511	61.4241	99.7452	105.841	89.6169	33.0472	41.1688	51.5378	44.4649	29.9838	1	1	1	1	1	
441	74.43	61.3938	99.7183	105.773	89.5808	33.0349	41.1316	51.521	44.445	29.968	1	1	1	1	1	
442	74.4086	61.3631	99.6909	105.705	89.5441	33.0224	41.094	51.504	44.4249	29.952	1	1	1	1	1	
443	74.387	61.3319	99.6632	105.635	89.5068	33.0098	41.0558	51.4868	44.4045	29.9359	1	1	1	1	1	
444	74.365	61.3002	99.6351	105.565	89.4691	32.9969	41.017	51.4693	44.3838	29.9195	1	1	1	1	1	
445	74.3427	61.2681	99.6067	105.493	89.4308	32.9838	40.9778	51.4517	44.3628	29.9029	1	1	1	1	1	
446	74.3201	61.2355	99.5778	105.42	89.392	32.9705	40.9379	51.4337	44.3415	29.8861	1	1	1	1	1	
447	74.2972	61.2024	99.5485	105.347	89.3526	32.957	40.8975	51.4156	44.3198	29.8691	1	1	1	1	1	
448	74.2739	61.1688	99.5188	105.272	89.3126	32.9433	40.8565	51.3972	44.2979	29.8519	1	1	1	1	1	
449	74.2503	61.1347	99.4887	105.196	89.2721	32.9293	40.8149	51.3786	44.2757	29.8345	1	1	1	1	1	
450	74.2264	61.1001	99.4582	105.12	89.2309	32.9152	40.7727	51.3597	44.2531	29.8168	1	1	1	1	1	
451	74.2021	61.0649	99.4272	105.042	89.1892	32.9008	40.7298	51.3406	44.2302	29.799	1	1	1	1	1	
452	74.1774	61.0293	99.3958	104.963	89.1469	32.8861	40.6864	51.3212	44.207	29.7809	1	1	1	1	1	
453	74.1524	60.993	99.3639	104.883	89.1039	32.8712	40.6423	51.3016	44.1835	29.7625	1	1	1	1	1	
454	74.127	60.9563	99.3316	104.801	89.0603	32.8561	40.5976	51.2817	44.1595	29.744	1	1	1	1	1	
455	74.1013	60.9189	99.2988	104.719	89.016	32.8407	40.5522	51.2615	44.1353	29.7252	1	1	1	1	1	
456	74.0751	60.881	99.2656	104.635	88.9711	32.8251	40.5061	51.2411	44.1107	29.7061	1	1	1	1	1	
457	74.0486	60.8425	99.2319	104.55	88.9255	32.8092	40.4593	51.2204	44.0857	29.6869	1	1	1	1	1	
458	74.0217	60.8033	99.1976	104.464	88.8793	32.7931	40.4119	51.1994	44.0604	29.6673	1	1	1	1	1	
459	73.9944	60.7636	99.1629	104.376	88.8323	32.7766	40.3637	51.1781	44.0346	29.6476	1	1	1	1	1	
460	73.9666	60.7232	99.1277	104.288	88.7847	32.7599	40.3148	51.1565	44.0085	29.6275	1	1	1	1	1	
461	73.9384	60.6822	99.092	104.197	88.7363	32.743	40.2651	51.1347	43.982	29.6073	1	1	1	1	1	
462	73.9099	60.6406	99.0557	104.106	88.6871	32.7257	40.2147	51.1125	43.9551	29.5867	1	1	1	1	1	
463	73.8808	60.5983	99.0189	104.013	88.6373	32.7081	40.1635	51.0901	43.9278	29.566	1	1	1	1	1	
464	73.8514	60.5553	98.9815	103.919	88.5866	32.6902	40.1116	51.0673	43.9001	29.5449	1	1	1	1	1	
465	73.8214	60.5116	98.9436	103.823	88.5352	32.672	40.0588	51.0442	43.872	29.5236	1	1	1	1	1	
466	73.791	60.4672	98.9052	103.726	88.483	32.6535	40.0052	51.0208	43.8434	29.502	1	1	1	1	1	
467	73.7602	60.422	98.8661	103.628	88.4299	32.6347	39.9507	50.9971	43.8144	29.4801	1	1	1	1	1	
468	73.7288	60.3762	98.8265	103.527	88.3761	32.6155	39.8954	50.973	43.785	29.458	1	1	1	1	1	
469	73.697	60.3296	98.7862	103.426	88.3214	32.5961	39.8393	50.9487	43.7551	29.4356	1	1	1	1	1	
470	73.6647	60.2822	98.7454	103.323	88.2658	32.5762	39.7822	50.9239	43.7247	29.4129	1	1	1	1	1	
471	73.6318	60.234	98.704	103.218	88.2094	32.556	39.7242	50.8988	43.6939	29.3899	1	1	1	1	1	
472	74.3401	60.9573	99.3072	103.768	88.8302	33.3078	39.8675	51.98	44.9434	29.4867	1	1	1	1	1	
473	73.7744	60.3875	98.7709	103.136	88.2605	32.7035	39.7141	51.1237	43.9462	29.3666	1	1	1	1	1	
474	73.5932	60.1635	98.6144	102.921	88.078	32.5395	39.5877	50.8972	43.6855	29.323	1	1	1	1	1	
475	73.5146	60.0573	98.542	102.787	87.9861	32.4831	39.4978	50.817	43.5915	29.2952	1	1	1	1	1	
476	74.244	60.7991	99.1632	103.354	88.6254	33.2556	39.6548	51.9271	44.8755	29.3935	1	1	1	1	1	
477	73.6558	60.2054	98.6079	102.697	88.0341	32.6326	39.4839	51.0426	43.8437	29.2704	1	1	1	1	1	
478	73.4597	59.9636	98.4396	102.467	87.8378	32.4566	39.3435	50.7993	43.5634	29.2247	1	1	1	1	1	
479	74.1776	60.6839	99.0551	103.03	88.4685	33.2206	39.4911	51.8976	44.8352	29.3209	1	1	1	1	1	
480	73.5654	60.0646	98.4808	102.351	87.8564	32.578	39.3042	50.9829	43.7675	29.195	1	1	1	1	1	
481	73.3553	59.8062	98.302	102.108	87.6479	32.3911	39.1512	50.7237	43.4687	29.1475	1	1	1	1	1	
482	74.0964	60.5497	98.9348	102.685	88.297	33.1746	39.316	51.8518	44.7758	29.2449	1	1	1	1	1	
483	73.4675	59.9126	98.3461	101.986	87.6683	32.5183	39.1142	50.9168	43.6829	29.1167	1	1	1	1	1	
484	73.245	59.6396	98.1574	101.73	87.4482	32.3215	38.9488	50.644	43.3682	29.0675	1	1	1	1	1	
485	74.011	60.408	98.8083	102.322	88.1165	33.1251	39.1329	51.8033	44.7126	29.1659	1	1	1	1	1	
486	73.3652	59.7529	98.205	101.603	87.4708	32.4552	38.9155	50.8481	43.5946	29.0355	1	1	1	1	1	
487	73.1297	59.4644	98.0061	101.334	87.2385	32.2481	38.7366	50.5612	43.2633	28.9845	1	1	1	1	1	
488	73.9212	60.2584	98.6754	101.939	87.9265	33.072	38.9414	51.7524	44.6458	29.0838	1	1	1	1	1	
489	73.2582	59.5849	98.0572	101.2	87.2634	32.3884	38.7075	50.7769	43.5024	28.9512	1	1	1	1	1	
490	73.009	59.2802	97.8476	100.917	87.0182	32.1706	38.5141	50.4752	43.1538	28.8984	1	1	1	1	1	
491	73.827	60.1006	98.5357	101.537	87.7263	33.015	38.7408	51.699	44.5752	28.9984	1	1	1	1	1	
492	73.1464	59.408	97.9024	100.776	87.0454	32.3177	38.4896	50.7031	43.4061	28.8637	1	1	1	1	1	
493	73.83	60.0605	98.4874	101.303	87.6326	33.0303	38.6408	51.75	44.624	28.9448	1	1	1	1	1	
494	73.0943	59.3123	97.8104	100.494	86.9085	32.2847	38.3591	50.6806	43.3728	28.8035	1	1	1	1	1	
495	73.7742	59.9579	98.3937	101.017	87.4941	32.9954	38.5058	51.7255	44.5886	28.8843	1	1	1	1	1	
496	73.0196	59.1899	97.7022	100.19	86.754	32.2358	38.208	50.6338	43.3107	28.7415	1	1	1	1	1	
497	73.7105	59.8454	98.2934	100.719	87.3478	32.9549	38.3634	51.693	44.5435	28.8224	1	1	1	1	1	
498	72.9404	59.0609	97.5893	99.8749	86.5932	32.1839	38.0504	50.5834	43.2437	28.6782	1	1	1	1	1	
499	73.6441	59.728	98.1894	100.409	87.196	32.912	38.2164	51.6587	44.4958	28.7591	1	1	1	1	1	
500	72.8587	58.9269	97.4728	99.548	86.4267	32.1298	37.8877	50.5317	43.1746	28.6134	1	1	1	1	1	
501	73.5755	59.606	98.0816	100.087	87.0385	32.8669	38.0649	51.6234	44.4463	28.6942	1	1	1	1	1	
502	72.7746	58.7881	97.3523	99.2092	86.2543	32.0735	37.7198	50.4787	43.1035	28.5472	1	1	1	1	1	
503	73.5048	59.4793	97.9701	99.7531	86.8751	32.8194	37.9086	51.587	44.395	28.6278	1	1	1	1	1	
504	72.688	58.6442	97.2279	98.8576	86.0757	32.0149	37.5466	50.4245	43.0304	28.4794	1	1	1	1	1	
505	73.4317	59.3477	97.8545	99.406	86.7055	32.7694	37.7473	51.5496	44.3418	28.5598	1	1	1	1	1	
506	72.5988	58.4949	97.0994	98.4928	85.8906	31.9538	37.3678	50.3691	42.9553	28.4101	1	1	1	1	1	
507	73.3563	59.2108	97.7348	99.0453	86.5294	32.7169	37.581	51.511	44.2868	28.4901	1	1	1	1	1	
508	72.507	58.34	96.9665	98.1138	85.6986	31.89	37.1831	50.3124	42.878	28.3393	1	1	1	1	1	
509	73.2784	59.0684	97.6106	98.67	86.3464	32.6614	37.4092	51.4713	44.2297	28.4189	1	1	1	1	1	
510	72.4124	58.1791	96.829	97.7201	85.4995	31.8235	36.9923	50.2543	42.7986	28.267	1	1	1	1	1	
511	73.198	58.9201	97.4819	98.2795	86.1562	32.603	37.2317	51.4305	44.1706	28.3462	1	1	1	1	1	
512	72.315	58.0119	96.6868	97.3107	85.2929	31.7541	36.7952	50.195	42.7169	28.1932	1	1	1	1	1	
513	73.115	58.7656	97.3483	97.8728	85.9584	32.5415	37.0484	51.3884	44.1093	28.2719	1	1	1	1	1	
514	72.2146	57.838	96.5396	96.8847	85.0783	31.6816	36.5914	50.1342	42.6328	28.118	1	1	1	1	1	
515	73.0291	58.6046	97.2096	97.4489	85.7526	32.4765	36.8588	51.345	44.0457	28.1961	1	1	1	1	1	
516	72.1112	57.6571	96.3871	96.4413	84.8554	31.6058	36.3806	50.072	42.5464	28.0414	1	1	1	1	1	
517	72.9404	58.4366	97.0656	97.0069	85.5383	32.4078	36.6626	51.3004	43.9798	28.1188	1	1	1	1	1	
518	71.2561	58.1362	93.9872	101.114	85.4712	31.878	35.5341	49.4355	42.3433	28.1053	1	1	1	1	1	
519	72.4833	58.5034	96.0225	98.6478	85.6071	32.6106	36.0626	50.8636	43.7443	28.1437	1	1	1	1	1	
520	71.7213	57.3671	95.7171	96.3902	84.4942	31.5629	35.7482	49.7114	42.3112	27.9183	1	1	1	1	1	
521	72.6716	58.116	96.6148	96.4697	85.1199	32.329	36.1555	51.0945	43.7931	27.9622	1	1	1	1	1	
522	70.9616	57.7812	93.4595	100.484	85.0325	31.7585	34.9703	49.2026	42.1401	27.953	1	1	1	1	1	
523	72.2393	58.1593	95.5894	97.9164	85.1632	32.4919	35.5774	50.7027	43.5755	27.9826	1	1	1	1	1	
524	71.4588	56.9669	95.3089	95.5171	83.9997	31.4052	35.2381	49.5345	42.1076	27.7527	1	1	1	1	1	
525	72.4525	57.7338	96.2512	95.5322	84.6316	32.1772	35.6913	50.9702	43.6315	27.7929	1	1	1	1	1	
526	70.6729	57.375	92.9373	99.6549	84.5328	31.6172	34.3986	48.9892	41.9221	27.7885	1	1	1	1	1	
527	71.989	57.7762	95.1353	97.0551	84.6719	32.3499	35.069	50.5458	43.3969	27.8163	1	1	1	1	1	
528	71.1833	56.5291	94.8717	94.5421	83.4607	31.2283	34.6943	49.3539	41.893	27.5836	1	1	1	1	1	
529	71.3637	58.0709	93.2389	100.103	85.0495	32.4531	34.3802	50.1067	43.3424	27.8099	1	1	1	1	1	
530	70.776	56.501	93.9316	95.5855	83.4305	31.2617	34.1655	48.9234	41.8077	27.571	1	1	1	1	1	
531	71.952	57.1783	95.328	94.6868	83.915	32.0137	34.7827	50.5793	43.326	27.5559	1	1	1	1	1	
532	70.1415	56.7408	91.9222	98.5629	83.7561	31.3972	33.3701	48.5584	41.5843	27.5478	1	1	1	1	1	
533	71.5404	57.1502	94.3046	95.7632	83.8707	32.1229	34.186	50.2391	43.0944	27.5551	1	1	1	1	1	
534	70.7116	55.8053	94.1064	92.9984	82.5718	30.9395	33.7723	49.034	41.5394	27.3169	1	1	1	1	1	
535	70.8953	57.4058	92.2948	98.6945	84.2034	32.2318	33.4123	49.7647	43.0244	27.5481	1	1	1	1	1	
536	70.2702	55.7553	93.0547	94.0402	82.5175	30.969	33.1798	48.5694	41.4406	27.3082	1	1	1	1	1	
537	71.5178	56.4517	94.5549	93.0033	82.9951	31.7173	33.8848	50.3151	43.0134	27.2824	1	1	1	1	1	
538	69.6009	55.9614	90.881	96.9874	82.8059	31.1263	32.2715	48.1491	41.1899	27.2793	1	1	1	1	1	
539	71.0607	56.404	93.3887	94.1194	82.9244	31.8318	33.2102	49.9275	42.7544	27.2837	1	1	1	1	1	
540	70.1967	54.965	93.2404	91.1614	81.5474	30.5949	32.7363	48.6968	41.1518	27.0477	1	1	1	1	1	
541	70.369	56.6173	91.2013	96.9969	83.2102	31.9641	32.3064	49.3785	42.6586	27.2732	1	1	1	1	1	
542	69.7052	54.889	92.0359	92.2272	81.4647	30.6266	32.0543	48.1777	41.0329	27.0417	1	1	1	1	1	
543	71.0236	55.6016	93.6437	91.0461	81.9295	31.3603	32.8497	50.0142	42.6571	27.0062	1	1	1	1	1	
544	68.9935	55.0477	89.6643	95.121	81.7006	30.8108	31.0071	47.6883	40.749	27.0015	1	1	1	1	1	
545	70.513	55.5245	92.3036	92.1817	81.8195	31.4792	32.0794	49.5691	42.3663	27.0085	1	1	1	1	1	
546	68.6026	54.8727	88.6845	95.3394	81.5103	30.7414	30.2684	47.3321	40.6411	26.9632	1	1	1	1	1	
547	70.1955	55.2749	91.6243	91.9991	81.5081	31.4051	31.5145	49.3056	42.2055	26.9239	1	1	1	1	1	
548	69.329	53.6681	91.6898	88.5612	79.9796	30.0757	31.0131	48.0932	40.553	26.6842	1	1	1	1	1	
549	69.5054	55.356	89.3232	94.3794	81.6363	31.5278	30.473	48.7251	42.0766	26.9002	1	1	1	1	1	
550	68.8066	53.5116	90.3241	89.4035	79.8069	30.0831	30.2269	47.5496	40.4081	26.6877	1	1	1	1	1	
551	69.1066	55.1486	88.2643	94.4479	81.3938	31.4516	29.7122	48.3513	41.9652	26.8656	1	1	1	1	1	
552	70.3258	55.0312	91.0287	90.633	80.9103	31.582	31.1111	49.7743	42.7758	26.7183	1	1	1	1	1	
553	68.0699	54.0726	86.8958	93.3019	80.2781	30.6062	28.9762	46.9735	40.5596	26.6403	1	1	1	1	1	
554	69.579	54.2583	89.954	89.577	80.0748	31.0598	30.1797	48.9398	41.9325	26.583	1	1	1	1	1	
555	67.4933	53.39	85.9156	92.3864	79.6147	30.2507	27.9096	46.4494	40.0384	26.5702	1	1	1	1	1	
556	69.1291	53.7021	89.171	88.6735	79.475	30.7821	29.3498	48.5705	41.5577	26.5011	1	1	1	1	1	
557	68.9634	54.7449	86.6293	93.0673	80.522	31.7055	28.8638	48.5426	42.4385	26.5683	1	1	1	1	1	
558	68.0431	52.4679	87.9293	86.9587	78.2185	29.8147	28.6397	47.0424	40.2794	26.3151	1	1	1	1	1	
559	68.1622	53.8396	85.4327	91.555	79.5606	31.0839	27.6465	47.641	41.5862	26.5046	1	1	1	1	1	
560	69.4076	53.5804	88.5179	87.3407	78.9157	31.0414	29.2301	49.2001	42.3441	26.3443	1	1	1	1	1	
561	66.9662	52.4425	83.8732	89.7946	78.1539	30.0811	26.6048	46.1238	39.9815	26.2936	1	1	1	1	1	
562	68.4993	52.5511	87.1821	85.7785	77.8335	30.369	27.9769	48.2235	41.3201	26.2418	1	1	1	1	1	
563	68.1834	53.4506	84.1887	90.0329	78.7364	31.3237	27.1701	47.9995	42.0813	26.2943	1	1	1	1	1	
564	67.2113	51.0691	85.6577	83.7203	76.3723	29.286	26.9716	46.4854	39.8648	26.0958	1	1	1	1	1	
565	67.2113	52.3351	82.623	88.1595	77.5781	30.5878	25.5901	46.9452	41.0552	26.2697	1	1	1	1	1	
566	68.4909	52.036	85.9123	83.7782	76.857	30.3974	27.3529	48.6353	41.8545	26.1454	1	1	1	1	1	
567	65.9118	50.7833	80.7334	86.1173	76.0082	29.534	24.2979	45.3606	39.4122	26.0957	1	1	1	1	1	
568	67.4532	50.8529	84.2099	81.9199	75.5928	29.6569	25.8279	47.5651	40.745	26.0807	1	1	1	1	1	
569	67.0104	51.6237	80.6034	85.9504	76.2989	30.6859	24.6866	47.1902	41.4321	26.0955	1	1	1	1	1	
570	66.05	49.2255	82.3456	79.5611	73.9626	28.5547	24.6457	45.7523	39.265	25.9942	1	1	1	1	1	
571	65.9215	50.3689	78.5457	83.7427	74.9481	29.8954	22.8155	46.084	40.3306	26.1303	1	1	1	1	1	
572	67.2054	50.013	82.0117	79.2072	74.0804	29.5139	24.8038	47.8877	41.179	26.0628	1	1	1	1	1	
573	66.4157	50.3962	77.7651	82.9404	74.3427	30.4544	23.378	47.0644	41.492	26.0077	1	1	1	1	1	
574	65.3452	47.9831	79.533	76.3358	71.905	28.1241	23.4496	45.4694	39.1777	25.9779	1	1	1	1	1	
575	64.9979	48.8947	74.9935	80.2867	72.5594	29.4423	21.047	45.6325	40.027	26.1095	1	1	1	1	1	
576	66.2097	48.4268	78.4229	75.6306	71.4946	28.8678	23.1076	47.4586	40.8391	26.0963	1	1	1	1	1	
577	65.2039	48.5641	73.4621	79.1134	71.3469	29.8219	21.2099	46.4927	41.0156	26.0336	1	1	1	1	1	
578	64.1228	46.2519	75.4024	72.5945	68.8894	27.4408	21.5877	44.9514	38.7607	26.0842	1	1	1	1	1	
579	63.6309	46.9743	69.9661	76.2969	69.0938	28.7552	18.6455	45.0669	39.4824	26.2294	1	1	1	1	1	
580	64.7362	46.2771	73.2698	71.5899	67.6298	28.01	20.8457	46.8892	40.2823	26.2201	1	1	1	1	1	
581	63.5072	46.0376	67.5157	74.7591	66.8214	28.9366	18.4602	45.8481	40.3276	26.183	1	1	1	1	1	
582	63.1861	44.2055	72.312	69.2426	64.8104	27.6168	24.1114	44.6738	40.1023	24.9867	1	1	1	1	1	
583	61.8116	43.5975	65.1467	72.0957	63.5221	28.4788	18.4826	44.1267	40.0714	25.3918	1	1	1	1	1	
584	60.6281	41.4156	67.0547	66.0462	60.554	26.0295	19.2138	42.9841	37.8943	25.76	1	1	1	1	1	
585	60.0567	41.3165	60.2681	69.0707	59.5515	27.3069	15.1394	43.452	38.4685	26.2091	1	1	1	1	1	
586	59.7772	35.8454	65.2459	63.8141	56.4865	26.3489	20.8564	44.9266	37.7062	19.598	1	1	1	1	1	
587	59.0965	35.9567	57.5202	66.4863	54.9272	27.2868	14.9527	44.565	38.178	22.9393	1	1	1	1	1	
588	58.1568	33.5653	62.2959	61.5076	52.4596	25.6278	20.3813	43.3331	38.2182	22.903	1	1	1	1	1	
589	56.9292	33.2728	54.0314	63.1825	50.9536	26.2866	13.9286	42.873	38.0955	24.3001	1	1	1	1	1	
590	56.0847	32.6208	56.6167	58.3893	48.3185	24.0248	15.8183	42.2413	36.2128	25.2691	1	1	1	1	1	
591	58.1388	32.3553	55.5944	57.1638	47.7913	23.7195	15.1622	44.777	37.2606	25.7653	1	1	1	1	1	
592	52.3624	27.4825	57.6146	60.9839	46.6174	26.2307	18.1482	38.9117	36.3051	20	1	1	1	1	1	
593	53.5809	29.4796	55.6609	56.751	45.0081	23.6284	16.1941	40.1776	34.7148	23.0967	1	1	1	1	1	
594	55.9228	30.2877	53.2123	55.6243	45.047	23.0184	14.0611	42.7871	35.7514	24.5414	1	1	1	1	1	
595	50.2577	29.8138	53.1978	58.7532	44.2074	24.9603	14.3625	36.908	34.821	23.818	1	1	1	1	1	
596	50.9045	30.4504	52.2504	54.6078	42.1156	22.1283	13.5186	37.5814	32.5333	25.0788	1	1	1	1	1	
597	51.227	26.7933	52.9287	53.1883	41.2203	21.2951	14.8058	38.1174	32.0903	21.0177	1	1	1	1	1	
598	50.5667	28.3396	51.1052	51.7968	40.3739	20.2152	13.1472	37.4109	31.5661	23.1202	1	1	1	1	1	
599	47.3526	29.0059	49.1193	50.4472	38.5249	18.7271	11.1256	34.1332	29.5542	24.2021	1	1	1	1	1	
600	46.0025	28.3563	48.0283	49.5066	37.7954	18.2094	10.3406	32.6901	29.2092	23.6232	1	1	1	1	1	
601	44.4937	27.6829	46.9236	48.8207	36.9533	17.6843	9.45718	31.1551	28.5979	23.0747	1	1	1	1	1	