0.907845
0.907849
0.907854
0.90786
0.907866
0.907872
0.90788
0.907888
0.907896
0.907906
0.907917
0.907929
0.907942
0.907956
0.907972
0.907989
0.908009
0.90803
0.908053
0.908079
0.908108
0.908139
0.908174
0.908212
0.908254
0.908301
0.908352
0.908409
0.908472
0.908541
0.908618
0.908703
0.908797
0.908901
0.909016
0.909143
0.909285
0.909441
0.909615
0.909808
0.910023
0.910262
0.910528
0.910824
0.911155
0.911525
0.911939
0.912403
0.912924
0.913509
0.914167
0.911564
0.915153
0.912258
0.916859
0.913034
0.919064
0.914024
0.922084
0.915014
0.925292
0.916486
0.917511
0.918836
0.929803
0.921218
0.923925
0.924449
0.928163
0.930122
0.920312
