
1	241.329
2	241.329
3	241.328
4	241.328
5	241.327
6	241.327
7	241.326
8	241.326
9	241.325
10	241.325
11	241.325
12	241.324
13	241.324
14	241.323
15	241.323
16	241.322
17	241.322
18	241.321
19	241.321
20	241.32
21	241.319
22	241.319
23	241.318
24	241.318
25	241.317
26	241.317
27	241.316
28	241.316
29	241.315
30	241.314
31	241.314
32	241.313
33	241.313
34	241.312
35	241.311
36	241.311
37	241.31
38	241.31
39	241.309
40	241.308
41	241.308
42	241.307
43	241.306
44	241.306
45	241.305
46	241.304
47	241.304
48	241.303
49	241.302
50	241.302
51	241.301
52	241.3
53	241.299
54	241.299
55	241.298
56	241.297
57	241.296
58	241.296
59	241.295
60	241.294
61	241.293
62	241.293
63	241.292
64	241.291
65	241.29
66	241.289
67	241.288
68	241.288
69	241.287
70	241.286
71	241.285
72	241.284
73	241.283
74	241.282
75	241.281
76	241.28
77	241.28
78	241.279
79	241.278
80	241.277
81	241.276
82	241.275
83	241.274
84	241.273
85	241.272
86	241.271
87	241.27
88	241.269
89	241.268
90	241.267
91	241.266
92	241.264
93	241.263
94	241.262
95	241.261
96	241.26
97	241.259
98	241.258
99	241.257
100	241.255
101	241.254
102	241.253
103	241.252
104	241.251
105	241.249
106	241.248
107	241.247
108	241.246
109	241.244
110	241.243
111	241.242
112	241.24
113	241.239
114	241.238
115	241.236
116	241.235
117	241.234
118	241.232
119	241.231
120	241.229
121	241.228
122	241.226
123	241.225
124	241.224
125	241.222
126	241.22
127	241.219
128	241.217
129	241.216
130	241.214
131	241.213
132	241.211
133	241.209
134	241.208
135	241.206
136	241.204
137	241.203
138	241.201
139	241.199
140	241.198
141	241.196
142	241.194
143	241.192
144	241.19
145	241.188
146	241.187
147	241.185
148	241.183
149	241.181
150	241.179
151	241.177
152	241.175
153	241.173
154	241.171
155	241.169
156	241.167
157	241.165
158	241.163
159	241.161
160	241.159
161	241.156
162	241.154
163	241.152
164	241.15
165	241.147
166	241.145
167	241.143
168	241.141
169	241.138
170	241.136
171	241.133
172	241.131
173	241.129
174	241.126
175	241.124
176	241.121
177	241.119
178	241.116
179	241.113
180	241.111
181	241.108
182	241.105
183	241.103
184	241.1
185	241.097
186	241.094
187	241.092
188	241.089
189	241.086
190	241.083
191	241.08
192	241.077
193	241.074
194	241.071
195	241.068
196	241.065
197	241.062
198	241.059
199	241.056
200	241.052
201	241.049
202	241.046
203	241.042
204	241.039
205	241.036
206	241.032
207	241.029
208	241.025
209	241.022
210	241.018
211	241.015
212	241.011
213	241.007
214	241.004
215	241
216	240.996
217	240.992
218	240.989
219	240.985
220	240.981
221	240.977
222	240.973
223	240.969
224	240.965
225	240.96
226	240.956
227	240.952
228	240.948
229	240.943
230	240.939
231	240.935
232	240.93
233	240.926
234	240.921
235	240.917
236	240.912
237	240.907
238	240.903
239	240.898
240	240.893
241	240.888
242	240.883
243	240.878
244	240.873
245	240.868
246	240.863
247	240.858
248	240.853
249	240.847
250	240.842
251	240.837
252	240.831
253	240.826
254	240.82
255	240.814
256	240.809
257	240.803
258	240.797
259	240.791
260	240.786
261	240.78
262	240.773
263	240.767
264	240.761
265	240.755
266	240.749
267	240.742
268	240.736
269	240.729
270	240.723
271	240.716
272	240.71
273	240.703
274	240.696
275	240.689
276	240.682
277	240.675
278	240.668
279	240.661
280	240.654
281	240.646
282	240.639
283	240.631
284	240.624
285	240.616
286	240.609
287	240.601
288	240.593
289	240.585
290	240.577
291	240.569
292	240.561
293	240.552
294	240.544
295	240.535
296	240.527
297	240.518
298	240.51
299	240.501
300	240.492
301	240.483
302	240.474
303	240.465
304	240.455
305	240.446
306	240.436
307	240.427
308	240.417
309	240.407
310	240.397
311	240.388
312	240.377
313	240.367
314	240.357
315	240.347
316	240.336
317	240.325
318	240.315
319	240.304
320	240.293
321	240.282
322	240.271
323	240.259
324	240.248
325	240.236
326	240.225
327	240.213
328	240.201
329	240.189
330	240.177
331	240.165
332	240.152
333	240.14
334	240.127
335	240.114
336	240.101
337	240.088
338	240.075
339	240.062
340	240.048
341	240.035
342	240.021
343	240.007
344	239.993
345	239.979
346	241.658
347	241.629
348	241.608
349	241.587
350	241.566
351	241.544
352	241.523
353	241.501
354	241.479
355	241.456
356	241.434
357	241.411
358	241.388
359	241.365
360	241.341
361	241.317
362	241.293
363	241.269
364	241.245
365	241.22
366	241.195
367	241.169
368	241.144
369	241.118
370	241.091
371	241.065
372	241.038
373	241.011
374	240.984
375	240.956
376	240.928
377	240.9
378	240.871
379	240.843
380	240.813
381	240.784
382	240.754
383	240.724
384	240.694
385	240.663
386	240.632
387	240.6
388	240.568
389	240.536
390	240.504
391	240.471
392	240.438
393	240.404
394	240.37
395	240.336
396	240.301
397	240.266
398	240.231
399	240.195
400	240.158
401	240.122
402	240.085
403	240.047
404	240.009
405	239.971
406	239.932
407	239.893
408	239.854
409	239.814
410	239.773
411	239.732
412	239.691
413	239.649
414	239.607
415	239.564
416	239.521
417	239.477
418	239.433
419	239.388
420	239.343
421	239.297
422	239.251
423	239.204
424	239.157
425	239.109
426	239.061
427	239.012
428	238.962
429	238.912
430	238.862
431	238.811
432	238.759
433	238.707
434	238.654
435	238.6
436	238.546
437	238.492
438	238.436
439	238.385
440	239.787
441	238.336
442	238.263
443	239.659
444	238.165
445	238.138
446	239.525
447	238.008
448	239.437
449	237.919
450	239.344
451	237.828
452	239.248
453	237.734
454	239.15
455	237.639
456	239.049
457	237.541
458	238.946
459	237.441
460	238.841
461	237.338
462	238.733
463	237.233
464	238.622
465	237.126
466	238.509
467	237.015
468	238.392
469	236.902
470	238.273
471	236.787
472	238.151
473	236.668
474	238.026
475	236.547
476	237.898
477	236.422
478	237.766
479	236.295
480	237.632
481	236.164
482	237.494
483	236.03
484	237.352
485	235.893
486	237.207
487	235.752
488	237.058
489	235.608
490	236.905
491	235.46
492	236.749
493	235.308
494	236.588
495	235.153
496	236.423
497	234.994
498	236.254
499	234.83
500	236.081
501	234.662
502	235.903
503	234.49
504	235.721
505	234.314
506	235.533
507	234.133
508	235.341
509	233.948
510	235.144
511	233.757
512	234.942
513	233.562
514	234.734
515	233.361
516	234.52
517	233.156
518	235.962
519	234.63
520	235.811
521	234.509
522	235.678
523	234.386
524	235.542
525	234.26
526	235.402
527	234.131
528	235.259
529	233.998
530	235.111
531	233.862
532	234.959
533	233.722
534	234.803
535	233.579
536	234.643
537	233.431
538	234.478
539	233.28
540	234.309
541	233.124
542	234.135
543	232.964
544	233.956
545	232.8
546	233.772
547	232.631
548	233.582
549	232.458
550	233.387
551	232.279
552	233.186
553	232.096
554	232.979
555	231.907
556	232.766
557	231.714
558	232.547
559	231.514
560	232.321
561	231.309
562	232.089
563	231.098
564	231.849
565	230.88
566	231.602
567	230.657
568	231.347
569	230.427
570	231.084
571	230.189
572	230.813
573	229.945
574	230.533
575	230.155
576	230.429
577	229.449
578	229.961
579	229.648
580	229.842
581	228.908
582	229.982
583	228.719
584	229.068
585	228.829
586	228.891
587	228.032
588	229.029
589	227.826
590	228.034
591	227.926
592	227.839
593	227.07
594	227.977
595	226.844
596	226.891
597	226.931
598	226.676
599	226.011
600	226.812
601	225.762
602	225.625
603	225.829
604	225.384
605	225.458
606	224.944
607	225.052
608	224.469
609	224.632
610	223.974
611	224.196
612	223.461
613	223.743
614	222.927
615	223.274
616	222.373
617	222.786
618	221.908
619	223.787
620	222.486
621	221.745
622	221.029
623	221.154
624	223.134
625	223.172
626	220.816
627	221.598
628	220.728
629	222.382
630	221.274
631	220.044
632	219.639
633	219.926
634	220.027
635	220.429
636	217.89
637	219.843
638	218.891
639	217.402
640	217.881
641	218.492
642	215.72
643	217.537
644	216.761
645	215.086
646	215.299
647	216.197
648	213.196
649	214.799
650	214.256
651	212.3
652	212.196
653	213.454
654	210.121
655	211.457
656	211.23
657	208.8
658	208.312
659	210.041
660	206.17
661	207.121
662	207.36
663	203.714
664	204.885
665	205.206
666	200.739
667	200.56
668	201.033
669	198.324
670	194.069
671	192.482
672	197.437
673	180.699
674	181.458
675	178.302
676	171.066
677	158.029
678	152.354
679	130.747
680	118.419
681	107.154
682	96.5035
683	84.0516
684	91.3879
685	102.02
686	102.961