      1e+20 3.73509e+11 9.44194e+11  7.0225e+11 3.35155e+11 2.86009e+11 2.87081e+11 2.03689e+11  1.8776e+11 1.71668e+11     38.4762     85.7599      5.5082     7.66672     94.3774     12.7479     91.1811      56.834     54.2197     26.2137     18.4137     41.2815     73.1581      70.805     91.4177     64.7883     50.7071     26.7224     18.7042     73.0933 7.77072e+21 7.23257e+21 1.97994e+21 9.07101e+21 5.98442e+21 6.21814e+21 7.63483e+21 3.93117e+21 8.03555e+21 6.08932e+21
9.78437e+11       1e+20 6.07384e+11 4.08253e+11 7.56594e+11 6.58751e+11 2.14423e+11 8.66791e+11  6.9088e+11 8.86503e+11     35.5335     15.9509     42.4029     18.3051     96.9655      34.154      54.391     79.7632     92.1676     26.5973     66.6417      40.803     85.9821     2.50022     2.28198     7.18019     34.2608      40.248     70.9858     71.8157 7.10033e+21 2.13892e+20 3.42656e+20 4.33739e+21 2.82114e+21 5.84056e+21 3.03779e+21 3.65344e+21 2.16192e+21 4.04659e+21
6.68634e+11  3.7894e+11       1e+20 7.43201e+11 3.46079e+10  6.3769e+11 3.76251e+11 4.03477e+11 3.55944e+11 7.34481e+11     70.9896     58.9232     74.0384     38.7055     33.8535     16.6198     45.2628     88.3323     93.3533      60.708     5.16662     74.1423      84.422     56.8175     80.0449     88.0872     36.5539     55.1741     70.2051     86.4409 1.43046e+21 5.67699e+21 9.46422e+21 6.18997e+21 9.51171e+21 3.80046e+21 9.39243e+21 5.94864e+21 2.48422e+21 2.87665e+21
1.03695e+11 9.62862e+11 6.42077e+11       1e+20 8.10589e+11 1.92885e+11 9.85285e+11 8.06639e+11 8.33498e+11 6.53767e+10     95.1948     13.8916     99.0211     36.8883     48.8598     15.1792     79.3524      72.026     80.1206     4.15267     87.7019     83.9142     67.3861     28.1087     86.6135     62.7399     87.6016     77.5269     19.8033     29.1324 4.45706e+21 1.02196e+21 7.20483e+21 6.50303e+21  6.2305e+21 2.59505e+21 1.39735e+21 7.86594e+21   1.595e+21 3.43413e+21
8.58473e+10  7.0838e+11   3.759e+10  8.5425e+11       1e+20 7.80746e+11 6.42536e+11 7.38339e+11 2.02323e+11 4.60415e+11     3.91736     9.49718     65.2206     1.12867     52.0259     69.3385     37.9393     54.2573     64.1567     7.21516     1.65755     34.6417     85.4756     12.9669     80.0072     98.5396     45.0723     26.5063     73.2867     19.5231 8.03729e+21 9.74251e+21 6.66343e+21 1.84102e+21  9.2703e+20 7.66942e+21 2.89064e+21 1.71983e+21 4.96898e+20 4.60036e+21
2.04278e+11 3.07417e+11 1.06734e+11 8.60107e+11 6.22113e+11       1e+20 9.15608e+11 9.81751e+11 5.31327e+10 8.97261e+11     60.4794     10.7274     70.1639     47.7473     23.1822     8.01287     10.9024     93.7794     98.3291     33.1867     10.6441     26.8039     79.8854     26.0306     95.1982     99.4654     35.2923     1.33063     69.7352     61.1435 2.18893e+21  2.7608e+21 9.74012e+21 4.73247e+21 7.96132e+21 1.60792e+21 5.81779e+21 3.33203e+21 4.40745e+21  7.3808e+21
 9.8116e+11 1.73311e+11 2.73592e+11 5.19977e+11 2.32576e+11 7.46392e+11       1e+20 9.99211e+11  3.7791e+11 2.28462e+11     18.6646     1.38462      54.886     67.9178      55.174     4.52066     37.6826     59.0082     17.6388     14.5478     49.6674     52.6168     79.7107     98.6511     7.71394     84.7545     66.3945     57.5571     34.6254     7.52963 6.39984e+21 3.99613e+21 8.17217e+21  5.1041e+21 2.45162e+21  9.5307e+21 5.53428e+20 7.68345e+21 2.02632e+21 2.40674e+21
 1.4097e+11 7.30707e+11 4.75057e+10 1.73239e+11 8.75836e+11 7.04296e+11  3.3353e+11       1e+20 2.17128e+11 6.38671e+11     58.0251     84.5826     72.8923     18.8827     24.1615     48.9397       20.05     44.3218     99.6756     2.78994     1.18459     55.9478     36.5749     52.3416     69.9372     63.9357     36.2773     49.5717     32.7798     59.9738 7.84889e+21 1.47562e+21 9.29934e+21 6.94078e+21 3.15279e+21 5.13334e+21 5.57311e+21 1.71193e+21   4.176e+21 6.78497e+21
7.31787e+11 4.72214e+11 6.26036e+11 1.28637e+10 5.61868e+11 9.68667e+11 3.30552e+10 6.19352e+11       1e+20 8.82803e+11     13.1375     36.8605     34.1132     7.21918     59.5968     1.41106     64.8059     34.9555     36.6416     94.5203     97.7656     1.56419        28.3     55.0415     16.8971     57.0836     32.5345     44.1563     86.5332     84.5507 3.49863e+21 9.96787e+21 2.15177e+20 6.36486e+21 6.71968e+21 8.55088e+21 9.05309e+21 9.25859e+21 6.47873e+21 3.76751e+21
5.88621e+11 8.06633e+11 7.72316e+11 6.41077e+11 9.70729e+11 7.73747e+11 6.46378e+11 2.65669e+10 7.54068e+11       1e+20     82.7204     67.5022     94.1702     27.9914     49.3883     82.8033       76.71     72.2708     28.7745      50.593      68.072      94.228     61.4153     13.4267     21.6587     58.4876     73.6077     12.0398     86.2998     95.1961 3.71771e+21 8.61828e+21 4.43253e+21 5.13273e+21  7.9703e+21 9.21738e+21  7.8398e+20 3.87697e+21 8.12686e+21 1.23477e+21
8.52122e+11 6.10597e+11 3.96735e+11 1.30108e+11 9.86783e+11 3.59335e+11 9.61482e+11 7.65021e+11 2.48631e+11 9.78583e+11       1e+10     83.9672     33.2679     74.6067     50.3783     84.4541     67.1092     13.3164     9.10229     92.4455     47.1717     3.16055     6.10065     93.8339     50.0019     11.7579     85.8667     53.5738     40.6843     47.2824     80.9272     32.4218     45.9844     14.1793       15.22     45.2276      97.192     14.6245     24.5612     42.8076
1.71689e+10 6.70662e+11 3.09948e+11 5.21335e+11  8.4066e+11 4.54514e+11 3.35079e+11 9.68247e+11 9.21795e+11 5.96419e+11     20.5497       1e+10      2.5613      16.096     2.53275     80.8516     31.3324     93.6363     76.2278     59.3629     48.3822     15.9182     2.86202     38.4814     26.9631     56.3411     35.7286     41.8294     44.1021     12.0438     25.6223     7.08588     74.1488     65.3639     55.4876     24.8472     99.7524     5.84146     84.3825     74.7798
5.99353e+11 6.97882e+11 5.81122e+10 4.85434e+11 9.06877e+11 7.08204e+11  6.1295e+11 6.55737e+11 8.93709e+11 5.77185e+11     28.1317     94.5129       1e+10     54.4824     3.43131     88.1713     16.1921     26.9008      77.939     70.2882     43.6326      94.228     57.3037     95.1958     97.9516     37.8946     51.8046     2.09911     56.0391     14.5773     66.0693     3.02668     27.0467     78.8537     21.1742     10.0988     34.9456     47.2003     56.8964     88.5805
5.16395e+11 4.30206e+11 4.55998e+11 9.83662e+10 1.31995e+11 4.38114e+11 8.71548e+11 5.11442e+11 5.73912e+11 6.83839e+11     93.5463     23.8177     82.8236       1e+10     36.1845     83.5483     74.4941     71.9891     80.6179     35.0159     93.8387     99.4935     11.4666     78.7253     92.3594     11.8115     86.2583     3.30098     47.7074     7.17131       46.12     76.3044      3.0013     81.4533     80.5172     84.9239     17.4067     86.8895     57.3939     12.2511
9.28477e+11 5.74245e+11 1.26906e+11 5.97505e+11 7.58751e+10 5.49357e+11 5.88274e+11 6.97189e+11 1.72779e+11 8.94898e+11     51.8042     96.1255     10.0418     89.3288       1e+10     65.6395     6.44712     5.97577     72.4787      6.4775     52.6616     95.4633     69.2131     16.1533     12.3783     98.7384     46.1565     99.5301     74.7026     80.8709     26.3046     66.5709     76.4041      30.716     64.0344     54.3746     64.1315     91.7919     78.6696       43.75
2.10449e+11 6.31515e+11 7.69614e+11 4.21987e+11 5.63507e+11 2.92962e+11 2.02572e+11 5.44412e+11 1.73085e+11 2.34699e+11      87.493     55.8649     32.0295     7.31426     89.3414       1e+10     86.9822     37.5182     11.3951     61.9656     68.7027     13.3246     71.5424     21.1005     23.0146     78.7929     80.0302     15.8221     78.3972     17.8473     75.3419     46.7218     3.55847     22.4542     84.1953     97.1398     93.7848     1.33212     79.3621     51.0105
 3.2327e+10 1.99157e+10 3.18989e+11 4.08755e+10  9.2355e+11 6.90994e+11 8.64317e+11 2.48054e+10 1.88256e+11 5.51078e+11     76.0854     8.67177      18.754     72.1356     79.6012     82.1107       1e+10     36.5189     95.5748      99.527     22.3061     51.0993     40.3747     89.9299      65.396      91.205     24.0654      59.493     41.4507     16.1675     63.4808      26.567     48.9789     31.9814     85.8184     41.6234     42.6987     69.5731     90.5065     34.5179
1.74797e+11 5.29302e+11 1.52757e+11 9.39755e+11 2.75102e+11 1.17447e+11 6.37601e+11 5.76921e+11 9.85543e+11 5.26581e+11     27.1331     63.9492     59.4719     37.4145     93.3982     54.9036     41.1761       1e+10     62.3336     88.1215     74.7603     48.4146     30.0109     21.6989     57.6181     97.2422     43.8257      17.798     24.4072     19.5381     26.3385     48.5602     4.81896     55.2334     10.1032     7.24322     28.4106     68.7402     51.7067     70.5452
6.43322e+11 5.08724e+11   1.311e+11 7.48153e+11  3.7355e+10 3.78131e+11 2.73562e+10 3.86158e+11 4.87803e+11 6.50558e+11     67.1176     40.2843     60.0735     94.2143     79.2826     40.0274     14.2626     12.1357       1e+10     19.4046     42.6112     81.7046     14.7757     14.9448     73.7331     8.21316     54.4827     52.6744     88.6664     6.33688     41.4201     46.4183     2.38178     58.3769     89.5948     28.7804      49.122     23.6585     57.5305     4.05539
 8.7989e+11 3.59229e+11 9.56869e+11 1.20947e+11 6.55039e+11 6.37952e+11 1.72365e+11 4.15026e+10 3.49912e+11  5.7951e+11     99.3846     60.3756      56.724     27.2168     36.5144     48.0591     68.9946     9.42669     90.6556       1e+10     47.2127     69.5258     42.4923     80.0647     47.8223     50.5894     5.00213     8.90453     87.3086      31.828     67.6351     87.7391     23.4474     75.5328     26.0848     18.2763     99.6614     81.6858      70.172     57.9443
2.08448e+11 6.83912e+11 5.18471e+11 2.88793e+11 4.85846e+11 3.12024e+11 3.58896e+11 3.11741e+11 7.13615e+11 8.41225e+10     66.2493     68.4481     9.87686      42.936     80.4405     66.5264     59.6808     40.5862     64.8425     50.6166       1e+10      74.562     83.4399      11.066     99.2576      4.1941     97.6731     57.5689     27.4931     74.6173     57.5039     12.0275     7.49251     4.70311     49.9394     72.1849     31.2769     54.8294     82.4095     70.1288
 8.9125e+11 2.85796e+11 8.44357e+11 9.36147e+11 9.34456e+11 9.66572e+11  6.3917e+11 1.49641e+11  8.7092e+11 4.54113e+11     28.0107     36.0513     27.4911      54.043     6.36801      39.482     54.6301     50.1645     20.6952     75.5606     99.9999       1e+10      82.769     77.2929      79.407     78.1969     90.0593     69.7393     19.3812     23.2022     49.8372      85.667     73.5217      37.204     99.4937     60.8923     50.7418     89.0873      18.969     21.2798
8.19608e+11 6.92627e+10 9.68258e+11 1.45212e+11 8.87784e+10 9.10066e+11 7.46421e+11 3.35281e+11 7.05256e+11 7.85702e+11     39.8505     50.5557     80.4538     85.8062     99.0942     8.38492     59.6726     72.5156     42.5704      47.667     97.3329     6.36599       1e+10     43.3576     1.05355     1.39156     49.7271     8.02309     59.8889     65.1928     44.8826     57.0169      68.274     66.2972     40.6963     20.2146      73.265     33.8327     69.4435     78.9888
9.03583e+11 8.16958e+11 8.61703e+10 2.35215e+11 1.04843e+11 2.63195e+11 7.28941e+11 2.50984e+11 3.08479e+11 3.22544e+11     94.0158     8.48045     74.2327     89.8603      84.788     75.1148     12.3395     96.2509     47.1146     5.27935     80.5451     67.3511     77.6719       1e+10     43.3973      11.428     58.7007     31.6006      69.827     1.68225      60.485     3.25532      65.352     9.54676     30.5274     64.3791     86.9504     94.2871     68.9702     56.1251
9.33632e+11 7.21502e+11 9.36553e+11 6.56631e+11 5.84759e+11 5.89622e+11 8.88675e+11 2.79376e+11 6.57514e+11 6.03613e+11      61.352     2.80796     52.8318     86.9101      70.159     71.7901     11.6174     33.4561     91.6774       26.07     19.0966     15.2387     25.9047      25.063       1e+10     29.2256      14.723     23.3581     4.27006     10.2726     44.6951     76.5117     43.6005     64.0212     88.0409     59.8392     54.1318     23.4657       62.43     8.52524
 5.8971e+11 8.62991e+11 9.42509e+11 8.01555e+11  2.6288e+11 9.92769e+11 5.13363e+11 6.14345e+11 8.67239e+11 8.25392e+11     84.8541     35.9305     18.0752     44.4167     98.5624     16.5705     64.5299     15.9569     65.5111     28.4674     51.6058     29.9081     12.2047     73.0366     80.3935       1e+10     57.1921     93.7433     9.99617     18.3608     50.2626     46.9776      50.528     6.30113     56.6995      26.292     82.6836     34.1127     23.2667     44.8517
9.55058e+11  3.5851e+10  3.5225e+11 2.09227e+11  5.6809e+11 5.93268e+10 8.79733e+11 8.22763e+11 6.31683e+11 7.53289e+11     67.8237     50.4301     48.0858     3.00515      89.264      35.729     33.3367     89.8549      82.644     23.0987     52.9513     60.7978     6.54556     46.2399     98.5038     97.6691       1e+10     49.7046     38.6673     1.03394     81.9893     28.4148     25.5175     46.0688     52.8686     64.2791     76.9484     73.0371     27.7953     15.4236
 8.7721e+11 3.61486e+11 3.36166e+11 4.73848e+11 9.51684e+10 8.24784e+11 8.41745e+11 3.24719e+11 4.25859e+11 7.96245e+11     84.4194      29.044        87.9     89.9412     81.6972     27.2804     74.6175     26.6501      57.439     73.9086       69.38     43.2333     93.8443     51.7185     29.4203     74.4525     37.8522       1e+10     88.4895     66.0782     99.6965     98.8233     36.9228     6.39941     31.6407     55.3372     23.3264     78.1684     53.0449     56.5835
3.49314e+11  6.4788e+11 9.00712e+10 7.31489e+11 9.46958e+11 3.08048e+11 2.66971e+10 1.71655e+11  3.8432e+10 2.42991e+11     52.7038     38.9699     55.0812     56.9132     65.9484     78.9301     72.9078     95.0808     47.4601     25.9066     19.4265     3.11759     90.1348     82.4263     59.3844     80.9367     49.4115      46.858       1e+10     5.15427     62.1721     74.4685     44.5515     40.2664     76.6529     57.9627     13.1127     79.6655     24.4264     54.8651
1.64609e+11 3.75714e+11 3.49038e+11 2.20744e+11 2.04577e+11 7.21295e+11  7.3482e+11 7.28073e+11 5.57542e+11 4.01162e+11     5.49888      50.405     6.52144     87.0423     12.6229     19.5047     3.27369     3.50891     62.4951     40.5937     27.1474      54.429     89.3671     42.6395     6.95191     54.8474     40.7709      4.0859     56.0792       1e+10     63.4673     3.67355     49.4697     40.8362     65.9417     3.86629     86.0892     31.7028     99.5835     16.5976
7.77072e+21 7.23257e+21 1.97994e+21 9.07101e+21 5.98442e+21 6.21814e+21 7.63483e+21 3.93117e+21 8.03555e+21 6.08932e+21 9.57671e+11 6.74175e+11 5.98287e+11 2.70854e+11 9.94546e+11 4.13675e+11 3.90288e+11   8.365e+11 5.71561e+11 5.83887e+11 1.51838e+11 6.89934e+11 6.33481e+11 6.67389e+10 7.09838e+11 3.65766e+11 1.80649e+11 3.07148e+11 1.78653e+11 9.41704e+10       1e+20 7.21399e+11  7.8827e+11 1.08989e+11 3.31118e+11  2.6198e+10 6.64288e+11 6.14385e+11 1.82244e+11 3.51949e+11
7.10033e+21 2.13892e+20 3.42656e+20 4.33739e+21 2.82114e+21 5.84056e+21 3.03779e+21 3.65344e+21 2.16192e+21 4.04659e+21 9.01801e+11 2.47298e+11 5.95894e+11 6.35799e+11 6.03258e+11  9.0678e+11 6.40889e+11 5.19148e+11 1.67985e+10 5.11202e+11 3.68402e+11 4.33991e+11 6.32929e+11 5.32313e+11 5.08021e+11  4.5725e+11 9.91186e+11 7.25803e+11 3.43647e+11 7.72476e+11 6.92778e+11       1e+20 9.07644e+11 1.56115e+11 2.93832e+10 7.36036e+11 5.21469e+11 9.92715e+11 2.20445e+11 3.26876e+11
1.43046e+21 5.67699e+21 9.46422e+21 6.18997e+21 9.51171e+21 3.80046e+21 9.39243e+21 5.94864e+21 2.48422e+21 2.87665e+21 4.00323e+11 6.53559e+11 4.79243e+11 5.34743e+10 9.58832e+10 5.26587e+11 5.66647e+11 8.22721e+11 5.46627e+11  6.6191e+11 9.27891e+11  9.4232e+11 7.53492e+11 4.41397e+11 8.23389e+10 6.10276e+11 7.40317e+11 4.33339e+11 2.70649e+11 3.98114e+10 9.12278e+11 5.88595e+11       1e+20  8.0588e+11 9.21942e+11 5.66735e+11 4.04576e+11 8.65606e+11 8.59963e+11 4.13328e+11
4.45706e+21 1.02196e+21 7.20483e+21 6.50303e+21  6.2305e+21 2.59505e+21 1.39735e+21 7.86594e+21   1.595e+21 3.43413e+21 6.67566e+11 2.63408e+11 3.38671e+11  6.4791e+11 3.33081e+11 5.69873e+11 8.32916e+11 7.19822e+11 5.05094e+11 1.90967e+11 1.93504e+11 4.31357e+11 4.77701e+11 6.24914e+11 5.10287e+11 2.46638e+11 5.36188e+11 8.48889e+11 8.70704e+11 9.48579e+11 9.08447e+11 7.00788e+11 2.78172e+11       1e+20 9.89469e+11 4.38999e+10 3.43784e+11  4.4461e+11 8.72454e+11 9.71888e+11
8.03729e+21 9.74251e+21 6.66343e+21 1.84102e+21  9.2703e+20 7.66942e+21 2.89064e+21 1.71983e+21 4.96898e+20 4.60036e+21 8.53748e+11 3.76214e+11 5.86105e+11 9.94682e+11 9.18556e+10 5.85724e+10 4.34413e+11 2.39408e+11 8.08004e+11 5.42729e+11 2.45421e+11 2.73133e+11  3.0679e+11 8.03399e+11 3.74156e+11 8.46492e+10 8.67202e+11 5.01073e+11  5.3168e+11 6.37994e+10 8.99607e+11 8.22541e+11 4.00039e+11 1.70032e+11       1e+20 1.04186e+11 1.27996e+10 5.38232e+11 6.58629e+11 6.64065e+11
2.18893e+21  2.7608e+21 9.74012e+21 4.73247e+21 7.96132e+21 1.60792e+21 5.81779e+21 3.33203e+21 4.40745e+21  7.3808e+21 4.29497e+11  7.3853e+11 1.31449e+11  5.4761e+10 6.06142e+11 2.19972e+11  9.3604e+11 3.65293e+11 1.88194e+11 7.24062e+11 9.34466e+11 2.88737e+11 6.08247e+11 5.61065e+11 8.72411e+11 5.95672e+11  1.9104e+11 6.88402e+11 9.93517e+11 2.25043e+11 2.61595e+11 6.01655e+11  3.7522e+11 2.33411e+11    9.99e+11       1e+20   7.875e+11 5.88251e+11 5.92986e+11 2.34619e+11
6.39984e+21 3.99613e+21 8.17217e+21  5.1041e+21 2.45162e+21  9.5307e+21 5.53428e+20 7.68345e+21 2.02632e+21 2.40674e+21  2.7236e+11 3.60682e+11 4.03106e+10 1.25382e+11 5.54903e+11 6.40002e+11  9.3194e+11 6.57616e+11 4.88385e+11 5.12834e+11 2.89945e+11 6.89396e+11 2.76555e+11  8.7522e+11 4.62269e+11 2.41292e+11 8.79111e+11 8.52195e+11 5.68056e+11 5.60014e+11 2.33116e+11 9.33223e+11 4.23782e+11 4.35997e+11  9.5498e+11 6.91946e+11       1e+20  9.0615e+11 4.90583e+11 3.88523e+11
7.84889e+21 1.47562e+21 9.29934e+21 6.94078e+21 3.15279e+21 5.13334e+21 5.57311e+21 1.71193e+21   4.176e+21 6.78497e+21 4.03946e+10  3.8006e+11 1.34965e+11  6.7386e+11 6.33596e+11 9.37789e+10 8.01239e+11  8.1949e+11 9.74392e+11 6.78207e+11 7.32095e+11 7.89301e+11 1.03897e+11  7.8991e+11 4.41295e+11 9.22195e+11 5.31147e+11 7.66437e+10 8.67935e+11 1.29096e+11  2.8491e+11 9.40234e+11 3.49653e+11 2.09534e+11 3.26707e+11 3.04291e+11 4.65528e+11       1e+20 1.10134e+11 7.94876e+11
3.49863e+21 9.96787e+21 2.15177e+20 6.36486e+21 6.71968e+21 8.55088e+21 9.05309e+21 9.25859e+21 6.47873e+21 3.76751e+21 9.99748e+11 5.84357e+11 8.50372e+11 2.33588e+11 8.37757e+11 6.99369e+11  1.3654e+11 7.98512e+11  1.8495e+11 7.41961e+11 9.36312e+11 8.38215e+11 9.63996e+11 8.44811e+10 5.71783e+11 2.35029e+11 5.43813e+11 1.84119e+11 3.21315e+11  8.1478e+11 7.52587e+11 2.49522e+11 9.47674e+11 1.40731e+11 3.95872e+11 1.01408e+11 5.86658e+11 7.27882e+11       1e+20 9.50975e+11
3.71771e+21 8.61828e+21 4.43253e+21 5.13273e+21  7.9703e+21 9.21738e+21  7.8398e+20 3.87697e+21 8.12686e+21 1.23477e+21 3.93735e+11 7.19287e+11 3.71442e+11 1.87574e+11 1.50871e+11 6.44112e+11 5.79999e+11 9.97171e+11 8.44801e+11 4.58037e+11 2.67601e+11 6.95038e+11 5.49554e+11 4.25635e+11 6.21241e+11 8.02127e+11 2.04455e+11 2.93758e+11 4.33388e+11 4.05522e+11 7.33166e+11 4.29043e+11 5.49952e+10 2.47117e+10 4.72826e+11 4.41024e+11 8.32701e+11 6.51795e+11 7.86114e+11       1e+20
