      1e+20 5.55147e+11  7.6438e+11 2.74797e+11  4.3465e+11     43.8364     57.0566     88.4789     22.1422      89.002     2.77268 5.04079e+21 8.82266e+21 3.45897e+21 7.14391e+21 9.22508e+21
7.48846e+11       1e+20 7.10296e+11 2.53259e+11 2.47941e+11     22.8786     35.1957     90.6616     36.4443       24.76     71.7651 3.04737e+21 4.31489e+21   5.922e+21 7.50247e+21 4.74602e+21
5.75388e+10 5.81922e+11       1e+20  1.6893e+11 1.73973e+11     85.8022     57.3895     42.4928     92.2177     66.2361     34.0281 2.63266e+21 2.55346e+20 5.65857e+20 7.24354e+21 1.95106e+21
7.61509e+10 3.15824e+10 6.59345e+11       1e+20 7.81426e+11     40.2536     70.7279     27.7031     56.4753     98.5034     79.8747 4.81251e+21 6.62757e+21 6.71336e+21  9.4309e+21 6.98561e+20
8.94965e+11 8.53825e+11 3.56776e+11 9.64171e+11       1e+20     39.2242      35.333     10.5014      78.102     24.4396     52.4981 3.35439e+21   2.387e+21 1.47348e+21 5.14627e+21 7.39399e+21
6.46481e+11 7.20913e+11 8.98772e+11 1.73456e+11 1.13736e+10       1e+10     42.6577     99.6796      80.733     60.4536     57.8672     22.0786      46.769     81.6633     29.9716     91.6697
6.03922e+11 1.45257e+10 8.37401e+11 3.40376e+11 8.52682e+11     58.1868       1e+10     94.2175     24.8391     1.31587      42.436     70.0836     83.2136     83.9688     68.7028      79.693
1.88056e+11 2.21754e+11 8.12558e+10 1.89332e+11 1.87873e+11     67.5143     68.3638       1e+10     62.5614     87.4656     73.1233      50.222     56.7221     70.5864     18.9519     96.3449
7.24479e+11  2.2516e+11 5.11593e+10 2.92901e+11 3.40308e+11      92.311     84.4593      64.026       1e+10     92.6244     42.3209     90.5426     81.6859     39.0205     65.3364     82.9181
1.52387e+11 1.29445e+11 3.38934e+11 7.34712e+11 4.28016e+11     64.3465     40.8922     33.1708     84.4538       1e+10     35.9169     57.3572     36.3648     91.2484     17.7999     96.2325
5.01533e+11 4.04336e+11 5.75334e+11 7.15973e+10  5.2377e+11     38.9534     60.6147     69.1481     93.4809     87.2735       1e+10     8.27964     49.0971     17.5395     33.8951     58.0509
5.04079e+21 8.82266e+21 3.45897e+21 7.14391e+21 9.22508e+21 6.73357e+11 3.19195e+11 9.98079e+11  8.0028e+11 5.80576e+11  9.2375e+11       1e+20 1.59432e+11  6.1706e+11 3.61197e+11 6.09936e+11
3.04737e+21 4.31489e+21   5.922e+21 7.50247e+21 4.74602e+21 3.67819e+11 5.94028e+11 6.54332e+11 5.10541e+11 5.64106e+11 3.42573e+11 2.36855e+11       1e+20 7.80755e+11 9.68049e+11  3.7278e+11
2.63266e+21 2.55346e+20 5.65857e+20 7.24354e+21 1.95106e+21 3.32624e+11 6.66003e+11 8.69466e+11 9.83404e+11 6.63284e+11 3.54184e+11 8.68271e+11 8.00051e+11       1e+20 7.10976e+11 4.42151e+11
4.81251e+21 6.62757e+21 6.71336e+21  9.4309e+21 6.98561e+20 1.87984e+11 5.85948e+10 7.90548e+11 8.22672e+11 7.95474e+11  3.1908e+11 2.45059e+11 3.82025e+11 8.61642e+11       1e+20 9.66613e+11
3.35439e+21   2.387e+21 1.47348e+21 5.14627e+21 7.39399e+21 7.92469e+11 3.23923e+10 2.24898e+11  3.9533e+11 7.75528e+11 2.32593e+11 2.54582e+11 2.99617e+11 3.66677e+11 7.39541e+11       1e+20
