
1	1	1	1	1	1	1	1	89.2853	82.3041	55.8743	82.2405	81.5094	77.6936	78.3364	86.6769	84.0343	83.4637	138.803	129.618	133.042	109.438	135.569	119.893	133.147	
2	1	1	1	1	1	1	1	89.285	82.3046	55.8725	82.2402	81.5094	77.6931	78.3361	86.6778	84.033	83.4645	138.803	129.618	133.041	109.438	135.569	119.893	133.147	
3	1	1	1	1	1	1	1	89.2849	82.3045	55.8725	82.2401	81.5093	77.693	78.336	86.6778	84.0329	83.4643	138.802	129.618	133.041	109.438	135.569	119.892	133.147	
4	1	1	1	1	1	1	1	89.2848	82.3045	55.8724	82.24	81.5093	77.6928	78.3359	86.6777	84.0328	83.4642	138.802	129.618	133.041	109.438	135.569	119.892	133.147	
5	1	1	1	1	1	1	1	89.2848	82.3044	55.8723	82.2399	81.5092	77.6927	78.3358	86.6776	84.0327	83.4641	138.802	129.617	133.041	109.438	135.569	119.892	133.146	
6	1	1	1	1	1	1	1	89.2847	82.3043	55.8723	82.2398	81.5091	77.6926	78.3357	86.6775	84.0326	83.464	138.801	129.617	133.041	109.437	135.569	119.892	133.146	
7	1	1	1	1	1	1	1	89.2846	82.3042	55.8722	82.2397	81.5091	77.6924	78.3357	86.6774	84.0325	83.4638	138.801	129.617	133.041	109.437	135.569	119.892	133.146	
8	1	1	1	1	1	1	1	89.2845	82.3041	55.8721	82.2396	81.509	77.6923	78.3356	86.6774	84.0324	83.4637	138.8	129.617	133.041	109.437	135.569	119.892	133.146	
9	1	1	1	1	1	1	1	89.2845	82.304	55.8721	82.2395	81.5089	77.6921	78.3355	86.6773	84.0323	83.4636	138.8	129.617	133.041	109.437	135.569	119.892	133.146	
10	1	1	1	1	1	1	1	89.2844	82.3039	55.872	82.2394	81.5089	77.692	78.3354	86.6772	84.0322	83.4635	138.799	129.617	133.041	109.437	135.568	119.892	133.146	
11	1	1	1	1	1	1	1	89.2843	82.3038	55.8719	82.2393	81.5088	77.6919	78.3353	86.6771	84.0321	83.4633	138.799	129.617	133.04	109.437	135.568	119.892	133.146	
12	1	1	1	1	1	1	1	89.2842	82.3037	55.8719	82.2392	81.5087	77.6917	78.3352	86.677	84.032	83.4632	138.798	129.617	133.04	109.437	135.568	119.891	133.146	
13	1	1	1	1	1	1	1	89.2841	82.3037	55.8718	82.2391	81.5087	77.6916	78.3351	86.677	84.0319	83.4631	138.798	129.617	133.04	109.437	135.568	119.891	133.146	
14	1	1	1	1	1	1	1	89.2841	82.3036	55.8717	82.239	81.5086	77.6914	78.335	86.6769	84.0318	83.4629	138.797	129.616	133.04	109.437	135.568	119.891	133.146	
15	1	1	1	1	1	1	1	89.284	82.3035	55.8716	82.2388	81.5085	77.6913	78.3348	86.6768	84.0317	83.4628	138.797	129.616	133.04	109.436	135.568	119.891	133.146	
16	1	1	1	1	1	1	1	89.2839	82.3034	55.8716	82.2387	81.5085	77.6911	78.3347	86.6767	84.0316	83.4627	138.796	129.616	133.04	109.436	135.568	119.891	133.145	
17	1	1	1	1	1	1	1	89.2838	82.3033	55.8715	82.2386	81.5084	77.691	78.3346	86.6766	84.0315	83.4625	138.796	129.616	133.04	109.436	135.567	119.891	133.145	
18	1	1	1	1	1	1	1	89.2837	82.3032	55.8714	82.2385	81.5083	77.6908	78.3345	86.6765	84.0314	83.4624	138.795	129.616	133.04	109.436	135.567	119.891	133.145	
19	1	1	1	1	1	1	1	89.2837	82.3031	55.8713	82.2384	81.5082	77.6907	78.3344	86.6764	84.0313	83.4622	138.794	129.616	133.039	109.436	135.567	119.891	133.145	
20	1	1	1	1	1	1	1	89.2836	82.303	55.8713	82.2383	81.5082	77.6905	78.3343	86.6764	84.0312	83.4621	138.794	129.616	133.039	109.436	135.567	119.89	133.145	
21	1	1	1	1	1	1	1	89.2835	82.3029	55.8712	82.2382	81.5081	77.6904	78.3342	86.6763	84.0311	83.462	138.793	129.616	133.039	109.436	135.567	119.89	133.145	
22	1	1	1	1	1	1	1	89.2834	82.3028	55.8711	82.2381	81.508	77.6902	78.3341	86.6762	84.0309	83.4618	138.793	129.616	133.039	109.436	135.567	119.89	133.145	
23	1	1	1	1	1	1	1	89.2833	82.3027	55.871	82.2379	81.5079	77.69	78.334	86.6761	84.0308	83.4617	138.792	129.615	133.039	109.436	135.567	119.89	133.145	
24	1	1	1	1	1	1	1	89.2832	82.3026	55.8709	82.2378	81.5079	77.6899	78.3339	86.676	84.0307	83.4615	138.792	129.615	133.039	109.435	135.567	119.89	133.145	
25	1	1	1	1	1	1	1	89.2831	82.3025	55.8709	82.2377	81.5078	77.6897	78.3338	86.6759	84.0306	83.4614	138.791	129.615	133.039	109.435	135.566	119.89	133.144	
26	1	1	1	1	1	1	1	89.283	82.3024	55.8708	82.2376	81.5077	77.6896	78.3336	86.6758	84.0305	83.4612	138.791	129.615	133.038	109.435	135.566	119.89	133.144	
27	1	1	1	1	1	1	1	89.283	82.3023	55.8707	82.2375	81.5076	77.6894	78.3335	86.6757	84.0304	83.4611	138.79	129.615	133.038	109.435	135.566	119.89	133.144	
28	1	1	1	1	1	1	1	89.2829	82.3022	55.8706	82.2373	81.5076	77.6892	78.3334	86.6756	84.0302	83.4609	138.789	129.615	133.038	109.435	135.566	119.889	133.144	
29	1	1	1	1	1	1	1	89.2828	82.3021	55.8705	82.2372	81.5075	77.689	78.3333	86.6755	84.0301	83.4607	138.789	129.615	133.038	109.435	135.566	119.889	133.144	
30	1	1	1	1	1	1	1	89.2827	82.3019	55.8704	82.2371	81.5074	77.6889	78.3332	86.6754	84.03	83.4606	138.788	129.615	133.038	109.435	135.566	119.889	133.144	
31	1	1	1	1	1	1	1	89.2826	82.3018	55.8704	82.237	81.5073	77.6887	78.333	86.6753	84.0299	83.4604	138.788	129.614	133.038	109.435	135.566	119.889	133.144	
32	1	1	1	1	1	1	1	89.2825	82.3017	55.8703	82.2368	81.5072	77.6885	78.3329	86.6752	84.0297	83.4603	138.787	129.614	133.038	109.434	135.565	119.889	133.144	
33	1	1	1	1	1	1	1	89.2824	82.3016	55.8702	82.2367	81.5071	77.6883	78.3328	86.6751	84.0296	83.4601	138.786	129.614	133.037	109.434	135.565	119.889	133.144	
34	1	1	1	1	1	1	1	89.2823	82.3015	55.8701	82.2366	81.5071	77.6882	78.3327	86.675	84.0295	83.4599	138.786	129.614	133.037	109.434	135.565	119.889	133.143	
35	1	1	1	1	1	1	1	89.2822	82.3014	55.87	82.2364	81.507	77.688	78.3325	86.6749	84.0294	83.4598	138.785	129.614	133.037	109.434	135.565	119.888	133.143	
36	1	1	1	1	1	1	1	89.2821	82.3013	55.8699	82.2363	81.5069	77.6878	78.3324	86.6748	84.0292	83.4596	138.784	129.614	133.037	109.434	135.565	119.888	133.143	
37	1	1	1	1	1	1	1	89.282	82.3011	55.8698	82.2362	81.5068	77.6876	78.3323	86.6747	84.0291	83.4594	138.784	129.614	133.037	109.434	135.565	119.888	133.143	
38	1	1	1	1	1	1	1	89.2819	82.301	55.8697	82.236	81.5067	77.6874	78.3322	86.6746	84.029	83.4593	138.783	129.614	133.037	109.434	135.564	119.888	133.143	
39	1	1	1	1	1	1	1	89.2818	82.3009	55.8696	82.2359	81.5066	77.6872	78.332	86.6745	84.0288	83.4591	138.782	129.613	133.037	109.434	135.564	119.888	133.143	
40	1	1	1	1	1	1	1	89.2817	82.3008	55.8695	82.2357	81.5065	77.6871	78.3319	86.6744	84.0287	83.4589	138.782	129.613	133.036	109.433	135.564	119.888	133.143	
41	1	1	1	1	1	1	1	89.2816	82.3007	55.8695	82.2356	81.5064	77.6869	78.3318	86.6743	84.0286	83.4587	138.781	129.613	133.036	109.433	135.564	119.887	133.143	
42	1	1	1	1	1	1	1	89.2815	82.3005	55.8694	82.2355	81.5063	77.6867	78.3316	86.6742	84.0284	83.4586	138.78	129.613	133.036	109.433	135.564	119.887	133.142	
43	1	1	1	1	1	1	1	89.2814	82.3004	55.8693	82.2353	81.5063	77.6865	78.3315	86.674	84.0283	83.4584	138.78	129.613	133.036	109.433	135.564	119.887	133.142	
44	1	1	1	1	1	1	1	89.2813	82.3003	55.8692	82.2352	81.5062	77.6863	78.3313	86.6739	84.0281	83.4582	138.779	129.613	133.036	109.433	135.563	119.887	133.142	
45	1	1	1	1	1	1	1	89.2811	82.3002	55.8691	82.235	81.5061	77.6861	78.3312	86.6738	84.028	83.458	138.778	129.613	133.036	109.433	135.563	119.887	133.142	
46	1	1	1	1	1	1	1	89.281	82.3	55.869	82.2349	81.506	77.6859	78.3311	86.6737	84.0278	83.4578	138.778	129.612	133.035	109.433	135.563	119.887	133.142	
47	1	1	1	1	1	1	1	89.2809	82.2999	55.8689	82.2347	81.5059	77.6857	78.3309	86.6736	84.0277	83.4576	138.777	129.612	133.035	109.432	135.563	119.886	133.142	
48	1	1	1	1	1	1	1	89.2808	82.2998	55.8688	82.2346	81.5058	77.6855	78.3308	86.6735	84.0275	83.4574	138.776	129.612	133.035	109.432	135.563	119.886	133.142	
49	1	1	1	1	1	1	1	89.2807	82.2996	55.8687	82.2344	81.5057	77.6853	78.3306	86.6734	84.0274	83.4572	138.775	129.612	133.035	109.432	135.562	119.886	133.142	
50	1	1	1	1	1	1	1	89.2806	82.2995	55.8686	82.2343	81.5056	77.685	78.3305	86.6732	84.0272	83.4571	138.775	129.612	133.035	109.432	135.562	119.886	133.141	
51	1	1	1	1	1	1	1	89.2805	82.2994	55.8684	82.2341	81.5055	77.6848	78.3303	86.6731	84.0271	83.4569	138.774	129.612	133.034	109.432	135.562	119.886	133.141	
52	1	1	1	1	1	1	1	89.2804	82.2992	55.8683	82.234	81.5054	77.6846	78.3302	86.673	84.0269	83.4567	138.773	129.611	133.034	109.432	135.562	119.886	133.141	
53	1	1	1	1	1	1	1	89.2802	82.2991	55.8682	82.2338	81.5053	77.6844	78.33	86.6729	84.0268	83.4565	138.772	129.611	133.034	109.431	135.562	119.885	133.141	
54	1	1	1	1	1	1	1	89.2801	82.299	55.8681	82.2336	81.5052	77.6842	78.3299	86.6727	84.0266	83.4563	138.772	129.611	133.034	109.431	135.562	119.885	133.141	
55	1	1	1	1	1	1	1	89.28	82.2988	55.868	82.2335	81.5051	77.684	78.3297	86.6726	84.0265	83.4561	138.771	129.611	133.034	109.431	135.561	119.885	133.141	
56	1	1	1	1	1	1	1	89.2799	82.2987	55.8679	82.2333	81.505	77.6837	78.3296	86.6725	84.0263	83.4559	138.77	129.611	133.034	109.431	135.561	119.885	133.14	
57	1	1	1	1	1	1	1	89.2797	82.2985	55.8678	82.2331	81.5049	77.6835	78.3294	86.6724	84.0261	83.4556	138.769	129.611	133.033	109.431	135.561	119.885	133.14	
58	1	1	1	1	1	1	1	89.2796	82.2984	55.8677	82.233	81.5048	77.6833	78.3292	86.6722	84.026	83.4554	138.769	129.61	133.033	109.431	135.561	119.885	133.14	
59	1	1	1	1	1	1	1	89.2795	82.2982	55.8676	82.2328	81.5046	77.683	78.3291	86.6721	84.0258	83.4552	138.768	129.61	133.033	109.43	135.561	119.884	133.14	
60	1	1	1	1	1	1	1	89.2794	82.2981	55.8674	82.2326	81.5045	77.6828	78.3289	86.672	84.0257	83.455	138.767	129.61	133.033	109.43	135.56	119.884	133.14	
61	1	1	1	1	1	1	1	89.2792	82.298	55.8673	82.2325	81.5044	77.6826	78.3288	86.6718	84.0255	83.4548	138.766	129.61	133.033	109.43	135.56	119.884	133.14	
62	1	1	1	1	1	1	1	89.2791	82.2978	55.8672	82.2323	81.5043	77.6823	78.3286	86.6717	84.0253	83.4546	138.765	129.61	133.032	109.43	135.56	119.884	133.14	
63	1	1	1	1	1	1	1	89.279	82.2977	55.8671	82.2321	81.5042	77.6821	78.3284	86.6716	84.0251	83.4544	138.764	129.61	133.032	109.43	135.56	119.884	133.139	
64	1	1	1	1	1	1	1	89.2788	82.2975	55.867	82.2319	81.5041	77.6819	78.3283	86.6714	84.025	83.4541	138.764	129.609	133.032	109.43	135.56	119.883	133.139	
65	1	1	1	1	1	1	1	89.2787	82.2973	55.8669	82.2318	81.504	77.6816	78.3281	86.6713	84.0248	83.4539	138.763	129.609	133.032	109.429	135.559	119.883	133.139	
66	1	1	1	1	1	1	1	89.2786	82.2972	55.8667	82.2316	81.5039	77.6814	78.3279	86.6711	84.0246	83.4537	138.762	129.609	133.032	109.429	135.559	119.883	133.139	
67	1	1	1	1	1	1	1	89.2784	82.297	55.8666	82.2314	81.5037	77.6811	78.3277	86.671	84.0244	83.4534	138.761	129.609	133.031	109.429	135.559	119.883	133.139	
68	1	1	1	1	1	1	1	89.2783	82.2969	55.8665	82.2312	81.5036	77.6809	78.3276	86.6708	84.0243	83.4532	138.76	129.609	133.031	109.429	135.559	119.883	133.139	
69	1	1	1	1	1	1	1	89.2782	82.2967	55.8664	82.231	81.5035	77.6806	78.3274	86.6707	84.0241	83.453	138.759	129.608	133.031	109.429	135.558	119.882	133.138	
70	1	1	1	1	1	1	1	89.278	82.2965	55.8662	82.2308	81.5034	77.6804	78.3272	86.6706	84.0239	83.4527	138.758	129.608	133.031	109.428	135.558	119.882	133.138	
71	1	1	1	1	1	1	1	89.2779	82.2964	55.8661	82.2306	81.5033	77.6801	78.327	86.6704	84.0237	83.4525	138.757	129.608	133.031	109.428	135.558	119.882	133.138	
72	1	1	1	1	1	1	1	89.2777	82.2962	55.866	82.2304	81.5031	77.6798	78.3268	86.6703	84.0235	83.4523	138.756	129.608	133.03	109.428	135.558	119.882	133.138	
73	1	1	1	1	1	1	1	89.2776	82.296	55.8658	82.2303	81.503	77.6796	78.3266	86.6701	84.0233	83.452	138.756	129.608	133.03	109.428	135.558	119.881	133.138	
74	1	1	1	1	1	1	1	89.2774	82.2959	55.8657	82.2301	81.5029	77.6793	78.3265	86.67	84.0231	83.4518	138.755	129.608	133.03	109.428	135.557	119.881	133.138	
75	1	1	1	1	1	1	1	89.2773	82.2957	55.8656	82.2299	81.5027	77.679	78.3263	86.6698	84.0229	83.4515	138.754	129.607	133.03	109.427	135.557	119.881	133.137	
76	1	1	1	1	1	1	1	89.2772	82.2955	55.8654	82.2297	81.5026	77.6788	78.3261	86.6696	84.0227	83.4513	138.753	129.607	133.029	109.427	135.557	119.881	133.137	
77	1	1	1	1	1	1	1	89.277	82.2954	55.8653	82.2295	81.5025	77.6785	78.3259	86.6695	84.0225	83.451	138.752	129.607	133.029	109.427	135.557	119.881	133.137	
78	1	1	1	1	1	1	1	89.2768	82.2952	55.8652	82.2293	81.5024	77.6782	78.3257	86.6693	84.0223	83.4508	138.751	129.607	133.029	109.427	135.556	119.88	133.137	
79	1	1	1	1	1	1	1	89.2767	82.295	55.865	82.229	81.5022	77.6779	78.3255	86.6692	84.0221	83.4505	138.75	129.606	133.029	109.427	135.556	119.88	133.137	
80	1	1	1	1	1	1	1	89.2765	82.2948	55.8649	82.2288	81.5021	77.6776	78.3253	86.669	84.0219	83.4502	138.749	129.606	133.028	109.426	135.556	119.88	133.136	
81	1	1	1	1	1	1	1	89.2764	82.2946	55.8647	82.2286	81.502	77.6773	78.3251	86.6688	84.0217	83.45	138.748	129.606	133.028	109.426	135.556	119.88	133.136	
82	1	1	1	1	1	1	1	89.2762	82.2944	55.8646	82.2284	81.5018	77.6771	78.3249	86.6687	84.0215	83.4497	138.747	129.606	133.028	109.426	135.555	119.879	133.136	
83	1	1	1	1	1	1	1	89.2761	82.2943	55.8644	82.2282	81.5017	77.6768	78.3247	86.6685	84.0213	83.4494	138.746	129.606	133.028	109.426	135.555	119.879	133.136	
84	1	1	1	1	1	1	1	89.2759	82.2941	55.8643	82.228	81.5015	77.6765	78.3245	86.6683	84.0211	83.4492	138.745	129.605	133.027	109.426	135.555	119.879	133.136	
85	1	1	1	1	1	1	1	89.2757	82.2939	55.8641	82.2278	81.5014	77.6762	78.3243	86.6682	84.0209	83.4489	138.744	129.605	133.027	109.425	135.555	119.879	133.135	
86	1	1	1	1	1	1	1	89.2756	82.2937	55.864	82.2275	81.5013	77.6759	78.324	86.668	84.0207	83.4486	138.743	129.605	133.027	109.425	135.554	119.878	133.135	
87	1	1	1	1	1	1	1	89.2754	82.2935	55.8638	82.2273	81.5011	77.6756	78.3238	86.6678	84.0205	83.4483	138.741	129.605	133.027	109.425	135.554	119.878	133.135	
88	1	1	1	1	1	1	1	89.2752	82.2933	55.8637	82.2271	81.501	77.6752	78.3236	86.6676	84.0202	83.448	138.74	129.605	133.026	109.425	135.554	119.878	133.135	
89	1	1	1	1	1	1	1	89.2751	82.2931	55.8635	82.2269	81.5008	77.6749	78.3234	86.6675	84.02	83.4478	138.739	129.604	133.026	109.424	135.553	119.878	133.135	
90	1	1	1	1	1	1	1	89.2749	82.2929	55.8634	82.2266	81.5007	77.6746	78.3232	86.6673	84.0198	83.4475	138.738	129.604	133.026	109.424	135.553	119.877	133.134	
91	1	1	1	1	1	1	1	89.2747	82.2927	55.8632	82.2264	81.5005	77.6743	78.323	86.6671	84.0196	83.4472	138.737	129.604	133.026	109.424	135.553	119.877	133.134	
92	1	1	1	1	1	1	1	89.2745	82.2925	55.8631	82.2262	81.5004	77.674	78.3227	86.6669	84.0193	83.4469	138.736	129.604	133.025	109.424	135.553	119.877	133.134	
93	1	1	1	1	1	1	1	89.2744	82.2923	55.8629	82.2259	81.5002	77.6737	78.3225	86.6667	84.0191	83.4466	138.735	129.603	133.025	109.424	135.552	119.877	133.134	
94	1	1	1	1	1	1	1	89.2742	82.2921	55.8627	82.2257	81.5001	77.6733	78.3223	86.6665	84.0189	83.4463	138.734	129.603	133.025	109.423	135.552	119.876	133.134	
95	1	1	1	1	1	1	1	89.274	82.2919	55.8626	82.2254	81.4999	77.673	78.322	86.6664	84.0186	83.446	138.732	129.603	133.025	109.423	135.552	119.876	133.133	
96	1	1	1	1	1	1	1	89.2738	82.2917	55.8624	82.2252	81.4998	77.6727	78.3218	86.6662	84.0184	83.4457	138.731	129.603	133.024	109.423	135.551	119.876	133.133	
97	1	1	1	1	1	1	1	89.2736	82.2914	55.8622	82.2249	81.4996	77.6723	78.3216	86.666	84.0181	83.4454	138.73	129.602	133.024	109.423	135.551	119.876	133.133	
98	1	1	1	1	1	1	1	89.2734	82.2912	55.8621	82.2247	81.4994	77.672	78.3213	86.6658	84.0179	83.445	138.729	129.602	133.024	109.422	135.551	119.875	133.133	
99	1	1	1	1	1	1	1	89.2733	82.291	55.8619	82.2244	81.4993	77.6716	78.3211	86.6656	84.0176	83.4447	138.728	129.602	133.023	109.422	135.551	119.875	133.132	
100	1	1	1	1	1	1	1	89.2731	82.2908	55.8617	82.2242	81.4991	77.6713	78.3208	86.6654	84.0174	83.4444	138.727	129.602	133.023	109.422	135.55	119.875	133.132	
101	1	1	1	1	1	1	1	89.2729	82.2906	55.8616	82.2239	81.4989	77.6709	78.3206	86.6652	84.0171	83.4441	138.725	129.601	133.023	109.422	135.55	119.874	133.132	
102	1	1	1	1	1	1	1	89.2727	82.2903	55.8614	82.2237	81.4988	77.6706	78.3204	86.665	84.0169	83.4438	138.724	129.601	133.023	109.421	135.55	119.874	133.132	
103	1	1	1	1	1	1	1	89.2725	82.2901	55.8612	82.2234	81.4986	77.6702	78.3201	86.6648	84.0166	83.4434	138.723	129.601	133.022	109.421	135.549	119.874	133.131	
104	1	1	1	1	1	1	1	89.2723	82.2899	55.861	82.2231	81.4984	77.6699	78.3198	86.6646	84.0164	83.4431	138.721	129.601	133.022	109.421	135.549	119.874	133.131	
105	1	1	1	1	1	1	1	89.2721	82.2897	55.8608	82.2229	81.4983	77.6695	78.3196	86.6644	84.0161	83.4428	138.72	129.6	133.022	109.42	135.549	119.873	133.131	
106	1	1	1	1	1	1	1	89.2719	82.2894	55.8606	82.2226	81.4981	77.6691	78.3193	86.6641	84.0158	83.4424	138.719	129.6	133.021	109.42	135.548	119.873	133.131	
107	1	1	1	1	1	1	1	89.2717	82.2892	55.8605	82.2223	81.4979	77.6687	78.3191	86.6639	84.0156	83.4421	138.718	129.6	133.021	109.42	135.548	119.873	133.13	
108	1	1	1	1	1	1	1	89.2715	82.2889	55.8603	82.222	81.4977	77.6684	78.3188	86.6637	84.0153	83.4417	138.716	129.599	133.021	109.42	135.548	119.872	133.13	
109	1	1	1	1	1	1	1	89.2713	82.2887	55.8601	82.2218	81.4976	77.668	78.3185	86.6635	84.015	83.4414	138.715	129.599	133.02	109.419	135.547	119.872	133.13	
110	1	1	1	1	1	1	1	89.2711	82.2885	55.8599	82.2215	81.4974	77.6676	78.3183	86.6633	84.0148	83.441	138.714	129.599	133.02	109.419	135.547	119.872	133.13	
111	1	1	1	1	1	1	1	89.2708	82.2882	55.8597	82.2212	81.4972	77.6672	78.318	86.663	84.0145	83.4407	138.712	129.599	133.02	109.419	135.547	119.871	133.129	
112	1	1	1	1	1	1	1	89.2706	82.288	55.8595	82.2209	81.497	77.6668	78.3177	86.6628	84.0142	83.4403	138.711	129.598	133.019	109.419	135.546	119.871	133.129	
113	1	1	1	1	1	1	1	89.2704	82.2877	55.8593	82.2206	81.4968	77.6664	78.3174	86.6626	84.0139	83.4399	138.709	129.598	133.019	109.418	135.546	119.871	133.129	
114	1	1	1	1	1	1	1	89.2702	82.2875	55.8591	82.2203	81.4966	77.666	78.3172	86.6624	84.0136	83.4396	138.708	129.598	133.019	109.418	135.546	119.87	133.129	
115	1	1	1	1	1	1	1	89.27	82.2872	55.8589	82.22	81.4964	77.6656	78.3169	86.6621	84.0133	83.4392	138.707	129.597	133.018	109.418	135.545	119.87	133.128	
116	1	1	1	1	1	1	1	89.2697	82.2869	55.8587	82.2197	81.4963	77.6652	78.3166	86.6619	84.013	83.4388	138.705	129.597	133.018	109.417	135.545	119.87	133.128	
117	1	1	1	1	1	1	1	89.2695	82.2867	55.8585	82.2194	81.4961	77.6648	78.3163	86.6617	84.0128	83.4384	138.704	129.597	133.018	109.417	135.545	119.869	133.128	
118	1	1	1	1	1	1	1	89.2693	82.2864	55.8583	82.2191	81.4959	77.6644	78.316	86.6614	84.0125	83.438	138.702	129.596	133.017	109.417	135.544	119.869	133.128	
119	1	1	1	1	1	1	1	89.2691	82.2861	55.8581	82.2188	81.4957	77.664	78.3157	86.6612	84.0121	83.4377	138.701	129.596	133.017	109.416	135.544	119.869	133.127	
120	1	1	1	1	1	1	1	89.2688	82.2859	55.8579	82.2185	81.4955	77.6635	78.3154	86.6609	84.0118	83.4373	138.699	129.596	133.017	109.416	135.544	119.868	133.127	
121	1	1	1	1	1	1	1	89.2686	82.2856	55.8576	82.2182	81.4953	77.6631	78.3151	86.6607	84.0115	83.4369	138.698	129.596	133.016	109.416	135.543	119.868	133.127	
122	1	1	1	1	1	1	1	89.2683	82.2853	55.8574	82.2179	81.4951	77.6627	78.3148	86.6604	84.0112	83.4365	138.696	129.595	133.016	109.415	135.543	119.868	133.126	
123	1	1	1	1	1	1	1	89.2681	82.285	55.8572	82.2175	81.4949	77.6622	78.3145	86.6602	84.0109	83.4361	138.695	129.595	133.015	109.415	135.542	119.867	133.126	
124	1	1	1	1	1	1	1	89.2679	82.2848	55.857	82.2172	81.4946	77.6618	78.3142	86.6599	84.0106	83.4357	138.693	129.595	133.015	109.415	135.542	119.867	133.126	
125	1	1	1	1	1	1	1	89.2676	82.2845	55.8568	82.2169	81.4944	77.6613	78.3139	86.6597	84.0103	83.4352	138.692	129.594	133.015	109.414	135.542	119.867	133.125	
126	1	1	1	1	1	1	1	89.2674	82.2842	55.8565	82.2166	81.4942	77.6609	78.3136	86.6594	84.0099	83.4348	138.69	129.594	133.014	109.414	135.541	119.866	133.125	
127	1	1	1	1	1	1	1	89.2671	82.2839	55.8563	82.2162	81.494	77.6604	78.3132	86.6592	84.0096	83.4344	138.688	129.594	133.014	109.414	135.541	119.866	133.125	
128	1	1	1	1	1	1	1	89.2669	82.2836	55.8561	82.2159	81.4938	77.66	78.3129	86.6589	84.0093	83.434	138.687	129.593	133.014	109.413	135.54	119.865	133.125	
129	1	1	1	1	1	1	1	89.2666	82.2833	55.8558	82.2155	81.4936	77.6595	78.3126	86.6586	84.009	83.4335	138.685	129.593	133.013	109.413	135.54	119.865	133.124	
130	1	1	1	1	1	1	1	89.2664	82.283	55.8556	82.2152	81.4933	77.659	78.3123	86.6584	84.0086	83.4331	138.683	129.592	133.013	109.413	135.54	119.865	133.124	
131	1	1	1	1	1	1	1	89.2661	82.2827	55.8554	82.2148	81.4931	77.6585	78.3119	86.6581	84.0083	83.4327	138.682	129.592	133.012	109.412	135.539	119.864	133.124	
132	1	1	1	1	1	1	1	89.2658	82.2824	55.8551	82.2145	81.4929	77.6581	78.3116	86.6578	84.0079	83.4322	138.68	129.592	133.012	109.412	135.539	119.864	133.123	
133	1	1	1	1	1	1	1	89.2656	82.2821	55.8549	82.2141	81.4927	77.6576	78.3112	86.6575	84.0076	83.4318	138.678	129.591	133.012	109.412	135.538	119.863	133.123	
134	1	1	1	1	1	1	1	89.2653	82.2818	55.8546	82.2138	81.4924	77.6571	78.3109	86.6573	84.0072	83.4313	138.677	129.591	133.011	109.411	135.538	119.863	133.123	
135	1	1	1	1	1	1	1	89.265	82.2815	55.8544	82.2134	81.4922	77.6566	78.3106	86.657	84.0069	83.4309	138.675	129.591	133.011	109.411	135.537	119.863	133.122	
136	1	1	1	1	1	1	1	89.2647	82.2811	55.8541	82.2131	81.492	77.6561	78.3102	86.6567	84.0065	83.4304	138.673	129.59	133.01	109.411	135.537	119.862	133.122	
137	1	1	1	1	1	1	1	89.2645	82.2808	55.8539	82.2127	81.4917	77.6556	78.3099	86.6564	84.0062	83.4299	138.671	129.59	133.01	109.41	135.537	119.862	133.122	
138	1	1	1	1	1	1	1	89.2642	82.2805	55.8536	82.2123	81.4915	77.6551	78.3095	86.6561	84.0058	83.4295	138.67	129.59	133.009	109.41	135.536	119.861	133.121	
139	1	1	1	1	1	1	1	89.2639	82.2802	55.8534	82.2119	81.4913	77.6546	78.3091	86.6558	84.0054	83.429	138.668	129.589	133.009	109.409	135.536	119.861	133.121	
140	1	1	1	1	1	1	1	89.2636	82.2798	55.8531	82.2115	81.491	77.654	78.3088	86.6555	84.0051	83.4285	138.666	129.589	133.009	109.409	135.535	119.861	133.121	
141	1	1	1	1	1	1	1	89.2633	82.2795	55.8529	82.2112	81.4908	77.6535	78.3084	86.6552	84.0047	83.428	138.664	129.588	133.008	109.409	135.535	119.86	133.12	
142	1	1	1	1	1	1	1	89.263	82.2792	55.8526	82.2108	81.4905	77.653	78.308	86.6549	84.0043	83.4275	138.662	129.588	133.008	109.408	135.534	119.86	133.12	
143	1	1	1	1	1	1	1	89.2627	82.2788	55.8523	82.2104	81.4903	77.6524	78.3076	86.6546	84.0039	83.4271	138.66	129.588	133.007	109.408	135.534	119.859	133.12	
144	1	1	1	1	1	1	1	89.2624	82.2785	55.852	82.21	81.49	77.6519	78.3073	86.6543	84.0035	83.4266	138.658	129.587	133.007	109.408	135.533	119.859	133.119	
145	1	1	1	1	1	1	1	89.2621	82.2781	55.8518	82.2096	81.4897	77.6513	78.3069	86.654	84.0031	83.426	138.656	129.587	133.006	109.407	135.533	119.858	133.119	
146	1	1	1	1	1	1	1	89.2618	82.2778	55.8515	82.2092	81.4895	77.6508	78.3065	86.6537	84.0027	83.4255	138.654	129.586	133.006	109.407	135.532	119.858	133.118	
147	1	1	1	1	1	1	1	89.2615	82.2774	55.8512	82.2088	81.4892	77.6502	78.3061	86.6533	84.0023	83.425	138.653	129.586	133.005	109.406	135.532	119.857	133.118	
148	1	1	1	1	1	1	1	89.2612	82.2771	55.8509	82.2083	81.489	77.6497	78.3057	86.653	84.0019	83.4245	138.651	129.586	133.005	109.406	135.531	119.857	133.118	
149	1	1	1	1	1	1	1	89.2609	82.2767	55.8506	82.2079	81.4887	77.6491	78.3053	86.6527	84.0015	83.424	138.649	129.585	133.004	109.405	135.531	119.856	133.117	
150	1	1	1	1	1	1	1	89.2606	82.2763	55.8504	82.2075	81.4884	77.6485	78.3049	86.6524	84.0011	83.4234	138.646	129.585	133.004	109.405	135.53	119.856	133.117	
151	1	1	1	1	1	1	1	89.2603	82.276	55.8501	82.2071	81.4881	77.6479	78.3045	86.652	84.0007	83.4229	138.644	129.584	133.003	109.405	135.53	119.856	133.117	
152	1	1	1	1	1	1	1	89.2599	82.2756	55.8498	82.2066	81.4879	77.6473	78.3041	86.6517	84.0003	83.4224	138.642	129.584	133.003	109.404	135.529	119.855	133.116	
153	1	1	1	1	1	1	1	89.2596	82.2752	55.8495	82.2062	81.4876	77.6467	78.3037	86.6514	83.9998	83.4218	138.64	129.583	133.002	109.404	135.529	119.855	133.116	
154	1	1	1	1	1	1	1	89.2593	82.2748	55.8492	82.2058	81.4873	77.6461	78.3032	86.651	83.9994	83.4213	138.638	129.583	133.002	109.403	135.528	119.854	133.115	
155	1	1	1	1	1	1	1	89.259	82.2745	55.8489	82.2053	81.487	77.6455	78.3028	86.6507	83.999	83.4207	138.636	129.583	133.001	109.403	135.528	119.854	133.115	
156	1	1	1	1	1	1	1	89.2586	82.2741	55.8486	82.2049	81.4867	77.6449	78.3024	86.6503	83.9985	83.4201	138.634	129.582	133.001	109.402	135.527	119.853	133.115	
157	1	1	1	1	1	1	1	89.2583	82.2737	55.8482	82.2044	81.4865	77.6443	78.302	86.65	83.9981	83.4196	138.632	129.582	133	109.402	135.527	119.853	133.114	
158	1	1	1	1	1	1	1	89.2579	82.2733	55.8479	82.204	81.4862	77.6437	78.3015	86.6496	83.9977	83.419	138.629	129.581	133	109.401	135.526	119.852	133.114	
159	1	1	1	1	1	1	1	89.2576	82.2729	55.8476	82.2035	81.4859	77.643	78.3011	86.6492	83.9972	83.4184	138.627	129.581	132.999	109.401	135.526	119.852	133.113	
160	1	1	1	1	1	1	1	89.2572	82.2725	55.8473	82.203	81.4856	77.6424	78.3006	86.6489	83.9967	83.4178	138.625	129.58	132.999	109.401	135.525	119.851	133.113	
161	1	1	1	1	1	1	1	89.2569	82.2721	55.847	82.2026	81.4853	77.6418	78.3002	86.6485	83.9963	83.4172	138.623	129.58	132.998	109.4	135.525	119.85	133.112	
162	1	1	1	1	1	1	1	89.2565	82.2716	55.8466	82.2021	81.485	77.6411	78.2997	86.6481	83.9958	83.4166	138.62	129.579	132.998	109.4	135.524	119.85	133.112	
163	1	1	1	1	1	1	1	89.2562	82.2712	55.8463	82.2016	81.4846	77.6405	78.2993	86.6478	83.9953	83.416	138.618	129.579	132.997	109.399	135.523	119.849	133.112	
164	1	1	1	1	1	1	1	89.2558	82.2708	55.846	82.2011	81.4843	77.6398	78.2988	86.6474	83.9949	83.4154	138.616	129.578	132.997	109.399	135.523	119.849	133.111	
165	1	1	1	1	1	1	1	89.2554	82.2704	55.8456	82.2006	81.484	77.6391	78.2983	86.647	83.9944	83.4148	138.613	129.578	132.996	109.398	135.522	119.848	133.111	
166	1	1	1	1	1	1	1	89.2551	82.2699	55.8453	82.2001	81.4837	77.6384	78.2979	86.6466	83.9939	83.4142	138.611	129.577	132.995	109.398	135.522	119.848	133.11	
167	1	1	1	1	1	1	1	89.2547	82.2695	55.845	82.1996	81.4834	77.6377	78.2974	86.6462	83.9934	83.4135	138.609	129.577	132.995	109.397	135.521	119.847	133.11	
168	1	1	1	1	1	1	1	89.2543	82.2691	55.8446	82.1991	81.4831	77.6371	78.2969	86.6458	83.9929	83.4129	138.606	129.576	132.994	109.397	135.52	119.847	133.109	
169	1	1	1	1	1	1	1	89.2539	82.2686	55.8443	82.1986	81.4827	77.6364	78.2964	86.6454	83.9924	83.4123	138.604	129.576	132.994	109.396	135.52	119.846	133.109	
170	1	1	1	1	1	1	1	89.2535	82.2682	55.8439	82.1981	81.4824	77.6356	78.2959	86.645	83.9919	83.4116	138.601	129.575	132.993	109.396	135.519	119.845	133.108	
171	1	1	1	1	1	1	1	89.2531	82.2677	55.8435	82.1976	81.4821	77.6349	78.2954	86.6446	83.9914	83.4109	138.599	129.575	132.993	109.395	135.519	119.845	133.108	
172	1	1	1	1	1	1	1	89.2527	82.2673	55.8432	82.197	81.4817	77.6342	78.2949	86.6442	83.9909	83.4103	138.596	129.574	132.992	109.395	135.518	119.844	133.107	
173	1	1	1	1	1	1	1	89.2523	82.2668	55.8428	82.1965	81.4814	77.6335	78.2944	86.6438	83.9904	83.4096	138.594	129.574	132.991	109.394	135.517	119.844	133.107	
174	1	1	1	1	1	1	1	89.2519	82.2663	55.8424	82.196	81.4811	77.6327	78.2939	86.6434	83.9899	83.4089	138.591	129.573	132.991	109.393	135.517	119.843	133.106	
175	1	1	1	1	1	1	1	89.2515	82.2659	55.8421	82.1954	81.4807	77.632	78.2934	86.6429	83.9893	83.4083	138.588	129.572	132.99	109.393	135.516	119.842	133.106	
176	1	1	1	1	1	1	1	89.2511	82.2654	55.8417	82.1949	81.4804	77.6313	78.2928	86.6425	83.9888	83.4076	138.586	129.572	132.989	109.392	135.515	119.842	133.105	
177	1	1	1	1	1	1	1	89.2507	82.2649	55.8413	82.1943	81.48	77.6305	78.2923	86.6421	83.9882	83.4069	138.583	129.571	132.989	109.392	135.515	119.841	133.105	
178	1	1	1	1	1	1	1	89.2503	82.2644	55.8409	82.1938	81.4796	77.6297	78.2918	86.6416	83.9877	83.4062	138.58	129.571	132.988	109.391	135.514	119.841	133.104	
179	1	1	1	1	1	1	1	89.2498	82.2639	55.8405	82.1932	81.4793	77.629	78.2912	86.6412	83.9871	83.4054	138.578	129.57	132.988	109.391	135.513	119.84	133.104	
180	1	1	1	1	1	1	1	89.2494	82.2634	55.8401	82.1926	81.4789	77.6282	78.2907	86.6407	83.9866	83.4047	138.575	129.57	132.987	109.39	135.513	119.839	133.103	
181	1	1	1	1	1	1	1	89.249	82.2629	55.8397	82.192	81.4785	77.6274	78.2901	86.6403	83.986	83.404	138.572	129.569	132.986	109.39	135.512	119.839	133.103	
182	1	1	1	1	1	1	1	89.2485	82.2624	55.8393	82.1915	81.4782	77.6266	78.2896	86.6398	83.9855	83.4033	138.569	129.568	132.986	109.389	135.511	119.838	133.102	
183	1	1	1	1	1	1	1	89.2481	82.2619	55.8389	82.1909	81.4778	77.6258	78.289	86.6394	83.9849	83.4025	138.566	129.568	132.985	109.388	135.511	119.837	133.102	
184	1	1	1	1	1	1	1	89.2476	82.2614	55.8385	82.1903	81.4774	77.625	78.2884	86.6389	83.9843	83.4018	138.564	129.567	132.984	109.388	135.51	119.837	133.101	
185	1	1	1	1	1	1	1	89.2472	82.2609	55.8381	82.1897	81.477	77.6241	78.2879	86.6384	83.9837	83.401	138.561	129.567	132.983	109.387	135.509	119.836	133.101	
186	1	1	1	1	1	1	1	89.2467	82.2603	55.8377	82.1891	81.4766	77.6233	78.2873	86.638	83.9831	83.4002	138.558	129.566	132.983	109.387	135.508	119.835	133.1	
187	1	1	1	1	1	1	1	89.2463	82.2598	55.8373	82.1885	81.4763	77.6225	78.2867	86.6375	83.9825	83.3995	138.555	129.565	132.982	109.386	135.508	119.835	133.1	
188	1	1	1	1	1	1	1	89.2458	82.2593	55.8368	82.1878	81.4759	77.6216	78.2861	86.637	83.9819	83.3987	138.552	129.565	132.981	109.385	135.507	119.834	133.099	
189	1	1	1	1	1	1	1	89.2453	82.2587	55.8364	82.1872	81.4755	77.6208	78.2855	86.6365	83.9813	83.3979	138.549	129.564	132.981	109.385	135.506	119.833	133.098	
190	1	1	1	1	1	1	1	89.2449	82.2582	55.836	82.1866	81.4751	77.6199	78.2849	86.636	83.9807	83.3971	138.546	129.564	132.98	109.384	135.505	119.833	133.098	
191	1	1	1	1	1	1	1	89.2444	82.2576	55.8355	82.1859	81.4747	77.619	78.2843	86.6355	83.9801	83.3963	138.543	129.563	132.979	109.383	135.505	119.832	133.097	
192	1	1	1	1	1	1	1	89.2439	82.2571	55.8351	82.1853	81.4742	77.6181	78.2837	86.635	83.9794	83.3955	138.539	129.562	132.978	109.383	135.504	119.831	133.097	
193	1	1	1	1	1	1	1	89.2434	82.2565	55.8346	82.1846	81.4738	77.6172	78.283	86.6345	83.9788	83.3947	138.536	129.562	132.978	109.382	135.503	119.83	133.096	
194	1	1	1	1	1	1	1	89.2429	82.2559	55.8342	82.184	81.4734	77.6163	78.2824	86.634	83.9782	83.3938	138.533	129.561	132.977	109.381	135.502	119.83	133.095	
195	1	1	1	1	1	1	1	89.2424	82.2553	55.8337	82.1833	81.473	77.6154	78.2818	86.6335	83.9775	83.393	138.53	129.56	132.976	109.381	135.502	119.829	133.095	
196	1	1	1	1	1	1	1	89.2419	82.2547	55.8332	82.1826	81.4726	77.6145	78.2811	86.6329	83.9768	83.3921	138.527	129.56	132.975	109.38	135.501	119.828	133.094	
197	1	1	1	1	1	1	1	89.2414	82.2542	55.8328	82.182	81.4721	77.6136	78.2805	86.6324	83.9762	83.3913	138.523	129.559	132.975	109.379	135.5	119.827	133.094	
198	1	1	1	1	1	1	1	89.2409	82.2536	55.8323	82.1813	81.4717	77.6126	78.2798	86.6319	83.9755	83.3904	138.52	129.558	132.974	109.379	135.499	119.827	133.093	
199	1	1	1	1	1	1	1	89.2403	82.253	55.8318	82.1806	81.4712	77.6117	78.2792	86.6313	83.9748	83.3896	138.517	129.557	132.973	109.378	135.498	119.826	133.092	
200	1	1	1	1	1	1	1	89.2398	82.2524	55.8313	82.1799	81.4708	77.6107	78.2785	86.6308	83.9742	83.3887	138.513	129.557	132.972	109.377	135.497	119.825	133.092	
201	1	1	1	1	1	1	1	89.2393	82.2517	55.8308	82.1792	81.4703	77.6098	78.2778	86.6302	83.9735	83.3878	138.51	129.556	132.971	109.377	135.497	119.824	133.091	
202	1	1	1	1	1	1	1	89.2387	82.2511	55.8303	82.1785	81.4699	77.6088	78.2771	86.6297	83.9728	83.3869	138.506	129.555	132.971	109.376	135.496	119.823	133.09	
203	1	1	1	1	1	1	1	89.2382	82.2505	55.8298	82.1777	81.4694	77.6078	78.2764	86.6291	83.9721	83.386	138.503	129.555	132.97	109.375	135.495	119.823	133.09	
204	1	1	1	1	1	1	1	89.2376	82.2499	55.8293	82.177	81.469	77.6068	78.2758	86.6285	83.9714	83.3851	138.499	129.554	132.969	109.374	135.494	119.822	133.089	
205	1	1	1	1	1	1	1	89.2371	82.2492	55.8288	82.1763	81.4685	77.6058	78.275	86.628	83.9706	83.3841	138.496	129.553	132.968	109.374	135.493	119.821	133.088	
206	1	1	1	1	1	1	1	89.2365	82.2486	55.8283	82.1755	81.468	77.6048	78.2743	86.6274	83.9699	83.3832	138.492	129.552	132.967	109.373	135.492	119.82	133.088	
207	1	1	1	1	1	1	1	89.2359	82.2479	55.8278	82.1748	81.4676	77.6038	78.2736	86.6268	83.9692	83.3822	138.489	129.552	132.966	109.372	135.491	119.819	133.087	
208	1	1	1	1	1	1	1	89.2354	82.2472	55.8273	82.174	81.4671	77.6027	78.2729	86.6262	83.9684	83.3813	138.485	129.551	132.965	109.371	135.49	119.818	133.086	
209	1	1	1	1	1	1	1	89.2348	82.2466	55.8267	82.1733	81.4666	77.6017	78.2722	86.6256	83.9677	83.3803	138.481	129.55	132.965	109.371	135.489	119.818	133.086	
210	1	1	1	1	1	1	1	89.2342	82.2459	55.8262	82.1725	81.4661	77.6006	78.2714	86.625	83.9669	83.3793	138.478	129.549	132.964	109.37	135.489	119.817	133.085	
211	1	1	1	1	1	1	1	89.2336	82.2452	55.8256	82.1717	81.4656	77.5995	78.2707	86.6244	83.9662	83.3784	138.474	129.548	132.963	109.369	135.488	119.816	133.084	
212	1	1	1	1	1	1	1	89.233	82.2445	55.8251	82.1709	81.4651	77.5985	78.2699	86.6238	83.9654	83.3774	138.47	129.548	132.962	109.368	135.487	119.815	133.083	
213	1	1	1	1	1	1	1	89.2324	82.2438	55.8245	82.1701	81.4646	77.5974	78.2692	86.6231	83.9646	83.3764	138.466	129.547	132.961	109.367	135.486	119.814	133.083	
214	1	1	1	1	1	1	1	89.2318	82.2431	55.824	82.1693	81.4641	77.5963	78.2684	86.6225	83.9638	83.3753	138.462	129.546	132.96	109.367	135.485	119.813	133.082	
215	1	1	1	1	1	1	1	89.2312	82.2424	55.8234	82.1685	81.4636	77.5951	78.2676	86.6219	83.963	83.3743	138.458	129.545	132.959	109.366	135.484	119.812	133.081	
216	1	1	1	1	1	1	1	89.2306	82.2417	55.8228	82.1677	81.463	77.594	78.2668	86.6212	83.9622	83.3733	138.454	129.544	132.958	109.365	135.483	119.811	133.08	
217	1	1	1	1	1	1	1	89.2299	82.241	55.8223	82.1668	81.4625	77.5929	78.266	86.6206	83.9614	83.3722	138.45	129.544	132.957	109.364	135.482	119.81	133.08	
218	1	1	1	1	1	1	1	89.2293	82.2403	55.8217	82.166	81.462	77.5917	78.2652	86.6199	83.9606	83.3712	138.446	129.543	132.956	109.363	135.481	119.809	133.079	
219	1	1	1	1	1	1	1	89.2286	82.2395	55.8211	82.1651	81.4614	77.5906	78.2644	86.6192	83.9598	83.3701	138.442	129.542	132.955	109.362	135.48	119.808	133.078	
220	1	1	1	1	1	1	1	89.228	82.2388	55.8205	82.1643	81.4609	77.5894	78.2636	86.6186	83.959	83.369	138.438	129.541	132.954	109.362	135.479	119.807	133.077	
221	1	1	1	1	1	1	1	89.2273	82.238	55.8199	82.1634	81.4603	77.5882	78.2628	86.6179	83.9581	83.3679	138.434	129.54	132.953	109.361	135.478	119.806	133.077	
222	1	1	1	1	1	1	1	89.2267	82.2373	55.8193	82.1625	81.4598	77.587	78.2619	86.6172	83.9573	83.3668	138.429	129.539	132.952	109.36	135.477	119.806	133.076	
223	1	1	1	1	1	1	1	89.226	82.2365	55.8186	82.1617	81.4592	77.5858	78.2611	86.6165	83.9564	83.3657	138.425	129.538	132.951	109.359	135.476	119.805	133.075	
224	1	1	1	1	1	1	1	89.2253	82.2357	55.818	82.1608	81.4587	77.5846	78.2602	86.6158	83.9555	83.3646	138.421	129.537	132.95	109.358	135.475	119.804	133.074	
225	1	1	1	1	1	1	1	89.2246	82.2349	55.8174	82.1599	81.4581	77.5833	78.2594	86.6151	83.9547	83.3634	138.416	129.536	132.949	109.357	135.473	119.803	133.073	
226	1	1	1	1	1	1	1	89.224	82.2341	55.8167	82.159	81.4575	77.5821	78.2585	86.6144	83.9538	83.3623	138.412	129.536	132.948	109.356	135.472	119.801	133.073	
227	1	1	1	1	1	1	1	89.2233	82.2333	55.8161	82.158	81.4569	77.5808	78.2576	86.6137	83.9529	83.3611	138.407	129.535	132.947	109.355	135.471	119.8	133.072	
228	1	1	1	1	1	1	1	89.2225	82.2325	55.8155	82.1571	81.4563	77.5796	78.2567	86.6129	83.952	83.3599	138.403	129.534	132.946	109.354	135.47	119.799	133.071	
229	1	1	1	1	1	1	1	89.2218	82.2317	55.8148	82.1562	81.4557	77.5783	78.2558	86.6122	83.9511	83.3588	138.398	129.533	132.945	109.353	135.469	119.798	133.07	
230	1	1	1	1	1	1	1	89.2211	82.2309	55.8141	82.1552	81.4551	77.577	78.2549	86.6115	83.9501	83.3576	138.394	129.532	132.944	109.353	135.468	119.797	133.069	
231	1	1	1	1	1	1	1	89.2204	82.23	55.8135	82.1543	81.4545	77.5757	78.254	86.6107	83.9492	83.3564	138.389	129.531	132.943	109.352	135.467	119.796	133.068	
232	1	1	1	1	1	1	1	89.2196	82.2292	55.8128	82.1533	81.4539	77.5743	78.2531	86.61	83.9483	83.3551	138.384	129.53	132.942	109.351	135.466	119.795	133.067	
233	1	1	1	1	1	1	1	89.2189	82.2283	55.8121	82.1523	81.4533	77.573	78.2521	86.6092	83.9473	83.3539	138.38	129.529	132.941	109.35	135.464	119.794	133.066	
234	1	1	1	1	1	1	1	89.2181	82.2275	55.8114	82.1513	81.4527	77.5716	78.2512	86.6084	83.9463	83.3527	138.375	129.528	132.939	109.349	135.463	119.793	133.066	
235	1	1	1	1	1	1	1	89.2174	82.2266	55.8107	82.1503	81.452	77.5703	78.2502	86.6076	83.9454	83.3514	138.37	129.527	132.938	109.348	135.462	119.792	133.065	
236	1	1	1	1	1	1	1	89.2166	82.2257	55.81	82.1493	81.4514	77.5689	78.2493	86.6068	83.9444	83.3501	138.365	129.526	132.937	109.347	135.461	119.791	133.064	
237	1	1	1	1	1	1	1	89.2158	82.2248	55.8093	82.1483	81.4508	77.5675	78.2483	86.606	83.9434	83.3488	138.36	129.525	132.936	109.346	135.46	119.789	133.063	
238	1	1	1	1	1	1	1	89.2151	82.2239	55.8085	82.1473	81.4501	77.5661	78.2473	86.6052	83.9424	83.3475	138.355	129.524	132.935	109.345	135.458	119.788	133.062	
239	1	1	1	1	1	1	1	89.2143	82.223	55.8078	82.1462	81.4495	77.5646	78.2463	86.6044	83.9414	83.3462	138.35	129.523	132.934	109.343	135.457	119.787	133.061	
240	1	1	1	1	1	1	1	89.2135	82.2221	55.8071	82.1452	81.4488	77.5632	78.2453	86.6036	83.9404	83.3449	138.345	129.522	132.932	109.342	135.456	119.786	133.06	
241	1	1	1	1	1	1	1	89.2127	82.2212	55.8063	82.1441	81.4481	77.5618	78.2443	86.6028	83.9393	83.3436	138.34	129.521	132.931	109.341	135.455	119.785	133.059	
242	1	1	1	1	1	1	1	89.2118	82.2203	55.8056	82.1431	81.4474	77.5603	78.2433	86.6019	83.9383	83.3422	138.335	129.519	132.93	109.34	135.453	119.784	133.058	
243	1	1	1	1	1	1	1	89.211	82.2193	55.8048	82.142	81.4468	77.5588	78.2422	86.6011	83.9372	83.3408	138.329	129.518	132.929	109.339	135.452	119.782	133.057	
244	1	1	1	1	1	1	1	89.2102	82.2184	55.804	82.1409	81.4461	77.5573	78.2412	86.6002	83.9362	83.3395	138.324	129.517	132.927	109.338	135.451	119.781	133.056	
245	1	1	1	1	1	1	1	89.2093	82.2174	55.8033	82.1398	81.4454	77.5558	78.2401	86.5993	83.9351	83.3381	138.319	129.516	132.926	109.337	135.449	119.78	133.055	
246	1	1	1	1	1	1	1	89.2085	82.2164	55.8025	82.1387	81.4447	77.5543	78.2391	86.5985	83.934	83.3367	138.313	129.515	132.925	109.336	135.448	119.779	133.054	
247	1	1	1	1	1	1	1	89.2076	82.2154	55.8017	82.1375	81.444	77.5527	78.238	86.5976	83.9329	83.3352	138.308	129.514	132.923	109.335	135.447	119.777	133.053	
248	1	1	1	1	1	1	1	89.2068	82.2144	55.8009	82.1364	81.4432	77.5511	78.2369	86.5967	83.9318	83.3338	138.302	129.513	132.922	109.334	135.445	119.776	133.052	
249	1	1	1	1	1	1	1	89.2059	82.2134	55.8001	82.1353	81.4425	77.5496	78.2358	86.5958	83.9307	83.3323	138.297	129.512	132.921	109.332	135.444	119.775	133.051	
250	1	1	1	1	1	1	1	89.205	82.2124	55.7992	82.1341	81.4418	77.548	78.2347	86.5949	83.9296	83.3309	138.291	129.51	132.92	109.331	135.443	119.773	133.05	
251	1	1	1	1	1	1	1	89.2041	82.2114	55.7984	82.1329	81.441	77.5464	78.2336	86.594	83.9284	83.3294	138.285	129.509	132.918	109.33	135.441	119.772	133.049	
252	1	1	1	1	1	1	1	89.2032	82.2104	55.7976	82.1317	81.4403	77.5447	78.2324	86.593	83.9273	83.3279	138.279	129.508	132.917	109.329	135.44	119.771	133.048	
253	1	1	1	1	1	1	1	89.2023	82.2093	55.7967	82.1305	81.4395	77.5431	78.2313	86.5921	83.9261	83.3264	138.273	129.507	132.915	109.328	135.438	119.769	133.046	
254	1	1	1	1	1	1	1	89.2013	82.2083	55.7958	82.1293	81.4388	77.5414	78.2301	86.5911	83.9249	83.3248	138.268	129.506	132.914	109.326	135.437	119.768	133.045	
255	1	1	1	1	1	1	1	89.2004	82.2072	55.795	82.1281	81.438	77.5398	78.229	86.5902	83.9237	83.3233	138.262	129.504	132.913	109.325	135.435	119.767	133.044	
256	1	1	1	1	1	1	1	89.1995	82.2061	55.7941	82.1269	81.4372	77.5381	78.2278	86.5892	83.9225	83.3217	138.256	129.503	132.911	109.324	135.434	119.765	133.043	
257	1	1	1	1	1	1	1	89.1985	82.205	55.7932	82.1256	81.4364	77.5363	78.2266	86.5882	83.9213	83.3202	138.249	129.502	132.91	109.323	135.432	119.764	133.042	
258	1	1	1	1	1	1	1	89.1975	82.2039	55.7923	82.1244	81.4356	77.5346	78.2254	86.5872	83.9201	83.3186	138.243	129.5	132.908	109.321	135.431	119.762	133.041	
259	1	1	1	1	1	1	1	89.1966	82.2028	55.7914	82.1231	81.4348	77.5329	78.2242	86.5862	83.9189	83.3169	138.237	129.499	132.907	109.32	135.429	119.761	133.04	
260	1	1	1	1	1	1	1	89.1956	82.2017	55.7905	82.1218	81.434	77.5311	78.2229	86.5852	83.9176	83.3153	138.231	129.498	132.905	109.319	135.428	119.76	133.038	
261	1	1	1	1	1	1	1	89.1946	82.2005	55.7896	82.1205	81.4332	77.5293	78.2217	86.5842	83.9163	83.3137	138.224	129.497	132.904	109.318	135.426	119.758	133.037	
262	1	1	1	1	1	1	1	89.1936	82.1994	55.7886	82.1192	81.4324	77.5275	78.2204	86.5832	83.9151	83.312	138.218	129.495	132.902	109.316	135.425	119.757	133.036	
263	1	1	1	1	1	1	1	89.1925	82.1982	55.7877	82.1179	81.4316	77.5257	78.2192	86.5821	83.9138	83.3103	138.211	129.494	132.901	109.315	135.423	119.755	133.035	
264	1	1	1	1	1	1	1	89.1915	82.1971	55.7867	82.1165	81.4307	77.5239	78.2179	86.5811	83.9125	83.3086	138.205	129.493	132.899	109.314	135.422	119.754	133.034	
265	1	1	1	1	1	1	1	89.1905	82.1959	55.7858	82.1152	81.4299	77.522	78.2166	86.58	83.9112	83.3069	138.198	129.491	132.898	109.312	135.42	119.752	133.032	
266	1	1	1	1	1	1	1	89.1894	82.1947	55.7848	82.1138	81.429	77.5201	78.2153	86.5789	83.9098	83.3052	138.192	129.49	132.896	109.311	135.418	119.751	133.031	
267	1	1	1	1	1	1	1	89.1884	82.1935	55.7838	82.1124	81.4281	77.5182	78.214	86.5778	83.9085	83.3034	138.185	129.488	132.895	109.309	135.417	119.749	133.03	
268	1	1	1	1	1	1	1	89.1873	82.1922	55.7828	82.111	81.4273	77.5163	78.2126	86.5768	83.9071	83.3017	138.178	129.487	132.893	109.308	135.415	119.747	133.029	
269	1	1	1	1	1	1	1	89.1862	82.191	55.7818	82.1096	81.4264	77.5144	78.2113	86.5756	83.9058	83.2999	138.171	129.486	132.891	109.307	135.413	119.746	133.027	
270	1	1	1	1	1	1	1	89.1851	82.1898	55.7808	82.1082	81.4255	77.5124	78.2099	86.5745	83.9044	83.2981	138.164	129.484	132.89	109.305	135.412	119.744	133.026	
271	1	1	1	1	1	1	1	89.184	82.1885	55.7797	82.1068	81.4246	77.5104	78.2085	86.5734	83.903	83.2963	138.157	129.483	132.888	109.304	135.41	119.743	133.025	
272	1	1	1	1	1	1	1	89.1829	82.1872	55.7787	82.1053	81.4237	77.5084	78.2071	86.5722	83.9016	83.2944	138.15	129.481	132.886	109.302	135.408	119.741	133.023	
273	1	1	1	1	1	1	1	89.1818	82.1859	55.7776	82.1039	81.4227	77.5064	78.2057	86.5711	83.9001	83.2926	138.143	129.48	132.885	109.301	135.406	119.739	133.022	
274	1	1	1	1	1	1	1	89.1806	82.1846	55.7766	82.1024	81.4218	77.5044	78.2043	86.5699	83.8987	83.2907	138.135	129.478	132.883	109.299	135.405	119.738	133.021	
275	1	1	1	1	1	1	1	89.1795	82.1833	55.7755	82.1009	81.4209	77.5023	78.2029	86.5687	83.8973	83.2888	138.128	129.477	132.881	109.298	135.403	119.736	133.019	
276	1	1	1	1	1	1	1	89.1783	82.182	55.7744	82.0994	81.4199	77.5002	78.2014	86.5676	83.8958	83.2869	138.121	129.475	132.879	109.296	135.401	119.734	133.018	
277	1	1	1	1	1	1	1	89.1771	82.1807	55.7733	82.0978	81.419	77.4981	78.2	86.5664	83.8943	83.2849	138.113	129.474	132.878	109.295	135.399	119.732	133.016	
278	1	1	1	1	1	1	1	89.1759	82.1793	55.7722	82.0963	81.418	77.496	78.1985	86.5651	83.8928	83.283	138.105	129.472	132.876	109.293	135.397	119.731	133.015	
279	1	1	1	1	1	1	1	89.1747	82.1779	55.7711	82.0947	81.417	77.4939	78.197	86.5639	83.8913	83.281	138.098	129.47	132.874	109.292	135.395	119.729	133.014	
280	1	1	1	1	1	1	1	89.1735	82.1766	55.7699	82.0932	81.416	77.4917	78.1955	86.5627	83.8898	83.279	138.09	129.469	132.872	109.29	135.393	119.727	133.012	
281	1	1	1	1	1	1	1	89.1723	82.1752	55.7688	82.0916	81.415	77.4895	78.194	86.5614	83.8882	83.277	138.082	129.467	132.87	109.288	135.392	119.725	133.011	
282	1	1	1	1	1	1	1	89.171	82.1737	55.7676	82.09	81.414	77.4873	78.1924	86.5601	83.8866	83.2749	138.074	129.466	132.869	109.287	135.39	119.724	133.009	
283	1	1	1	1	1	1	1	89.1698	82.1723	55.7664	82.0883	81.413	77.4851	78.1909	86.5589	83.8851	83.2729	138.066	129.464	132.867	109.285	135.388	119.722	133.008	
284	1	1	1	1	1	1	1	89.1685	82.1709	55.7652	82.0867	81.412	77.4828	78.1893	86.5576	83.8835	83.2708	138.058	129.462	132.865	109.284	135.386	119.72	133.006	
285	1	1	1	1	1	1	1	89.1672	82.1694	55.764	82.085	81.411	77.4805	78.1877	86.5563	83.8819	83.2687	138.05	129.461	132.863	109.282	135.384	119.718	133.005	
286	1	1	1	1	1	1	1	89.1659	82.168	55.7628	82.0834	81.4099	77.4782	78.1861	86.5549	83.8802	83.2666	138.042	129.459	132.861	109.28	135.382	119.716	133.003	
287	1	1	1	1	1	1	1	89.1646	82.1665	55.7616	82.0817	81.4089	77.4759	78.1845	86.5536	83.8786	83.2644	138.033	129.457	132.859	109.278	135.38	119.714	133.002	
288	1	1	1	1	1	1	1	89.1633	82.165	55.7604	82.08	81.4078	77.4735	78.1828	86.5523	83.8769	83.2622	138.025	129.455	132.857	109.277	135.378	119.712	133	
289	1	1	1	1	1	1	1	89.1619	82.1634	55.7591	82.0782	81.4067	77.4712	78.1812	86.5509	83.8753	83.2601	138.016	129.454	132.855	109.275	135.375	119.71	132.998	
290	1	1	1	1	1	1	1	89.1606	82.1619	55.7578	82.0765	81.4056	77.4688	78.1795	86.5495	83.8736	83.2578	138.008	129.452	132.853	109.273	135.373	119.708	132.997	
291	1	1	1	1	1	1	1	89.1592	82.1604	55.7566	82.0747	81.4045	77.4663	78.1778	86.5481	83.8719	83.2556	137.999	129.45	132.851	109.271	135.371	119.706	132.995	
292	1	1	1	1	1	1	1	89.1578	82.1588	55.7553	82.073	81.4034	77.4639	78.1761	86.5467	83.8701	83.2533	137.99	129.448	132.849	109.27	135.369	119.704	132.994	
293	1	1	1	1	1	1	1	89.1564	82.1572	55.7539	82.0712	81.4023	77.4614	78.1744	86.5453	83.8684	83.2511	137.981	129.446	132.847	109.268	135.367	119.702	132.992	
294	1	1	1	1	1	1	1	89.155	82.1556	55.7526	82.0693	81.4012	77.4589	78.1727	86.5439	83.8666	83.2487	137.972	129.445	132.845	109.266	135.365	119.7	132.99	
295	1	1	1	1	1	1	1	89.1536	82.154	55.7513	82.0675	81.4	77.4564	78.1709	86.5424	83.8648	83.2464	137.963	129.443	132.843	109.264	135.363	119.698	132.989	
296	1	1	1	1	1	1	1	89.1521	82.1524	55.7499	82.0657	81.3989	77.4538	78.1691	86.541	83.863	83.2441	137.954	129.441	132.84	109.262	135.36	119.696	132.987	
297	1	1	1	1	1	1	1	89.1507	82.1507	55.7485	82.0638	81.3977	77.4512	78.1673	86.5395	83.8612	83.2417	137.945	129.439	132.838	109.26	135.358	119.694	132.985	
298	1	1	1	1	1	1	1	89.1492	82.1491	55.7472	82.0619	81.3965	77.4486	78.1655	86.538	83.8594	83.2393	137.935	129.437	132.836	109.259	135.356	119.692	132.983	
299	1	1	1	1	1	1	1	89.1477	82.1474	55.7458	82.06	81.3953	77.446	78.1637	86.5365	83.8575	83.2368	137.926	129.435	132.834	109.257	135.353	119.69	132.982	
300	1	1	1	1	1	1	1	89.1462	82.1457	55.7443	82.058	81.3941	77.4433	78.1618	86.5349	83.8557	83.2344	137.916	129.433	132.832	109.255	135.351	119.687	132.98	
301	1	1	1	1	1	1	1	89.1446	82.1439	55.7429	82.0561	81.3929	77.4406	78.16	86.5334	83.8538	83.2319	137.907	129.431	132.829	109.253	135.349	119.685	132.978	
302	1	1	1	1	1	1	1	89.1431	82.1422	55.7414	82.0541	81.3917	77.4379	78.1581	86.5318	83.8519	83.2294	137.897	129.429	132.827	109.251	135.346	119.683	132.976	
303	1	1	1	1	1	1	1	89.1415	82.1405	55.74	82.0521	81.3905	77.4352	78.1562	86.5303	83.8499	83.2268	137.887	129.427	132.825	109.249	135.344	119.681	132.974	
304	1	1	1	1	1	1	1	89.14	82.1387	55.7385	82.0501	81.3892	77.4324	78.1542	86.5287	83.848	83.2243	137.877	129.425	132.822	109.247	135.342	119.678	132.973	
305	1	1	1	1	1	1	1	89.1384	82.1369	55.737	82.0481	81.3879	77.4296	78.1523	86.5271	83.846	83.2217	137.867	129.423	132.82	109.245	135.339	119.676	132.971	
306	1	1	1	1	1	1	1	89.1368	82.1351	55.7355	82.046	81.3867	77.4267	78.1503	86.5254	83.844	83.2191	137.856	129.421	132.818	109.243	135.337	119.674	132.969	
307	1	1	1	1	1	1	1	89.1351	82.1332	55.7339	82.044	81.3854	77.4239	78.1483	86.5238	83.842	83.2164	137.846	129.419	132.815	109.24	135.334	119.671	132.967	
308	1	1	1	1	1	1	1	89.1335	82.1314	55.7324	82.0419	81.3841	77.421	78.1463	86.5221	83.84	83.2138	137.836	129.417	132.813	109.238	135.332	119.669	132.965	
309	1	1	1	1	1	1	1	89.1318	82.1295	55.7308	82.0398	81.3828	77.4181	78.1443	86.5205	83.8379	83.2111	137.825	129.415	132.81	109.236	135.329	119.667	132.963	
310	1	1	1	1	1	1	1	89.1302	82.1276	55.7292	82.0376	81.3814	77.4151	78.1422	86.5188	83.8359	83.2083	137.814	129.412	132.808	109.234	135.326	119.664	132.961	
311	1	1	1	1	1	1	1	89.1285	82.1257	55.7276	82.0355	81.3801	77.4121	78.1402	86.5171	83.8338	83.2056	137.804	129.41	132.805	109.232	135.324	119.662	132.959	
312	1	1	1	1	1	1	1	89.1267	82.1238	55.726	82.0333	81.3788	77.4091	78.1381	86.5153	83.8316	83.2028	137.793	129.408	132.803	109.23	135.321	119.659	132.957	
313	1	1	1	1	1	1	1	89.125	82.1218	55.7244	82.0311	81.3774	77.4061	78.136	86.5136	83.8295	83.2	137.782	129.406	132.8	109.227	135.319	119.657	132.955	
314	1	1	1	1	1	1	1	89.1232	82.1199	55.7227	82.0288	81.376	77.403	78.1338	86.5118	83.8273	83.1972	137.771	129.403	132.798	109.225	135.316	119.654	132.953	
315	1	1	1	1	1	1	1	89.1215	82.1179	55.721	82.0266	81.3746	77.3999	78.1317	86.51	83.8252	83.1943	137.759	129.401	132.795	109.223	135.313	119.652	132.951	
316	1	1	1	1	1	1	1	89.1197	82.1159	55.7193	82.0243	81.3732	77.3967	78.1295	86.5082	83.823	83.1914	137.748	129.399	132.793	109.221	135.31	119.649	132.949	
317	1	1	1	1	1	1	1	89.1179	82.1138	55.7176	82.022	81.3718	77.3935	78.1273	86.5064	83.8207	83.1885	137.736	129.396	132.79	109.218	135.308	119.646	132.947	
318	1	1	1	1	1	1	1	89.116	82.1118	55.7159	82.0197	81.3704	77.3903	78.1251	86.5046	83.8185	83.1855	137.725	129.394	132.787	109.216	135.305	119.644	132.945	
319	1	1	1	1	1	1	1	89.1142	82.1097	55.7141	82.0174	81.3689	77.3871	78.1228	86.5027	83.8162	83.1825	137.713	129.392	132.785	109.214	135.302	119.641	132.942	
320	1	1	1	1	1	1	1	89.1123	82.1076	55.7124	82.015	81.3675	77.3838	78.1205	86.5008	83.8139	83.1795	137.701	129.389	132.782	109.211	135.299	119.638	132.94	
321	1	1	1	1	1	1	1	89.1104	82.1055	55.7106	82.0126	81.366	77.3805	78.1182	86.4989	83.8116	83.1764	137.689	129.387	132.779	109.209	135.296	119.636	132.938	
322	1	1	1	1	1	1	1	89.1085	82.1034	55.7087	82.0102	81.3645	77.3772	78.1159	86.497	83.8093	83.1733	137.677	129.384	132.776	109.206	135.293	119.633	132.936	
323	1	1	1	1	1	1	1	89.1066	82.1012	55.7069	82.0077	81.363	77.3738	78.1136	86.4951	83.8069	83.1702	137.665	129.382	132.773	109.204	135.29	119.63	132.934	
324	1	1	1	1	1	1	1	89.1046	82.099	55.705	82.0053	81.3615	77.3704	78.1112	86.4931	83.8045	83.1671	137.652	129.379	132.77	109.201	135.287	119.627	132.931	
325	1	1	1	1	1	1	1	89.1026	82.0968	55.7032	82.0028	81.3599	77.3669	78.1088	86.4911	83.8021	83.1639	137.64	129.377	132.768	109.199	135.284	119.624	132.929	
326	1	1	1	1	1	1	1	89.1006	82.0946	55.7013	82.0003	81.3584	77.3634	78.1064	86.4891	83.7997	83.1606	137.627	129.374	132.765	109.196	135.281	119.621	132.927	
327	1	1	1	1	1	1	1	89.0986	82.0923	55.6993	81.9977	81.3568	77.3599	78.104	86.4871	83.7972	83.1574	137.614	129.372	132.762	109.194	135.278	119.619	132.924	
328	1	1	1	1	1	1	1	89.0966	82.09	55.6974	81.9951	81.3552	77.3563	78.1015	86.4851	83.7947	83.1541	137.601	129.369	132.759	109.191	135.275	119.616	132.922	
329	1	1	1	1	1	1	1	89.0945	82.0877	55.6954	81.9926	81.3536	77.3527	78.099	86.483	83.7922	83.1508	137.588	129.366	132.756	109.189	135.272	119.613	132.92	
330	1	1	1	1	1	1	1	89.0924	82.0854	55.6934	81.9899	81.352	77.3491	78.0965	86.4809	83.7897	83.1474	137.575	129.364	132.753	109.186	135.269	119.61	132.917	
331	1	1	1	1	1	1	1	89.0903	82.083	55.6914	81.9873	81.3504	77.3454	78.0939	86.4788	83.7871	83.144	137.562	129.361	132.75	109.183	135.266	119.607	132.915	
332	1	1	1	1	1	1	1	89.0882	82.0807	55.6894	81.9846	81.3488	77.3417	78.0914	86.4767	83.7845	83.1406	137.548	129.358	132.746	109.18	135.262	119.604	132.912	
333	1	1	1	1	1	1	1	89.086	82.0782	55.6873	81.9819	81.3471	77.338	78.0888	86.4745	83.7819	83.1371	137.534	129.356	132.743	109.178	135.259	119.6	132.91	
334	1	1	1	1	1	1	1	89.0838	82.0758	55.6852	81.9792	81.3454	77.3342	78.0861	86.4723	83.7793	83.1336	137.521	129.353	132.74	109.175	135.256	119.597	132.907	
335	1	1	1	1	1	1	1	89.0816	82.0734	55.6831	81.9764	81.3437	77.3303	78.0835	86.4701	83.7766	83.1301	137.507	129.35	132.737	109.172	135.252	119.594	132.905	
336	1	1	1	1	1	1	1	89.0794	82.0709	55.681	81.9736	81.342	77.3265	78.0808	86.4679	83.7739	83.1265	137.492	129.347	132.734	109.169	135.249	119.591	132.902	
337	1	1	1	1	1	1	1	89.0771	82.0684	55.6788	81.9708	81.3403	77.3226	78.0781	86.4657	83.7712	83.1229	137.478	129.344	132.73	109.167	135.246	119.588	132.899	
338	1	1	1	1	1	1	1	89.0748	82.0658	55.6767	81.9679	81.3386	77.3186	78.0754	86.4634	83.7684	83.1193	137.464	129.341	132.727	109.164	135.242	119.584	132.897	
339	1	1	1	1	1	1	1	89.0725	82.0633	55.6744	81.9651	81.3368	77.3146	78.0726	86.4611	83.7656	83.1156	137.449	129.338	132.724	109.161	135.239	119.581	132.894	
340	1	1	1	1	1	1	1	89.0702	82.0607	55.6722	81.9622	81.335	77.3106	78.0698	86.4588	83.7628	83.1118	137.434	129.335	132.72	109.158	135.235	119.578	132.892	
341	1	1	1	1	1	1	1	89.0678	82.0581	55.6699	81.9592	81.3333	77.3065	78.067	86.4565	83.76	83.1081	137.419	129.332	132.717	109.155	135.232	119.574	132.889	
342	1	1	1	1	1	1	1	89.0654	82.0554	55.6677	81.9563	81.3314	77.3024	78.0641	86.4541	83.7571	83.1043	137.404	129.329	132.713	109.152	135.228	119.571	132.886	
343	1	1	1	1	1	1	1	89.063	82.0527	55.6653	81.9533	81.3296	77.2982	78.0613	86.4517	83.7542	83.1004	137.389	129.326	132.71	109.149	135.224	119.568	132.883	
344	1	1	1	1	1	1	1	89.0606	82.05	55.663	81.9502	81.3278	77.294	78.0583	86.4493	83.7513	83.0965	137.374	129.323	132.706	109.146	135.221	119.564	132.88	
345	1	1	1	1	1	1	1	89.0581	82.0473	55.6606	81.9472	81.3259	77.2897	78.0554	86.4468	83.7483	83.0926	137.358	129.32	132.703	109.143	135.217	119.561	132.878	
346	1	1	1	1	1	1	1	89.0556	82.0446	55.6582	81.9441	81.324	77.2854	78.0524	86.4444	83.7454	83.0886	137.342	129.317	132.699	109.14	135.213	119.557	132.875	
347	1	1	1	1	1	1	1	89.0531	82.0418	55.6558	81.941	81.3221	77.2811	78.0494	86.4419	83.7423	83.0846	137.326	129.314	132.696	109.136	135.209	119.553	132.872	
348	1	1	1	1	1	1	1	89.0505	82.039	55.6534	81.9378	81.3202	77.2767	78.0464	86.4393	83.7393	83.0806	137.31	129.311	132.692	109.133	135.206	119.55	132.869	
349	1	1	1	1	1	1	1	89.048	82.0361	55.6509	81.9346	81.3183	77.2723	78.0433	86.4368	83.7362	83.0765	137.294	129.307	132.688	109.13	135.202	119.546	132.866	
350	1	1	1	1	1	1	1	89.0454	82.0332	55.6484	81.9314	81.3163	77.2678	78.0402	86.4342	83.7331	83.0723	137.277	129.304	132.685	109.127	135.198	119.542	132.863	
351	1	1	1	1	1	1	1	89.0427	82.0303	55.6458	81.9281	81.3144	77.2633	78.0371	86.4316	83.73	83.0681	137.261	129.301	132.681	109.123	135.194	119.539	132.86	
352	1	1	1	1	1	1	1	89.0401	82.0274	55.6432	81.9249	81.3124	77.2587	78.0339	86.429	83.7268	83.0639	137.244	129.297	132.677	109.12	135.19	119.535	132.857	
353	1	1	1	1	1	1	1	89.0374	82.0244	55.6406	81.9215	81.3103	77.2541	78.0307	86.4263	83.7236	83.0596	137.227	129.294	132.673	109.117	135.186	119.531	132.854	
354	1	1	1	1	1	1	1	89.0346	82.0214	55.638	81.9182	81.3083	77.2494	78.0275	86.4237	83.7204	83.0553	137.21	129.29	132.669	109.113	135.182	119.527	132.851	
355	1	1	1	1	1	1	1	89.0319	82.0184	55.6353	81.9148	81.3063	77.2447	78.0243	86.4209	83.7171	83.0509	137.192	129.287	132.665	109.11	135.178	119.523	132.848	
356	1	1	1	1	1	1	1	89.0291	82.0153	55.6326	81.9114	81.3042	77.2399	78.021	86.4182	83.7138	83.0465	137.175	129.284	132.661	109.106	135.173	119.519	132.845	
357	1	1	1	1	1	1	1	89.0262	82.0122	55.6299	81.9079	81.3021	77.2351	78.0176	86.4154	83.7104	83.0421	137.157	129.28	132.657	109.103	135.169	119.515	132.841	
358	1	1	1	1	1	1	1	89.0234	82.0091	55.6271	81.9044	81.3	77.2302	78.0143	86.4126	83.7071	83.0375	137.139	129.276	132.653	109.099	135.165	119.511	132.838	
359	1	1	1	1	1	1	1	89.0205	82.0059	55.6243	81.9009	81.2979	77.2253	78.0109	86.4098	83.7037	83.033	137.12	129.273	132.649	109.096	135.161	119.507	132.835	
360	1	1	1	1	1	1	1	89.0176	82.0027	55.6215	81.8973	81.2957	77.2203	78.0074	86.4069	83.7002	83.0284	137.102	129.269	132.645	109.092	135.156	119.503	132.831	
361	1	1	1	1	1	1	1	89.0146	81.9994	55.6186	81.8937	81.2935	77.2152	78.004	86.404	83.6967	83.0237	137.083	129.265	132.641	109.088	135.152	119.499	132.828	
362	1	1	1	1	1	1	1	89.0116	81.9962	55.6157	81.89	81.2914	77.2102	78.0005	86.4011	83.6932	83.019	137.065	129.262	132.636	109.085	135.147	119.495	132.825	
363	1	1	1	1	1	1	1	89.0086	81.9929	55.6128	81.8864	81.2891	77.205	77.9969	86.3982	83.6897	83.0143	137.046	129.258	132.632	109.081	135.143	119.49	132.821	
364	1	1	1	1	1	1	1	89.0056	81.9895	55.6098	81.8826	81.2869	77.1998	77.9933	86.3952	83.6861	83.0095	137.026	129.254	132.628	109.077	135.138	119.486	132.818	
365	1	1	1	1	1	1	1	89.0025	81.9861	55.6068	81.8789	81.2847	77.1946	77.9897	86.3921	83.6825	83.0046	137.007	129.25	132.623	109.073	135.134	119.482	132.814	
366	1	1	1	1	1	1	1	88.9993	81.9827	55.6038	81.8751	81.2824	77.1893	77.9861	86.3891	83.6788	82.9997	136.987	129.246	132.619	109.07	135.129	119.477	132.811	
367	1	1	1	1	1	1	1	88.9962	81.9793	55.6007	81.8712	81.2801	77.1839	77.9824	86.386	83.6751	82.9947	136.967	129.242	132.614	109.066	135.124	119.473	132.807	
368	1	1	1	1	1	1	1	88.993	81.9758	55.5976	81.8674	81.2778	77.1785	77.9786	86.3829	83.6714	82.9897	136.947	129.239	132.61	109.062	135.12	119.468	132.804	
369	1	1	1	1	1	1	1	88.9897	81.9722	55.5944	81.8635	81.2754	77.173	77.9749	86.3797	83.6676	82.9847	136.927	129.235	132.605	109.058	135.115	119.464	132.8	
370	1	1	1	1	1	1	1	88.9865	81.9687	55.5912	81.8595	81.273	77.1675	77.971	86.3766	83.6638	82.9795	136.906	129.23	132.601	109.054	135.11	119.459	132.796	
371	1	1	1	1	1	1	1	88.9832	81.9651	55.588	81.8555	81.2707	77.1619	77.9672	86.3733	83.66	82.9744	136.885	129.226	132.596	109.05	135.105	119.455	132.793	
372	1	1	1	1	1	1	1	88.9798	81.9614	55.5847	81.8515	81.2682	77.1562	77.9633	86.3701	83.6561	82.9691	136.864	129.222	132.591	109.046	135.1	119.45	132.789	
373	1	1	1	1	1	1	1	88.9764	81.9578	55.5814	81.8474	81.2658	77.1505	77.9594	86.3668	83.6522	82.9639	136.843	129.218	132.586	109.041	135.095	119.445	132.785	
374	1	1	1	1	1	1	1	88.973	81.954	55.578	81.8433	81.2634	77.1447	77.9554	86.3635	83.6482	82.9585	136.821	129.214	132.582	109.037	135.09	119.44	132.781	
375	1	1	1	1	1	1	1	88.9695	81.9503	55.5746	81.8391	81.2609	77.1389	77.9514	86.3601	83.6442	82.9531	136.799	129.21	132.577	109.033	135.085	119.436	132.777	
376	1	1	1	1	1	1	1	88.966	81.9465	55.5712	81.8349	81.2584	77.133	77.9473	86.3567	83.6401	82.9476	136.777	129.205	132.572	109.029	135.08	119.431	132.774	
377	1	1	1	1	1	1	1	88.9625	81.9426	55.5677	81.8306	81.2558	77.1271	77.9432	86.3533	83.636	82.9421	136.755	129.201	132.567	109.024	135.075	119.426	132.77	
378	1	1	1	1	1	1	1	88.9589	81.9387	55.5642	81.8263	81.2533	77.121	77.9391	86.3498	83.6319	82.9365	136.732	129.196	132.562	109.02	135.069	119.421	132.766	
379	1	1	1	1	1	1	1	88.9553	81.9348	55.5606	81.822	81.2507	77.1149	77.9349	86.3463	83.6277	82.9309	136.71	129.192	132.557	109.016	135.064	119.416	132.762	
380	1	1	1	1	1	1	1	88.9516	81.9308	55.557	81.8176	81.2481	77.1088	77.9307	86.3428	83.6235	82.9252	136.686	129.187	132.551	109.011	135.059	119.411	132.758	
381	1	1	1	1	1	1	1	88.9479	81.9268	55.5534	81.8132	81.2455	77.1026	77.9264	86.3392	83.6193	82.9194	136.663	129.183	132.546	109.007	135.053	119.405	132.753	
382	1	1	1	1	1	1	1	88.9441	81.9227	55.5496	81.8087	81.2428	77.0963	77.9221	86.3356	83.6149	82.9136	136.639	129.178	132.541	109.002	135.048	119.4	132.749	
383	1	1	1	1	1	1	1	88.9403	81.9186	55.5459	81.8042	81.2402	77.0899	77.9177	86.3319	83.6106	82.9077	136.615	129.174	132.536	108.998	135.042	119.395	132.745	
384	1	1	1	1	1	1	1	88.9364	81.9145	55.5421	81.7996	81.2375	77.0835	77.9133	86.3282	83.6062	82.9018	136.591	129.169	132.53	108.993	135.037	119.389	132.741	
385	1	1	1	1	1	1	1	88.9326	81.9103	55.5382	81.795	81.2348	77.077	77.9088	86.3245	83.6018	82.8958	136.567	129.164	132.525	108.988	135.031	119.384	132.736	
386	1	1	1	1	1	1	1	88.9286	81.9061	55.5343	81.7903	81.232	77.0704	77.9043	86.3207	83.5973	82.8897	136.542	129.159	132.519	108.983	135.025	119.379	132.732	
387	1	1	1	1	1	1	1	88.9246	81.9018	55.5304	81.7856	81.2292	77.0638	77.8998	86.3169	83.5928	82.8836	136.517	129.155	132.514	108.979	135.019	119.373	132.728	
388	1	1	1	1	1	1	1	88.9206	81.8974	55.5264	81.7808	81.2264	77.0571	77.8952	86.313	83.5882	82.8773	136.492	129.15	132.508	108.974	135.014	119.368	132.723	
389	1	1	1	1	1	1	1	88.9165	81.8931	55.5224	81.776	81.2236	77.0503	77.8905	86.3091	83.5836	82.8711	136.466	129.145	132.503	108.969	135.008	119.362	132.719	
390	1	1	1	1	1	1	1	88.9124	81.8886	55.5183	81.7711	81.2207	77.0435	77.8858	86.3052	83.5789	82.8647	136.44	129.14	132.497	108.964	135.002	119.356	132.714	
391	1	1	1	1	1	1	1	88.9082	81.8842	55.5141	81.7662	81.2179	77.0366	77.8811	86.3012	83.5742	82.8583	136.414	129.135	132.491	108.959	134.996	119.35	132.71	
392	1	1	1	1	1	1	1	88.904	81.8796	55.5099	81.7612	81.215	77.0296	77.8763	86.2972	83.5694	82.8518	136.387	129.13	132.485	108.954	134.99	119.345	132.705	
393	1	1	1	1	1	1	1	88.8997	81.875	55.5056	81.7562	81.212	77.0225	77.8715	86.2931	83.5646	82.8453	136.361	129.124	132.479	108.949	134.983	119.339	132.7	
394	1	1	1	1	1	1	1	88.8954	81.8704	55.5013	81.7511	81.2091	77.0153	77.8666	86.289	83.5597	82.8386	136.333	129.119	132.473	108.944	134.977	119.333	132.696	
395	1	1	1	1	1	1	1	88.891	81.8657	55.497	81.746	81.2061	77.0081	77.8616	86.2848	83.5548	82.8319	136.306	129.114	132.467	108.938	134.971	119.327	132.691	
396	1	1	1	1	1	1	1	88.8865	81.861	55.4925	81.7408	81.2031	77.0008	77.8566	86.2806	83.5499	82.8252	136.278	129.109	132.461	108.933	134.964	119.321	132.686	
397	1	1	1	1	1	1	1	88.882	81.8562	55.488	81.7356	81.2	76.9934	77.8515	86.2764	83.5448	82.8183	136.25	129.103	132.455	108.928	134.958	119.314	132.681	
398	1	1	1	1	1	1	1	88.8775	81.8514	55.4835	81.7303	81.1969	76.986	77.8464	86.2721	83.5398	82.8114	136.221	129.098	132.449	108.922	134.951	119.308	132.676	
399	1	1	1	1	1	1	1	88.8729	81.8465	55.4789	81.725	81.1938	76.9784	77.8413	86.2677	83.5347	82.8044	136.193	129.092	132.442	108.917	134.945	119.302	132.671	
400	1	1	1	1	1	1	1	88.8683	81.8416	55.4742	81.7196	81.1907	76.9708	77.8361	86.2633	83.5295	82.7973	136.163	129.087	132.436	108.911	134.938	119.296	132.666	
401	1	1	1	1	1	1	1	88.8635	81.8366	55.4695	81.7141	81.1876	76.9631	77.8308	86.2589	83.5243	82.7902	136.134	129.081	132.43	108.906	134.931	119.289	132.661	
402	1	1	1	1	1	1	1	88.8588	81.8315	55.4647	81.7086	81.1844	76.9553	77.8255	86.2544	83.519	82.783	136.104	129.075	132.423	108.9	134.925	119.283	132.656	
403	1	1	1	1	1	1	1	88.854	81.8264	55.4599	81.703	81.1812	76.9474	77.8201	86.2498	83.5137	82.7757	136.074	129.07	132.417	108.895	134.918	119.276	132.651	
404	1	1	1	1	1	1	1	88.8491	81.8212	55.455	81.6974	81.1779	76.9395	77.8146	86.2452	83.5083	82.7683	136.043	129.064	132.41	108.889	134.911	119.269	132.645	
405	1	1	1	1	1	1	1	88.8441	81.816	55.45	81.6917	81.1746	76.9314	77.8091	86.2406	83.5028	82.7608	136.012	129.058	132.403	108.883	134.904	119.263	132.64	
406	1	1	1	1	1	1	1	88.8391	81.8107	55.4449	81.686	81.1713	76.9233	77.8036	86.2359	83.4973	82.7533	135.981	129.052	132.396	108.877	134.897	119.256	132.635	
407	1	1	1	1	1	1	1	88.8341	81.8054	55.4398	81.6802	81.168	76.9151	77.798	86.2312	83.4918	82.7456	135.949	129.046	132.39	108.871	134.889	119.249	132.629	
408	1	1	1	1	1	1	1	88.8289	81.8	55.4347	81.6743	81.1646	76.9068	77.7923	86.2264	83.4862	82.7379	135.917	129.04	132.383	108.865	134.882	119.242	132.624	
409	1	1	1	1	1	1	1	88.8237	81.7946	55.4294	81.6684	81.1612	76.8984	77.7866	86.2215	83.4805	82.7301	135.885	129.034	132.376	108.859	134.875	119.235	132.618	
410	1	1	1	1	1	1	1	88.8185	81.789	55.4241	81.6624	81.1578	76.8899	77.7808	86.2166	83.4748	82.7222	135.852	129.028	132.368	108.853	134.867	119.228	132.613	
411	1	1	1	1	1	1	1	88.8132	81.7835	55.4187	81.6563	81.1544	76.8813	77.7749	86.2117	83.469	82.7143	135.819	129.022	132.361	108.847	134.86	119.221	132.607	
412	1	1	1	1	1	1	1	88.8078	81.7778	55.4132	81.6502	81.1509	76.8726	77.769	86.2067	83.4632	82.7062	135.785	129.015	132.354	108.841	134.852	119.214	132.601	
413	1	1	1	1	1	1	1	88.8024	81.7721	55.4077	81.6441	81.1473	76.8638	77.763	86.2016	83.4573	82.6981	135.751	129.009	132.347	108.834	134.845	119.206	132.595	
414	1	1	1	1	1	1	1	88.7968	81.7663	55.4021	81.6378	81.1438	76.855	77.7569	86.1965	83.4513	82.6898	135.717	129.002	132.339	108.828	134.837	119.199	132.59	
415	1	1	1	1	1	1	1	88.7913	81.7605	55.3964	81.6315	81.1402	76.846	77.7508	86.1913	83.4453	82.6815	135.682	128.996	132.332	108.822	134.829	119.191	132.584	
416	1	1	1	1	1	1	1	88.7856	81.7546	55.3907	81.6251	81.1366	76.8369	77.7447	86.1861	83.4392	82.6731	135.646	128.989	132.324	108.815	134.821	119.184	132.578	
417	1	1	1	1	1	1	1	88.7799	81.7486	55.3848	81.6187	81.133	76.8278	77.7384	86.1808	83.4331	82.6645	135.611	128.983	132.317	108.808	134.813	119.176	132.572	
418	1	1	1	1	1	1	1	88.7741	81.7426	55.3789	81.6122	81.1293	76.8185	77.7321	86.1754	83.4268	82.6559	135.574	128.976	132.309	108.802	134.805	119.168	132.566	
419	1	1	1	1	1	1	1	88.7682	81.7365	55.3729	81.6056	81.1256	76.8091	77.7257	86.17	83.4206	82.6472	135.538	128.969	132.301	108.795	134.797	119.16	132.559	
420	1	1	1	1	1	1	1	88.7623	81.7303	55.3668	81.599	81.1218	76.7997	77.7193	86.1646	83.4142	82.6384	135.501	128.962	132.293	108.788	134.789	119.152	132.553	
421	1	1	1	1	1	1	1	88.7563	81.7241	55.3606	81.5922	81.118	76.7901	77.7128	86.159	83.4078	82.6295	135.463	128.955	132.285	108.781	134.78	119.144	132.547	
422	1	1	1	1	1	1	1	88.7502	81.7178	55.3544	81.5855	81.1142	76.7804	77.7062	86.1534	83.4014	82.6205	135.425	128.948	132.277	108.774	134.772	119.136	132.54	
423	1	1	1	1	1	1	1	88.744	81.7114	55.348	81.5786	81.1104	76.7706	77.6995	86.1478	83.3948	82.6114	135.387	128.941	132.269	108.767	134.763	119.128	132.534	
424	1	1	1	1	1	1	1	88.7377	81.705	55.3416	81.5717	81.1065	76.7608	77.6928	86.1421	83.3882	82.6022	135.348	128.934	132.261	108.76	134.755	119.12	132.528	
425	1	1	1	1	1	1	1	88.7314	81.6984	55.3351	81.5647	81.1026	76.7508	77.686	86.1363	83.3816	82.5929	135.308	128.927	132.252	108.753	134.746	119.111	132.521	
426	1	1	1	1	1	1	1	88.725	81.6918	55.3285	81.5576	81.0987	76.7406	77.6792	86.1305	83.3748	82.5835	135.268	128.92	132.244	108.746	134.737	119.103	132.514	
427	1	1	1	1	1	1	1	88.7185	81.6852	55.3218	81.5504	81.0947	76.7304	77.6722	86.1246	83.368	82.574	135.228	128.912	132.235	108.739	134.728	119.094	132.508	
428	1	1	1	1	1	1	1	88.712	81.6784	55.315	81.5432	81.0907	76.7201	77.6652	86.1186	83.3611	82.5644	135.187	128.905	132.227	108.731	134.719	119.085	132.501	
429	1	1	1	1	1	1	1	88.7053	81.6716	55.3081	81.5359	81.0866	76.7096	77.6581	86.1125	83.3542	82.5547	135.145	128.897	132.218	108.724	134.71	119.077	132.494	
430	1	1	1	1	1	1	1	88.6986	81.6647	55.3011	81.5285	81.0825	76.6991	77.651	86.1064	83.3472	82.5449	135.103	128.89	132.209	108.716	134.701	119.068	132.487	
431	1	1	1	1	1	1	1	88.6917	81.6577	55.294	81.5211	81.0784	76.6884	77.6437	86.1003	83.3401	82.5349	135.061	128.882	132.2	108.709	134.691	119.059	132.48	
432	1	1	1	1	1	1	1	88.6848	81.6507	55.2868	81.5136	81.0743	76.6776	77.6364	86.094	83.3329	82.5249	135.018	128.874	132.191	108.701	134.682	119.05	132.473	
433	1	1	1	1	1	1	1	88.6778	81.6435	55.2795	81.506	81.0701	76.6667	77.629	86.0877	83.3257	82.5147	134.974	128.866	132.182	108.693	134.672	119.041	132.466	
434	1	1	1	1	1	1	1	88.6707	81.6363	55.2721	81.4983	81.0658	76.6557	77.6215	86.0813	83.3184	82.5044	134.93	128.858	132.173	108.685	134.663	119.031	132.458	
435	1	1	1	1	1	1	1	88.6635	81.629	55.2646	81.4905	81.0616	76.6445	77.614	86.0749	83.311	82.494	134.885	128.85	132.164	108.677	134.653	119.022	132.451	
436	1	1	1	1	1	1	1	88.6563	81.6216	55.257	81.4826	81.0573	76.6332	77.6063	86.0684	83.3035	82.4835	134.84	128.842	132.154	108.669	134.643	119.012	132.444	
437	1	1	1	1	1	1	1	88.6489	81.6141	55.2493	81.4747	81.053	76.6218	77.5986	86.0618	83.296	82.4729	134.794	128.834	132.145	108.661	134.633	119.003	132.436	
438	1	1	1	1	1	1	1	88.6414	81.6066	55.2415	81.4667	81.0486	76.6103	77.5908	86.0551	83.2884	82.4622	134.748	128.825	132.135	108.653	134.623	118.993	132.429	
439	1	1	1	1	1	1	1	88.6339	81.5989	55.2335	81.4586	81.0442	76.5986	77.5829	86.0483	83.2807	82.4513	134.7	128.817	132.126	108.644	134.613	118.983	132.421	
440	1	1	1	1	1	1	1	88.6262	81.5912	55.2255	81.4504	81.0398	76.5868	77.575	86.0415	83.2729	82.4403	134.653	128.809	132.116	108.636	134.602	118.973	132.413	
441	1	1	1	1	1	1	1	88.6184	81.5834	55.2173	81.4421	81.0353	76.5749	77.5669	86.0346	83.2651	82.4292	134.604	128.8	132.106	108.627	134.592	118.963	132.405	
442	1	1	1	1	1	1	1	88.6106	81.5755	55.209	81.4338	81.0308	76.5629	77.5588	86.0277	83.2571	82.4179	134.555	128.791	132.096	108.619	134.582	118.953	132.397	
443	1	1	1	1	1	1	1	88.6206	81.5396	55.2963	81.4744	80.9806	76.5201	77.6132	86.0448	83.2084	82.4327	137.544	128.632	132.069	108.569	131.895	118.978	132.456	
444	1	1	1	1	1	1	1	88.6217	81.5609	55.3316	81.3963	80.9943	76.5228	77.5199	86.0082	83.1788	82.37	134.742	128.751	132.069	108.592	134.334	118.934	132.384	
445	1	1	1	1	1	1	1	88.5912	81.5511	55.2036	81.4044	81.0127	76.5236	77.5298	86.0047	83.224	82.3796	134.437	128.761	132.064	108.591	134.529	118.922	132.372	
446	1	1	1	1	1	1	1	88.6003	81.5136	55.2797	81.4478	80.9624	76.482	77.5885	86.0226	83.1803	82.3979	137.494	128.599	132.037	108.54	131.78	118.948	132.433	
447	1	1	1	1	1	1	1	88.5989	81.5359	55.3145	81.3686	80.9784	76.4839	77.4928	85.9858	83.15	82.333	134.608	128.722	132.036	108.564	134.287	118.902	132.359	
448	1	1	1	1	1	1	1	88.5665	81.5259	55.1788	81.3775	80.9982	76.4852	77.5036	85.9824	83.1981	82.3435	134.283	128.733	132.032	108.563	134.494	118.889	132.347	
449	1	1	1	1	1	1	1	88.5788	81.4867	55.2626	81.4205	80.9439	76.4424	77.563	85.9997	83.1513	82.3617	137.439	128.566	132.004	108.511	131.662	118.916	132.409	
450	1	1	1	1	1	1	1	88.5751	81.5101	55.2968	81.34	80.962	76.4436	77.4648	85.9626	83.1202	82.2947	134.468	128.692	132.003	108.535	134.238	118.869	132.333	
451	1	1	1	1	1	1	1	88.5408	81.4999	55.153	81.3498	80.9833	76.4454	77.4765	85.9593	83.1714	82.3061	134.124	128.705	131.999	108.535	134.457	118.856	132.321	
452	1	1	1	1	1	1	1	88.5565	81.4589	55.2451	81.3921	80.9248	76.4014	77.5365	85.9759	83.1212	82.3242	137.382	128.531	131.97	108.48	131.541	118.883	132.384	
453	1	1	1	1	1	1	1	88.5504	81.4834	55.2784	81.3103	80.9452	76.402	77.4357	85.9386	83.0893	82.255	134.324	128.661	131.969	108.506	134.186	118.835	132.307	
454	1	1	1	1	1	1	1	88.5141	81.4729	55.1262	81.3212	80.968	76.4042	77.4485	85.9355	83.1438	82.2675	133.958	128.675	131.964	108.506	134.419	118.821	132.294	
455	1	1	1	1	1	1	1	88.5335	81.4299	55.2271	81.3627	80.9051	76.359	77.5091	85.9512	83.09	82.2854	137.322	128.496	131.934	108.449	131.416	118.849	132.359	
456	1	1	1	1	1	1	1	88.5248	81.4556	55.2595	81.2797	80.9279	76.3589	77.4057	85.9137	83.0573	82.2139	134.174	128.629	131.933	108.475	134.133	118.8	132.279	
457	1	1	1	1	1	1	1	88.4863	81.4449	55.0982	81.2916	80.9523	76.3616	77.4196	85.9107	83.1152	82.2274	133.786	128.644	131.929	108.475	134.379	118.785	132.267	
458	1	1	1	1	1	1	1	88.5098	81.4	55.2086	81.3322	80.8846	76.3152	77.4806	85.9255	83.0577	82.2451	137.259	128.459	131.897	108.416	131.287	118.814	132.333	
459	1	1	1	1	1	1	1	88.4981	81.4269	55.2399	81.248	80.9101	76.3143	77.3746	85.8878	83.0242	82.1712	134.019	128.596	131.896	108.443	134.077	118.763	132.251	
460	1	1	1	1	1	1	1	88.5017	81.3781	55.1896	81.3087	80.8656	76.2894	77.4615	85.9051	83.0376	82.2194	137.249	128.43	131.871	108.392	131.174	118.79	132.314	
461	1	1	1	1	1	1	1	88.481	81.407	55.2282	81.2256	80.8971	76.2836	77.3528	85.8697	83.0007	82.1417	133.917	128.572	131.871	108.421	134.036	118.738	132.232	
462	1	1	1	1	1	1	1	88.4858	81.3569	55.1764	81.287	80.8507	76.2589	77.4415	85.8867	83.0149	82.1912	137.206	128.404	131.846	108.369	131.082	118.766	132.296	
463	1	1	1	1	1	1	1	88.4623	81.3868	55.2146	81.2032	80.8846	76.2523	77.3309	85.8515	82.9774	82.1117	133.808	128.549	131.845	108.399	133.997	118.712	132.212	
464	1	1	1	1	1	1	1	88.4694	81.3352	55.163	81.2647	80.8357	76.2278	77.421	85.8679	82.9917	82.1622	137.162	128.378	131.819	108.346	130.989	118.74	132.277	
465	1	1	1	1	1	1	1	88.4431	81.366	55.2007	81.1804	80.8718	76.2202	77.3085	85.8328	82.9534	82.0809	133.697	128.525	131.819	108.376	133.956	118.685	132.191	
466	1	1	1	1	1	1	1	88.4527	81.3129	55.1493	81.2419	80.8202	76.1959	77.3999	85.8487	82.968	82.1326	137.116	128.35	131.792	108.322	130.894	118.714	132.258	
467	1	1	1	1	1	1	1	88.4235	81.3448	55.1865	81.157	80.8588	76.1873	77.2855	85.8137	82.9289	82.0493	133.583	128.501	131.792	108.353	133.913	118.658	132.171	
468	1	1	1	1	1	1	1	88.4356	81.29	55.1354	81.2185	80.8044	76.1632	77.3784	85.8289	82.9436	82.1022	137.069	128.322	131.764	108.297	130.796	118.688	132.238	
469	1	1	1	1	1	1	1	88.4033	81.323	55.1719	81.1331	80.8456	76.1537	77.262	85.7942	82.9038	82.017	133.466	128.475	131.764	108.329	133.87	118.631	132.149	
470	1	1	1	1	1	1	1	88.4182	81.2666	55.1213	81.1945	80.7881	76.1299	77.3563	85.8085	82.9186	82.071	137.021	128.294	131.736	108.272	130.697	118.661	132.217	
471	1	1	1	1	1	1	1	88.3826	81.3007	55.1571	81.1085	80.8321	76.1192	77.2379	85.7741	82.878	81.9839	133.346	128.45	131.735	108.304	133.825	118.602	132.127	
472	1	1	1	1	1	1	1	88.4004	81.2426	55.1069	81.1698	80.7715	76.0958	77.3336	85.7876	82.893	82.0391	136.97	128.265	131.707	108.246	130.595	118.633	132.197	
473	1	1	1	1	1	1	1	88.3614	81.2779	55.1419	81.0835	80.8183	76.084	77.2132	85.7536	82.8516	81.95	133.224	128.423	131.706	108.279	133.78	118.573	132.105	
474	1	1	1	1	1	1	1	88.3822	81.2179	55.0923	81.1445	80.7544	76.0608	77.3103	85.7662	82.8668	82.0064	136.919	128.235	131.677	108.22	130.491	118.604	132.175	
475	1	1	1	1	1	1	1	88.3396	81.2544	55.1263	81.0578	80.8043	76.0479	77.1879	85.7325	82.8246	81.9152	133.098	128.396	131.677	108.254	133.732	118.543	132.082	
476	1	1	1	1	1	1	1	88.3637	81.1926	55.0774	81.1185	80.7369	76.0251	77.2865	85.7442	82.8399	81.9729	136.865	128.204	131.646	108.193	130.385	118.575	132.154	
477	1	1	1	1	1	1	1	88.3173	81.2304	55.1104	81.0315	80.79	76.0109	77.162	85.7109	82.7969	81.8795	132.97	128.369	131.646	108.227	133.683	118.513	132.059	
478	1	1	1	1	1	1	1	88.3448	81.1667	55.0623	81.0918	80.719	75.9886	77.262	85.7215	82.8123	81.9385	136.81	128.173	131.615	108.165	130.277	118.545	132.131	
479	1	1	1	1	1	1	1	88.2944	81.2058	55.0942	81.0045	80.7754	75.973	77.1355	85.6888	82.7685	81.843	132.838	128.34	131.615	108.201	133.633	118.481	132.035	
480	1	1	1	1	1	1	1	88.3256	81.14	55.0469	81.0644	80.7006	75.9512	77.2369	85.6983	82.784	81.9033	136.753	128.141	131.583	108.137	130.166	118.514	132.108	
481	1	1	1	1	1	1	1	88.2708	81.1805	55.0775	80.9769	80.7605	75.9342	77.1083	85.6661	82.7394	81.8055	132.703	128.311	131.583	108.173	133.582	118.449	132.011	
482	1	1	1	1	1	1	1	88.3059	81.1127	55.0312	81.0363	80.6817	75.913	77.2112	85.6744	82.755	81.8671	136.694	128.108	131.55	108.108	130.053	118.483	132.085	
483	1	1	1	1	1	1	1	88.2467	81.1546	55.0605	80.9487	80.7453	75.8945	77.0805	85.6428	82.7096	81.767	132.565	128.281	131.55	108.145	133.528	118.416	131.986	
484	1	1	1	1	1	1	1	88.2858	81.0846	55.0153	81.0074	80.6624	75.8738	77.1847	85.6498	82.7253	81.83	136.633	128.074	131.516	108.079	129.937	118.45	132.061	
485	1	1	1	1	1	1	1	88.2219	81.128	55.043	80.9197	80.7299	75.8538	77.0519	85.6189	82.679	81.7276	132.423	128.251	131.516	108.116	133.473	118.383	131.96	
486	1	1	1	1	1	1	1	88.2654	81.0558	54.9991	80.9778	80.6426	75.8338	77.1576	85.6245	82.6948	81.792	136.57	128.039	131.482	108.048	129.819	118.417	132.036	
487	1	1	1	1	1	1	1	88.1964	81.1008	55.0252	80.89	80.7141	75.8122	77.0226	85.5944	82.6476	81.6871	132.277	128.219	131.482	108.087	133.417	118.348	131.934	
488	1	1	1	1	1	1	1	88.2445	81.0262	54.9826	80.9473	80.6222	75.7928	77.1298	85.5985	82.6635	81.753	136.505	128.004	131.447	108.017	129.699	118.383	132.011	
489	1	1	1	1	1	1	1	88.1702	81.0728	55.0069	80.8596	80.698	75.7695	76.9926	85.5693	82.6154	81.6457	132.128	128.187	131.447	108.056	133.359	118.313	131.907	
490	1	1	1	1	1	1	1	88.2232	80.9958	54.9658	80.9159	80.6013	75.7509	77.1012	85.5718	82.6314	81.713	136.437	127.968	131.411	107.985	129.575	118.348	131.985	
491	1	1	1	1	1	1	1	88.1434	81.0441	54.9882	80.8285	80.6817	75.7258	76.9618	85.5435	82.5825	81.6031	131.975	128.154	131.411	108.025	133.299	118.276	131.879	
492	1	1	1	1	1	1	1	88.2014	80.9646	54.9488	80.8837	80.5799	75.708	77.0719	85.5443	82.5985	81.6719	136.368	127.931	131.373	107.953	129.449	118.313	131.959	
493	1	1	1	1	1	1	1	88.1158	81.0146	54.9691	80.7966	80.665	75.681	76.9303	85.5171	82.5486	81.5594	131.818	128.121	131.374	107.994	133.237	118.239	131.851	
494	1	1	1	1	1	1	1	88.1792	80.9326	54.9315	80.8507	80.5579	75.664	77.0418	85.516	82.5647	81.6298	136.295	127.893	131.335	107.919	129.321	118.276	131.931	
495	1	1	1	1	1	1	1	88.0874	80.9844	54.9494	80.7639	80.648	75.6351	76.898	85.4899	82.5139	81.5146	131.657	128.086	131.336	107.961	133.173	118.201	131.822	
496	1	1	1	1	1	1	1	88.1566	80.8996	54.9139	80.8166	80.5354	75.6191	77.0108	85.4869	82.53	81.5866	136.221	127.854	131.296	107.885	129.189	118.238	131.904	
497	1	1	1	1	1	1	1	88.0583	80.9534	54.9293	80.7303	80.6306	75.588	76.8648	85.4621	82.4783	81.4687	131.492	128.051	131.297	107.928	133.107	118.161	131.793	
498	1	1	1	1	1	1	1	88.1335	80.8658	54.896	80.7816	80.5122	75.573	76.979	85.457	82.4944	81.5422	136.144	127.814	131.257	107.85	129.055	118.2	131.875	
499	1	1	1	1	1	1	1	88.0284	80.9215	54.9087	80.6959	80.613	75.5398	76.8307	85.4335	82.4418	81.4215	131.323	128.014	131.257	107.894	133.04	118.121	131.763	
500	1	1	1	1	1	1	1	88.1099	80.831	54.8778	80.7457	80.4885	75.5259	76.9464	85.4261	82.4579	81.4966	136.064	127.773	131.216	107.814	128.917	118.16	131.846	
501	1	1	1	1	1	1	1	87.9976	80.8888	54.8876	80.6607	80.595	75.4904	76.7958	85.4041	82.4043	81.373	131.149	127.977	131.216	107.859	132.97	118.08	131.732	
502	1	1	1	1	1	1	1	88.0858	80.7952	54.8593	80.7087	80.4641	75.4777	76.9129	85.3944	82.4204	81.4499	135.981	127.731	131.174	107.777	128.777	118.119	131.816	
503	1	1	1	1	1	1	1	87.966	80.8552	54.866	80.6245	80.5766	75.4398	76.76	85.374	82.3659	81.3233	130.97	127.938	131.174	107.823	132.898	118.037	131.7	
504	1	1	1	1	1	1	1	88.0612	80.7584	54.8405	80.6706	80.4391	75.4283	76.8784	85.3617	82.3818	81.4018	135.895	127.688	131.131	107.74	128.633	118.078	131.785	
505	1	1	1	1	1	1	1	87.9335	80.8207	54.8438	80.5874	80.5579	75.3879	76.7233	85.343	82.3264	81.2723	130.787	127.899	131.131	107.786	132.823	117.994	131.668	
506	1	1	1	1	1	1	1	88.0362	80.7206	54.8214	80.6314	80.4134	75.3777	76.843	85.3281	82.3423	81.3525	135.806	127.644	131.086	107.701	128.487	118.035	131.753	
507	1	1	1	1	1	1	1	87.9001	80.7852	54.8211	80.5494	80.5389	75.3347	76.6855	85.3112	82.2859	81.2198	130.599	127.859	131.087	107.749	132.747	117.949	131.634	
508	1	1	1	1	1	1	1	88.6929	81.3496	55.4255	81.2603	81.0404	76.0399	77.4848	85.9432	82.9924	81.9742	135.68	127.609	131.035	107.774	128.335	118.052	131.709	
509	1	1	1	1	1	1	1	87.8638	80.747	54.7967	80.5075	80.5182	75.2744	76.6435	85.2772	82.2417	81.1633	130.399	127.813	131.037	107.706	132.667	117.9	131.596	
510	1	1	1	1	1	1	1	88.663	81.3059	55.4028	81.215	81.0098	75.9823	77.4436	85.9039	82.9467	81.9184	135.584	127.562	130.988	107.732	128.182	118.006	131.676	
511	1	1	1	1	1	1	1	88.5063	81.3731	55.3915	81.1312	81.1477	75.9272	77.2762	85.8884	82.8847	81.775	130.183	127.777	130.984	107.777	132.569	117.914	131.55	
512	1	1	1	1	1	1	1	88.6307	81.2587	55.3784	81.165	80.9761	75.9175	77.3973	85.8616	82.8969	81.8579	135.485	127.509	130.936	107.686	128.018	117.956	131.638	
513	1	1	1	1	1	1	1	88.4662	81.3307	55.364	81.086	81.1237	75.865	77.2314	85.8501	82.8366	81.7142	129.98	127.732	130.936	107.735	132.484	117.865	131.514	
514	1	1	1	1	1	1	1	88.5996	81.2125	55.3544	81.1171	80.9437	75.8575	77.3538	85.8198	82.8489	81.7991	135.382	127.46	130.886	107.642	127.858	117.908	131.602	
515	1	1	1	1	1	1	1	88.4249	81.2874	55.3352	81.04	81.0995	75.8018	77.1856	85.8109	82.7876	81.6519	129.771	127.687	130.887	107.693	132.397	117.815	131.477	
516	1	1	1	1	1	1	1	88.5679	81.1649	55.3302	81.0678	80.9105	75.7961	77.3091	85.7769	82.7996	81.7386	135.276	127.41	130.836	107.597	127.694	117.858	131.566	
517	1	1	1	1	1	1	1	88.3825	81.2428	55.3055	80.9927	81.0748	75.7371	77.1385	85.7706	82.7373	81.5879	129.555	127.641	130.836	107.649	132.308	117.763	131.439	
518	1	1	1	1	1	1	1	88.5355	81.116	55.3055	81.017	80.8763	75.7331	77.263	85.7326	82.7488	81.6764	135.165	127.358	130.784	107.552	127.527	117.807	131.529	
519	1	1	1	1	1	1	1	88.3388	81.1969	55.2751	80.9442	81.0496	75.6707	77.0902	85.7292	82.6856	81.5222	129.334	127.593	130.785	107.605	132.216	117.71	131.4	
520	1	1	1	1	1	1	1	88.5024	81.0655	55.2804	80.9647	80.8412	75.6686	77.2157	85.6869	82.6967	81.6125	135.051	127.305	130.731	107.505	127.356	117.755	131.491	
521	1	1	1	1	1	1	1	88.2938	81.1497	55.2439	80.8944	81.024	75.6027	77.0405	85.6866	82.6325	81.4546	129.106	127.544	130.732	107.559	132.12	117.656	131.361	
522	1	1	1	1	1	1	1	88.4686	81.0136	55.255	80.9108	80.8052	75.6025	77.167	85.6398	82.6431	81.5468	134.931	127.251	130.677	107.457	127.181	117.701	131.452	
523	1	1	1	1	1	1	1	88.2476	81.1012	55.2118	80.8432	80.9978	75.5328	76.9895	85.6429	82.578	81.3852	128.872	127.494	130.677	107.512	132.022	117.6	131.32	
524	1	1	1	1	1	1	1	88.4341	80.9601	55.2291	80.8553	80.7682	75.5348	77.1168	85.5912	82.588	81.4793	134.808	127.195	130.621	107.407	127.002	117.646	131.412	
525	1	1	1	1	1	1	1	88.1999	81.0513	55.1788	80.7906	80.9712	75.4612	76.9371	85.5978	82.5219	81.3138	128.631	127.442	130.622	107.464	131.92	117.543	131.278	
526	1	1	1	1	1	1	1	88.3988	80.9049	55.2028	80.798	80.7301	75.4653	77.0652	85.5411	82.5312	81.4097	134.679	127.138	130.563	107.357	126.819	117.589	131.371	
527	1	1	1	1	1	1	1	88.1509	80.9999	55.1448	80.7366	80.9441	75.3878	76.8833	85.5515	82.4643	81.2404	128.383	127.389	130.564	107.415	131.816	117.484	131.235	
528	1	1	1	1	1	1	1	88.3627	80.8481	55.1761	80.739	80.691	75.3941	77.012	85.4894	82.4729	81.3382	134.545	127.079	130.504	107.305	126.631	117.531	131.329	
529	1	1	1	1	1	1	1	88.1004	80.947	55.1099	80.681	80.9164	75.3124	76.8279	85.5038	82.4051	81.1649	128.127	127.334	130.505	107.364	131.707	117.423	131.191	
530	1	1	1	1	1	1	1	88.3258	80.7895	55.149	80.6781	80.6509	75.3212	76.9572	85.436	82.4129	81.2646	134.405	127.019	130.444	107.251	126.44	117.471	131.285	
531	1	1	1	1	1	1	1	88.0484	80.8926	55.0739	80.624	80.8883	75.2351	76.771	85.4547	82.3442	81.0872	127.864	127.278	130.445	107.312	131.596	117.361	131.146	
532	1	1	1	1	1	1	1	88.2881	80.729	55.1214	80.6153	80.6096	75.2464	76.9008	85.3808	82.3511	81.1889	134.26	126.957	130.382	107.197	126.244	117.409	131.241	
533	1	1	1	1	1	1	1	87.9949	80.8365	55.0369	80.5653	80.8597	75.1558	76.7124	85.4042	82.2816	81.0073	127.593	127.22	130.383	107.259	131.48	117.297	131.1	
534	1	1	1	1	1	1	1	88.2496	80.6667	55.0935	80.5504	80.5671	75.1697	76.8426	85.3239	82.2876	81.1109	134.109	126.893	130.318	107.141	126.044	117.345	131.195	
535	1	1	1	1	1	1	1	87.9397	80.7788	54.9988	80.505	80.8305	75.0745	76.6522	85.3522	82.2172	80.9251	127.314	127.161	130.319	107.204	131.361	117.231	131.053	
536	1	1	1	1	1	1	1	88.2102	80.6024	55.0652	80.4835	80.5235	75.091	76.7827	85.265	82.2221	81.0306	133.951	126.828	130.252	107.083	125.839	117.279	131.148	
537	1	1	1	1	1	1	1	87.8828	80.7193	54.9595	80.4429	80.8008	74.991	76.5903	85.2987	82.151	80.8406	127.025	127.1	130.253	107.148	131.238	117.163	131.004	
538	1	1	1	1	1	1	1	88.17	80.536	55.0364	80.4144	80.4787	75.0104	76.7209	85.2042	82.1547	80.9479	133.787	126.76	130.184	107.024	125.629	117.212	131.1	
539	1	1	1	1	1	1	1	87.8242	80.6581	54.919	80.3791	80.7707	74.9054	76.5265	85.2435	82.0829	80.7535	126.728	127.037	130.186	107.091	131.111	117.093	130.954	
540	1	1	1	1	1	1	1	88.1288	80.4675	55.0073	80.343	80.4325	74.9276	76.6572	85.1414	82.0853	80.8627	133.616	126.691	130.115	106.963	125.415	117.142	131.05	
541	1	1	1	1	1	1	1	87.7637	80.5949	54.8772	80.3134	80.74	74.8175	76.4609	85.1867	82.0128	80.6639	126.421	126.973	130.117	107.031	130.979	117.021	130.903	
542	1	1	1	1	1	1	1	88.0867	80.3968	54.9778	80.2693	80.3851	74.8428	76.5914	85.0764	82.0138	80.7749	133.437	126.62	130.043	106.901	125.195	117.07	130.999	
543	1	1	1	1	1	1	1	87.7014	80.5299	54.8341	80.2458	80.7088	74.7273	76.3934	85.1282	81.9407	80.5716	126.104	126.906	130.046	106.971	130.843	116.946	130.85	
544	1	1	1	1	1	1	1	87.9289	80.386	55.1685	80.2102	80.4106	74.6963	76.4557	85.0815	81.8984	80.6127	133.315	126.614	129.888	106.791	132.33	117.156	126.226	
545	1	1	1	1	1	1	1	87.7129	80.4147	54.7574	80.0859	80.7112	74.692	76.3268	85.063	81.8469	80.528	125.789	126.858	129.955	106.895	132.358	116.915	129.693	
546	1	1	1	1	1	1	1	87.9179	80.2534	55.0714	80.1049	80.3745	74.6001	76.4165	84.9824	81.7635	80.5499	133.043	126.462	129.878	106.757	125.132	116.925	130.624	
547	1	1	1	1	1	1	1	87.5581	80.3932	54.7564	80.103	80.6599	74.5335	76.2489	85.0154	81.7747	80.3752	125.443	126.765	129.895	106.84	130.643	116.793	130.674	
548	1	1	1	1	1	1	1	87.8205	80.2407	55.1271	80.0619	80.3159	74.503	76.3104	84.9495	81.7394	80.4119	132.915	126.462	129.731	106.654	132.157	117.008	125.921	
549	1	1	1	1	1	1	1	87.5799	80.2718	54.6619	79.9361	80.6508	74.5024	76.1822	84.9383	81.6902	80.3317	125.099	126.716	129.802	106.764	132.197	116.759	129.487	
550	1	1	1	1	1	1	1	87.8163	80.0944	55.0294	79.9378	80.2819	74.4051	76.2641	84.8414	81.5918	80.3488	132.623	126.303	129.718	106.618	124.706	116.765	130.477	
551	1	1	1	1	1	1	1	87.4167	80.2482	54.6613	79.9532	80.5968	74.3348	76.0986	84.8871	81.6123	80.1697	124.731	126.617	129.737	106.706	130.352	116.629	130.548	
552	1	1	1	1	1	1	1	87.7072	80.084	55.0914	79.9003	80.2189	74.2978	76.1533	84.8076	81.5665	80.197	132.474	126.301	129.566	106.51	131.952	116.849	125.616	
553	1	1	1	1	1	1	1	87.4384	80.1195	54.5601	79.7771	80.589	74.3028	76.0284	84.8058	81.5237	80.123	124.359	126.566	129.639	106.626	132.022	116.593	129.272	
554	1	1	1	1	1	1	1	87.7095	79.924	54.9881	79.7586	80.1844	74.1992	76.1009	84.6904	81.4084	80.1345	132.161	126.135	129.548	106.471	124.262	116.595	130.32	
555	1	1	1	1	1	1	1	87.266	80.0938	54.5593	79.7941	80.5323	74.1256	75.9389	84.7508	81.4398	79.9514	123.968	126.46	129.571	106.565	130.044	116.454	130.413	
556	1	1	1	1	1	1	1	87.5871	79.9163	55.0578	79.7278	80.1171	74.0802	75.985	84.6557	81.3816	79.9671	131.989	126.131	129.39	106.358	131.733	116.678	125.299	
557	1	1	1	1	1	1	1	87.2869	79.9576	54.4509	79.6086	80.5261	74.0924	75.865	84.6651	81.3469	79.9009	123.565	126.407	129.467	106.48	131.835	116.417	129.042	
558	1	1	1	1	1	1	1	87.5966	79.7412	54.9484	79.5664	80.0824	73.9812	75.926	84.5285	81.2123	79.9056	131.653	125.957	129.368	106.315	123.801	116.414	130.151	
559	1	1	1	1	1	1	1	87.1051	79.9292	54.4496	79.6251	80.4666	73.9051	75.7691	84.606	81.2564	79.7193	123.147	126.294	129.394	106.416	129.716	116.268	130.27	
560	1	1	1	1	1	1	1	87.4597	79.7365	55.0267	79.5433	80.0102	73.8494	75.8045	84.4931	81.1836	79.7207	131.454	125.95	129.203	106.197	131.497	116.497	124.969	
561	1	1	1	1	1	1	1	87.4372	79.5777	54.7185	79.4125	80.1297	73.821	75.8216	84.4582	81.0637	79.7543	133.705	125.655	129.166	106.098	123.33	116.339	128.933	
562	1	1	1	1	1	1	1	87.069	79.7473	54.6824	79.3852	80.3646	73.6902	75.5685	84.4558	80.9757	79.4784	123.456	126.08	129.206	106.242	129.397	116.129	129.832	
563	1	1	1	1	1	1	1	87.3784	79.6007	54.9683	79.4022	79.8988	73.6754	75.6668	84.3563	81.0392	79.5174	131.314	125.778	129.044	106.052	131.286	116.36	124.625	
564	1	1	1	1	1	1	1	87.0071	79.639	54.2813	79.2751	80.4016	73.6865	75.5446	84.3879	81.0004	79.4645	122.153	126.089	129.132	106.196	131.466	116.081	128.576	
565	1	1	1	1	1	1	1	87.3855	79.3868	54.8807	79.192	79.891	73.5679	75.5872	84.2148	80.8338	79.4632	130.674	125.613	129.021	106.017	122.948	116.066	129.815	
566	1	1	1	1	1	1	1	86.7971	79.6122	54.2416	79.3006	80.3484	73.4886	75.4436	84.3287	80.905	79.2739	121.57	125.976	129.058	106.133	129.091	115.912	129.993	
567	1	1	1	1	1	1	1	87.2174	79.3891	54.9795	79.1875	79.8101	73.4103	75.4554	84.1792	80.802	79.2446	130.381	125.604	128.848	105.891	131.041	116.146	124.357	
568	1	1	1	1	1	1	1	87.2193	79.2014	54.6394	79.0151	79.9346	73.3938	75.4673	84.129	80.6673	79.2909	132.995	125.269	128.795	105.771	122.416	115.983	128.458	
569	1	1	1	1	1	1	1	86.7653	79.3993	54.5352	79.0188	80.2314	73.2449	75.2093	84.1531	80.5787	78.9957	122.03	125.721	128.84	105.929	128.717	115.755	129.474	
570	1	1	1	1	1	1	1	87.1315	79.2356	54.9159	79.0275	79.6828	73.2185	75.2991	84.0224	80.6388	79.0113	130.265	125.404	128.668	105.726	130.792	115.993	123.967	
571	1	1	1	1	1	1	1	87.1247	79.0273	54.5766	78.8284	79.8418	73.2014	75.3044	83.9734	80.4859	79.0697	132.786	125.078	128.617	105.613	121.982	115.819	128.202	
572	1	1	1	1	1	1	1	86.6282	79.2307	54.4848	78.8404	80.1679	73.0351	75.0376	84.0074	80.3893	78.7633	121.43	125.547	128.665	105.781	128.393	115.58	129.293	
573	1	1	1	1	1	1	1	87.0193	79.0635	54.8929	78.8507	79.5816	73.0073	75.1262	83.8645	80.4512	78.7709	129.782	125.227	128.491	105.573	130.556	115.821	123.665	
574	1	1	1	1	1	1	1	87.0231	78.8395	54.5403	78.6289	79.7476	72.9963	75.1281	83.8083	80.29	78.8378	132.438	124.886	128.435	105.452	121.55	115.644	127.962	
575	1	1	1	1	1	1	1	86.4805	79.0563	54.418	78.6571	80.1073	72.82	74.8592	83.8571	80.1929	78.523	120.745	125.368	128.484	105.627	128.059	115.396	129.111	
576	1	1	1	1	1	1	1	86.9004	78.881	54.8757	78.6639	79.4784	72.7856	74.9424	83.6981	80.2522	78.5171	129.241	125.042	128.306	105.415	130.307	115.64	123.355	
577	1	1	1	1	1	1	1	86.9174	78.6399	54.5094	78.4167	79.6497	72.7811	74.9404	83.6331	80.0822	78.5923	132.052	124.683	128.243	105.283	121.106	115.459	127.709	
578	1	1	1	1	1	1	1	86.3252	78.872	54.3479	78.4636	80.0465	72.5957	74.6708	83.6989	79.9855	78.2695	120.017	125.179	128.295	105.467	127.709	115.203	128.919	
579	1	1	1	1	1	1	1	86.7759	78.6872	54.8622	78.4657	79.3713	72.5529	74.7469	83.5217	80.041	78.2475	128.654	124.846	128.112	105.248	130.044	115.447	123.034	
580	1	1	1	1	1	1	1	86.8076	78.4274	54.4823	78.1905	79.5478	72.5555	74.7406	83.4468	79.8618	78.3316	131.629	124.469	128.04	105.106	120.648	115.263	127.443	
581	1	1	1	1	1	1	1	86.1619	78.6767	54.2741	78.2585	79.9854	72.3615	74.4712	83.5319	79.7663	78.0013	119.246	124.979	128.096	105.298	127.342	114.998	128.716	
582	1	1	1	1	1	1	1	86.6453	78.481	54.8528	78.2551	79.2602	72.3083	74.5388	83.3347	79.8168	77.9606	128.017	124.64	127.908	105.073	129.765	115.243	122.703	
583	1	1	1	1	1	1	1	86.6934	78.2008	54.4596	77.9491	79.4418	72.3186	74.5274	83.2483	79.6277	78.0542	131.164	124.242	127.827	104.919	120.176	115.055	127.162	
584	1	1	1	1	1	1	1	85.9903	78.4694	54.1962	78.0409	79.9245	72.1169	74.2597	83.3556	79.5345	77.7171	118.426	124.767	127.887	105.121	126.956	114.782	128.499	
585	1	1	1	1	1	1	1	86.5083	78.2614	54.848	78.0308	79.1449	72.0512	74.3168	83.136	79.5784	77.6547	127.324	124.422	127.693	104.889	129.47	115.026	122.36	
586	1	1	1	1	1	1	1	86.5746	77.9589	54.4424	77.691	79.3317	72.0695	74.2997	83.0368	79.3785	77.7584	130.651	124.002	127.602	104.722	119.689	114.835	126.865	
587	1	1	1	1	1	1	1	85.81	78.2493	54.1132	77.81	79.8643	71.8616	74.0352	83.1694	79.2891	77.4157	117.55	124.541	127.666	104.934	126.553	114.553	128.27	
588	1	1	1	1	1	1	1	86.3643	78.0269	54.8488	77.7917	79.0256	71.7805	74.0796	82.925	79.3244	77.3282	126.566	124.191	127.466	104.696	129.157	114.794	122.006	
589	1	1	1	1	1	1	1	86.4507	77.7	54.432	77.4146	79.2174	71.8072	74.0558	82.8112	79.1129	77.4428	130.081	123.746	127.364	104.514	119.188	114.6	126.552	
590	1	1	1	1	1	1	1	85.6205	78.0155	54.0239	77.5645	79.8056	71.5951	73.7968	82.9728	79.0292	77.0959	116.61	124.302	127.435	104.738	126.13	114.31	128.027	
591	1	1	1	1	1	1	1	86.2126	77.7763	54.8562	77.5363	78.9023	71.4951	73.8255	82.7006	79.0533	76.9792	125.733	123.946	127.228	104.493	128.827	114.548	121.641	
592	1	1	1	1	1	1	1	86.3212	77.4225	54.43	77.1179	79.0993	71.5304	73.794	82.5702	78.8292	77.1054	129.443	123.476	127.114	104.296	118.673	114.35	126.222	
593	1	1	1	1	1	1	1	85.4219	77.7673	53.9265	77.3037	79.7494	71.3171	73.5433	82.7655	78.7536	76.7566	115.594	124.049	127.191	104.533	125.69	114.053	127.769	
594	1	1	1	1	1	1	1	85.7552	76.3841	52.4996	77.2065	77.8937	71.2935	71.1161	82.5379	78.1934	78.2858	124.761	123.408	126.209	103.675	127.968	113.674	120.702	
595	1	1	1	1	1	1	1	85.8578	76.5637	53.3016	76.9175	78.355	71.2175	73.1051	82.3177	78.6603	77.3327	129.117	123.311	126.501	103.924	117.792	113.869	125.651	
596	1	1	1	1	1	1	1	84.9888	77.2639	53.2715	77.1183	79.3299	70.957	73.225	82.5479	78.5974	76.585	114.803	123.859	126.703	104.246	125.11	113.693	127.366	
597	1	1	1	1	1	1	1	85.7989	77.141	54.5048	77.0434	78.4627	70.8559	73.3201	82.184	78.5757	76.2952	124.135	123.466	126.57	104.029	128.046	113.976	120.721	
598	1	1	1	1	1	1	1	86.0273	76.7645	54.2092	76.4802	78.7576	70.9412	73.2745	82.009	78.283	76.3762	128.158	122.92	126.479	103.813	117.53	113.787	125.439	
599	1	1	1	1	1	1	1	84.5927	76.0256	51.2734	76.6583	78.6863	70.8077	70.4415	82.3375	77.5706	77.8107	113.474	123.219	125.788	103.429	124.169	112.858	126.613	
600	1	1	1	1	1	1	1	85.3138	76.2931	53.6163	76.8379	77.784	70.4735	72.4811	81.9076	78.2915	76.5237	123.42	123.219	125.995	103.623	127.503	113.468	119.985	
601	1	1	1	1	1	1	1	85.7082	76.207	53.7207	76.1876	78.3293	70.5767	72.8597	81.6852	78.0704	76.2172	127.619	122.661	125.995	103.491	116.811	113.403	124.903	
602	1	1	1	1	1	1	1	84.5834	76.7821	53.2802	76.4542	79.3577	70.3451	72.7227	82.0229	77.9461	75.6775	112.476	123.227	126.175	103.791	124.137	113.134	126.759	
603	1	1	1	1	1	1	1	85.1229	75.3027	51.9991	76.3659	77.2547	70.2468	70.0278	81.6923	77.3015	77.2373	121.752	122.509	125.142	102.834	126.675	112.684	119.276	
604	1	1	1	1	1	1	1	85.3116	75.3865	52.9619	75.8552	77.7567	70.2017	72.1225	81.3739	77.76	76.2122	126.756	122.361	125.443	103.087	115.961	112.896	124.351	
605	1	1	1	1	1	1	1	84.1491	76.2448	52.682	76.1814	79.0205	69.943	72.3104	81.759	77.6969	75.3867	111.206	122.942	125.692	103.467	123.513	112.717	126.325	
606	1	1	1	1	1	1	1	85.802	76.6879	54.9739	76.6571	78.5165	70.3963	72.9609	81.856	78.2196	75.5225	120.661	122.529	125.558	103.34	126.714	113.038	119.331	
607	1	1	1	1	1	1	1	85.6962	74.9074	52.1007	75.8783	77.8571	70.568	70.0436	81.637	77.193	77.6096	125.22	121.567	124.51	102.308	115.113	112.11	123.509	
608	1	1	1	1	1	1	1	83.6283	75.4209	51.781	75.8967	78.5149	69.5155	71.4493	81.4635	77.2932	75.4074	109.524	122.59	125.114	103.013	122.945	112.158	125.758	
609	1	1	1	1	1	1	1	85.3522	76.0288	54.5407	76.3113	78.0241	69.8609	72.3606	81.449	77.848	75.1816	119.239	122.209	125.046	102.968	126.238	112.561	118.684	
610	1	1	1	1	1	1	1	85.8348	75.5866	54.532	75.3585	78.4981	69.9983	72.3724	81.1048	77.4269	75.0863	124.058	121.493	124.934	102.695	115.095	112.393	123.555	
611	1	1	1	1	1	1	1	84.8794	74.6036	52.5303	74.987	78.1389	69.2687	68.8056	81.5948	75.812	76.0571	126.085	121.359	114.515	101.704	120.985	111.216	123.975	
612	1	1	1	1	1	1	1	83.748	75.0469	52.2992	75.8035	78.4282	69.4026	71.7961	81.2538	77.562	75.0994	109.094	122.28	120.795	102.543	124.476	111.503	125.411	
613	1	1	1	1	1	1	1	84.8403	75.0775	54.3958	75.5355	77.5276	69.0932	71.9721	80.7005	77.3439	74.2239	118.207	121.699	122.748	102.392	126.454	111.9	117.995	
614	1	1	1	1	1	1	1	83.8476	72.8935	49.8667	68.7518	75.0173	68.7038	72.3285	79.4649	76.1242	75.6814	121.728	119.793	121.637	100.434	112.347	110.198	121.054	
615	1	1	1	1	1	1	1	82.7586	74.4248	50.7374	72.2641	78.0257	68.8948	72.3246	80.6498	76.4289	73.9615	105.143	120.943	122.983	101.65	121.047	110.566	124.096	
616	1	1	1	1	1	1	1	84.276	74.4663	53.8978	73.1295	77.0114	68.539	71.935	80.1152	76.3763	73.0586	115.122	120.772	123.342	101.72	124.706	111.055	117.066	
617	1	1	1	1	1	1	1	84.4607	72.5627	51.3862	72.7225	76.5509	68.8103	68.4625	79.7623	75.3373	75.3725	120.29	119.827	122.393	100.655	112.618	110.203	121.31	
618	1	1	1	1	1	1	1	83.9758	73.6304	53.3929	72.8481	77.6585	67.7337	69.5296	80.4908	74.8093	72.9853	123.374	120.336	112.961	100.984	119.583	110.278	122.738	
619	1	1	1	1	1	1	1	82.8715	74.0505	52.1425	73.8632	78.3759	68.2066	71.1102	80.2737	76.2497	72.6433	105.171	120.989	119.087	101.615	122.976	110.371	124.237	
620	1	1	1	1	1	1	1	82.5413	71.7334	49.2238	67.6483	73.9515	67.3619	71.4224	78.3517	75.0958	73.3457	112.363	119.313	119.179	99.5558	123.105	109	114.664	
621	1	1	1	1	1	1	1	83.4737	71.8962	51.9318	69.2287	76.0913	67.6705	71.3057	78.4952	74.906	71.8396	118.662	118.867	120.648	100.082	111.221	109.412	120.355	
622	1	1	1	1	1	1	1	83.0759	71.6049	50.7548	69.8671	76.4809	67.1371	66.3032	79.5873	72.7903	72.7789	121.19	118.731	110.254	99.1465	117.448	108.477	121.079	
623	1	1	1	1	1	1	1	81.5583	72.2429	50.4287	71.6411	77.2278	67.2303	69.6576	79.4214	75.2806	71.6935	102.727	119.931	117.197	100.361	121.375	108.948	122.808	
624	1	1	1	1	1	1	1	83.0842	72.1777	53.5983	71.6811	76.0334	66.656	69.6695	78.5108	75.083	70.1761	111.434	119.319	119.452	100.308	123.682	109.345	115.259	
625	1	1	1	1	1	1	1	83.1959	70.1546	50.714	70.8261	75.5607	66.727	65.9165	77.9462	73.766	72.2648	115.609	117.925	119.118	98.7932	110.7	108.19	119.13	
626	1	1	1	1	1	1	1	82.8981	71.3315	52.0917	72.1504	74.9588	66.0668	68.2787	77.851	75.2668	69.748	119.7	117.912	120.186	99.3583	118.327	108.898	112.543	
627	1	1	1	1	1	1	1	83.074	71.6218	53.5795	70.4105	77.3058	65.5459	67.114	78.5735	72.8038	67.3967	121.071	117.621	109.903	99.1439	120.554	108.458	116.903	
628	1	1	1	1	1	1	1	79.4254	69.3479	46.7962	64.0817	74.642	65.6492	69.0248	76.6892	72.926	68.7698	99.4903	117.182	113.743	97.449	119.635	106.381	117.426	
629	1	1	1	1	1	1	1	81.8374	68.8577	51.4009	64.8035	75.1484	65.4335	68.8001	76.0331	72.7202	65.9102	108.564	116.346	116.315	97.9437	108.205	106.518	119.988	
630	1	1	1	1	1	1	1	81.6296	68.3879	50.1916	66.5965	73.708	65.282	64.7767	76.4001	72.1473	66.9353	112.345	115.348	116.08	96.3742	114.817	105.755	111.259	
631	1	1	1	1	1	1	1	81.8309	68.7919	52.3672	64.9388	76.0186	64.1585	64.4401	77.1668	70.4874	62.9488	115.455	115.207	105.915	96.7608	117.719	105.788	115.087	
632	1	1	1	1	1	1	1	80.9957	67.022	48.7989	61.8561	74.3302	60.2376	65.8825	74.6217	70.7595	60.0136	115.798	113.492	110.045	94.7112	104.673	103.873	115.358	
633	1	1	1	1	1	1	1	78.5138	67.6837	49.3416	62.6279	76.6126	60.4073	65.4435	75.7104	71.9893	59.0644	97.2853	113.675	113.064	95.6074	112.738	103.947	117.485	
634	1	1	1	1	1	1	1	79.5547	65.5585	48.7468	62.6919	72.8124	60.0868	60.9575	74.4097	70.9113	59.6755	102.48	112.61	112.515	93.3768	115.052	102.522	108.676	
635	1	1	1	1	1	1	1	80.6002	64.3968	50.9156	59.5319	74.1382	59.3856	62.3135	73.006	71.6611	55.5829	107.412	110.84	113.048	93.6571	104.224	102.342	112.747	
636	1	1	1	1	1	1	1	78.7868	64.2046	49.7037	55.2379	74.596	53.2651	59.1849	72.7971	67.2983	52.0038	107.221	109.911	99.2321	91.2379	108.224	99.8998	111.624	
637	1	1	1	1	1	1	1	78.7343	63.0867	51.4066	54.376	72.7247	52.376	59.607	71.9555	70.6323	50.5342	110.072	107.928	105.254	91.118	111.588	100.054	105.104	
638	1	1	1	1	1	1	1	77.4671	58.8234	47.1413	49.2749	71.8329	49.8645	53.174	69.1421	68.6713	50.6759	108.26	105.204	104.303	86.6626	97.9065	96.3774	106.246	
639	1	1	1	1	1	1	1	73.1032	58.1863	48.9113	44.0048	74.589	44.5236	52.1539	69.8656	69.3756	47.8372	89.8709	103.134	104.78	86.7507	103.889	95.0354	107.257	
640	1	1	1	1	1	1	1	72.5417	55.9338	50.5114	35.8972	70.2762	35.6461	47.7755	66.257	66.8487	47.1887	92.4518	101.406	102.43	83.3329	103.615	91.2128	98.0251	
641	1	1	1	1	1	1	1	72.106	50.9535	52.8685	26.5309	72.1261	29.9674	41.9404	63.4707	65.5341	46.2113	93.7223	96.4535	100.465	80.9766	90.3636	88.9412	99.4563	
642	1	1	1	1	1	1	1	69.5994	46.3841	51.5666	20.5778	70.8253	23.8472	34.9752	63.0839	57.2441	46.1752	91.0157	93.4507	78.4277	74.7516	93.65	84.0706	96.7683	
643	1	1	1	1	1	1	1	67.3259	42.341	52.7855	16.4213	66.2446	19.87	33.6894	59.9871	50.5085	44.9171	88.6709	89.8619	83.9138	73.552	93.6584	83.0403	88.6674	
644	1	1	1	1	1	1	1	65.4437	36.4153	50.1748	13.7544	68.308	18.5841	31.745	52.5789	38.5898	45.0213	84.7891	87.5259	81.9232	68.9529	75.6135	80.1714	88.6351	
645	1	1	1	1	1	1	1	64.7887	31.6986	50.9063	13.8788	62.2066	16.8136	29.7588	48.6319	26.0693	43.94	81.3186	82.5624	82.6182	67.2094	78.3665	76.6963	80.8317	
646	1	1	1	1	1	1	1	65.0257	24.9841	48.858	12.0724	68.4711	16.3252	28.9503	40.0087	16.9646	43.6032	76.9489	80.4968	62.5393	65.8404	77.4601	71.6963	84.1953	
647	1	1	1	1	1	1	1	64.6335	19.4315	48.7199	11.618	56.0991	15.6918	28.5186	32.5697	14.1139	43.1844	73.3388	76.7211	68.8504	63.5947	74.703	68.6939	71.9731	
648	1	1	1	1	1	1	1	58.8158	16.3308	46.6694	11.0495	59.7626	15.6236	28.4877	29.0793	13.0167	42.4464	68.523	66.7414	68.7945	60.0241	70.6417	63.2446	75.093	
649	1	1	1	1	1	1	1	54.6598	15.6773	46.4637	10.2287	41.6758	14.5714	27.8163	26.7631	11.8882	42.5663	63.8252	67.9007	69.0805	58.4166	68.6604	59.8511	57.3559	
650	1	1	1	1	1	1	1	43.9937	14.939	43.757	9.4309	37.1197	13.9615	27.1087	25.7994	11.9646	42.4686	56.6149	66.4092	54.377	54.4171	65.1945	54.6551	53.3605	
651	1	1	1	1	1	1	1	31.1119	14.5512	37.1217	8.90552	26.7539	13.5044	27.1286	25.1583	11.3888	41.2105	47.9889	63.1035	53.756	44.2799	58.1078	48.8524	42.9758	
652	1	1	1	1	1	1	1	21.8666	13.8893	28.9662	8.12932	20.3415	12.7256	26.6531	24.4424	10.4241	40.9018	38.948	62.636	50.5122	33.529	50.1485	44.1354	35.9986	