
1	1	1	1	1	1	60.7316	46.6085	41.569	44.0199	53.776	84.0682	93.8862	100.484	84.0616	81.4301	
2	1	1	1	1	1	60.7301	46.6092	41.568	44.0194	53.7749	84.0702	93.8855	100.483	84.0605	81.4308	
3	1	1	1	1	1	60.7299	46.609	41.5678	44.0194	53.7748	84.07	93.8853	100.482	84.0603	81.4307	
4	1	1	1	1	1	60.7297	46.6088	41.5676	44.0193	53.7748	84.0697	93.8851	100.482	84.0601	81.4306	
5	1	1	1	1	1	60.7295	46.6086	41.5674	44.0192	53.7748	84.0694	93.8848	100.481	84.0598	81.4304	
6	1	1	1	1	1	60.7292	46.6084	41.5672	44.0191	53.7747	84.0691	93.8846	100.48	84.0596	81.4303	
7	1	1	1	1	1	60.729	46.6082	41.5671	44.019	53.7747	84.0688	93.8843	100.48	84.0594	81.4302	
8	1	1	1	1	1	60.7288	46.6081	41.5669	44.0189	53.7747	84.0684	93.8841	100.479	84.0592	81.43	
9	1	1	1	1	1	60.7286	46.6079	41.5667	44.0189	53.7746	84.0681	93.8838	100.478	84.059	81.4299	
10	1	1	1	1	1	60.7284	46.6076	41.5665	44.0188	53.7746	84.0678	93.8836	100.477	84.0588	81.4297	
11	1	1	1	1	1	60.7282	46.6074	41.5663	44.0187	53.7745	84.0675	93.8833	100.477	84.0585	81.4296	
12	1	1	1	1	1	60.7279	46.6072	41.5661	44.0186	53.7745	84.0672	93.8831	100.476	84.0583	81.4295	
13	1	1	1	1	1	60.7277	46.607	41.5659	44.0185	53.7745	84.0669	93.8828	100.475	84.0581	81.4293	
14	1	1	1	1	1	60.7275	46.6068	41.5657	44.0184	53.7744	84.0665	93.8825	100.474	84.0579	81.4292	
15	1	1	1	1	1	60.7272	46.6066	41.5655	44.0183	53.7744	84.0662	93.8823	100.474	84.0576	81.429	
16	1	1	1	1	1	60.727	46.6064	41.5653	44.0182	53.7743	84.0659	93.882	100.473	84.0574	81.4289	
17	1	1	1	1	1	60.7268	46.6062	41.5651	44.0181	53.7743	84.0655	93.8817	100.472	84.0571	81.4287	
18	1	1	1	1	1	60.7265	46.606	41.5648	44.018	53.7743	84.0652	93.8815	100.471	84.0569	81.4286	
19	1	1	1	1	1	60.7263	46.6057	41.5646	44.018	53.7742	84.0649	93.8812	100.47	84.0567	81.4284	
20	1	1	1	1	1	60.726	46.6055	41.5644	44.0179	53.7742	84.0645	93.8809	100.47	84.0564	81.4283	
21	1	1	1	1	1	60.7258	46.6053	41.5642	44.0178	53.7741	84.0642	93.8806	100.469	84.0562	81.4281	
22	1	1	1	1	1	60.7255	46.6051	41.564	44.0177	53.7741	84.0638	93.8803	100.468	84.0559	81.428	
23	1	1	1	1	1	60.7253	46.6048	41.5638	44.0176	53.774	84.0634	93.88	100.467	84.0557	81.4278	
24	1	1	1	1	1	60.725	46.6046	41.5635	44.0175	53.774	84.0631	93.8797	100.466	84.0554	81.4276	
25	1	1	1	1	1	60.7248	46.6044	41.5633	44.0174	53.7739	84.0627	93.8795	100.465	84.0552	81.4275	
26	1	1	1	1	1	60.7245	46.6041	41.5631	44.0173	53.7739	84.0624	93.8792	100.465	84.0549	81.4273	
27	1	1	1	1	1	60.7243	46.6039	41.5629	44.0172	53.7739	84.062	93.8789	100.464	84.0546	81.4272	
28	1	1	1	1	1	60.724	46.6036	41.5626	44.0171	53.7738	84.0616	93.8786	100.463	84.0544	81.427	
29	1	1	1	1	1	60.7237	46.6034	41.5624	44.017	53.7738	84.0612	93.8782	100.462	84.0541	81.4268	
30	1	1	1	1	1	60.7234	46.6031	41.5621	44.0169	53.7737	84.0608	93.8779	100.461	84.0538	81.4267	
31	1	1	1	1	1	60.7232	46.6029	41.5619	44.0167	53.7737	84.0605	93.8776	100.46	84.0536	81.4265	
32	1	1	1	1	1	60.7229	46.6026	41.5617	44.0166	53.7736	84.0601	93.8773	100.459	84.0533	81.4263	
33	1	1	1	1	1	60.7226	46.6024	41.5614	44.0165	53.7736	84.0597	93.877	100.458	84.053	81.4261	
34	1	1	1	1	1	60.7223	46.6021	41.5612	44.0164	53.7735	84.0593	93.8767	100.457	84.0527	81.426	
35	1	1	1	1	1	60.722	46.6019	41.5609	44.0163	53.7735	84.0589	93.8763	100.456	84.0524	81.4258	
36	1	1	1	1	1	60.7218	46.6016	41.5607	44.0162	53.7734	84.0585	93.876	100.455	84.0521	81.4256	
37	1	1	1	1	1	60.7215	46.6013	41.5604	44.0161	53.7734	84.058	93.8757	100.454	84.0519	81.4254	
38	1	1	1	1	1	60.7212	46.6011	41.5602	44.016	53.7733	84.0576	93.8753	100.453	84.0516	81.4252	
39	1	1	1	1	1	60.7209	46.6008	41.5599	44.0159	53.7733	84.0572	93.875	100.452	84.0513	81.425	
40	1	1	1	1	1	60.7206	46.6005	41.5596	44.0157	53.7732	84.0568	93.8747	100.451	84.051	81.4249	
41	1	1	1	1	1	60.7203	46.6002	41.5594	44.0156	53.7732	84.0564	93.8743	100.45	84.0507	81.4247	
42	1	1	1	1	1	60.72	46.6	41.5591	44.0155	53.7731	84.0559	93.874	100.449	84.0504	81.4245	
43	1	1	1	1	1	60.7197	46.5997	41.5588	44.0154	53.773	84.0555	93.8736	100.448	84.0501	81.4243	
44	1	1	1	1	1	60.7194	46.5994	41.5586	44.0153	53.773	84.055	93.8732	100.447	84.0497	81.4241	
45	1	1	1	1	1	60.719	46.5991	41.5583	44.0151	53.7729	84.0546	93.8729	100.446	84.0494	81.4239	
46	1	1	1	1	1	60.7187	46.5988	41.558	44.015	53.7729	84.0541	93.8725	100.445	84.0491	81.4237	
47	1	1	1	1	1	60.7184	46.5985	41.5577	44.0149	53.7728	84.0537	93.8722	100.444	84.0488	81.4235	
48	1	1	1	1	1	60.7181	46.5982	41.5574	44.0148	53.7728	84.0532	93.8718	100.443	84.0485	81.4233	
49	1	1	1	1	1	60.7177	46.5979	41.5571	44.0146	53.7727	84.0528	93.8714	100.442	84.0481	81.4231	
50	1	1	1	1	1	60.7174	46.5976	41.5568	44.0145	53.7726	84.0523	93.871	100.441	84.0478	81.4229	
51	1	1	1	1	1	60.7171	46.5973	41.5566	44.0144	53.7726	84.0518	93.8706	100.44	84.0475	81.4227	
52	1	1	1	1	1	60.7167	46.597	41.5563	44.0142	53.7725	84.0513	93.8703	100.439	84.0471	81.4224	
53	1	1	1	1	1	60.7164	46.5967	41.556	44.0141	53.7725	84.0509	93.8699	100.437	84.0468	81.4222	
54	1	1	1	1	1	60.7161	46.5964	41.5557	44.014	53.7724	84.0504	93.8695	100.436	84.0464	81.422	
55	1	1	1	1	1	60.7157	46.5961	41.5553	44.0138	53.7723	84.0499	93.8691	100.435	84.0461	81.4218	
56	1	1	1	1	1	60.7153	46.5957	41.555	44.0137	53.7723	84.0494	93.8687	100.434	84.0457	81.4216	
57	1	1	1	1	1	60.715	46.5954	41.5547	44.0136	53.7722	84.0489	93.8683	100.433	84.0454	81.4213	
58	1	1	1	1	1	60.7146	46.5951	41.5544	44.0134	53.7722	84.0484	93.8679	100.432	84.045	81.4211	
59	1	1	1	1	1	60.7143	46.5948	41.5541	44.0133	53.7721	84.0478	93.8674	100.43	84.0447	81.4209	
60	1	1	1	1	1	60.7139	46.5944	41.5538	44.0131	53.772	84.0473	93.867	100.429	84.0443	81.4207	
61	1	1	1	1	1	60.7135	46.5941	41.5534	44.013	53.772	84.0468	93.8666	100.428	84.0439	81.4204	
62	1	1	1	1	1	60.7132	46.5937	41.5531	44.0129	53.7719	84.0463	93.8662	100.427	84.0436	81.4202	
63	1	1	1	1	1	60.7128	46.5934	41.5528	44.0127	53.7718	84.0457	93.8657	100.425	84.0432	81.42	
64	1	1	1	1	1	60.7124	46.593	41.5524	44.0126	53.7718	84.0452	93.8653	100.424	84.0428	81.4197	
65	1	1	1	1	1	60.712	46.5927	41.5521	44.0124	53.7717	84.0446	93.8649	100.423	84.0424	81.4195	
66	1	1	1	1	1	60.7116	46.5923	41.5518	44.0123	53.7716	84.0441	93.8644	100.422	84.042	81.4192	
67	1	1	1	1	1	60.7112	46.592	41.5514	44.0121	53.7716	84.0435	93.864	100.42	84.0416	81.419	
68	1	1	1	1	1	60.7108	46.5916	41.5511	44.012	53.7715	84.043	93.8635	100.419	84.0412	81.4187	
69	1	1	1	1	1	60.7104	46.5912	41.5507	44.0118	53.7714	84.0424	93.863	100.418	84.0408	81.4185	
70	1	1	1	1	1	60.71	46.5909	41.5504	44.0116	53.7713	84.0418	93.8626	100.416	84.0404	81.4182	
71	1	1	1	1	1	60.7096	46.5905	41.55	44.0115	53.7713	84.0412	93.8621	100.415	84.04	81.418	
72	1	1	1	1	1	60.7092	46.5901	41.5496	44.0113	53.7712	84.0407	93.8616	100.413	84.0396	81.4177	
73	1	1	1	1	1	60.7088	46.5897	41.5493	44.0112	53.7711	84.0401	93.8612	100.412	84.0392	81.4174	
74	1	1	1	1	1	60.7084	46.5894	41.5489	44.011	53.771	84.0395	93.8607	100.411	84.0388	81.4172	
75	1	1	1	1	1	60.7079	46.589	41.5485	44.0108	53.771	84.0389	93.8602	100.409	84.0383	81.4169	
76	1	1	1	1	1	60.7075	46.5886	41.5482	44.0107	53.7709	84.0383	93.8597	100.408	84.0379	81.4166	
77	1	1	1	1	1	60.7071	46.5882	41.5478	44.0105	53.7708	84.0376	93.8592	100.406	84.0375	81.4164	
78	1	1	1	1	1	60.7066	46.5878	41.5474	44.0103	53.7707	84.037	93.8587	100.405	84.037	81.4161	
79	1	1	1	1	1	60.7062	46.5874	41.547	44.0101	53.7707	84.0364	93.8582	100.403	84.0366	81.4158	
80	1	1	1	1	1	60.7057	46.5869	41.5466	44.01	53.7706	84.0357	93.8577	100.402	84.0361	81.4155	
81	1	1	1	1	1	60.7053	46.5865	41.5462	44.0098	53.7705	84.0351	93.8571	100.4	84.0357	81.4152	
82	1	1	1	1	1	60.7048	46.5861	41.5458	44.0096	53.7704	84.0345	93.8566	100.399	84.0352	81.415	
83	1	1	1	1	1	60.7044	46.5857	41.5454	44.0094	53.7703	84.0338	93.8561	100.397	84.0348	81.4147	
84	1	1	1	1	1	60.7039	46.5853	41.545	44.0093	53.7702	84.0331	93.8556	100.396	84.0343	81.4144	
85	1	1	1	1	1	60.7034	46.5848	41.5446	44.0091	53.7702	84.0325	93.855	100.394	84.0338	81.4141	
86	1	1	1	1	1	60.7029	46.5844	41.5441	44.0089	53.7701	84.0318	93.8545	100.393	84.0333	81.4138	
87	1	1	1	1	1	60.7025	46.5839	41.5437	44.0087	53.77	84.0311	93.8539	100.391	84.0329	81.4135	
88	1	1	1	1	1	60.702	46.5835	41.5433	44.0085	53.7699	84.0304	93.8534	100.389	84.0324	81.4132	
89	1	1	1	1	1	60.7015	46.5831	41.5429	44.0083	53.7698	84.0297	93.8528	100.388	84.0319	81.4129	
90	1	1	1	1	1	60.701	46.5826	41.5424	44.0081	53.7697	84.029	93.8522	100.386	84.0314	81.4125	
91	1	1	1	1	1	60.7005	46.5821	41.542	44.0079	53.7696	84.0283	93.8517	100.384	84.0309	81.4122	
92	1	1	1	1	1	60.7	46.5817	41.5415	44.0077	53.7696	84.0276	93.8511	100.383	84.0304	81.4119	
93	1	1	1	1	1	60.6995	46.5812	41.5411	44.0075	53.7695	84.0269	93.8505	100.381	84.0299	81.4116	
94	1	1	1	1	1	60.6989	46.5807	41.5406	44.0073	53.7694	84.0261	93.8499	100.379	84.0293	81.4113	
95	1	1	1	1	1	60.6984	46.5803	41.5402	44.0071	53.7693	84.0254	93.8493	100.377	84.0288	81.4109	
96	1	1	1	1	1	60.6979	46.5798	41.5397	44.0069	53.7692	84.0246	93.8487	100.376	84.0283	81.4106	
97	1	1	1	1	1	60.6973	46.5793	41.5392	44.0067	53.7691	84.0239	93.8481	100.374	84.0278	81.4103	
98	1	1	1	1	1	60.6968	46.5788	41.5388	44.0065	53.769	84.0231	93.8475	100.372	84.0272	81.4099	
99	1	1	1	1	1	60.6963	46.5783	41.5383	44.0063	53.7689	84.0223	93.8468	100.37	84.0267	81.4096	
100	1	1	1	1	1	60.6957	46.5778	41.5378	44.0061	53.7688	84.0216	93.8462	100.368	84.0261	81.4092	
101	1	1	1	1	1	60.6952	46.5773	41.5373	44.0059	53.7687	84.0208	93.8456	100.367	84.0256	81.4089	
102	1	1	1	1	1	60.6946	46.5768	41.5368	44.0057	53.7686	84.02	93.8449	100.365	84.025	81.4085	
103	1	1	1	1	1	60.694	46.5762	41.5363	44.0054	53.7685	84.0192	93.8443	100.363	84.0244	81.4082	
104	1	1	1	1	1	60.6935	46.5757	41.5358	44.0052	53.7684	84.0184	93.8436	100.361	84.0239	81.4078	
105	1	1	1	1	1	60.6929	46.5752	41.5353	44.005	53.7683	84.0175	93.843	100.359	84.0233	81.4075	
106	1	1	1	1	1	60.6923	46.5747	41.5348	44.0048	53.7682	84.0167	93.8423	100.357	84.0227	81.4071	
107	1	1	1	1	1	60.6917	46.5741	41.5343	44.0045	53.7681	84.0159	93.8416	100.355	84.0221	81.4067	
108	1	1	1	1	1	60.6911	46.5736	41.5338	44.0043	53.768	84.015	93.8409	100.353	84.0215	81.4063	
109	1	1	1	1	1	60.6905	46.573	41.5332	44.0041	53.7679	84.0142	93.8403	100.351	84.0209	81.406	
110	1	1	1	1	1	60.6899	46.5725	41.5327	44.0038	53.7678	84.0133	93.8396	100.349	84.0203	81.4056	
111	1	1	1	1	1	60.6893	46.5719	41.5322	44.0036	53.7676	84.0124	93.8389	100.347	84.0197	81.4052	
112	1	1	1	1	1	60.6887	46.5713	41.5316	44.0034	53.7675	84.0116	93.8381	100.345	84.0191	81.4048	
113	1	1	1	1	1	60.688	46.5707	41.5311	44.0031	53.7674	84.0107	93.8374	100.343	84.0184	81.4044	
114	1	1	1	1	1	60.6874	46.5702	41.5305	44.0029	53.7673	84.0098	93.8367	100.341	84.0178	81.404	
115	1	1	1	1	1	60.6867	46.5696	41.53	44.0026	53.7672	84.0089	93.836	100.339	84.0172	81.4036	
116	1	1	1	1	1	60.6861	46.569	41.5294	44.0024	53.7671	84.008	93.8352	100.336	84.0165	81.4032	
117	1	1	1	1	1	60.6854	46.5684	41.5288	44.0021	53.767	84.007	93.8345	100.334	84.0159	81.4028	
118	1	1	1	1	1	60.6848	46.5678	41.5282	44.0019	53.7668	84.0061	93.8337	100.332	84.0152	81.4024	
119	1	1	1	1	1	60.6841	46.5672	41.5277	44.0016	53.7667	84.0051	93.833	100.33	84.0145	81.402	
120	1	1	1	1	1	60.6834	46.5665	41.5271	44.0013	53.7666	84.0042	93.8322	100.327	84.0139	81.4015	
121	1	1	1	1	1	60.6828	46.5659	41.5265	44.0011	53.7665	84.0032	93.8314	100.325	84.0132	81.4011	
122	1	1	1	1	1	60.6821	46.5653	41.5259	44.0008	53.7664	84.0023	93.8306	100.323	84.0125	81.4007	
123	1	1	1	1	1	60.6814	46.5647	41.5253	44.0005	53.7662	84.0013	93.8298	100.321	84.0118	81.4002	
124	1	1	1	1	1	60.6807	46.564	41.5246	44.0003	53.7661	84.0003	93.829	100.318	84.0111	81.3998	
125	1	1	1	1	1	60.68	46.5634	41.524	44	53.766	83.9993	93.8282	100.316	84.0104	81.3994	
126	1	1	1	1	1	60.6792	46.5627	41.5234	43.9997	53.7659	83.9982	93.8274	100.313	84.0097	81.3989	
127	1	1	1	1	1	60.6785	46.562	41.5228	43.9994	53.7657	83.9972	93.8266	100.311	84.0089	81.3984	
128	1	1	1	1	1	60.6778	46.5614	41.5221	43.9992	53.7656	83.9962	93.8257	100.309	84.0082	81.398	
129	1	1	1	1	1	60.677	46.5607	41.5215	43.9989	53.7655	83.9951	93.8249	100.306	84.0075	81.3975	
130	1	1	1	1	1	60.6763	46.56	41.5208	43.9986	53.7653	83.9941	93.824	100.304	84.0067	81.3971	
131	1	1	1	1	1	60.6755	46.5593	41.5201	43.9983	53.7652	83.993	93.8232	100.301	84.006	81.3966	
132	1	1	1	1	1	60.6748	46.5586	41.5195	43.998	53.7651	83.9919	93.8223	100.299	84.0052	81.3961	
133	1	1	1	1	1	60.674	46.5579	41.5188	43.9977	53.7649	83.9908	93.8214	100.296	84.0044	81.3956	
134	1	1	1	1	1	60.6732	46.5572	41.5181	43.9974	53.7648	83.9897	93.8205	100.293	84.0037	81.3951	
135	1	1	1	1	1	60.6724	46.5565	41.5174	43.9971	53.7646	83.9886	93.8196	100.291	84.0029	81.3946	
136	1	1	1	1	1	60.6717	46.5557	41.5167	43.9968	53.7645	83.9875	93.8187	100.288	84.0021	81.3941	
137	1	1	1	1	1	60.6709	46.555	41.516	43.9965	53.7643	83.9864	93.8178	100.285	84.0013	81.3936	
138	1	1	1	1	1	60.67	46.5543	41.5153	43.9962	53.7642	83.9852	93.8169	100.283	84.0005	81.3931	
139	1	1	1	1	1	60.6692	46.5535	41.5146	43.9958	53.7641	83.9841	93.8159	100.28	83.9997	81.3926	
140	1	1	1	1	1	60.6684	46.5528	41.5139	43.9955	53.7639	83.9829	93.815	100.277	83.9988	81.3921	
141	1	1	1	1	1	60.6676	46.552	41.5132	43.9952	53.7638	83.9817	93.814	100.274	83.998	81.3916	
142	1	1	1	1	1	60.6667	46.5512	41.5124	43.9949	53.7636	83.9805	93.8131	100.272	83.9971	81.391	
143	1	1	1	1	1	60.6659	46.5504	41.5117	43.9946	53.7635	83.9793	93.8121	100.269	83.9963	81.3905	
144	1	1	1	1	1	60.665	46.5496	41.5109	43.9942	53.7633	83.9781	93.8111	100.266	83.9954	81.39	
145	1	1	1	1	1	60.6641	46.5488	41.5102	43.9939	53.7631	83.9769	93.8101	100.263	83.9946	81.3894	
146	1	1	1	1	1	60.6632	46.548	41.5094	43.9935	53.763	83.9756	93.8091	100.26	83.9937	81.3889	
147	1	1	1	1	1	60.6624	46.5472	41.5086	43.9932	53.7628	83.9743	93.8081	100.257	83.9928	81.3883	
148	1	1	1	1	1	60.6615	46.5464	41.5078	43.9929	53.7627	83.9731	93.8071	100.254	83.9919	81.3877	
149	1	1	1	1	1	60.6606	46.5456	41.507	43.9925	53.7625	83.9718	93.806	100.251	83.991	81.3872	
150	1	1	1	1	1	60.6596	46.5447	41.5062	43.9921	53.7623	83.9705	93.805	100.248	83.9901	81.3866	
151	1	1	1	1	1	60.6587	46.5439	41.5054	43.9918	53.7622	83.9692	93.8039	100.245	83.9891	81.386	
152	1	1	1	1	1	60.6578	46.543	41.5046	43.9914	53.762	83.9679	93.8028	100.242	83.9882	81.3854	
153	1	1	1	1	1	60.6568	46.5422	41.5038	43.9911	53.7618	83.9665	93.8018	100.239	83.9873	81.3848	
154	1	1	1	1	1	60.6559	46.5413	41.5029	43.9907	53.7617	83.9652	93.8007	100.236	83.9863	81.3842	
155	1	1	1	1	1	60.6549	46.5404	41.5021	43.9903	53.7615	83.9638	93.7996	100.232	83.9854	81.3836	
156	1	1	1	1	1	60.6539	46.5395	41.5012	43.99	53.7613	83.9624	93.7985	100.229	83.9844	81.383	
157	1	1	1	1	1	60.653	46.5386	41.5004	43.9896	53.7611	83.961	93.7973	100.226	83.9834	81.3824	
158	1	1	1	1	1	60.652	46.5377	41.4995	43.9892	53.7609	83.9596	93.7962	100.222	83.9824	81.3818	
159	1	1	1	1	1	60.651	46.5368	41.4986	43.9888	53.7608	83.9582	93.795	100.219	83.9814	81.3812	
160	1	1	1	1	1	60.6499	46.5358	41.4977	43.9884	53.7606	83.9568	93.7939	100.216	83.9804	81.3805	
161	1	1	1	1	1	60.6489	46.5349	41.4968	43.988	53.7604	83.9553	93.7927	100.212	83.9794	81.3799	
162	1	1	1	1	1	60.6479	46.5339	41.4959	43.9876	53.7602	83.9538	93.7915	100.209	83.9783	81.3792	
163	1	1	1	1	1	60.6468	46.533	41.495	43.9872	53.76	83.9524	93.7903	100.205	83.9773	81.3786	
164	1	1	1	1	1	60.6458	46.532	41.4941	43.9868	53.7598	83.9509	93.7891	100.202	83.9762	81.3779	
165	1	1	1	1	1	60.6447	46.531	41.4932	43.9864	53.7596	83.9494	93.7879	100.198	83.9751	81.3772	
166	1	1	1	1	1	60.6436	46.53	41.4922	43.986	53.7594	83.9478	93.7867	100.195	83.9741	81.3766	
167	1	1	1	1	1	60.6425	46.529	41.4913	43.9856	53.7592	83.9463	93.7854	100.191	83.973	81.3759	
168	1	1	1	1	1	60.6414	46.528	41.4903	43.9851	53.759	83.9447	93.7842	100.187	83.9719	81.3752	
169	1	1	1	1	1	60.6403	46.527	41.4893	43.9847	53.7588	83.9431	93.7829	100.184	83.9708	81.3745	
170	1	1	1	1	1	60.6392	46.526	41.4884	43.9843	53.7586	83.9416	93.7816	100.18	83.9696	81.3738	
171	1	1	1	1	1	60.6381	46.5249	41.4874	43.9838	53.7584	83.9399	93.7803	100.176	83.9685	81.3731	
172	1	1	1	1	1	60.6369	46.5239	41.4864	43.9834	53.7582	83.9383	93.779	100.172	83.9674	81.3723	
173	1	1	1	1	1	60.6357	46.5228	41.4853	43.9829	53.758	83.9367	93.7777	100.168	83.9662	81.3716	
174	1	1	1	1	1	60.6346	46.5217	41.4843	43.9825	53.7578	83.935	93.7763	100.164	83.965	81.3709	
175	1	1	1	1	1	60.6334	46.5206	41.4833	43.982	53.7576	83.9333	93.775	100.16	83.9638	81.3701	
176	1	1	1	1	1	60.6322	46.5195	41.4822	43.9816	53.7574	83.9316	93.7736	100.156	83.9626	81.3694	
177	1	1	1	1	1	60.631	46.5184	41.4812	43.9811	53.7571	83.9299	93.7722	100.152	83.9614	81.3686	
178	1	1	1	1	1	60.6298	46.5173	41.4801	43.9806	53.7569	83.9282	93.7708	100.148	83.9602	81.3679	
179	1	1	1	1	1	60.6285	46.5162	41.479	43.9802	53.7567	83.9265	93.7694	100.144	83.959	81.3671	
180	1	1	1	1	1	60.6273	46.515	41.478	43.9797	53.7565	83.9247	93.768	100.14	83.9577	81.3663	
181	1	1	1	1	1	60.626	46.5139	41.4769	43.9792	53.7562	83.9229	93.7666	100.136	83.9565	81.3655	
182	1	1	1	1	1	60.6247	46.5127	41.4757	43.9787	53.756	83.9211	93.7651	100.132	83.9552	81.3647	
183	1	1	1	1	1	60.6235	46.5115	41.4746	43.9782	53.7558	83.9193	93.7636	100.127	83.9539	81.3639	
184	1	1	1	1	1	60.6222	46.5103	41.4735	43.9777	53.7555	83.9175	93.7622	100.123	83.9526	81.3631	
185	1	1	1	1	1	60.6208	46.5091	41.4723	43.9772	53.7553	83.9156	93.7607	100.119	83.9513	81.3623	
186	1	1	1	1	1	60.6195	46.5079	41.4712	43.9767	53.7551	83.9137	93.7591	100.114	83.95	81.3614	
187	1	1	1	1	1	60.6182	46.5067	41.47	43.9762	53.7548	83.9118	93.7576	100.11	83.9486	81.3606	
188	1	1	1	1	1	60.6168	46.5054	41.4688	43.9757	53.7546	83.9099	93.7561	100.105	83.9473	81.3598	
189	1	1	1	1	1	60.6155	46.5042	41.4676	43.9752	53.7543	83.908	93.7545	100.101	83.9459	81.3589	
190	1	1	1	1	1	60.6141	46.5029	41.4664	43.9746	53.7541	83.906	93.7529	100.096	83.9445	81.358	
191	1	1	1	1	1	60.6127	46.5016	41.4652	43.9741	53.7538	83.904	93.7513	100.091	83.9431	81.3572	
192	1	1	1	1	1	60.6113	46.5003	41.464	43.9735	53.7536	83.902	93.7497	100.087	83.9417	81.3563	
193	1	1	1	1	1	60.6098	46.499	41.4627	43.973	53.7533	83.9	93.7481	100.082	83.9403	81.3554	
194	1	1	1	1	1	60.6084	46.4977	41.4615	43.9724	53.753	83.898	93.7464	100.077	83.9389	81.3545	
195	1	1	1	1	1	60.6069	46.4963	41.4602	43.9719	53.7528	83.8959	93.7448	100.072	83.9374	81.3536	
196	1	1	1	1	1	60.6055	46.495	41.4589	43.9713	53.7525	83.8938	93.7431	100.067	83.9359	81.3526	
197	1	1	1	1	1	60.604	46.4936	41.4576	43.9708	53.7522	83.8917	93.7414	100.062	83.9345	81.3517	
198	1	1	1	1	1	60.6025	46.4922	41.4563	43.9702	53.7519	83.8896	93.7397	100.057	83.933	81.3508	
199	1	1	1	1	1	60.601	46.4908	41.455	43.9696	53.7517	83.8875	93.738	100.052	83.9314	81.3498	
200	1	1	1	1	1	60.5994	46.4894	41.4537	43.969	53.7514	83.8853	93.7362	100.047	83.9299	81.3489	
201	1	1	1	1	1	60.5979	46.488	41.4523	43.9684	53.7511	83.8831	93.7344	100.042	83.9284	81.3479	
202	1	1	1	1	1	60.5963	46.4865	41.4509	43.9678	53.7508	83.8809	93.7326	100.037	83.9268	81.3469	
203	1	1	1	1	1	60.5947	46.4851	41.4496	43.9672	53.7505	83.8787	93.7308	100.031	83.9252	81.3459	
204	1	1	1	1	1	60.5931	46.4836	41.4482	43.9666	53.7502	83.8764	93.729	100.026	83.9236	81.3449	
205	1	1	1	1	1	60.5915	46.4821	41.4468	43.966	53.7499	83.8741	93.7272	100.021	83.922	81.3439	
206	1	1	1	1	1	60.5899	46.4806	41.4453	43.9654	53.7496	83.8718	93.7253	100.015	83.9204	81.3429	
207	1	1	1	1	1	60.5882	46.4791	41.4439	43.9647	53.7493	83.8695	93.7234	100.01	83.9187	81.3418	
208	1	1	1	1	1	60.5866	46.4776	41.4425	43.9641	53.749	83.8671	93.7215	100.004	83.9171	81.3408	
209	1	1	1	1	1	60.5849	46.476	41.441	43.9634	53.7487	83.8647	93.7196	99.9985	83.9154	81.3398	
210	1	1	1	1	1	60.5832	46.4745	41.4395	43.9628	53.7484	83.8623	93.7177	99.9928	83.9137	81.3387	
211	1	1	1	1	1	60.5815	46.4729	41.438	43.9621	53.7481	83.8599	93.7157	99.9871	83.912	81.3376	
212	1	1	1	1	1	60.5797	46.4713	41.4365	43.9615	53.7478	83.8574	93.7137	99.9813	83.9102	81.3365	
213	1	1	1	1	1	60.578	46.4696	41.435	43.9608	53.7474	83.855	93.7117	99.9754	83.9085	81.3354	
214	1	1	1	1	1	60.5762	46.468	41.4334	43.9601	53.7471	83.8524	93.7097	99.9695	83.9067	81.3343	
215	1	1	1	1	1	60.5744	46.4664	41.4319	43.9594	53.7468	83.8499	93.7076	99.9635	83.9049	81.3332	
216	1	1	1	1	1	60.5726	46.4647	41.4303	43.9588	53.7464	83.8474	93.7056	99.9575	83.9031	81.3321	
217	1	1	1	1	1	60.5708	46.463	41.4287	43.9581	53.7461	83.8448	93.7035	99.9514	83.9013	81.3309	
218	1	1	1	1	1	60.5689	46.4613	41.4271	43.9574	53.7458	83.8421	93.7014	99.9452	83.8994	81.3298	
219	1	1	1	1	1	60.5671	46.4596	41.4255	43.9566	53.7454	83.8395	93.6993	99.939	83.8976	81.3286	
220	1	1	1	1	1	60.5652	46.4578	41.4238	43.9559	53.7451	83.8368	93.6971	99.9327	83.8957	81.3274	
221	1	1	1	1	1	60.5633	46.4561	41.4222	43.9552	53.7447	83.8341	93.6949	99.9263	83.8938	81.3262	
222	1	1	1	1	1	60.5613	46.4543	41.4205	43.9545	53.7443	83.8314	93.6927	99.9198	83.8918	81.325	
223	1	1	1	1	1	60.5594	46.4525	41.4188	43.9537	53.744	83.8287	93.6905	99.9133	83.8899	81.3238	
224	1	1	1	1	1	60.5574	46.4507	41.4171	43.953	53.7436	83.8259	93.6883	99.9068	83.8879	81.3226	
225	1	1	1	1	1	60.5554	46.4489	41.4154	43.9522	53.7432	83.8231	93.686	99.9001	83.8859	81.3213	
226	1	1	1	1	1	60.5534	46.447	41.4136	43.9514	53.7429	83.8202	93.6837	99.8934	83.8839	81.32	
227	1	1	1	1	1	60.5514	46.4451	41.4119	43.9507	53.7425	83.8174	93.6814	99.8866	83.8819	81.3188	
228	1	1	1	1	1	60.5493	46.4432	41.4101	43.9499	53.7421	83.8145	93.679	99.8798	83.8798	81.3175	
229	1	1	1	1	1	60.5473	46.4413	41.4083	43.9491	53.7417	83.8115	93.6767	99.8728	83.8778	81.3162	
230	1	1	1	1	1	60.5452	46.4394	41.4065	43.9483	53.7413	83.8086	93.6743	99.8658	83.8757	81.3149	
231	1	1	1	1	1	60.5431	46.4374	41.4046	43.9475	53.7409	83.8056	93.6719	99.8588	83.8736	81.3136	
232	1	1	1	1	1	60.5409	46.4354	41.4028	43.9467	53.7405	83.8025	93.6694	99.8516	83.8714	81.3122	
233	1	1	1	1	1	60.5388	46.4335	41.4009	43.9459	53.7401	83.7995	93.667	99.8444	83.8693	81.3109	
234	1	1	1	1	1	60.5366	46.4314	41.399	43.945	53.7397	83.7964	93.6645	99.8371	83.8671	81.3095	
235	1	1	1	1	1	60.5344	46.4294	41.3971	43.9442	53.7393	83.7933	93.662	99.8297	83.8649	81.3081	
236	1	1	1	1	1	60.5321	46.4273	41.3951	43.9433	53.7389	83.7901	93.6594	99.8223	83.8626	81.3067	
237	1	1	1	1	1	60.5299	46.4252	41.3932	43.9425	53.7385	83.7869	93.6568	99.8147	83.8604	81.3053	
238	1	1	1	1	1	60.5276	46.4231	41.3912	43.9416	53.738	83.7837	93.6542	99.8071	83.8581	81.3039	
239	1	1	1	1	1	60.5253	46.421	41.3892	43.9407	53.7376	83.7805	93.6516	99.7994	83.8558	81.3024	
240	1	1	1	1	1	60.523	46.4189	41.3872	43.9399	53.7372	83.7772	93.649	99.7917	83.8535	81.301	
241	1	1	1	1	1	60.5206	46.4167	41.3851	43.939	53.7367	83.7738	93.6463	99.7838	83.8511	81.2995	
242	1	1	1	1	1	60.5182	46.4145	41.3831	43.9381	53.7363	83.7705	93.6436	99.7759	83.8488	81.298	
243	1	1	1	1	1	60.5158	46.4123	41.381	43.9372	53.7358	83.7671	93.6408	99.7678	83.8464	81.2965	
244	1	1	1	1	1	60.5134	46.41	41.3789	43.9362	53.7354	83.7637	93.6381	99.7597	83.8439	81.295	
245	1	1	1	1	1	60.511	46.4077	41.3768	43.9353	53.7349	83.7602	93.6353	99.7515	83.8415	81.2935	
246	1	1	1	1	1	60.5085	46.4055	41.3746	43.9344	53.7344	83.7567	93.6324	99.7432	83.839	81.2919	
247	1	1	1	1	1	60.506	46.4031	41.3724	43.9334	53.734	83.7531	93.6296	99.7349	83.8365	81.2904	
248	1	1	1	1	1	60.5034	46.4008	41.3703	43.9325	53.7335	83.7496	93.6267	99.7264	83.834	81.2888	
249	1	1	1	1	1	60.5009	46.3984	41.368	43.9315	53.733	83.746	93.6238	99.7179	83.8314	81.2872	
250	1	1	1	1	1	60.4983	46.396	41.3658	43.9305	53.7325	83.7423	93.6208	99.7092	83.8288	81.2856	
251	1	1	1	1	1	60.4957	46.3936	41.3635	43.9295	53.732	83.7386	93.6179	99.7005	83.8262	81.2839	
252	1	1	1	1	1	60.4931	46.3912	41.3612	43.9285	53.7315	83.7349	93.6148	99.6917	83.8236	81.2823	
253	1	1	1	1	1	60.4904	46.3887	41.3589	43.9275	53.731	83.7311	93.6118	99.6827	83.8209	81.2806	
254	1	1	1	1	1	60.4877	46.3862	41.3566	43.9265	53.7305	83.7273	93.6087	99.6737	83.8182	81.2789	
255	1	1	1	1	1	60.485	46.3837	41.3542	43.9255	53.73	83.7234	93.6056	99.6646	83.8155	81.2772	
256	1	1	1	1	1	60.4822	46.3811	41.3519	43.9244	53.7295	83.7195	93.6025	99.6554	83.8127	81.2755	
257	1	1	1	1	1	60.4794	46.3785	41.3495	43.9234	53.7289	83.7156	93.5993	99.6461	83.8099	81.2738	
258	1	1	1	1	1	60.4766	46.3759	41.347	43.9223	53.7284	83.7116	93.5961	99.6367	83.8071	81.272	
259	1	1	1	1	1	60.4738	46.3733	41.3446	43.9212	53.7279	83.7076	93.5929	99.6272	83.8043	81.2702	
260	1	1	1	1	1	60.4709	46.3706	41.3421	43.9202	53.7273	83.7036	93.5896	99.6176	83.8014	81.2684	
261	1	1	1	1	1	60.468	46.3679	41.3396	43.9191	53.7268	83.6995	93.5863	99.6079	83.7985	81.2666	
262	1	1	1	1	1	60.465	46.3652	41.337	43.918	53.7262	83.6953	93.5829	99.598	83.7956	81.2648	
263	1	1	1	1	1	60.4621	46.3624	41.3345	43.9168	53.7256	83.6911	93.5796	99.5881	83.7926	81.2629	
264	1	1	1	1	1	60.4591	46.3597	41.3319	43.9157	53.7251	83.6869	93.5761	99.5781	83.7896	81.261	
265	1	1	1	1	1	60.456	46.3568	41.3292	43.9146	53.7245	83.6826	93.5727	99.568	83.7866	81.2592	
266	1	1	1	1	1	60.453	46.354	41.3266	43.9134	53.7239	83.6783	93.5692	99.5577	83.7835	81.2572	
267	1	1	1	1	1	60.4499	46.3511	41.3239	43.9122	53.7233	83.6739	93.5657	99.5474	83.7804	81.2553	
268	1	1	1	1	1	60.4468	46.3482	41.3212	43.9111	53.7227	83.6695	93.5621	99.5369	83.7773	81.2533	
269	1	1	1	1	1	60.4436	46.3453	41.3185	43.9099	53.7221	83.665	93.5585	99.5263	83.7741	81.2514	
270	1	1	1	1	1	60.4404	46.3423	41.3157	43.9087	53.7215	83.6605	93.5549	99.5156	83.7709	81.2494	
271	1	1	1	1	1	60.4372	46.3393	41.3129	43.9075	53.7208	83.6559	93.5512	99.5048	83.7677	81.2474	
272	1	1	1	1	1	60.4339	46.3363	41.3101	43.9062	53.7202	83.6513	93.5475	99.4939	83.7644	81.2453	
273	1	1	1	1	1	60.4306	46.3332	41.3073	43.905	53.7196	83.6466	93.5437	99.4829	83.7611	81.2433	
274	1	1	1	1	1	60.4273	46.3301	41.3044	43.9037	53.7189	83.6419	93.5399	99.4717	83.7578	81.2412	
275	1	1	1	1	1	60.4239	46.327	41.3015	43.9025	53.7183	83.6372	93.5361	99.4604	83.7544	81.2391	
276	1	1	1	1	1	60.4205	46.3238	41.2985	43.9012	53.7176	83.6324	93.5322	99.449	83.751	81.2369	
277	1	1	1	1	1	60.417	46.3206	41.2956	43.8999	53.7169	83.6275	93.5283	99.4375	83.7476	81.2348	
278	1	1	1	1	1	60.4135	46.3173	41.2926	43.8986	53.7163	83.6226	93.5243	99.4258	83.7441	81.2326	
279	1	1	1	1	1	60.41	46.3141	41.2895	43.8973	53.7156	83.6176	93.5203	99.4141	83.7406	81.2304	
280	1	1	1	1	1	60.4065	46.3107	41.2865	43.8959	53.7149	83.6126	93.5162	99.4022	83.737	81.2282	
281	1	1	1	1	1	60.4029	46.3074	41.2834	43.8946	53.7142	83.6075	93.5121	99.3901	83.7334	81.2259	
282	1	1	1	1	1	60.3992	46.304	41.2802	43.8932	53.7135	83.6024	93.508	99.378	83.7298	81.2237	
283	1	1	1	1	1	60.3956	46.3006	41.2771	43.8919	53.7128	83.5972	93.5038	99.3657	83.7261	81.2214	
284	1	1	1	1	1	60.3918	46.2971	41.2739	43.8905	53.712	83.5919	93.4996	99.3532	83.7224	81.2191	
285	1	1	1	1	1	60.3881	46.2936	41.2707	43.8891	53.7113	83.5866	93.4953	99.3407	83.7186	81.2167	
286	1	1	1	1	1	60.3843	46.2901	41.2674	43.8877	53.7106	83.5813	93.491	99.328	83.7148	81.2144	
287	1	1	1	1	1	60.3804	46.2865	41.2641	43.8862	53.7098	83.5759	93.4866	99.3151	83.711	81.212	
288	1	1	1	1	1	60.3766	46.2829	41.2608	43.8848	53.7091	83.5704	93.4822	99.3021	83.7071	81.2095	
289	1	1	1	1	1	60.3726	46.2792	41.2574	43.8833	53.7083	83.5648	93.4778	99.289	83.7032	81.2071	
290	1	1	1	1	1	60.3687	46.2755	41.254	43.8818	53.7075	83.5593	93.4733	99.2758	83.6992	81.2046	
291	1	1	1	1	1	60.3647	46.2718	41.2505	43.8803	53.7067	83.5536	93.4687	99.2624	83.6952	81.2021	
292	1	1	1	1	1	60.3606	46.268	41.247	43.8788	53.7059	83.5479	93.4641	99.2488	83.6912	81.1996	
293	1	1	1	1	1	60.3565	46.2642	41.2435	43.8773	53.7051	83.5421	93.4594	99.2351	83.6871	81.197	
294	1	1	1	1	1	60.3524	46.2603	41.24	43.8758	53.7043	83.5363	93.4547	99.2212	83.6829	81.1945	
295	1	1	1	1	1	60.3482	46.2564	41.2364	43.8742	53.7035	83.5304	93.45	99.2072	83.6788	81.1919	
296	1	1	1	1	1	60.344	46.2525	41.2328	43.8726	53.7026	83.5244	93.4452	99.1931	83.6745	81.1892	
297	1	1	1	1	1	60.3397	46.2485	41.2291	43.871	53.7018	83.5184	93.4403	99.1788	83.6703	81.1866	
298	1	1	1	1	1	60.3354	46.2444	41.2254	43.8694	53.7009	83.5123	93.4354	99.1643	83.6659	81.1839	
299	1	1	1	1	1	60.331	46.2403	41.2216	43.8678	53.7001	83.5061	93.4304	99.1496	83.6616	81.1811	
300	1	1	1	1	1	60.3266	46.2362	41.2178	43.8662	53.6992	83.4999	93.4254	99.1349	83.6571	81.1784	
301	1	1	1	1	1	60.3221	46.232	41.214	43.8645	53.6983	83.4936	93.4203	99.1199	83.6527	81.1756	
302	1	1	1	1	1	60.3176	46.2278	41.2101	43.8628	53.6974	83.4872	93.4152	99.1048	83.6482	81.1728	
303	1	1	1	1	1	60.313	46.2235	41.2062	43.8612	53.6965	83.4808	93.41	99.0895	83.6436	81.1699	
304	1	1	1	1	1	60.3084	46.2192	41.2023	43.8594	53.6955	83.4742	93.4047	99.074	83.639	81.1671	
305	1	1	1	1	1	60.3037	46.2148	41.1983	43.8577	53.6946	83.4677	93.3994	99.0584	83.6343	81.1642	
306	1	1	1	1	1	60.299	46.2104	41.1942	43.856	53.6937	83.461	93.3941	99.0426	83.6296	81.1612	
307	1	1	1	1	1	60.2942	46.2059	41.1902	43.8542	53.6927	83.4543	93.3887	99.0266	83.6248	81.1582	
308	1	1	1	1	1	60.2894	46.2014	41.186	43.8524	53.6917	83.4475	93.3832	99.0105	83.62	81.1552	
309	1	1	1	1	1	60.2845	46.1968	41.1819	43.8506	53.6908	83.4406	93.3776	98.9941	83.6151	81.1522	
310	1	1	1	1	1	60.2796	46.1922	41.1776	43.8488	53.6898	83.4337	93.372	98.9776	83.6102	81.1491	
311	1	1	1	1	1	60.2746	46.1875	41.1734	43.847	53.6888	83.4266	93.3664	98.9609	83.6052	81.146	
312	1	1	1	1	1	60.2696	46.1828	41.1691	43.8451	53.6877	83.4195	93.3607	98.944	83.6002	81.1429	
313	1	1	1	1	1	60.2645	46.178	41.1647	43.8432	53.6867	83.4123	93.3549	98.927	83.5951	81.1397	
314	1	1	1	1	1	60.2593	46.1732	41.1603	43.8413	53.6857	83.4051	93.349	98.9097	83.5899	81.1365	
315	1	1	1	1	1	60.2541	46.1683	41.1559	43.8394	53.6846	83.3977	93.3431	98.8923	83.5847	81.1333	
316	1	1	1	1	1	60.2488	46.1634	41.1514	43.8375	53.6835	83.3903	93.3371	98.8746	83.5794	81.13	
317	1	1	1	1	1	60.2435	46.1583	41.1468	43.8355	53.6824	83.3828	93.3311	98.8568	83.5741	81.1267	
318	1	1	1	1	1	60.2381	46.1533	41.1422	43.8335	53.6813	83.3752	93.325	98.8387	83.5687	81.1233	
319	1	1	1	1	1	60.2327	46.1482	41.1376	43.8316	53.6802	83.3675	93.3188	98.8205	83.5633	81.1199	
320	1	1	1	1	1	60.2272	46.143	41.1329	43.8295	53.6791	83.3598	93.3125	98.802	83.5578	81.1165	
321	1	1	1	1	1	60.2216	46.1377	41.1282	43.8275	53.678	83.3519	93.3062	98.7833	83.5522	81.1131	
322	1	1	1	1	1	60.2159	46.1324	41.1234	43.8254	53.6768	83.344	93.2998	98.7645	83.5466	81.1096	
323	1	1	1	1	1	60.2102	46.1271	41.1185	43.8233	53.6756	83.336	93.2934	98.7454	83.5409	81.106	
324	1	1	1	1	1	60.2045	46.1217	41.1136	43.8212	53.6745	83.3279	93.2868	98.7261	83.5351	81.1024	
325	1	1	1	1	1	60.1987	46.1162	41.1087	43.8191	53.6733	83.3197	93.2802	98.7066	83.5293	81.0988	
326	1	1	1	1	1	60.1928	46.1106	41.1037	43.817	53.672	83.3114	93.2736	98.6868	83.5234	81.0952	
327	1	1	1	1	1	60.1868	46.105	41.0986	43.8148	53.6708	83.303	93.2668	98.6669	83.5174	81.0915	
328	1	1	1	1	1	60.1808	46.0993	41.0935	43.8126	53.6696	83.2945	93.26	98.6467	83.5114	81.0877	
329	1	1	1	1	1	60.1747	46.0936	41.0883	43.8104	53.6683	83.286	93.2531	98.6263	83.5053	81.0839	
330	1	1	1	1	1	60.1685	46.0878	41.0831	43.8081	53.667	83.2773	93.2461	98.6056	83.4992	81.0801	
331	1	1	1	1	1	60.1623	46.0819	41.0778	43.8059	53.6657	83.2685	93.239	98.5847	83.4929	81.0762	
332	1	1	1	1	1	60.156	46.076	41.0725	43.8036	53.6644	83.2597	93.2319	98.5636	83.4866	81.0723	
333	1	1	1	1	1	60.1496	46.0699	41.0671	43.8012	53.6631	83.2507	93.2247	98.5423	83.4803	81.0684	
334	1	1	1	1	1	60.1432	46.0639	41.0616	43.7989	53.6617	83.2417	93.2174	98.5207	83.4738	81.0644	
335	1	1	1	1	1	60.1367	46.0577	41.0561	43.7965	53.6604	83.2325	93.21	98.4988	83.4673	81.0603	
336	1	1	1	1	1	60.1301	46.0515	41.0505	43.7942	53.659	83.2232	93.2025	98.4767	83.4607	81.0562	
337	1	1	1	1	1	60.1234	46.0452	41.0448	43.7917	53.6576	83.2138	93.195	98.4543	83.454	81.0521	
338	1	1	1	1	1	60.1166	46.0388	41.0391	43.7893	53.6562	83.2044	93.1874	98.4317	83.4473	81.0479	
339	1	1	1	1	1	60.1098	46.0323	41.0334	43.7868	53.6547	83.1948	93.1796	98.4089	83.4405	81.0437	
340	1	1	1	1	1	60.1029	46.0258	41.0275	43.7843	53.6533	83.1851	93.1718	98.3857	83.4336	81.0394	
341	1	1	1	1	1	60.0959	46.0192	41.0216	43.7818	53.6518	83.1753	93.1639	98.3623	83.4266	81.0351	
342	1	1	1	1	1	60.0889	46.0125	41.0157	43.7793	53.6503	83.1654	93.1559	98.3387	83.4196	81.0307	
343	1	1	1	1	1	60.0817	46.0058	41.0097	43.7767	53.6488	83.1553	93.1479	98.3147	83.4124	81.0263	
344	1	1	1	1	1	60.0745	45.9989	41.0036	43.7741	53.6472	83.1452	93.1397	98.2905	83.4052	81.0218	
345	1	1	1	1	1	60.0672	45.992	40.9974	43.7715	53.6457	83.1349	93.1314	98.266	83.3979	81.0173	
346	1	1	1	1	1	60.0598	45.985	40.9912	43.7688	53.6441	83.1246	93.1231	98.2412	83.3905	81.0127	
347	1	1	1	1	1	60.0524	45.9779	40.9849	43.7661	53.6425	83.1141	93.1146	98.2162	83.383	81.0081	
348	1	1	1	1	1	60.0448	45.9707	40.9785	43.7634	53.6409	83.1035	93.1061	98.1908	83.3755	81.0034	
349	1	1	1	1	1	60.0371	45.9635	40.9721	43.7607	53.6392	83.0927	93.0975	98.1651	83.3678	80.9987	
350	1	1	1	1	1	60.0294	45.9561	40.9656	43.7579	53.6376	83.0819	93.0887	98.1392	83.3601	80.9939	
351	1	1	1	1	1	60.0216	45.9487	40.959	43.7551	53.6359	83.0709	93.0799	98.1129	83.3523	80.9891	
352	1	1	1	1	1	60.0137	45.9411	40.9523	43.7523	53.6342	83.0598	93.0709	98.0864	83.3444	80.9842	
353	1	1	1	1	1	60.0056	45.9335	40.9456	43.7494	53.6324	83.0486	93.0619	98.0595	83.3364	80.9792	
354	1	1	1	1	1	59.9975	45.9258	40.9388	43.7465	53.6307	83.0372	93.0527	98.0323	83.3283	80.9742	
355	1	1	1	1	1	59.9893	45.918	40.9319	43.7436	53.6289	83.0257	93.0435	98.0048	83.3201	80.9691	
356	1	1	1	1	1	59.981	45.9101	40.925	43.7406	53.6271	83.0141	93.0341	97.977	83.3118	80.964	
357	1	1	1	1	1	59.9727	45.9021	40.9179	43.7377	53.6253	83.0023	93.0246	97.9488	83.3034	80.9588	
358	1	1	1	1	1	59.9642	45.894	40.9108	43.7346	53.6234	82.9904	93.0151	97.9203	83.2949	80.9536	
359	1	1	1	1	1	59.9556	45.8859	40.9036	43.7316	53.6215	82.9784	93.0054	97.8915	83.2863	80.9483	
360	1	1	1	1	1	59.9469	45.8776	40.8964	43.7285	53.6196	82.9662	92.9956	97.8623	83.2776	80.9429	
361	1	1	1	1	1	59.9381	45.8692	40.889	43.7254	53.6177	82.9539	92.9857	97.8328	83.2688	80.9375	
362	1	1	1	1	1	59.9292	45.8607	40.8816	43.7222	53.6157	82.9415	92.9756	97.8029	83.26	80.932	
363	1	1	1	1	1	59.9202	45.8521	40.8741	43.7191	53.6137	82.9289	92.9655	97.7727	83.251	80.9264	
364	1	1	1	1	1	59.9111	45.8434	40.8664	43.7158	53.6117	82.9161	92.9552	97.7421	83.2419	80.9208	
365	1	1	1	1	1	59.9019	45.8346	40.8588	43.7126	53.6097	82.9032	92.9448	97.7112	83.2326	80.9151	
366	1	1	1	1	1	59.8925	45.8257	40.851	43.7093	53.6076	82.8902	92.9343	97.6799	83.2233	80.9094	
367	1	1	1	1	1	59.8831	45.8166	40.8431	43.706	53.6055	82.877	92.9237	97.6482	83.2139	80.9036	
368	1	1	1	1	1	59.8735	45.8075	40.8352	43.7026	53.6033	82.8636	92.9129	97.6161	83.2044	80.8977	
369	1	1	1	1	1	59.8639	45.7983	40.8271	43.6992	53.6012	82.8501	92.9021	97.5836	83.1947	80.8917	
370	1	1	1	1	1	59.8541	45.7889	40.819	43.6958	53.599	82.8364	92.8911	97.5508	83.1849	80.8857	
371	1	1	1	1	1	59.8442	45.7794	40.8108	43.6923	53.5967	82.8226	92.8799	97.5175	83.175	80.8796	
372	1	1	1	1	1	59.8342	45.7698	40.8024	43.6888	53.5945	82.8086	92.8687	97.4839	83.165	80.8735	
373	1	1	1	1	1	59.824	45.7601	40.794	43.6853	53.5922	82.7944	92.8573	97.4498	83.1549	80.8672	
374	1	1	1	1	1	59.8138	45.7502	40.7855	43.6817	53.5899	82.7801	92.8457	97.4154	83.1447	80.8609	
375	1	1	1	1	1	59.8034	45.7403	40.7769	43.6781	53.5875	82.7656	92.834	97.3805	83.1343	80.8545	
376	1	1	1	1	1	59.7929	45.7302	40.7682	43.6744	53.5851	82.751	92.8222	97.3452	83.1238	80.8481	
377	1	1	1	1	1	59.7822	45.72	40.7594	43.6707	53.5827	82.7361	92.8103	97.3095	83.1132	80.8415	
378	1	1	1	1	1	59.7715	45.7096	40.7505	43.667	53.5802	82.7211	92.7982	97.2733	83.1024	80.8349	
379	1	1	1	1	1	59.7606	45.6991	40.7415	43.6632	53.5777	82.7059	92.7859	97.2367	83.0915	80.8282	
380	1	1	1	1	1	59.7495	45.6885	40.7324	43.6594	53.5752	82.6905	92.7736	97.1996	83.0805	80.8214	
381	1	1	1	1	1	59.7384	45.6778	40.7232	43.6555	53.5726	82.675	92.761	97.1621	83.0694	80.8146	
382	1	1	1	1	1	59.7271	45.6669	40.7138	43.6516	53.57	82.6592	92.7483	97.1241	83.0581	80.8076	
383	1	1	1	1	1	59.7156	45.6559	40.7044	43.6477	53.5673	82.6433	92.7355	97.0856	83.0467	80.8006	
384	1	1	1	1	1	59.7041	45.6447	40.6949	43.6437	53.5646	82.6272	92.7225	97.0467	83.0351	80.7935	
385	1	1	1	1	1	59.6923	45.6334	40.6852	43.6397	53.5619	82.6108	92.7094	97.0073	83.0234	80.7863	
386	1	1	1	1	1	59.6805	45.6219	40.6755	43.6356	53.5591	82.5943	92.6961	96.9674	83.0115	80.7791	
387	1	1	1	1	1	59.6684	45.6103	40.6656	43.6315	53.5563	82.5776	92.6826	96.927	82.9995	80.7717	
388	1	1	1	1	1	59.6563	45.5986	40.6556	43.6273	53.5534	82.5607	92.669	96.8861	82.9874	80.7642	
389	1	1	1	1	1	59.644	45.5867	40.6455	43.6231	53.5505	82.5436	92.6552	96.8447	82.9751	80.7567	
390	1	1	1	1	1	59.6315	45.5746	40.6353	43.6188	53.5476	82.5263	92.6412	96.8028	82.9627	80.7491	
391	1	1	1	1	1	59.6189	45.5624	40.625	43.6145	53.5446	82.5087	92.6271	96.7603	82.9501	80.7413	
392	1	1	1	1	1	59.6061	45.55	40.6145	43.6102	53.5416	82.491	92.6128	96.7173	82.9373	80.7335	
393	1	1	1	1	1	59.5931	45.5375	40.6039	43.6058	53.5385	82.473	92.5983	96.6738	82.9244	80.7256	
394	1	1	1	1	1	59.58	45.5248	40.5932	43.6013	53.5353	82.4548	92.5837	96.6297	82.9113	80.7176	
395	1	1	1	1	1	59.5668	45.5119	40.5824	43.5968	53.5322	82.4364	92.5688	96.5851	82.8981	80.7095	
396	1	1	1	1	1	59.5533	45.4989	40.5715	43.5923	53.5289	82.4178	92.5538	96.5399	82.8847	80.7013	
397	1	1	1	1	1	59.5397	45.4857	40.5604	43.5877	53.5257	82.3989	92.5386	96.4941	82.8711	80.693	
398	1	1	1	1	1	59.5259	45.4723	40.5492	43.583	53.5223	82.3798	92.5232	96.4478	82.8573	80.6846	
399	1	1	1	1	1	59.512	45.4588	40.5378	43.5783	53.5189	82.3605	92.5076	96.4008	82.8434	80.6761	
400	1	1	1	1	1	59.4979	45.445	40.5263	43.5736	53.5155	82.3409	92.4919	96.3532	82.8293	80.6675	
401	1	1	1	1	1	59.4835	45.4311	40.5147	43.5688	53.512	82.3211	92.4759	96.3051	82.815	80.6587	
402	1	1	1	1	1	59.4691	45.417	40.503	43.5639	53.5085	82.3011	92.4597	96.2563	82.8006	80.6499	
403	1	1	1	1	1	59.4544	45.4027	40.4911	43.559	53.5048	82.2808	92.4434	96.2069	82.7859	80.641	
404	1	1	1	1	1	59.4395	45.3882	40.4791	43.554	53.5012	82.2602	92.4268	96.1568	82.7711	80.6319	
405	1	1	1	1	1	59.4244	45.3735	40.4669	43.549	53.4975	82.2394	92.41	96.1061	82.7561	80.6227	
406	1	1	1	1	1	59.4092	45.3586	40.4546	43.5439	53.4937	82.2184	92.393	96.0547	82.7409	80.6135	
407	1	1	1	1	1	59.3937	45.3435	40.4421	43.5388	53.4898	82.197	92.3758	96.0027	82.7255	80.6041	
408	1	1	1	1	1	59.3781	45.3282	40.4295	43.5336	53.4859	82.1754	92.3584	95.95	82.7098	80.5946	
409	1	1	1	1	1	59.3622	45.3127	40.4167	43.5284	53.482	82.1536	92.3408	95.8966	82.694	80.5849	
410	1	1	1	1	1	59.3461	45.297	40.4038	43.5231	53.4779	82.1314	92.3229	95.8425	82.678	80.5752	
411	1	1	1	1	1	59.3299	45.2811	40.3908	43.5177	53.4738	82.109	92.3048	95.7877	82.6618	80.5653	
412	1	1	1	1	1	59.3134	45.2649	40.3775	43.5123	53.4697	82.0863	92.2865	95.7321	82.6454	80.5553	
413	1	1	1	1	1	59.2967	45.2486	40.3641	43.5068	53.4654	82.0633	92.2679	95.6758	82.6287	80.5452	
414	1	1	1	1	1	59.2797	45.232	40.3506	43.5013	53.4611	82.04	92.2491	95.6188	82.6118	80.5349	
415	1	1	1	1	1	59.2626	45.2151	40.3369	43.4957	53.4567	82.0165	92.2301	95.561	82.5948	80.5245	
416	1	1	1	1	1	59.2452	45.1981	40.323	43.49	53.4523	81.9926	92.2108	95.5025	82.5774	80.514	
417	1	1	1	1	1	59.2276	45.1808	40.309	43.4842	53.4478	81.9684	92.1913	95.4431	82.5599	80.5034	
418	1	1	1	1	1	59.2097	45.1632	40.2948	43.4785	53.4432	81.944	92.1715	95.383	82.5421	80.4926	
419	1	1	1	1	1	59.1916	45.1455	40.2804	43.4726	53.4385	81.9192	92.1515	95.322	82.5241	80.4816	
420	1	1	1	1	1	59.1733	45.1274	40.2658	43.4667	53.4337	81.8941	92.1312	95.2603	82.5058	80.4706	
421	1	1	1	1	1	59.1547	45.1091	40.2511	43.4607	53.4289	81.8686	92.1107	95.1977	82.4873	80.4594	
422	1	1	1	1	1	59.1359	45.0906	40.2362	43.4546	53.424	81.8429	92.0898	95.1342	82.4686	80.448	
423	1	1	1	1	1	59.1168	45.0718	40.2211	43.4485	53.419	81.8168	92.0687	95.0699	82.4496	80.4365	
424	1	1	1	1	1	59.0974	45.0527	40.2058	43.4423	53.4139	81.7903	92.0474	95.0047	82.4304	80.4249	
425	1	1	1	1	1	59.0778	45.0333	40.1903	43.436	53.4087	81.7636	92.0257	94.9386	82.4108	80.4131	
426	1	1	1	1	1	59.058	45.0137	40.1746	43.4297	53.4034	81.7365	92.0038	94.8715	82.3911	80.4011	
427	1	1	1	1	1	59.0378	44.9938	40.1588	43.4232	53.398	81.709	91.9816	94.8036	82.371	80.389	
428	1	1	1	1	1	59.0174	44.9736	40.1427	43.4168	53.3926	81.6812	91.959	94.7347	82.3507	80.3767	
429	1	1	1	1	1	58.9966	44.9531	40.1265	43.4102	53.387	81.653	91.9362	94.6649	82.3301	80.3643	
430	1	1	1	1	1	58.9756	44.9323	40.11	43.4036	53.3814	81.6244	91.9131	94.5941	82.3092	80.3517	
431	1	1	1	1	1	58.9543	44.9112	40.0934	43.3969	53.3756	81.5955	91.8897	94.5223	82.288	80.3389	
432	1	1	1	1	1	58.9328	44.8898	40.0765	43.3901	53.3697	81.5662	91.8659	94.4495	82.2666	80.326	
433	1	1	1	1	1	58.9109	44.8681	40.0594	43.3832	53.3638	81.5365	91.8419	94.3756	82.2448	80.3129	
434	1	1	1	1	1	58.8886	44.846	40.0422	43.3763	53.3577	81.5064	91.8175	94.3008	82.2228	80.2996	
435	1	1	1	1	1	58.8661	44.8236	40.0246	43.3692	53.3515	81.4759	91.7928	94.2248	82.2004	80.2862	
436	1	1	1	1	1	58.8433	44.8009	40.0069	43.3621	53.3452	81.4451	91.7677	94.1478	82.1777	80.2725	
437	1	1	1	1	1	58.8201	44.7779	39.989	43.355	53.3388	81.4138	91.7423	94.0697	82.1547	80.2587	
438	1	1	1	1	1	58.7966	44.7545	39.9708	43.3477	53.3323	81.3821	91.7166	93.9904	82.1314	80.2447	
439	1	1	1	1	1	58.7728	44.7308	39.9524	43.3403	53.3257	81.3499	91.6905	93.9101	82.1077	80.2305	
440	1	1	1	1	1	58.7486	44.7067	39.9338	43.3329	53.3189	81.3174	91.664	93.8285	82.0837	80.2161	
441	1	1	1	1	1	58.7241	44.6823	39.9149	43.3254	53.312	81.2844	91.6372	93.7458	82.0594	80.2015	
442	1	1	1	1	1	58.6992	44.6574	39.8958	43.3178	53.305	81.2509	91.6101	93.6619	82.0347	80.1867	
443	1	1	1	1	1	58.674	44.6322	39.8764	43.3101	53.2978	81.2171	91.5825	93.5767	82.0097	80.1718	
444	1	1	1	1	1	58.6483	44.6067	39.8568	43.3023	53.2905	81.1827	91.5546	93.4904	81.9843	80.1566	
445	1	1	1	1	1	58.6223	44.5807	39.837	43.2944	53.2831	81.1479	91.5262	93.4027	81.9585	80.1412	
446	1	1	1	1	1	58.596	44.5543	39.8169	43.2865	53.2755	81.1127	91.4975	93.3137	81.9324	80.1256	
447	1	1	1	1	1	58.5692	44.5275	39.7965	43.2784	53.2678	81.0769	91.4684	93.2235	81.9059	80.1097	
448	1	1	1	1	1	58.542	44.5003	39.7759	43.2703	53.26	81.0407	91.4388	93.1319	81.879	80.0937	
449	1	1	1	1	1	58.5145	44.4727	39.755	43.262	53.2519	81.0039	91.4089	93.0389	81.8517	80.0774	
450	1	1	1	1	1	58.4865	44.4447	39.7339	43.2537	53.2438	80.9667	91.3785	92.9445	81.824	80.0609	
451	1	1	1	1	1	58.4581	44.4162	39.7124	43.2452	53.2355	80.929	91.3477	92.8487	81.7959	80.0442	
452	1	1	1	1	1	58.4292	44.3872	39.6907	43.2367	53.227	80.8907	91.3165	92.7515	81.7673	80.0272	
453	1	1	1	1	1	58.4	44.3578	39.6687	43.2281	53.2183	80.8519	91.2848	92.6528	81.7384	80.01	
454	1	1	1	1	1	58.3702	44.328	39.6464	43.2193	53.2095	80.8126	91.2526	92.5525	81.709	79.9926	
455	1	1	1	1	1	58.3401	44.2976	39.6239	43.2105	53.2005	80.7728	91.22	92.4508	81.6792	79.9749	
456	1	1	1	1	1	58.3094	44.2668	39.601	43.2015	53.1913	80.7324	91.1869	92.3475	81.6489	79.9569	
457	1	1	1	1	1	58.2783	44.2355	39.5778	43.1925	53.1819	80.6914	91.1533	92.2426	81.6181	79.9387	
458	1	1	1	1	1	58.2467	44.2037	39.5544	43.1833	53.1724	80.6499	91.1193	92.136	81.5869	79.9203	
459	1	1	1	1	1	58.2146	44.1714	39.5306	43.174	53.1626	80.6078	91.0847	92.0279	81.5553	79.9016	
460	1	1	1	1	1	58.182	44.1385	39.5065	43.1647	53.1527	80.5651	91.0497	91.918	81.5231	79.8826	
461	1	1	1	1	1	58.1488	44.1051	39.482	43.1552	53.1425	80.5218	91.0141	91.8064	81.4904	79.8633	
462	1	1	1	1	1	58.1152	44.0712	39.4573	43.1456	53.1322	80.4779	90.978	91.693	81.4573	79.8437	
463	1	1	1	1	1	58.081	44.0367	39.4322	43.1359	53.1216	80.4334	90.9413	91.5779	81.4236	79.8239	
464	1	1	1	1	1	58.0463	44.0016	39.4068	43.126	53.1108	80.3882	90.9041	91.4609	81.3894	79.8037	
465	1	1	1	1	1	58.011	43.966	39.3811	43.1161	53.0998	80.3425	90.8664	91.342	81.3546	79.7833	
466	1	1	1	1	1	57.9751	43.9297	39.355	43.106	53.0886	80.296	90.8281	91.2213	81.3193	79.7626	
467	1	1	1	1	1	57.9387	43.8929	39.3285	43.0958	53.0771	80.249	90.7892	91.0986	81.2835	79.7416	
468	1	1	1	1	1	57.9016	43.8554	39.3017	43.0855	53.0654	80.2012	90.7497	90.9739	81.247	79.7202	
469	1	1	1	1	1	57.8639	43.8173	39.2745	43.075	53.0534	80.1528	90.7096	90.8472	81.21	79.6985	
470	1	1	1	1	1	57.8257	43.7786	39.247	43.0644	53.0412	80.1037	90.6689	90.7184	81.1724	79.6765	
471	1	1	1	1	1	57.7867	43.7392	39.2191	43.0537	53.0287	80.0539	90.6275	90.5875	81.1342	79.6542	
472	1	1	1	1	1	57.6665	44.0735	39.0035	42.7791	53.2149	80.1526	89.0853	95.155	81.7468	79.0979	
473	1	1	1	1	1	57.6441	43.9082	39.0104	42.8207	53.176	79.974	90.2389	91.5003	81.1944	79.4773	
474	1	1	1	1	1	57.641	43.7105	39.0743	42.9362	53.0585	79.9017	90.435	90.4988	81.0451	79.5514	
475	1	1	1	1	1	57.6158	43.6053	39.0839	42.98	52.9992	79.8466	90.4412	90.1307	80.9812	79.5523	
476	1	1	1	1	1	57.4915	43.9483	38.8659	42.7004	53.182	79.9452	88.862	94.8265	81.6108	78.9791	
477	1	1	1	1	1	57.4692	43.7638	38.8771	42.7513	53.1378	79.7609	90.0409	91.0486	81.0407	79.3694	
478	1	1	1	1	1	57.4665	43.5501	38.9463	42.8776	53.0114	79.6853	90.2481	89.9704	80.8813	79.4494	
479	1	1	1	1	1	57.3499	43.8636	38.7502	42.6252	53.161	79.7822	88.6738	94.612	81.5076	78.88	
480	1	1	1	1	1	57.3288	43.6545	38.769	42.6912	53.1096	79.5924	89.8812	90.7058	80.9197	79.2821	
481	1	1	1	1	1	57.3269	43.4245	38.8442	42.8292	52.9743	79.5142	90.0993	89.5566	80.7515	79.368	
482	1	1	1	1	1	57.2033	43.7573	38.6382	42.5613	53.1306	79.6104	88.4931	94.3275	81.3926	78.7823	
483	1	1	1	1	1	57.1818	43.5335	38.6594	42.6333	53.0761	79.4162	89.7173	90.3303	80.7912	79.1922	
484	1	1	1	1	1	57.1799	43.2905	38.7385	42.78	52.9336	79.3356	89.9437	89.1179	80.6147	79.2829	
485	1	1	1	1	1	57.0485	43.6454	38.5212	42.4942	53.0978	79.4306	88.3053	94.0246	81.2709	78.6802	
486	1	1	1	1	1	57.0265	43.4062	38.5449	42.5723	53.0401	79.232	89.5455	89.9361	80.6558	79.0976	
487	1	1	1	1	1	57.0246	43.1495	38.628	42.7281	52.8903	79.1488	89.7803	88.6577	80.4707	79.1934	
488	1	1	1	1	1	56.8848	43.5281	38.3988	42.423	53.0626	79.2421	88.1097	93.7032	81.1421	78.5731	
489	1	1	1	1	1	56.8622	43.2723	38.4251	42.5077	53.0015	79.039	89.3653	89.5223	80.5132	78.9981	
490	1	1	1	1	1	56.8602	43.0011	38.5124	42.6732	52.8439	78.9533	89.6085	88.1745	80.319	79.0991	
491	1	1	1	1	1	56.7114	43.4049	38.2706	42.3475	53.0247	79.0446	87.9058	93.3618	81.0056	78.4609	
492	1	1	1	1	1	56.6882	43.1313	38.2997	42.4392	52.96	78.8369	89.1761	89.0875	80.3626	78.8933	
493	1	1	1	1	1	56.583	43.4019	38.1484	42.2298	53.0141	78.915	87.6759	93.4765	80.9525	78.346	
494	1	1	1	1	1	56.5605	43.07	38.1951	42.3596	52.9449	78.6956	89.0231	88.9038	80.2683	78.808	
495	1	1	1	1	1	56.455	43.3281	38.0507	42.1607	52.9893	78.7732	87.5194	93.2811	80.8584	78.26	
496	1	1	1	1	1	56.4326	42.9753	38.1023	42.3029	52.9164	78.5502	88.8842	88.6128	80.1609	78.7301	
497	1	1	1	1	1	56.3226	43.2431	37.9537	42.0966	52.961	78.6268	87.365	93.0494	80.7578	78.1738	
498	1	1	1	1	1	56.2999	42.8737	38.0083	42.247	52.8851	78.4005	88.7422	88.3022	80.0487	78.6503	
499	1	1	1	1	1	56.1847	43.1541	37.8539	42.0308	52.931	78.4756	87.2067	92.8055	80.6527	78.0849	
500	1	1	1	1	1	56.1617	42.7681	37.9114	42.1891	52.8521	78.2459	88.5955	87.9801	79.9321	78.5675	
501	1	1	1	1	1	56.041	43.0621	37.751	41.9621	52.8993	78.3195	87.0436	92.5512	80.5433	77.9928	
502	1	1	1	1	1	56.0175	42.6586	37.8115	42.1286	52.8172	78.0863	88.4437	87.6469	79.811	78.4816	
503	1	1	1	1	1	55.8909	42.9668	37.6448	41.8901	52.8657	78.1581	86.8756	92.2862	80.4291	77.8975	
504	1	1	1	1	1	55.8671	42.5452	37.7083	42.0652	52.7804	77.9215	88.2867	87.3021	79.685	78.3923	
505	1	1	1	1	1	55.7342	42.8683	37.5351	41.8147	52.8302	77.9912	86.7024	92.01	80.31	77.7986	
506	1	1	1	1	1	55.7099	42.4276	37.6018	41.9989	52.7414	77.7512	88.124	86.9452	79.5538	78.2994	
507	1	1	1	1	1	55.5705	42.7663	37.4217	41.7357	52.7925	77.8187	86.5237	91.7219	80.1857	77.696	
508	1	1	1	1	1	55.5455	42.3057	37.4918	41.9293	52.7002	77.5752	87.9555	86.5755	79.4173	78.2029	
509	1	1	1	1	1	55.3991	42.6606	37.3047	41.6528	52.7526	77.6402	86.3393	91.4214	80.0558	77.5895	
510	1	1	1	1	1	55.3735	42.1791	37.3782	41.8562	52.6565	77.3932	87.7809	86.1924	79.275	78.1024	
511	1	1	1	1	1	55.2198	42.5511	37.1838	41.5658	52.7101	77.4555	86.1488	91.1076	79.9199	77.479	
512	1	1	1	1	1	55.1934	42.0478	37.2608	41.7795	52.6101	77.2052	87.5998	85.7951	79.1265	77.9977	
513	1	1	1	1	1	55.0318	42.4376	37.0588	41.4743	52.6648	77.2645	85.9521	90.7797	79.7778	77.3641	
514	1	1	1	1	1	55.0047	41.9115	37.1395	41.6988	52.5608	77.0107	87.412	85.383	78.9716	77.8886	
515	1	1	1	1	1	54.8346	42.3199	36.9297	41.3782	52.6165	77.0668	85.7487	90.4371	79.6289	77.2446	
516	1	1	1	1	1	54.8066	41.7698	37.0142	41.6139	52.5083	76.8096	87.217	84.9551	78.8098	77.7748	
517	1	1	1	1	1	54.6276	42.1977	36.7963	41.277	52.5649	76.8621	85.5383	90.0786	79.4729	77.1202	
518	1	1	1	1	1	56.7969	43.079	39.2977	40.2774	52.1576	77.6452	87.5826	85.0763	79.4188	78.3731	
519	1	1	1	1	1	55.3831	42.7317	37.4866	40.7695	52.4209	77.124	85.4578	89.8706	79.5837	77.3232	
520	1	1	1	1	1	54.8167	41.7197	37.0756	41.331	52.3874	76.5842	86.8866	84.0895	78.574	77.6814	
521	1	1	1	1	1	54.3987	42.0646	36.6461	41.0213	52.4535	76.512	85.1279	89.3291	79.1853	76.9309	
522	1	1	1	1	1	56.5303	42.8436	39.1667	40.0424	52.0291	77.2843	87.1734	84.1349	79.098	78.168	
523	1	1	1	1	1	55.0484	42.5368	37.2772	40.5094	52.2967	76.7274	85.0188	89.0764	79.2595	77.0885	
524	1	1	1	1	1	54.4296	41.4334	36.8406	41.1177	52.261	76.1591	86.4586	83.1126	78.2128	77.4431	
525	1	1	1	1	1	53.9588	41.8112	36.3714	40.7728	52.3263	76.0635	84.6624	88.4893	78.8259	76.6609	
526	1	1	1	1	1	56.1612	42.5517	38.9735	39.7821	51.8818	76.8606	86.7169	83.1074	78.7259	77.9117	
527	1	1	1	1	1	54.6433	42.308	37.0316	40.2198	52.1536	76.289	84.5411	88.1978	78.8923	76.8185	
528	1	1	1	1	1	53.9866	41.1172	36.581	40.8771	52.115	75.6998	85.9921	82.0511	77.8116	77.1762	
529	1	1	1	1	1	55.8842	43.1467	38.6311	39.1502	51.8416	76.7685	84.6789	88.1333	79.2241	77.1442	
530	1	1	1	1	1	54.4444	41.3785	37.1259	40.427	51.9625	75.8034	85.9308	81.5864	77.8151	77.2422	
531	1	1	1	1	1	53.5615	41.6118	36.1769	40.234	52.0874	75.4869	83.9628	87.1033	78.3037	76.3195	
532	1	1	1	1	1	55.6763	42.1375	38.7696	39.3197	51.6178	76.2436	85.9876	81.397	78.1313	77.5305	
533	1	1	1	1	1	54.032	41.9749	36.6806	39.7153	51.8971	75.6006	83.7694	86.71	78.2806	76.3943	
534	1	1	1	1	1	53.2772	40.614	36.1853	40.4595	51.8575	74.9628	85.2285	80.2793	77.1401	76.7424	
535	1	1	1	1	1	55.2109	42.7517	38.2723	38.5976	51.5565	76.042	83.842	86.5278	78.5548	76.6655	
536	1	1	1	1	1	53.7266	40.8606	36.747	39.9575	51.6796	75.0569	85.1346	79.7218	77.1117	76.7826	
537	1	1	1	1	1	52.7435	41.1731	35.7146	39.704	51.7994	74.6906	83.1133	85.4413	77.5921	75.8161	
538	1	1	1	1	1	54.942	41.582	38.4174	38.7897	51.2977	75.4721	85.1197	79.4185	77.3853	77.025	
539	1	1	1	1	1	53.2288	41.5549	36.2392	39.1168	51.5724	74.7991	82.8807	84.9538	77.5321	75.8728	
540	1	1	1	1	1	52.4011	40.0268	35.7249	39.9532	51.5317	74.1331	84.3483	78.2425	76.3398	76.2239	
541	1	1	1	1	1	54.3761	42.2845	37.8475	37.9369	51.1932	75.2087	82.8797	84.6267	77.7419	76.0928	
542	1	1	1	1	1	52.8548	40.2619	36.3137	39.3879	51.3221	74.2189	84.2154	77.5675	76.272	76.236	
543	1	1	1	1	1	51.7664	40.676	35.2007	39.0616	51.4261	73.8009	82.1438	83.4797	76.7387	75.2286	
544	1	1	1	1	1	54.0419	40.9338	38.0057	38.1495	50.8931	74.596	84.1098	77.119	76.4873	76.4182	
545	1	1	1	1	1	52.2562	41.0733	35.7393	38.3901	51.1501	73.8948	81.8577	82.869	76.6245	75.2552	
546	1	1	1	1	1	54.1379	40.9218	38.2217	37.8317	50.694	74.5313	83.7871	76.2957	76.2557	76.3535	
547	1	1	1	1	1	52.1667	41.0621	35.7364	38.0761	50.9606	73.6902	81.515	82.1042	76.334	75.1262	
548	1	1	1	1	1	51.1318	39.1955	35.1202	39.0851	50.9595	72.9377	82.9893	75.0021	75.0585	75.4447	
549	1	1	1	1	1	53.0633	41.5849	37.2252	36.833	50.5328	73.9568	81.3587	81.4944	76.3822	75.1905	
550	1	1	1	1	1	51.4533	39.34	35.6683	38.4228	50.6885	72.9592	82.7562	74.1105	74.8839	75.3591	
551	1	1	1	1	1	53.0684	41.6008	37.3726	36.412	50.2864	73.8363	80.9943	80.6066	76.0689	75.0478	
552	1	1	1	1	1	51.1515	41.3107	35.1265	36.8366	50.2363	72.8506	79.845	83.4523	75.7518	74.1875	
553	1	1	1	1	1	52.8897	40.627	37.5991	36.383	50.0223	73.3229	82.1307	74.9781	75.0806	75.3317	
554	1	1	1	1	1	50.8112	40.6733	35.0746	36.6856	50.1797	72.4213	79.9285	80.0607	75.0561	74.1603	
555	1	1	1	1	1	52.5811	40.0129	37.5834	36.3048	49.7427	73.04	81.8071	72.4854	74.5272	75.1862	
556	1	1	1	1	1	50.411	40.3629	34.9212	36.4241	49.9231	72.0773	79.5294	78.2916	74.5151	73.9363	
557	1	1	1	1	1	51.9335	41.929	36.852	34.6082	49.1229	72.7529	78.7726	81.5689	75.1139	73.9058	
558	1	1	1	1	1	49.9298	39.0439	34.969	36.4777	49.6814	71.4459	80.7559	72.2103	73.322	74.1153	
559	1	1	1	1	1	51.3997	41.0832	36.6602	34.4792	49.077	72.2886	78.8153	77.6432	74.258	73.7606	
560	1	1	1	1	1	49.2939	40.7939	34.3112	34.8691	48.9201	71.1962	77.7028	80.2896	73.8657	72.8879	
561	1	1	1	1	1	50.955	39.6474	36.8002	34.5458	48.7391	71.6382	79.8834	70.9875	73.048	73.9274	
562	1	1	1	1	1	48.7179	39.9321	34.1588	34.698	48.7669	70.6637	77.6821	76.0186	72.9402	72.752	
563	1	1	1	1	1	50.1669	41.3712	36.1069	32.811	47.7942	71.2808	76.76	78.7805	73.3344	72.6399	
564	1	1	1	1	1	48.085	38.2711	34.1838	34.8245	48.4421	69.9703	78.9085	69.0006	71.534	72.8688	
565	1	1	1	1	1	49.4768	40.3429	35.8419	32.6477	47.644	70.7468	76.7024	74.0361	72.262	72.399	
566	1	1	1	1	1	47.2672	40.179	33.462	32.9263	47.3311	69.6221	75.5816	76.7169	71.8285	71.5258	
567	1	1	1	1	1	48.8726	38.6535	35.9295	32.6609	47.1618	70.0188	77.59	66.9	70.8895	72.4352	
568	1	1	1	1	1	46.5349	39.2235	33.2227	32.6276	46.988	69.002	75.3762	71.9375	70.6946	71.2559	
569	1	1	1	1	1	47.8355	40.5674	35.1157	30.5443	45.7172	69.4662	74.1318	74.3491	70.8	70.9699	
570	1	1	1	1	1	45.7048	37.2769	33.1511	32.6692	46.4905	68.2097	76.4544	64.47	69.074	71.2152	
571	1	1	1	1	1	46.9551	39.4141	34.7125	30.2062	45.3235	68.8253	73.8347	69.1171	69.4752	70.5453	
572	1	1	1	1	1	44.6605	39.437	32.3117	30.2964	44.6974	67.6388	72.6656	71.8114	68.9769	69.6529	
573	1	1	1	1	1	45.8397	40.2804	34.2248	28.2532	43.119	67.8738	71.434	72.741	68.6952	69.345	
574	1	1	1	1	1	43.6731	36.8637	32.1159	30.3663	44.1311	66.5398	74.1151	62.1653	66.9747	69.5889	
575	1	1	1	1	1	44.8245	38.8613	33.603	27.7955	42.5927	67.0621	71.0665	66.0267	67.0544	68.8049	
576	1	1	1	1	1	42.5325	38.936	31.1753	27.7452	41.6302	65.8144	69.8254	68.4306	66.4802	67.8717	
577	1	1	1	1	1	43.5476	39.5864	32.9266	25.5739	39.5788	65.8668	68.1319	68.7433	65.7953	67.3966	
578	1	1	1	1	1	41.4481	36.251	30.6461	27.5616	40.6415	64.5088	71.0567	58.2632	64.1854	67.5408	
579	1	1	1	1	1	42.4482	38.2126	31.9224	24.7501	38.4801	64.8452	67.3467	61.7113	63.8127	66.5461	
580	1	1	1	1	1	40.2095	38.4025	29.3668	24.399	36.9108	63.3784	65.8476	63.9334	63.1339	65.46	
581	1	1	1	1	1	41.0133	38.8292	30.7693	22.0768	34.0926	63.1382	63.4446	63.6269	61.9064	64.7859	
582	1	1	1	1	1	38.7439	37.6583	27.7267	22.3064	33.6802	61.203	67.4405	65.2783	60.6762	57.4124	
583	1	1	1	1	1	39.5647	38.1393	28.6463	20.1519	30.8963	61.1245	61.9243	63.0366	59.7685	58.5759	
584	1	1	1	1	1	37.8113	35.5734	25.8788	21.1161	31.1709	59.4696	64.5115	52.3785	58.171	59.4908	
585	1	1	1	1	1	38.4344	37.3576	26.1728	18.1015	27.258	59.3368	58.8453	54.9969	56.713	58.6765	
586	1	1	1	1	1	36.3043	36.9391	22.5992	17.5825	25.9262	50.6699	60.9401	56.1997	55.0159	56.679	
587	1	1	1	1	1	36.9454	37.3453	22.9123	15.2946	21.0336	53.0692	53.8173	55.4158	53.5429	56.4676	
588	1	1	1	1	1	35.2468	36.7633	19.8671	14.496	18.593	52.221	57.4948	56.5193	52.8903	47.2046	
589	1	1	1	1	1	35.5796	36.9891	19.813	12.8079	15.0897	52.3963	49.9809	54.0535	51.2262	49.1275	
590	1	1	1	1	1	34.3866	35.3276	17.8168	13.2066	15.1042	51.3999	53.2305	45.2047	50.5562	50.1696	
591	1	1	1	1	1	33.7785	36.3092	17.0022	12.0231	12.6374	50.9826	47.5092	49.7171	50.9317	50.4488	
592	1	1	1	1	1	34.396	36.6004	17.1394	11.9665	12.7683	45.1994	50.3151	50.3432	50.1517	47.6348	
593	1	1	1	1	1	33.7121	35.168	16.5797	11.8986	12.6767	47.0771	50.5486	43.3275	49.6012	48.5727	
594	1	1	1	1	1	33.2808	36.1346	16.234	11.0511	10.6058	47.7619	43.5565	48.147	50.1868	49.0695	
595	1	1	1	1	1	33.5524	36.3194	16.5318	11.1035	11.1584	47.5024	47.3169	48.7557	44.7004	46.5994	
596	1	1	1	1	1	33.1887	35.1286	16.044	11.0721	11.3504	47.4182	46.4218	41.8934	47.1873	46.1014	
597	1	1	1	1	1	32.8613	35.8896	15.3723	10.4584	10.8033	42.7033	44.3414	45.4278	47.6795	43.9232	
598	1	1	1	1	1	32.2988	35.7931	15.5144	10.2511	10.1444	44.5574	43.1989	46.1141	44.3389	42.6962	
599	1	1	1	1	1	32.7023	35.0494	15.4906	10.4423	10.3146	44.3978	40.2675	40.2895	47.2214	41.0305	
600	1	1	1	1	1	31.9999	35.6977	15.4007	10.0477	9.74171	43.6761	38.2136	42.8708	45.0729	38.7141	
601	1	1	1	1	1	31.8508	35.735	15.3377	9.8935	9.34631	42.7918	36.0623	42.4973	45.1233	37.3668	