0.90335
0.903353
0.903356
0.903359
0.903363
0.903368
0.903373
0.903378
0.903384
0.903391
0.903398
0.903407
0.903416
0.903426
0.903437
0.903449
0.903463
0.903478
0.903495
0.903514
0.903534
0.903557
0.903583
0.903611
0.903642
0.903676
0.903715
0.903757
0.903805
0.903857
0.903916
0.90398
0.904052
0.904132
0.904222
0.904321
0.904431
0.904555
0.904692
0.904846
0.905018
0.905211
0.905427
0.90567
0.905944
0.905625
0.906449
0.906137
0.907198
0.906751
0.908141
0.907436
0.909291
0.908349
0.910818
0.909419
0.912799
0.909912
0.911329
0.916133
0.912138
0.913642
0.920733
0.915248
0.91541
0.915091
0.920913
0.929736
0.917335
0.94325
0.93527
0.91946
0.937507
0.91273
0.921099
0.9271
0.941553
