
1	354.268
2	354.267
3	354.266
4	354.266
5	354.265
6	354.264
7	354.264
8	354.263
9	354.263
10	354.262
11	354.261
12	354.261
13	354.26
14	354.259
15	354.259
16	354.258
17	354.257
18	354.257
19	354.256
20	354.255
21	354.254
22	354.254
23	354.253
24	354.252
25	354.252
26	354.251
27	354.25
28	354.249
29	354.249
30	354.248
31	354.247
32	354.246
33	354.245
34	354.245
35	354.244
36	354.243
37	354.242
38	354.241
39	354.24
40	354.239
41	354.239
42	354.238
43	354.237
44	354.236
45	354.235
46	354.234
47	354.233
48	354.232
49	354.231
50	354.23
51	354.229
52	354.228
53	354.227
54	354.226
55	354.225
56	354.224
57	354.223
58	354.222
59	354.221
60	354.22
61	354.219
62	354.218
63	354.217
64	354.216
65	354.215
66	354.214
67	354.213
68	354.211
69	354.21
70	354.209
71	354.208
72	354.207
73	354.206
74	354.204
75	354.203
76	354.202
77	354.201
78	354.199
79	354.198
80	354.197
81	354.196
82	354.194
83	354.193
84	354.192
85	354.19
86	354.189
87	354.187
88	354.186
89	354.185
90	354.183
91	354.182
92	354.18
93	354.179
94	354.177
95	354.176
96	354.174
97	354.173
98	354.171
99	354.17
100	354.168
101	354.167
102	354.165
103	354.163
104	354.162
105	354.16
106	354.158
107	354.157
108	354.155
109	354.153
110	354.151
111	354.15
112	354.148
113	354.146
114	354.144
115	354.142
116	354.141
117	354.139
118	354.137
119	354.135
120	354.133
121	354.131
122	354.129
123	354.127
124	354.125
125	354.123
126	354.121
127	354.119
128	354.117
129	354.115
130	354.113
131	354.11
132	354.108
133	354.106
134	354.104
135	354.102
136	354.099
137	354.097
138	354.095
139	354.092
140	354.09
141	354.088
142	354.085
143	354.083
144	354.08
145	354.078
146	354.075
147	354.073
148	354.07
149	354.068
150	354.065
151	354.062
152	354.06
153	354.057
154	354.054
155	354.052
156	354.049
157	354.046
158	354.043
159	354.04
160	354.037
161	354.035
162	354.032
163	354.029
164	354.026
165	354.023
166	354.019
167	354.016
168	354.013
169	354.01
170	354.007
171	354.004
172	354
173	353.997
174	353.994
175	353.99
176	353.987
177	353.984
178	353.98
179	353.977
180	353.973
181	353.969
182	353.966
183	353.962
184	353.958
185	353.955
186	353.951
187	353.947
188	353.943
189	353.939
190	353.936
191	353.932
192	353.928
193	353.924
194	353.92
195	353.915
196	353.911
197	353.907
198	353.903
199	353.898
200	353.894
201	353.89
202	353.885
203	353.881
204	353.876
205	353.872
206	353.867
207	353.863
208	353.858
209	353.853
210	353.848
211	353.843
212	353.839
213	353.834
214	353.829
215	353.824
216	353.818
217	353.813
218	353.808
219	353.803
220	353.798
221	353.792
222	353.787
223	353.781
224	353.776
225	353.77
226	353.764
227	353.759
228	353.753
229	353.747
230	353.741
231	353.735
232	353.729
233	353.723
234	353.717
235	353.711
236	353.705
237	353.698
238	353.692
239	353.686
240	353.679
241	353.672
242	353.666
243	353.659
244	353.652
245	353.646
246	353.639
247	353.632
248	353.625
249	353.617
250	353.61
251	353.603
252	353.596
253	353.588
254	353.581
255	353.573
256	353.565
257	353.558
258	353.55
259	353.542
260	353.534
261	353.526
262	353.518
263	353.509
264	353.501
265	353.493
266	353.484
267	353.476
268	353.467
269	353.458
270	353.449
271	353.44
272	353.431
273	353.422
274	353.413
275	353.404
276	353.394
277	353.385
278	353.375
279	353.365
280	353.356
281	353.346
282	353.336
283	353.326
284	353.315
285	353.305
286	353.295
287	353.284
288	353.273
289	353.263
290	353.252
291	353.241
292	353.23
293	353.218
294	353.207
295	353.196
296	353.184
297	353.172
298	353.161
299	353.149
300	353.137
301	353.125
302	353.112
303	353.1
304	353.087
305	353.075
306	353.062
307	353.049
308	353.036
309	353.022
310	353.009
311	352.996
312	352.982
313	352.968
314	352.954
315	352.94
316	352.926
317	352.912
318	352.897
319	352.882
320	352.868
321	352.853
322	352.837
323	352.822
324	352.807
325	352.791
326	352.775
327	352.759
328	352.743
329	352.727
330	352.711
331	352.694
332	352.677
333	352.66
334	352.643
335	352.626
336	352.608
337	352.591
338	352.573
339	352.555
340	352.536
341	352.518
342	352.499
343	352.48
344	352.461
345	352.442
346	352.423
347	352.403
348	352.383
349	352.363
350	352.343
351	352.322
352	352.302
353	352.281
354	352.26
355	352.238
356	352.217
357	352.195
358	352.173
359	352.15
360	352.128
361	352.105
362	352.082
363	352.059
364	352.035
365	352.012
366	351.988
367	351.963
368	351.939
369	351.914
370	351.889
371	351.864
372	351.838
373	351.812
374	351.786
375	351.76
376	351.733
377	351.706
378	351.679
379	351.651
380	351.624
381	351.595
382	351.567
383	351.538
384	351.509
385	351.48
386	351.45
387	351.42
388	351.39
389	351.359
390	351.328
391	351.297
392	351.265
393	351.233
394	351.201
395	351.168
396	351.135
397	351.102
398	351.068
399	351.034
400	350.999
401	350.964
402	350.929
403	350.893
404	350.857
405	350.821
406	350.784
407	350.747
408	350.709
409	350.671
410	350.633
411	350.594
412	350.555
413	350.515
414	350.475
415	350.434
416	350.402
417	351.355
418	350.333
419	350.31
420	351.259
421	350.233
422	351.193
423	350.168
424	351.126
425	350.102
426	351.056
427	350.034
428	350.986
429	349.964
430	350.913
431	349.893
432	350.839
433	349.821
434	350.764
435	349.746
436	350.686
437	349.67
438	350.607
439	349.592
440	350.526
441	349.513
442	350.443
443	349.431
444	350.358
445	349.348
446	350.271
447	349.262
448	350.182
449	349.175
450	350.091
451	349.086
452	349.998
453	348.994
454	349.903
455	348.901
456	349.805
457	348.805
458	349.706
459	348.707
460	349.603
461	348.606
462	349.499
463	348.503
464	349.391
465	348.398
466	349.282
467	348.29
468	349.169
469	348.18
470	349.054
471	348.067
472	348.936
473	347.951
474	348.816
475	347.833
476	348.692
477	347.711
478	348.565
479	347.587
480	348.435
481	347.459
482	348.302
483	347.329
484	348.166
485	347.195
486	348.026
487	347.058
488	347.883
489	346.917
490	347.737
491	346.773
492	347.586
493	346.626
494	347.432
495	346.474
496	347.274
497	346.319
498	347.112
499	346.16
500	346.946
501	345.997
502	346.776
503	345.83
504	346.601
505	345.659
506	346.422
507	345.483
508	346.238
509	345.303
510	346.049
511	345.118
512	345.856
513	344.928
514	345.658
515	344.733
516	345.454
517	344.533
518	345.245
519	344.328
520	345.03
521	344.118
522	344.81
523	343.902
524	344.584
525	343.68
526	347.224
527	346.347
528	347.059
529	346.214
530	346.917
531	346.079
532	346.773
533	345.94
534	346.624
535	345.798
536	346.472
537	345.653
538	346.317
539	345.505
540	346.157
541	345.352
542	345.994
543	345.196
544	345.826
545	345.036
546	345.655
547	344.872
548	345.479
549	344.704
550	345.298
551	344.532
552	345.113
553	344.356
554	344.924
555	344.175
556	344.729
557	343.99
558	344.53
559	343.8
560	344.325
561	343.605
562	344.116
563	343.405
564	343.9
565	343.2
566	343.679
567	342.989
568	343.453
569	342.774
570	343.22
571	342.552
572	342.982
573	342.325
574	342.737
575	342.092
576	342.485
577	341.852
578	342.227
579	341.607
580	341.961
581	341.354
582	341.689
583	341.095
584	341.409
585	340.829
586	341.122
587	340.555
588	340.826
589	340.274
590	340.523
591	339.986
592	340.21
593	339.689
594	339.889
595	339.384
596	339.56
597	339.07
598	339.22
599	338.747
600	338.871
601	338.415
602	338.512
603	338.074
604	338.142
605	337.722
606	337.762
607	337.36
608	337.733
609	337.102
610	336.992
611	336.612
612	336.934
613	336.334
614	336.153
615	336.138
616	335.756
617	335.423
618	335.643
619	335.093
620	334.797
621	334.864
622	334.363
623	334.093
624	334.229
625	333.732
626	333.31
627	333.466
628	332.835
629	332.634
630	332.676
631	332.236
632	331.678
633	331.927
634	331.154
635	331.027
636	330.967
637	330.587
638	330.368
639	330.005
640	329.738
641	329.398
642	329.088
643	328.769
644	328.415
645	328.118
646	327.718
647	327.443
648	326.997
649	326.744
650	326.249
651	326.018
652	325.475
653	325.264
654	324.671
655	324.482
656	323.387
657	323.589
658	322.951
659	322.812
660	322.068
661	321.94
662	320.664
663	320.939
664	320.145
665	320.057
666	319.148
667	319.071
668	317.748
669	319.466
670	319.692
671	315.989
672	316.55
673	315.385
674	317.238
675	316.792
676	313.047
677	313.546
678	313.011
679	313.719
680	313.878
681	312.343
682	312.226
683	314.291
684	310.186
685	311.932
686	312.478
687	308.518
688	309.809
689	310.112
690	306.756
691	307.507
692	307.986
693	304.135
694	305.695
695	305.556
696	301.302
697	302.37
698	303.048
699	298.992
700	299.365
701	300.014
702	296.22
703	296.161
704	296.412
705	292.623
706	292.878
707	292.653
708	288.924
709	288.314
710	288.65
711	283.943
712	283.121
713	283.24
714	278.805
715	276.227
716	275.445
717	269.168
718	261.714
719	250.508
720	232.732
721	216.597
722	190.128
723	148.714
724	128.218
725	96.9263
726	90.5021
727	100.667