
0 0 0 0 0 0 0 1 0 0 0 0
0 0 0 0 0 1 0 0 0 0 0 0
0 0 0 0 1 0 0 0 0 0 0 0
0 0 0 0 0 0 0 0 0 0 1 0
0 0 0 0 0 0 0 0 0 1 0 0
0 0 0 0 0 0 0 0 1 0 0 0
0 0 0 0 0 0 0 0 0 0 0 1
0 0 0 0 0 0 1 0 0 0 0 0
0 0 0 1 0 0 0 0 0 0 0 0
0 0 0 0 0 0 0 0 0 0 0 0
0 0 0 0 0 0 0 0 0 0 0 0
0 0 0 0 0 0 0 0 0 0 0 0

SA -> e -> d -> EC & SB -> c -> f -> a -> EB & SC -> b -> EA

max(1.000000 + 14.306200 + 1.000000 + 48.966300 + 1.000000 + 15.284600 + 1.000000 = 82.557100, 1.000000 + 42.450600 + 1.000000 + 3.040920 + 1.000000 + 24.746700 + 1.000000 + 19.474400 + 1.000000 = 94.712620, 1.000000 + 2.658810 + 1.000000 + 2.736100 + 1.000000 = 8.394910)

94.7126

The input parameters are for : 3 vehicles 6 tasks taken 

Total computational time taken:0.005287
