      1e+20 2.86537e+11 9.27666e+11 5.19803e+11 8.33184e+11     78.3801     34.7014     44.3137     92.4132     76.8233       1e+20  3.8265e+11 2.13195e+11 4.51339e+11 1.00767e+11
3.62804e+11       1e+20 3.01714e+11 6.48415e+11 5.28074e+11     40.5402     13.2395     49.7211     83.5215     43.2584 3.15021e+11       1e+20 9.12851e+11 8.70973e+11 5.72508e+10
7.55114e+11 8.34184e+10       1e+20 5.77637e+11 1.58817e+11     31.2166     58.9127     5.36131     96.7663     53.2614 2.13013e+10 3.78189e+11       1e+20 7.05894e+11  9.8531e+11
4.75142e+11 8.75906e+11  6.8278e+11       1e+20 3.74863e+11     36.1438     49.5831     74.5303     51.3259     81.1846  2.1325e+11 6.83947e+11 2.24496e+11       1e+20 4.88865e+11
2.61443e+11 5.60669e+11 7.66855e+11  5.2432e+11       1e+20     98.8623     49.7257      84.865     33.1046     17.7886 3.04468e+11 7.61909e+11 1.26101e+11  5.5492e+11       1e+20
4.00554e+11 3.07076e+11 7.93122e+11 1.38306e+11 9.15672e+11       1e+10     78.9981     4.22364      46.492     38.1264     37.2412     89.4939     11.3805     87.0912      33.017
4.03483e+11 4.89838e+11 8.33338e+10 8.90297e+11 1.67984e+11     48.9744       1e+10     57.1789      30.324     84.4082     57.9147     95.0582     98.8117     31.4558     25.2836
6.15483e+11 7.18469e+10 1.70338e+11 1.41586e+10 2.84188e+11      87.892     65.5242       1e+10     73.2548     73.9675     72.5818     62.7411     52.3886       79.11     1.76893
3.50921e+11 8.75684e+11 4.08604e+11 2.00153e+11   8.601e+10     83.0645     7.41692     91.1157       1e+10     70.9658      10.496     63.4614     82.9623     49.8323     84.4056
6.55256e+10 6.35842e+11 4.24255e+11 7.65981e+11 5.66589e+11     67.9897     48.7513     40.2433      36.741       1e+10     68.9309     66.0239     9.30773     93.9172     8.24592
      1e+20  3.8265e+11 2.13195e+11 4.51339e+11 1.00767e+11 6.44901e+11 2.21831e+11 1.82914e+10 2.20061e+11 1.42108e+11       1e+20  3.8265e+11 2.13195e+11 4.51339e+11 1.00767e+11
3.15021e+11       1e+20 9.12851e+11 8.70973e+11 5.72508e+10 4.70645e+11 7.62612e+11 5.56058e+11 3.31993e+11 7.17949e+11 3.15021e+11       1e+20 9.12851e+11 8.70973e+11 5.72508e+10
2.13013e+10 3.78189e+11       1e+20 7.05894e+11  9.8531e+11  4.8991e+11 7.79386e+11 8.63079e+11 1.30022e+11 3.11297e+11 2.13013e+10 3.78189e+11       1e+20 7.05894e+11  9.8531e+11
 2.1325e+11 6.83947e+11 2.24496e+11       1e+20 4.88865e+11  2.9921e+11  7.1341e+11 4.98202e+11 9.89447e+11 9.95187e+11  2.1325e+11 6.83947e+11 2.24496e+11       1e+20 4.88865e+11
3.04468e+11 7.61909e+11 1.26101e+11  5.5492e+11       1e+20 7.10531e+10 6.48211e+11 8.45268e+11 4.54027e+10 2.16151e+11 3.04468e+11 7.61909e+11 1.26101e+11  5.5492e+11       1e+20
