
1	315.121	314.058	311.918	311.868	309.385	315.138	306.627	309.447	312.776	309.588	265.68	260.588	264.949	268.088	261.419	255.821	262.615	260.908	255.432	266.918	260.57	260.849	258.638	258.947	264.002	262.466	256.027	272.042	268.604	260.724	257.657	262.371	266.997	264.408	261.974	250.65	258.242	255.742	260.085	259.726	258.585	255.324	261.222	263.498	256.118	258.565	259.928	268.064	260.534	262.439	258.867	259.756	261.112	258.674	264.408	260.987	259.1	262.419	260.252	262.822	1	1	1	1	1	1	1	1	1	1	
2	315.118	314.055	311.916	311.866	309.383	315.134	306.624	309.444	312.774	309.586	265.678	260.587	264.947	268.086	261.415	255.818	262.613	260.903	255.43	266.916	260.568	260.847	258.636	258.944	264	262.465	256.023	272.039	268.602	260.722	257.655	262.369	266.996	264.403	261.972	250.647	258.24	255.739	260.083	259.723	258.582	255.322	261.219	263.495	256.115	258.563	259.925	268.061	260.532	262.437	258.866	259.756	261.108	258.675	264.405	260.987	259.098	262.416	260.249	262.821	1	1	1	1	1	1	1	1	1	1	
3	315.116	314.053	311.913	311.863	309.38	315.13	306.622	309.442	312.771	309.583	265.675	260.584	264.945	268.083	261.413	255.815	262.61	260.901	255.428	266.914	260.565	260.845	258.633	258.941	263.997	262.462	256.02	272.036	268.6	260.72	257.653	262.366	266.993	264.401	261.968	250.644	258.237	255.737	260.081	259.72	258.579	255.32	261.217	263.492	256.113	258.56	259.921	268.058	260.529	262.434	258.863	259.754	261.106	258.673	264.402	260.984	259.096	262.414	260.247	262.819	1	1	1	1	1	1	1	1	1	1	
4	315.113	314.05	311.91	311.86	309.377	315.126	306.619	309.439	312.768	309.58	265.672	260.582	264.942	268.081	261.41	255.812	262.608	260.898	255.426	266.911	260.562	260.842	258.629	258.939	263.994	262.459	256.017	272.033	268.597	260.717	257.651	262.363	266.99	264.398	261.965	250.641	258.235	255.734	260.078	259.717	258.576	255.317	261.214	263.489	256.11	258.558	259.918	268.055	260.526	262.43	258.861	259.751	261.103	258.67	264.399	260.982	259.092	262.412	260.244	262.816	1	1	1	1	1	1	1	1	1	1	
5	315.109	314.046	311.907	311.857	309.374	315.12	306.615	309.435	312.764	309.576	265.669	260.579	264.939	268.078	261.406	255.808	262.605	260.895	255.423	266.908	260.558	260.84	258.626	258.936	263.99	262.456	256.013	272.03	268.593	260.715	257.648	262.359	266.987	264.395	261.961	250.638	258.232	255.732	260.075	259.713	258.572	255.314	261.211	263.485	256.107	258.554	259.914	268.051	260.523	262.426	258.858	259.748	261.1	258.667	264.396	260.979	259.089	262.409	260.24	262.813	1	1	1	1	1	1	1	1	1	1	
6	315.106	314.043	311.903	311.853	309.37	315.115	306.611	309.432	312.761	309.573	265.666	260.575	264.936	268.074	261.403	255.804	262.602	260.892	255.42	266.904	260.555	260.836	258.621	258.932	263.986	262.452	256.009	272.026	268.59	260.712	257.645	262.355	266.984	264.392	261.957	250.635	258.229	255.728	260.072	259.709	258.568	255.31	261.208	263.48	256.103	258.551	259.909	268.047	260.52	262.422	258.854	259.745	261.097	258.664	264.393	260.976	259.085	262.406	260.237	262.81	1	1	1	1	1	1	1	1	1	1	
7	315.101	314.038	311.899	311.848	309.366	315.109	306.607	309.427	312.756	309.568	265.662	260.572	264.933	268.07	261.399	255.799	262.598	260.888	255.417	266.9	260.551	260.833	258.617	258.928	263.982	262.448	256.005	272.022	268.586	260.708	257.642	262.351	266.98	264.388	261.952	250.63	258.225	255.725	260.069	259.705	258.564	255.306	261.205	263.475	256.099	258.547	259.905	268.043	260.516	262.417	258.851	259.742	261.093	258.661	264.389	260.972	259.08	262.403	260.233	262.807	1	1	1	1	1	1	1	1	1	1	
8	315.097	314.034	311.894	311.844	309.361	315.102	306.603	309.423	312.752	309.564	265.658	260.568	264.929	268.066	261.394	255.794	262.594	260.884	255.413	266.896	260.546	260.829	258.611	258.924	263.977	262.444	256	272.018	268.581	260.704	257.639	262.346	266.976	264.383	261.947	250.626	258.221	255.721	260.065	259.7	258.559	255.302	261.201	263.47	256.094	258.542	259.899	268.038	260.511	262.412	258.847	259.738	261.09	258.657	264.384	260.968	259.076	262.399	260.228	262.803	1	1	1	1	1	1	1	1	1	1	
9	315.092	314.029	311.889	311.839	309.356	315.094	306.597	309.418	312.747	309.558	265.653	260.563	264.924	268.062	261.389	255.788	262.59	260.88	255.409	266.891	260.541	260.824	258.605	258.92	263.972	262.439	255.994	272.013	268.576	260.7	257.635	262.34	266.971	264.379	261.942	250.621	258.217	255.717	260.061	259.694	258.554	255.297	261.196	263.464	256.089	258.537	259.893	268.032	260.506	262.406	258.842	259.734	261.085	258.653	264.379	260.963	259.07	262.395	260.223	262.799	1	1	1	1	1	1	1	1	1	1	
10	315.086	314.023	311.883	311.833	309.35	315.085	306.592	309.412	312.741	309.553	265.648	260.558	264.919	268.056	261.383	255.782	262.585	260.875	255.404	266.885	260.535	260.819	258.599	258.915	263.966	262.434	255.988	272.007	268.57	260.695	257.63	262.334	266.966	264.374	261.935	250.615	258.212	255.712	260.056	259.688	258.548	255.292	261.192	263.458	256.084	258.532	259.886	268.026	260.501	262.399	258.837	259.73	261.08	258.648	264.374	260.958	259.064	262.39	260.217	262.794	1	1	1	1	1	1	1	1	1	1	
11	315.04	314.017	311.877	311.827	309.344	315.108	306.585	309.406	312.735	309.546	265.642	260.553	264.914	268.051	261.377	255.775	262.58	260.869	255.399	266.879	260.529	260.814	258.592	258.909	263.959	262.428	255.981	272.002	268.564	260.69	257.625	262.328	266.961	264.368	261.928	250.609	258.206	255.707	260.051	259.681	258.542	255.286	261.186	263.45	256.078	258.526	259.879	268.02	260.495	262.392	258.832	259.725	261.075	258.643	264.368	260.953	259.057	262.385	260.212	262.789	1	1	1	1	1	1	1	1	1	1	
12	315.072	314.01	311.87	311.819	309.336	315.065	306.578	309.398	312.727	309.539	265.635	260.546	264.908	268.044	261.37	255.766	262.574	260.863	255.394	266.872	260.522	260.807	258.584	258.903	263.952	262.421	255.973	271.995	268.557	260.684	257.62	262.32	266.954	264.361	261.92	250.602	258.2	255.701	260.045	259.673	258.535	255.279	261.181	263.442	256.071	258.519	259.871	268.012	260.488	262.383	258.825	259.719	261.069	258.637	264.361	260.947	259.05	262.379	260.204	262.783	1	1	1	1	1	1	1	1	1	1	
13	315.016	314.002	311.862	311.812	309.329	315.093	306.57	309.391	312.72	309.531	265.628	260.54	264.901	268.038	261.363	255.758	262.568	260.856	255.388	266.865	260.514	260.801	258.575	258.896	263.944	262.413	255.965	271.987	268.55	260.678	257.614	262.312	266.947	264.354	261.912	250.595	258.193	255.695	260.039	259.665	258.527	255.272	261.174	263.433	256.063	258.512	259.862	268.004	260.48	262.374	258.819	259.713	261.062	258.631	264.354	260.94	259.041	262.373	260.197	262.777	1	1	1	1	1	1	1	1	1	1	
14	315.056	313.993	311.853	311.802	309.32	315.04	306.562	309.382	312.711	309.522	265.62	260.531	264.894	268.029	261.354	255.748	262.56	260.848	255.38	266.856	260.505	260.793	258.565	258.888	263.935	262.405	255.955	271.979	268.541	260.67	257.607	262.302	266.939	264.346	261.902	250.586	258.186	255.687	260.032	259.656	258.518	255.264	261.167	263.423	256.055	258.503	259.851	267.994	260.472	262.364	258.811	259.706	261.055	258.624	264.346	260.932	259.032	262.366	260.188	262.769	1	1	1	1	1	1	1	1	1	1	
15	314.986	313.984	311.844	311.793	309.31	315.075	306.552	309.372	312.702	309.512	265.611	260.523	264.886	268.021	261.344	255.737	262.552	260.84	255.373	266.848	260.496	260.785	258.555	258.879	263.925	262.396	255.944	271.97	268.532	260.662	257.6	262.292	266.931	264.337	261.891	250.577	258.178	255.679	260.024	259.645	258.508	255.255	261.159	263.412	256.045	258.494	259.84	267.985	260.462	262.353	258.803	259.698	261.047	258.616	264.336	260.924	259.022	262.358	260.179	262.762	1	1	1	1	1	1	1	1	1	1	
16	315.035	313.973	311.833	311.781	309.299	315.009	306.541	309.361	312.69	309.501	265.601	260.513	264.876	268.011	261.333	255.725	262.543	260.83	255.364	266.837	260.485	260.775	258.542	258.87	263.914	262.386	255.933	271.959	268.521	260.653	257.591	262.28	266.921	264.327	261.879	250.566	258.168	255.67	260.015	259.633	258.497	255.244	261.15	263.399	256.035	258.483	259.827	267.973	260.452	262.34	258.793	259.689	261.037	258.607	264.326	260.914	259.011	262.349	260.168	262.753	1	1	1	1	1	1	1	1	1	1	
17	314.949	313.961	311.821	311.77	309.287	315.052	306.529	309.349	312.679	309.489	265.59	260.503	264.866	268.001	261.322	255.712	262.533	260.819	255.355	266.826	260.473	260.765	258.529	258.859	263.901	262.374	255.919	271.948	268.509	260.643	257.582	262.268	266.91	264.317	261.866	250.555	258.158	255.66	260.006	259.621	258.485	255.234	261.14	263.385	256.023	258.472	259.814	267.96	260.44	262.326	258.783	259.68	261.027	258.597	264.315	260.904	258.998	262.34	260.157	262.743	1	1	1	1	1	1	1	1	1	1	
18	315.009	313.948	311.808	311.755	309.274	314.97	306.516	309.336	312.665	309.475	265.577	260.491	264.854	267.988	261.308	255.696	262.522	260.807	255.344	266.812	260.46	260.753	258.513	258.847	263.887	262.361	255.905	271.935	268.496	260.632	257.572	262.253	266.898	264.304	261.85	250.541	258.146	255.649	259.994	259.606	258.471	255.221	261.128	263.37	256.01	258.459	259.797	267.946	260.427	262.311	258.771	259.669	261.016	258.586	264.302	260.892	258.984	262.329	260.143	262.732	1	1	1	1	1	1	1	1	1	1	
19	314.904	313.933	311.793	311.741	309.259	315.024	306.5	309.321	312.651	309.46	265.564	260.478	264.842	267.975	261.294	255.68	262.51	260.794	255.332	266.799	260.445	260.741	258.497	258.834	263.872	262.347	255.889	271.921	268.482	260.62	257.561	262.237	266.885	264.291	261.834	250.528	258.134	255.637	259.983	259.59	258.456	255.207	261.116	263.353	255.996	258.445	259.781	267.931	260.413	262.294	258.758	259.658	261.004	258.575	264.288	260.88	258.968	262.317	260.129	262.72	1	1	1	1	1	1	1	1	1	1	
20	314.978	313.917	311.776	311.723	309.242	314.923	306.484	309.305	312.633	309.444	265.549	260.463	264.827	267.959	261.277	255.661	262.495	260.779	255.318	266.782	260.428	260.726	258.478	258.819	263.855	262.332	255.871	271.904	268.465	260.606	257.548	262.22	266.87	264.276	261.815	250.511	258.119	255.624	259.969	259.572	258.439	255.191	261.102	263.334	255.979	258.429	259.761	267.913	260.397	262.274	258.743	259.644	260.989	258.561	264.272	260.865	258.951	262.303	260.113	262.706	1	1	1	1	1	1	1	1	1	1	
21	314.848	313.899	311.759	311.706	309.224	314.989	306.465	309.286	312.616	309.424	265.532	260.448	264.812	267.944	261.26	255.641	262.48	260.763	255.305	266.766	260.41	260.71	258.458	258.803	263.836	262.314	255.851	271.887	268.448	260.591	257.534	262.2	266.854	264.259	261.795	250.494	258.104	255.608	259.955	259.553	258.421	255.175	261.087	263.312	255.962	258.412	259.74	267.894	260.38	262.253	258.728	259.63	260.974	258.546	264.255	260.849	258.931	262.289	260.095	262.691	1	1	1	1	1	1	1	1	1	1	
22	314.939	313.879	311.738	311.684	309.203	314.865	306.446	309.266	312.594	309.404	265.513	260.429	264.794	267.924	261.239	255.617	262.463	260.745	255.287	266.745	260.39	260.692	258.434	258.785	263.815	262.295	255.828	271.867	268.427	260.574	257.518	262.178	266.835	264.24	261.772	250.473	258.086	255.591	259.937	259.531	258.399	255.155	261.07	263.289	255.942	258.391	259.715	267.871	260.36	262.229	258.709	259.613	260.956	258.529	264.236	260.831	258.91	262.272	260.075	262.674	1	1	1	1	1	1	1	1	1	1	
23	314.778	313.856	311.716	311.662	309.18	314.946	306.422	309.243	312.573	309.38	265.493	260.41	264.775	267.905	261.218	255.593	262.444	260.725	255.27	266.725	260.367	260.673	258.409	258.765	263.791	262.273	255.803	271.846	268.406	260.555	257.501	262.154	266.815	264.22	261.747	250.452	258.067	255.572	259.92	259.506	258.377	255.134	261.051	263.262	255.92	258.37	259.69	267.848	260.338	262.203	258.69	259.596	260.937	258.511	264.214	260.812	258.885	262.254	260.054	262.656	1	1	1	1	1	1	1	1	1	1	
24	314.891	313.831	311.69	311.635	309.155	314.792	306.397	309.218	312.546	309.355	265.468	260.386	264.753	267.881	261.192	255.563	262.422	260.702	255.249	266.699	260.342	260.65	258.379	258.742	263.765	262.249	255.776	271.821	268.38	260.534	257.481	262.127	266.792	264.197	261.718	250.426	258.045	255.552	259.898	259.479	258.35	255.11	261.03	263.233	255.895	258.345	259.659	267.821	260.313	262.173	258.667	259.575	260.916	258.49	264.19	260.79	258.859	262.233	260.028	262.634	1	1	1	1	1	1	1	1	1	1	
25	314.692	313.803	311.662	311.608	309.126	314.893	306.369	309.19	312.52	309.326	265.443	260.363	264.73	267.857	261.165	255.533	262.4	260.678	255.228	266.674	260.314	260.626	258.349	258.717	263.736	262.222	255.745	271.795	268.354	260.511	257.459	262.097	266.767	264.171	261.688	250.4	258.021	255.528	259.876	259.449	258.322	255.085	261.007	263.2	255.869	258.319	259.627	267.792	260.287	262.141	258.643	259.554	260.892	258.468	264.163	260.765	258.829	262.211	260.002	262.612	1	1	1	1	1	1	1	1	1	1	
26	314.831	313.772	311.63	311.574	309.095	314.703	306.338	309.158	312.486	309.295	265.414	260.333	264.702	267.827	261.133	255.496	262.372	260.65	255.201	266.643	260.283	260.598	258.312	258.689	263.703	262.192	255.711	271.764	268.322	260.485	257.435	262.063	266.738	264.142	261.652	250.368	257.993	255.503	259.849	259.415	258.29	255.054	260.98	263.164	255.837	258.288	259.589	267.758	260.256	262.104	258.615	259.527	260.865	258.442	264.134	260.738	258.796	262.185	259.97	262.585	1	1	1	1	1	1	1	1	1	1	
27	314.585	313.738	311.597	311.541	309.06	314.827	306.302	309.124	312.454	309.258	265.383	260.304	264.673	267.798	261.1	255.459	262.344	260.619	255.175	266.611	260.248	260.569	258.275	258.658	263.667	262.159	255.673	271.732	268.289	260.456	257.409	262.027	266.708	264.111	261.614	250.336	257.964	255.473	259.822	259.377	258.255	255.023	260.952	263.124	255.805	258.256	259.55	267.723	260.223	262.064	258.586	259.501	260.836	258.414	264.101	260.708	258.759	262.158	259.937	262.557	1	1	1	1	1	1	1	1	1	1	
28	314.756	313.699	311.557	311.499	309.021	314.592	306.264	309.084	312.412	309.22	265.346	260.268	264.639	267.76	261.06	255.413	262.31	260.584	255.142	266.572	260.209	260.534	258.229	258.623	263.627	262.122	255.63	271.693	268.25	260.424	257.378	261.985	266.672	264.075	261.57	250.296	257.93	255.442	259.789	259.335	258.215	254.985	260.919	263.079	255.766	258.217	259.503	267.68	260.185	262.019	258.55	259.468	260.803	258.382	264.064	260.674	258.718	262.125	259.898	262.525	1	1	1	1	1	1	1	1	1	1	
29	314.453	313.657	311.515	311.458	308.977	314.745	306.22	309.042	312.372	309.175	265.307	260.232	264.603	267.724	261.02	255.367	262.276	260.547	255.11	266.533	260.167	260.498	258.182	258.585	263.583	262.081	255.583	271.653	268.209	260.388	257.345	261.939	266.634	264.036	261.523	250.256	257.893	255.405	259.756	259.289	258.171	254.946	260.883	263.029	255.725	258.178	259.455	267.636	260.144	261.969	258.514	259.436	260.767	258.347	264.023	260.637	258.672	262.091	259.858	262.49	1	1	1	1	1	1	1	1	1	1	
30	314.664	313.609	311.466	311.406	308.929	314.455	306.173	308.993	312.321	309.127	265.261	260.187	264.561	267.678	260.97	255.31	262.233	260.503	255.069	266.485	260.118	260.454	258.126	258.542	263.532	262.036	255.53	271.605	268.161	260.348	257.308	261.887	266.59	263.992	261.468	250.208	257.851	255.366	259.714	259.237	258.122	254.899	260.842	262.974	255.677	258.129	259.396	267.583	260.097	261.913	258.47	259.395	260.725	258.307	263.978	260.594	258.621	262.051	259.808	262.449	1	1	1	1	1	1	1	1	1	1	
31	314.29	313.556	311.414	311.355	308.875	314.643	306.118	308.94	312.27	309.071	265.214	260.143	264.516	267.632	260.92	255.253	262.19	260.456	255.028	266.436	260.066	260.409	258.068	258.495	263.477	261.984	255.472	271.556	268.11	260.303	257.267	261.831	266.543	263.943	261.41	250.158	257.806	255.321	259.673	259.179	258.068	254.851	260.798	262.911	255.627	258.08	259.336	267.529	260.046	261.85	258.425	259.355	260.681	258.264	263.927	260.548	258.564	262.009	259.759	262.406	1	1	1	1	1	1	1	1	1	1	
32	314.55	313.497	311.352	311.291	308.815	314.285	306.059	308.88	312.207	309.012	265.157	260.087	264.463	267.575	260.859	255.183	262.138	260.403	254.978	266.376	260.006	260.355	257.998	258.441	263.414	261.928	255.407	271.496	268.05	260.253	257.221	261.766	266.487	263.889	261.342	250.097	257.753	255.272	259.622	259.115	258.006	254.793	260.747	262.843	255.567	258.02	259.263	267.463	259.988	261.781	258.37	259.304	260.629	258.214	263.87	260.495	258.502	261.959	259.697	262.355	1	1	1	1	1	1	1	1	1	1	
33	314.087	313.431	311.288	311.228	308.748	314.517	305.991	308.814	312.144	308.942	265.097	260.031	264.408	267.518	260.796	255.111	262.085	260.344	254.928	266.316	259.94	260.299	257.925	258.382	263.346	261.864	255.334	271.435	267.986	260.198	257.169	261.696	266.429	263.827	261.269	250.035	257.697	255.216	259.57	259.043	257.939	254.733	260.693	262.765	255.504	257.959	259.189	267.396	259.924	261.703	258.315	259.254	260.574	258.161	263.807	260.438	258.431	261.906	259.636	262.302	1	1	1	1	1	1	1	1	1	1	
34	314.408	313.358	311.212	311.147	308.673	314.075	305.918	308.739	312.065	308.869	265.027	259.962	264.342	267.447	260.72	255.024	262.019	260.277	254.865	266.242	259.865	260.232	257.839	258.316	263.268	261.794	255.253	271.361	267.912	260.136	257.112	261.616	266.36	263.76	261.184	249.96	257.631	255.155	259.506	258.963	257.863	254.66	260.629	262.68	255.43	257.885	259.098	267.314	259.852	261.617	258.247	259.191	260.509	258.099	263.736	260.373	258.353	261.845	259.559	262.239	1	1	1	1	1	1	1	1	1	1	
35	313.836	313.276	311.132	311.069	308.59	314.36	305.833	308.657	311.988	308.782	264.953	259.893	264.273	267.377	260.641	254.935	261.953	260.204	254.802	266.167	259.784	260.163	257.749	258.242	263.184	261.714	255.162	271.285	267.833	260.067	257.048	261.529	266.288	263.684	261.094	249.883	257.562	255.086	259.442	258.874	257.779	254.586	260.562	262.583	255.352	257.809	259.006	267.231	259.772	261.521	258.177	259.128	260.44	258.033	263.658	260.301	258.265	261.779	259.483	262.172	1	1	1	1	1	1	1	1	1	1	
36	314.23	313.184	311.037	310.969	308.497	313.813	305.743	308.563	311.889	308.691	264.865	259.806	264.191	267.288	260.547	254.826	261.871	260.121	254.723	266.074	259.691	260.079	257.641	258.159	263.086	261.627	255.061	271.193	267.74	259.989	256.976	261.429	266.202	263.6	260.989	249.789	257.479	255.009	259.362	258.775	257.684	254.496	260.481	262.478	255.259	257.716	258.893	267.128	259.683	261.414	258.093	259.05	260.36	257.955	263.57	260.22	258.168	261.702	259.388	262.093	1	1	1	1	1	1	1	1	1	1	
37	313.524	313.083	310.937	310.871	308.393	314.163	305.637	308.462	311.793	308.582	264.772	259.72	264.106	267.2	260.449	254.716	261.789	260.03	254.645	265.98	259.589	259.992	257.528	258.067	262.981	261.528	254.949	271.098	267.643	259.903	256.896	261.321	266.112	263.505	260.876	249.693	257.393	254.923	259.283	258.663	257.58	254.402	260.398	262.356	255.163	257.621	258.778	267.025	259.583	261.293	258.006	258.972	260.274	257.874	263.473	260.131	258.058	261.62	259.293	262.01	1	1	1	1	1	1	1	1	1	1	
38	314.008	312.968	310.818	310.746	308.277	313.488	305.524	308.344	311.67	308.468	264.663	259.612	264.003	267.09	260.332	254.58	261.685	259.927	254.547	265.865	259.473	259.888	257.394	257.964	262.859	261.42	254.823	270.982	267.526	259.806	256.807	261.196	266.005	263.401	260.745	249.577	257.29	254.827	259.182	258.539	257.462	254.291	260.297	262.226	255.047	257.506	258.638	266.896	259.473	261.161	257.9	258.874	260.173	257.775	263.362	260.028	257.937	261.524	259.173	261.911	1	1	1	1	1	1	1	1	1	1	
39	313.136	312.841	310.694	310.624	308.147	313.918	305.392	308.218	311.549	308.333	264.547	259.504	263.896	266.979	260.209	254.442	261.584	259.812	254.449	265.748	259.346	259.779	257.253	257.849	262.728	261.295	254.682	270.865	267.405	259.699	256.707	261.062	265.892	263.281	260.605	249.456	257.183	254.72	259.083	258.399	257.332	254.173	260.194	262.073	254.926	257.387	258.494	266.768	259.347	261.009	257.791	258.776	260.067	257.675	263.241	259.917	257.801	261.42	259.056	261.807	1	1	1	1	1	1	1	1	1	1	
40	313.731	312.698	310.546	310.468	308.002	313.084	305.251	308.071	311.395	308.191	264.411	259.369	263.768	266.842	260.063	254.272	261.454	259.684	254.326	265.604	259.202	259.648	257.087	257.721	262.575	261.161	254.525	270.72	267.259	259.577	256.595	260.905	265.758	263.152	260.441	249.311	257.052	254.599	258.957	258.246	257.184	254.034	260.066	261.91	254.781	257.243	258.319	266.607	259.21	260.844	257.66	258.652	259.94	257.55	263.103	259.79	257.649	261.301	258.906	261.684	1	1	1	1	1	1	1	1	1	1	
41	312.652	312.539	310.39	310.314	307.839	313.611	305.085	307.913	311.244	308.022	264.265	259.233	263.634	266.702	259.909	254.1	261.327	259.539	254.203	265.457	259.042	259.513	256.91	257.576	262.411	261.004	254.348	270.574	267.107	259.442	256.469	260.738	265.617	263.001	260.265	249.16	256.919	254.465	258.833	258.069	257.021	253.887	259.938	261.719	254.63	257.095	258.139	266.447	259.052	260.654	257.523	258.53	259.808	257.425	262.951	259.65	257.479	261.171	258.76	261.553	1	1	1	1	1	1	1	1	1	1	
42	313.382	312.359	310.204	310.119	307.658	312.58	304.908	307.729	311.052	307.843	264.095	259.064	263.472	266.532	259.727	253.886	261.162	259.379	254.049	265.277	258.861	259.348	256.701	257.415	262.219	260.837	254.153	270.391	266.924	259.289	256.329	260.541	265.449	262.84	260.061	248.979	256.754	254.312	258.673	257.878	256.837	253.713	259.776	261.516	254.449	256.914	257.919	266.245	258.881	260.449	257.359	258.374	259.648	257.267	262.777	259.49	257.288	261.021	258.57	261.397	1	1	1	1	1	1	1	1	1	1	
43	312.048	312.16	310.008	309.927	307.454	313.224	304.701	307.53	310.862	307.632	263.911	258.894	263.305	266.354	259.532	253.67	261.005	259.196	253.894	265.092	258.661	259.178	256.479	257.233	262.014	260.639	253.93	270.209	266.735	259.118	256.17	260.332	265.271	262.649	259.839	248.788	256.588	254.146	258.52	257.654	256.632	253.526	259.616	261.274	254.26	256.727	257.694	266.046	258.681	260.209	257.186	258.22	259.482	257.111	262.588	259.315	257.075	260.856	258.389	261.233	1	1	1	1	1	1	1	1	1	1	
44	312.943	311.934	309.775	309.681	307.226	311.95	304.478	307.299	310.62	307.407	263.698	258.681	263.101	266.142	259.305	253.4	260.795	258.996	253.7	264.866	258.434	258.97	256.218	257.032	261.771	260.43	253.685	269.978	266.503	258.925	255.995	260.084	265.06	262.448	259.583	248.562	256.379	253.951	258.317	257.416	256.401	253.309	259.41	261.021	254.031	256.501	257.417	265.79	258.468	259.952	256.98	258.024	259.279	256.911	262.367	259.112	256.835	260.669	258.148	261.037	1	1	1	1	1	1	1	1	1	1	
45	311.293	311.683	309.528	309.439	306.968	312.737	304.217	307.048	310.381	307.141	263.466	258.465	262.889	265.915	259.058	253.13	260.598	258.764	253.503	264.633	258.181	258.757	255.936	256.8	261.513	260.181	253.403	269.75	266.266	258.709	255.793	259.822	264.835	262.206	259.303	248.321	256.171	253.743	258.124	257.132	256.142	253.072	259.211	260.713	253.793	256.265	257.134	265.54	258.215	259.649	256.76	257.829	259.073	256.716	262.131	258.892	256.568	260.459	257.922	260.829	1	1	1	1	1	1	1	1	1	1	
46	312.386	311.398	309.233	309.13	306.68	311.162	303.935	306.757	310.076	306.857	263.198	258.197	262.631	265.65	258.773	252.788	260.331	258.512	253.258	264.347	257.895	258.493	255.61	256.547	261.206	259.918	253.095	269.457	265.972	258.465	255.572	259.509	264.569	261.954	258.981	248.037	255.904	253.495	257.865	256.835	255.853	252.799	258.946	260.397	253.505	255.979	256.785	265.217	257.948	259.327	256.501	257.579	258.814	256.459	261.85	258.636	256.265	260.223	257.616	260.58	1	1	1	1	1	1	1	1	1	1	
47	310.345	311.08	308.921	308.822	306.355	312.119	303.606	306.44	309.773	306.52	262.902	257.923	262.364	265.358	258.46	252.447	260.085	258.215	253.008	264.053	257.576	258.223	255.251	256.252	260.881	259.601	252.738	269.171	265.675	258.191	255.314	259.18	264.284	261.644	258.626	247.73	255.644	253.233	257.623	256.472	255.523	252.498	258.697	260.005	253.204	255.681	256.428	264.903	257.624	258.941	256.222	257.332	258.555	256.217	261.553	258.357	255.929	259.954	257.334	260.315	1	1	1	1	1	1	1	1	1	1	
48	311.679	310.719	308.548	308.431	305.99	310.172	303.248	306.07	309.388	306.16	262.565	257.584	262.036	265.026	258.101	252.012	259.74	257.899	252.695	263.692	257.213	257.887	254.841	255.933	260.489	259.271	252.35	268.797	265.3	257.879	255.035	258.781	263.947	261.329	258.22	247.373	255.3	252.915	257.29	256.099	255.159	252.154	258.355	259.607	252.84	255.319	255.986	264.491	257.29	258.537	255.894	257.013	258.223	255.885	261.195	258.03	255.543	259.656	256.941	259.998	1	1	1	1	1	1	1	1	1	1	
49	309.152	310.316	308.151	308.04	305.577	311.333	302.831	305.668	309.002	305.734	262.185	257.234	261.697	264.65	257.7	251.579	259.431	257.517	252.376	263.317	256.807	257.545	254.382	255.555	260.079	258.866	251.895	268.437	264.927	257.528	254.703	258.367	263.584	260.931	257.767	246.981	254.974	252.584	256.985	255.633	254.74	251.767	258.044	259.104	252.457	254.94	255.534	264.096	256.874	258.044	255.536	256.697	257.897	255.581	260.819	257.675	255.12	259.31	256.588	259.661	1	1	1	1	1	1	1	1	1	1	
50	310.775	309.854	307.676	307.543	305.112	308.923	302.374	305.198	308.512	305.274	261.758	256.802	261.277	264.232	257.247	251.023	258.985	257.118	251.977	262.858	256.346	257.115	253.864	255.152	259.576	258.45	251.404	267.957	264.445	257.129	254.349	257.858	263.153	260.535	257.253	246.53	254.528	252.173	256.555	255.164	254.279	251.333	257.598	258.604	251.994	254.479	254.971	263.568	256.454	257.533	255.121	256.287	257.47	255.15	260.359	257.258	254.627	258.932	256.082	259.253	1	1	1	1	1	1	1	1	1	1	
51	307.644	309.34	307.168	307.043	304.584	310.325	301.842	304.683	308.018	304.731	261.27	256.352	260.843	263.742	256.732	250.473	258.596	256.622	251.566	262.377	255.827	256.679	253.275	254.663	259.055	257.929	250.819	267.504	263.974	256.677	253.921	257.334	262.689	260.018	256.671	246.027	254.117	251.755	256.17	254.56	253.741	250.834	257.208	257.953	251.505	253.995	254.394	263.069	255.917	256.898	254.659	255.882	257.057	254.769	259.883	256.804	254.09	258.484	255.639	258.82	1	1	1	1	1	1	1	1	1	1	
52	309.61	308.749	306.56	306.406	303.988	307.344	301.256	304.081	307.391	304.141	260.727	255.799	260.302	263.214	256.158	249.755	258.012	256.116	251.052	261.792	255.238	256.124	252.618	254.15	258.406	257.402	250.195	266.884	263.352	256.163	253.468	256.678	262.136	259.518	256.018	245.453	253.535	251.219	255.608	253.969	253.156	250.282	256.622	257.321	250.912	253.404	253.674	262.388	255.388	256.253	254.13	255.351	256.502	254.204	259.287	256.267	253.457	258	254.982	258.293	1	1	1	1	1	1	1	1	1	1	
53	305.729	308.088	305.907	305.763	303.31	309.027	300.573	303.419	306.755	303.444	260.094	255.217	259.745	262.571	255.49	249.051	257.523	255.469	250.521	261.173	254.57	255.565	251.854	253.515	257.741	256.727	249.439	266.31	262.755	255.577	252.91	256.013	261.537	258.844	255.266	244.803	253.016	250.687	255.12	253.181	252.462	249.632	256.132	256.472	250.285	252.782	252.935	261.754	254.686	255.429	253.53	254.828	255.978	253.724	258.681	255.681	252.772	257.415	254.425	257.734	1	1	1	1	1	1	1	1	1	1	
54	308.101	307.325	305.123	304.943	302.54	305.337	299.817	302.643	305.948	302.683	259.399	254.504	259.044	261.903	254.758	248.121	256.751	254.823	249.853	260.42	253.812	254.844	251.017	252.859	256.897	256.058	248.642	265.502	261.945	254.907	252.33	255.164	260.824	258.211	254.431	244.072	252.248	249.984	254.379	252.433	251.715	248.928	255.353	255.67	249.521	252.021	252.006	260.871	254.018	254.608	252.851	254.135	255.251	252.977	257.903	254.984	251.955	256.794	253.564	257.047	1	1	1	1	1	1	1	1	1	1	
55	303.286	306.47	304.277	304.109	301.664	307.34	298.933	301.787	305.123	301.784	258.572	253.744	258.323	261.049	253.886	247.213	256.132	253.969	249.16	259.617	252.948	254.122	250.019	252.027	256.042	255.176	247.658	264.772	261.185	254.142	251.596	254.315	260.045	257.322	253.452	243.223	251.59	249.304	253.758	251.394	250.814	248.075	254.736	254.554	248.71	251.215	251.054	260.062	253.095	253.53	252.066	253.453	254.582	252.371	257.127	254.225	251.077	256.023	252.863	256.318	1	1	1	1	1	1	1	1	1	1	
56	306.127	305.478	303.258	303.046	300.662	302.773	297.949	300.779	304.077	300.793	257.677	252.819	257.407	260.2	252.95	245.995	255.102	253.142	248.287	258.644	251.965	253.177	248.947	251.182	254.937	254.322	246.633	263.711	260.121	253.263	250.846	253.206	259.116	256.517	252.376	242.286	250.565	248.37	252.772	250.443	249.855	247.17	253.69	253.529	247.72	250.228	249.848	258.908	252.249	252.481	251.189	252.539	253.622	251.372	256.102	253.312	250.013	255.218	251.724	255.415	1	1	1	1	1	1	1	1	1	1	
57	303.021	307.241	305.031	304.831	302.399	308.008	299.676	302.539	305.873	302.501	259.466	254.704	259.312	261.944	254.682	247.711	257.182	254.888	250.229	260.435	253.76	255.1	250.528	252.97	256.692	256.039	248.24	265.642	262.035	255.115	252.704	255.038	260.987	258.206	253.974	244.04	252.615	250.356	254.819	251.932	251.561	248.94	255.783	254.934	249.562	252.041	251.528	260.755	253.874	253.972	253.025	254.497	255.614	253.459	258.012	255.207	251.79	257.032	253.705	257.319	1	1	1	1	1	1	1	1	1	1	
58	307.022	306.56	304.317	304.065	301.703	302.965	299.002	301.839	305.128	301.817	258.928	254.115	258.721	261.48	254.097	246.73	256.412	254.44	249.69	259.786	253.105	254.47	249.771	252.494	255.855	255.56	247.537	264.852	261.247	254.571	252.341	254.198	260.385	257.795	253.2	243.452	251.853	249.725	254.106	251.337	250.943	248.399	254.981	254.239	248.894	251.372	250.577	259.857	253.415	253.247	252.503	253.904	254.946	252.728	257.273	254.619	251.016	256.598	252.809	256.744	1	1	1	1	1	1	1	1	1	1	
59	300.329	305.843	303.608	303.37	300.951	306.458	298.241	301.117	304.447	301.035	258.227	253.531	258.224	260.67	253.315	245.936	256.151	253.655	249.216	259.139	252.381	253.984	248.771	251.778	255.158	254.758	246.578	264.399	260.743	253.975	251.773	253.55	259.785	256.955	252.242	242.708	251.529	249.336	253.818	250.224	250.136	247.645	254.737	253	248.259	250.734	249.713	259.263	252.514	252.103	251.87	253.457	254.577	252.488	256.728	254.056	250.304	255.963	252.426	256.215	1	1	1	1	1	1	1	1	1	1	
60	305.179	304.999	302.724	302.423	300.087	300.319	297.403	300.251	303.528	300.185	257.588	252.815	257.489	260.161	252.635	244.678	255.132	253.148	248.55	258.351	251.582	253.192	247.864	251.22	254.089	254.224	245.732	263.39	259.742	253.292	251.358	252.493	259.046	256.505	251.297	242.025	250.528	248.518	252.882	249.538	249.405	247.007	253.664	252.172	247.442	249.91	248.521	258.125	252.011	251.244	251.245	252.702	253.72	251.524	255.786	253.326	249.341	255.443	251.264	255.488	1	1	1	1	1	1	1	1	1	1	
61	297.116	304.132	301.913	301.626	299.243	304.479	296.518	299.37	302.732	299.252	257.025	251.485	257.059	258.933	249.856	247.169	253.609	249.452	245.903	259.131	247.878	253.28	248.229	250.573	256.173	253.119	244.635	264.326	259.788	252.634	250.773	251.304	255.331	255.842	251.812	242.222	248.125	247.364	252.478	248.356	249.624	245.87	252.984	252.534	245.475	250.233	248.498	258.399	252.442	252.002	249.507	252.071	252.514	251.191	255.032	251.357	247.47	254.465	250.994	254.862	1	1	1	1	1	1	1	1	1	1	
62	302.821	302.986	300.684	300.332	298.018	296.826	295.342	298.204	301.49	298.06	255.906	251.104	255.939	258.518	250.504	242.473	253.302	251.203	246.855	256.632	249.226	251.594	245.57	249.628	252.132	252.476	243.385	261.622	257.835	251.679	250.131	250.191	256.963	254.896	249.042	240.286	248.594	246.862	251.269	247.263	247.545	245.175	251.914	249.784	245.404	248.126	245.967	255.94	250.357	248.923	249.539	251.171	252.056	249.965	253.873	251.58	247.013	253.957	249.22	253.888	1	1	1	1	1	1	1	1	1	1	
63	302.623	295.285	299.582	299.268	297.034	301.925	294.231	297.15	300.442	297.002	254.634	248.675	255.59	254.17	249.63	243.636	251.036	247.711	246.551	257.44	247.331	250.405	244.126	248.587	253.657	251.353	241.54	262.394	258.089	249.595	249.792	251.14	254.477	253.606	249.984	237.466	246.226	246.002	250.872	247.071	246.915	242.578	251.119	250.188	244.315	249.024	247.503	256.408	248.219	250.131	248.008	249.66	252.186	249.248	251.411	250.543	243.879	251.178	249.832	253.164	1	1	1	1	1	1	1	1	1	1	
64	290.427	299.506	298.161	297.809	295.403	301.24	292.739	295.656	299.02	295.388	253.366	248.856	254.122	255.375	247.899	239.272	251.463	249.085	245.154	254.3	247.472	249.511	242.234	247.302	249.476	249.76	239.991	259.99	255.956	249.549	248.403	247.937	254.758	252.188	246.112	237.135	246.78	245.664	249.682	243.851	245.028	242.966	250.269	245.78	243.245	245.848	243.017	253.948	247.459	245.254	247.712	249.376	250.517	248.823	251.692	249.854	244.737	251.642	247.656	252.006	1	1	1	1	1	1	1	1	1	1	
65	297.94	298.77	296.666	296.16	293.957	290.349	291.289	294.083	297.395	293.884	252.753	246.973	252.964	254.855	243.99	241.616	248.317	244.108	241.201	254.988	241.216	248.911	243.054	246.604	251.299	249.081	238.765	259.7	254.811	248.314	247.879	245.281	249.209	252.091	246.781	238.335	242.371	242.962	247.993	242.945	245.33	241.38	247.962	247.301	239.989	245.866	242.149	252.942	248.989	247.007	245.119	247.864	247.946	246.824	249.836	246.739	241.256	250.641	245.563	250.573	1	1	1	1	1	1	1	1	1	1	
66	297.376	288.044	294.579	294.168	291.959	296.256	289.23	292.241	295.494	291.9	250.702	246.066	251.339	252.922	244.576	235.385	249.335	245.06	242.716	251.424	242.331	246.961	237.952	244.417	245.922	247.345	236.333	256.791	252.597	246.383	246.184	244.321	251.613	249.564	241.758	235.371	244.277	242.474	247.544	239.901	241.592	239.112	248.019	241.73	239.735	242.97	238.337	249.565	244.551	241.322	244.133	246.41	248.022	246.153	248.294	246.73	240.293	249.041	244.178	248.849	1	1	1	1	1	1	1	1	1	1	
67	281.237	293.405	292.956	292.475	290.248	295.776	287.458	290.406	293.809	290.011	248.486	242.479	250.571	246.338	242.587	236.403	244.79	241.255	241.062	251.853	241.369	244.795	236.434	242.965	247.633	244.934	232.916	257.662	252.546	244.057	245.472	244.39	247.426	247.443	243.684	229.475	239.786	241.716	245.703	239.386	241.176	236.624	245.599	241.802	238.125	243.136	240.145	251.019	241.787	242.49	243.022	244.577	247.071	244.958	245.045	245.318	236.422	245.355	244.693	247.816	1	1	1	1	1	1	1	1	1	1	
68	289.827	292.189	290.162	289.513	287.266	281.001	284.764	287.655	290.93	287.2	246.847	242.044	247.795	248.892	241.057	229.057	243.852	242.471	239.438	247.479	239.407	242.739	232.845	241.058	240.82	244.056	230.978	252.617	248.199	242.555	243.812	239.474	247.671	246.326	237.209	230.413	239.132	239.015	242.834	235.69	237.905	235.663	242.7	236.166	235.918	238.802	232.934	245.221	241.017	236.141	241.273	242.594	244.058	242.05	243.469	243.316	235.632	245.443	239.625	245.033	1	1	1	1	1	1	1	1	1	1	
69	289.568	277.569	287.334	286.631	284.685	287.296	281.937	284.819	288.113	284.411	244.851	238.967	245.917	245.954	233.984	232.374	241.654	233.182	233.826	247.616	228.403	241.58	232.336	238.531	243.048	241.507	228.091	252.715	246.94	239.861	241.681	236.249	239.113	243.901	236.915	231.437	234.52	235.652	242.251	232.074	236.829	231.583	241.954	236.435	230.746	238.452	231.429	243.674	240.309	237.002	236.533	240.229	241.533	240.752	240.944	238.781	229.851	242.847	238.038	242.491	1	1	1	1	1	1	1	1	1	1	
70	269.097	285.195	285.786	285.224	282.948	288.237	280.313	283.473	286.796	282.728	242.812	238.689	245.159	243.987	234.584	223.94	242.097	237.909	235.106	243.858	234.592	239.848	227.66	237.085	236.787	239.006	225.172	251.037	245.661	239.283	240.826	235.128	242.111	241.426	231.543	226.804	236.586	237.798	241.075	227.82	234.316	232.648	241.082	227.995	231.71	235.124	226.934	242.256	237.045	228.924	238.209	239.83	241.908	241.389	240.804	240.285	233.072	242.136	237.623	241.754	1	1	1	1	1	1	1	1	1	1	
71	278.992	283.733	282.505	281.559	279.696	269.374	276.964	279.858	283.219	279.142	240.217	233.375	242.534	236.182	233.584	224.079	233.854	232.053	233.524	243.645	230.04	235.926	224.494	234.981	237.407	238.307	220.466	248.175	242.263	235.058	240.052	232.926	236.972	240.225	233.615	218.767	228.693	233.301	236.539	230.184	232.846	227.069	235.364	230.837	228.455	234.227	227.319	240.176	233.704	232.567	234.943	235.778	238.633	236.325	233.94	236.913	223.516	237.206	234.491	238.388	1	1	1	1	1	1	1	1	1	1	
72	278.35	264.187	277.768	276.885	274.826	275.667	272.41	275.512	278.641	274.673	236.791	231.583	238.847	235.886	230.385	213.924	236.604	229.072	232.166	237.855	224.794	233.473	216.034	230.594	228.704	235.177	216.103	243.338	237.694	231.386	236.05	228.5	236.998	235.835	221.937	219.689	231.144	229.733	236.087	221.79	226.751	221.974	236.027	219.129	225.026	228.94	217.453	232.15	229.045	220.977	230.521	232.24	236.719	234.712	231.206	233.524	220.092	235.063	230.459	233.823	1	1	1	1	1	1	1	1	1	1	
73	274.964	268.617	272.834	271.598	269.987	273.194	267.276	270.188	255.004	269.313	231.307	226.019	234.98	231.084	217.332	213.424	230.142	218.555	221.943	235.721	210.526	228.997	217.771	224.744	227.512	229.444	209.648	242.54	235.321	227.335	232.547	221.642	222.768	230.517	222.39	217.796	220.874	226.539	231.733	215.397	225.073	220.271	230.947	215.699	216.144	226.018	214.21	232.699	229.911	218.516	225.525	228.082	230.029	231.997	225.847	227.467	215.566	231.188	227.614	230.027	1	1	1	1	1	1	1	1	1	1	
74	242.722	267.026	267.496	266.169	264.249	268.824	261.693	264.923	261.222	263.234	224.02	222.352	229.785	222.268	212.482	208.269	222.177	219.687	215.802	230.413	210.559	223.404	208.281	222.309	224.06	223.568	207.461	238.952	223.825	221.161	226.639	216.99	221.571	225.658	220.774	206.386	221.319	224.636	226.662	208.428	211.77	205.425	219.654	212.501	215.817	218.949	202.441	227.879	221.886	215.04	222.655	223.129	231.586	227.614	223.528	224.247	213.195	226.084	224.753	223.56	1	1	1	1	1	1	1	1	1	1	
75	246.807	259.991	258.387	257.391	255.26	239.893	252.981	256.035	255.377	254.726	219.05	214.374	223.962	221.227	209.217	189.141	213.36	214.938	213.538	221.22	199.848	215.075	196.883	217.934	210.211	220.789	198.3	228.612	217.077	214.231	223.348	206.029	215.001	220.468	204.508	205.449	210.682	215.587	215.998	200.844	206.632	199.946	210.732	192.26	207.963	210.903	190.025	215.427	216.778	200.52	216.738	214.145	223.298	218.544	214.28	218.354	205.716	219.534	212.344	215.842	1	1	1	1	1	1	1	1	1	1	
76	238.984	226.128	248.124	246.382	245.62	237.3	242.748	245.382	246.079	244.115	209.646	202.494	215.666	201.656	200.328	183.319	206.059	196.838	209.161	214.757	180.575	206.324	182.686	208.38	206.45	213.874	183.653	222.003	208.442	203.338	214.559	199.673	203.455	210.04	197.663	187.663	200.77	204.903	211.967	194.523	197.194	181.447	210.232	171.906	197.675	203.426	182.145	206.113	202.495	194.238	205.521	203.682	217.05	211.639	199.97	208.747	181.294	207.776	207.94	205.042	1	1	1	1	1	1	1	1	1	1	
77	225.496	221.812	200.076	231.885	231.524	221.586	228.307	230.709	231.382	229.438	193.57	191.548	201.507	183.615	185.526	172.502	196.579	183.08	196.407	201.474	166.379	193.145	166.326	179.405	197.311	205.095	171.856	213.6	192.763	190.496	202.045	183.466	190.741	194.078	191.497	173.728	182.342	198.747	197.879	187.106	186.043	172.985	199.237	89.8536	183.791	187.74	165.181	196.638	197.441	169.422	195.002	176.663	204.336	202.181	180.09	198.611	180.624	196.972	191.075	192.8	1	1	1	1	1	1	1	1	1	1	
78	192.485	199.062	190.641	170.92	206.456	180.561	204.119	206.917	205.476	204.961	170.894	169.754	180.534	159.356	156.355	145.553	181.962	166.124	172.633	176.558	101.713	167.484	139.095	154.065	179.366	182.036	151.5	193.188	168.614	170.268	181.268	158	167.681	167.227	162.241	140.077	156.554	175.997	177.227	168.412	158.175	141.917	170.81	7.58684	164.392	168.972	135.967	177.321	175.537	158.617	168.029	157.441	168.867	179.59	147.247	176.772	161.233	176.491	173.619	170.867	1	1	1	1	1	1	1	1	1	1	
79	146.863	147.842	138.408	139.701	155.331	144.485	155.127	129.236	153.516	154.94	124.988	121.873	136.281	131.487	114.265	96.2379	132.674	118.192	126.248	129.952	5.24523	124.736	97.2015	103.056	137.806	144.864	116.554	146.66	125.883	119.15	136.982	111.745	121.753	127.649	108.9	40.9537	100.939	126.441	127.036	126.474	125.35	64.9037	140.228	7.54691	117.752	129.318	87.3972	120.724	126.357	106.882	101.621	97.1584	129.633	127.401	90.7915	119.467	127.679	129.539	130.186	128.129	1	1	1	1	1	1	1	1	1	1	
80	79.412	78.9755	66.8486	83.7556	37.7005	75.2639	90.2328	62.3737	73.6838	83.9524	60.3282	64.6204	75.49	74.4307	57.081	29.5462	46.6026	63.1606	61.7885	50.6118	4.58739	60.0478	52.5785	44.3162	74.7491	77.2162	30.8416	66.872	50.4404	47.1596	79.5719	46.0507	56.0046	50.0351	19.7951	8.04332	61.1942	66.0552	46.698	66.8405	64.6587	6.16617	71.0071	7.54691	49.4613	64.2589	65.5765	28.4478	36.4495	39.0359	19.2382	21.6682	65.9795	65.4485	16.6329	28.2503	71.93	43.7227	68.5336	47.3411	1	1	1	1	1	1	1	1	1	1	
81	51.5535	58.5266	20.4602	92.0305	10.0445	61.3112	92.0287	19.8851	61.4844	42.9146	37.6072	44.141	52.7201	36.3595	48.1225	11.903	20.9958	47.6032	39.0579	25.4201	4.58739	33.7694	11.2516	28.0288	72.9367	49.3577	6.22254	47.421	13.4144	28.8286	88.9543	25.5904	14.7175	28.6958	3.9359	8.04332	45.5724	45.9316	17.0587	46.2793	37.3598	6.16363	57.0543	7.54691	26.3591	17.8705	49.0687	25.5719	15.1514	17.0687	16.8167	6.29226	54.801	61.1336	14.2114	9.65765	36.6465	18.559	48.9899	22.1774	1	1	1	1	1	1	1	1	1	1	
82	48.245	69.7906	18.0966	99.1533	9.82537	52.3397	106.968	9.37498	51.5364	29.2194	41.6347	27.9521	43.457	30.1967	38.174	9.37468	21.9871	38.3572	37.1035	25.4202	4.58739	37.7827	7.24819	20.2798	82.2261	46.0492	6.22254	48.636	13.1392	30.0436	98.2626	17.8342	10.7112	26.1675	3.9359	8.04332	36.3265	57.1956	6.54942	50.3067	34.0513	6.16363	48.0828	7.54691	35.1365	15.5069	32.8798	25.5719	12.6231	18.0599	16.8167	6.29235	44.853	70.423	14.2114	9.65774	20.4191	18.5591	53.1705	22.1775	1	1	1	1	1	1	1	1	1	1	