
1	209.622
2	209.621
3	209.621
4	209.62
5	209.62
6	209.619
7	209.619
8	209.619
9	209.618
10	209.618
11	209.617
12	209.617
13	209.617
14	209.616
15	209.616
16	209.615
17	209.615
18	209.614
19	209.614
20	209.613
21	209.613
22	209.612
23	209.612
24	209.612
25	209.611
26	209.611
27	209.61
28	209.61
29	209.609
30	209.609
31	209.608
32	209.608
33	209.607
34	209.606
35	209.606
36	209.605
37	209.605
38	209.604
39	209.604
40	209.603
41	209.603
42	209.602
43	209.602
44	209.601
45	209.6
46	209.6
47	209.599
48	209.599
49	209.598
50	209.597
51	209.597
52	209.596
53	209.595
54	209.595
55	209.594
56	209.593
57	209.593
58	209.592
59	209.591
60	209.591
61	209.59
62	209.589
63	209.589
64	209.588
65	209.587
66	209.586
67	209.586
68	209.585
69	209.584
70	209.584
71	209.583
72	209.582
73	209.581
74	209.58
75	209.58
76	209.579
77	209.578
78	209.577
79	209.576
80	209.576
81	209.575
82	209.574
83	209.573
84	209.572
85	209.571
86	209.57
87	209.569
88	209.568
89	209.568
90	209.567
91	209.566
92	209.565
93	209.564
94	209.563
95	209.562
96	209.561
97	209.56
98	209.559
99	209.558
100	209.557
101	209.556
102	209.555
103	209.554
104	209.553
105	209.552
106	209.55
107	209.549
108	209.548
109	209.547
110	209.546
111	209.545
112	209.544
113	209.543
114	209.541
115	209.54
116	209.539
117	209.538
118	209.537
119	209.535
120	209.534
121	209.533
122	209.531
123	209.53
124	209.529
125	209.528
126	209.526
127	209.525
128	209.524
129	209.522
130	209.521
131	209.519
132	209.518
133	209.517
134	209.515
135	209.514
136	209.512
137	209.511
138	209.509
139	209.508
140	209.506
141	209.505
142	209.503
143	209.501
144	209.5
145	209.498
146	209.497
147	209.495
148	209.493
149	209.492
150	209.49
151	209.488
152	209.486
153	209.485
154	209.483
155	209.481
156	209.479
157	209.477
158	209.476
159	209.474
160	209.472
161	209.47
162	209.468
163	209.466
164	209.464
165	209.462
166	209.46
167	209.458
168	209.456
169	209.454
170	209.452
171	209.45
172	209.448
173	209.446
174	209.444
175	209.441
176	209.439
177	209.437
178	209.435
179	209.432
180	209.43
181	209.428
182	209.425
183	209.423
184	209.421
185	209.418
186	209.416
187	209.413
188	209.411
189	209.408
190	209.406
191	209.403
192	209.401
193	209.398
194	209.395
195	209.393
196	209.39
197	209.387
198	209.384
199	209.382
200	209.379
201	209.376
202	209.373
203	209.37
204	209.367
205	209.364
206	209.361
207	209.358
208	209.355
209	209.352
210	209.349
211	209.346
212	209.343
213	209.34
214	209.336
215	209.333
216	209.33
217	209.326
218	209.323
219	209.32
220	209.316
221	209.313
222	209.309
223	209.306
224	209.302
225	209.298
226	209.295
227	209.291
228	209.287
229	209.283
230	209.28
231	209.276
232	209.272
233	209.268
234	209.264
235	209.26
236	209.256
237	209.252
238	209.248
239	209.243
240	209.239
241	209.235
242	209.231
243	209.226
244	209.222
245	209.217
246	209.213
247	209.208
248	209.204
249	209.199
250	209.194
251	209.19
252	209.185
253	209.18
254	209.175
255	209.17
256	209.165
257	209.16
258	209.155
259	209.15
260	209.145
261	209.14
262	209.134
263	209.129
264	209.124
265	209.118
266	209.113
267	209.107
268	209.102
269	209.096
270	209.09
271	209.084
272	209.078
273	209.073
274	209.067
275	209.06
276	209.054
277	209.048
278	209.042
279	209.036
280	209.029
281	209.023
282	209.016
283	209.01
284	209.003
285	208.997
286	208.99
287	208.983
288	208.976
289	208.969
290	208.962
291	208.955
292	208.948
293	208.94
294	208.933
295	208.926
296	208.918
297	208.911
298	208.903
299	208.895
300	209.276
301	208.884
302	208.884
303	209.264
304	208.872
305	209.255
306	208.864
307	209.247
308	208.856
309	209.239
310	208.847
311	209.23
312	208.839
313	209.221
314	208.83
315	209.212
316	208.821
317	209.202
318	208.811
319	209.193
320	208.802
321	209.183
322	208.792
323	209.173
324	208.783
325	209.163
326	208.773
327	209.153
328	208.762
329	209.142
330	208.752
331	209.132
332	208.741
333	209.121
334	208.73
335	209.109
336	208.719
337	209.098
338	208.708
339	209.086
340	208.696
341	209.074
342	208.684
343	209.062
344	208.672
345	209.049
346	208.66
347	209.036
348	208.647
349	209.023
350	208.634
351	209.01
352	208.621
353	208.996
354	208.607
355	208.982
356	208.594
357	208.968
358	208.579
359	208.954
360	208.565
361	208.939
362	208.55
363	208.924
364	208.535
365	208.908
366	208.52
367	208.892
368	208.504
369	208.876
370	208.488
371	208.859
372	208.472
373	208.843
374	208.455
375	208.825
376	208.438
377	208.808
378	208.421
379	208.789
380	208.403
381	208.771
382	208.384
383	208.752
384	208.366
385	208.733
386	208.347
387	208.713
388	208.327
389	208.693
390	208.307
391	208.672
392	208.287
393	208.651
394	208.266
395	208.63
396	208.245
397	208.608
398	208.223
399	208.585
400	208.201
401	208.562
402	208.178
403	208.539
404	208.155
405	208.514
406	208.131
407	208.49
408	208.107
409	208.465
410	208.082
411	208.439
412	208.057
413	208.413
414	208.031
415	208.386
416	208.004
417	208.358
418	207.977
419	208.33
420	207.949
421	208.301
422	207.921
423	208.271
424	207.892
425	208.241
426	207.862
427	208.21
428	207.832
429	208.179
430	207.801
431	208.146
432	207.769
433	208.113
434	207.737
435	208.079
436	207.703
437	208.045
438	207.669
439	208.009
440	207.634
441	207.973
442	207.599
443	207.936
444	207.562
445	207.898
446	207.525
447	207.859
448	207.487
449	207.819
450	207.448
451	207.778
452	207.408
453	207.736
454	207.367
455	207.694
456	207.325
457	207.65
458	207.282
459	207.605
460	207.238
461	207.559
462	207.193
463	207.512
464	207.147
465	207.464
466	207.1
467	207.347
468	206.984
469	207.292
470	206.936
471	207.242
472	206.888
473	207.192
474	206.839
475	207.14
476	206.788
477	207.087
478	206.736
479	207.032
480	206.683
481	206.977
482	206.629
483	206.919
484	206.573
485	206.861
486	206.516
487	206.801
488	206.458
489	206.739
490	206.398
491	206.676
492	206.337
493	206.612
494	206.274
495	206.545
496	206.21
497	206.478
498	206.144
499	206.408
500	206.077
501	206.336
502	206.008
503	206.263
504	205.937
505	206.188
506	205.864
507	206.111
508	205.79
509	206.032
510	205.713
511	205.951
512	205.635
513	205.867
514	205.554
515	205.782
516	205.472
517	205.694
518	205.387
519	205.604
520	205.301
521	205.511
522	205.212
523	205.416
524	205.121
525	205.319
526	205.027
527	205.219
528	204.931
529	205.116
530	204.832
531	205.01
532	204.731
533	204.901
534	204.627
535	204.79
536	204.52
537	204.675
538	204.41
539	204.557
540	204.298
541	204.436
542	204.182
543	204.311
544	203.956
545	204.069
546	203.814
547	203.926
548	203.679
549	203.781
550	203.54
551	203.631
552	203.397
553	203.477
554	203.25
555	203.319
556	203.098
557	203.155
558	202.942
559	202.987
560	202.782
561	202.813
562	202.617
563	202.634
564	202.447
565	202.45
566	202.272
567	202.259
568	202.091
569	202.063
570	201.905
571	201.86
572	201.714
573	201.651
574	201.516
575	201.435
576	201.312
577	201.212
578	201.102
579	200.982
580	200.885
581	200.744
582	200.662
583	200.497
584	200.431
585	200.243
586	200.192
587	199.98
588	199.946
589	199.725
590	200.566
591	200.508
592	199.331
593	199.264
594	199.165
595	199.969
596	199.908
597	198.607
598	198.616
599	199.366
600	199.42
601	197.927
602	198.091
603	198.891
604	198.834
605	197.315
606	197.595
607	198.235
608	198.24
609	196.939
610	197.771
611	197.774
612	196.472
613	197.279
614	197.261
615	195.983
616	196.757
617	196.716
618	195.466
619	196.205
620	196.139
621	194.917
622	195.62
623	195.466
624	194.271
625	194.908
626	194.766
627	193.638
628	194.236
629	194.06
630	192.972
631	193.286
632	193.442
633	191.981
634	192.701
635	192.28
636	191.26
637	191.885
638	191.741
639	190.758
640	190.87
641	190.694
642	189.691
643	190.231
644	189.815
645	188.858
646	188.204
647	188.454
648	187.509
649	187.933
650	187.564
651	186.82
652	186.606
653	186.051
654	185.392
655	185.594
656	184.867
657	184.156
658	183.469
659	184.382
660	184.175
661	182.2
662	181.631
663	180.652
664	180.122
665	179.804
666	178.489
667	178.766
668	176.786
669	175.847
670	173.376
671	171.751
672	167.927
673	165.646
674	165.816
675	167.088
676	160.374
677	156.567
678	155.395
679	145.938
680	137.639
681	129.887
682	122.598
683	104.585
684	94.2857
685	82.2882
686	67.5763
687	70.8968
688	70.8234
689	73.6506