      1e+20 3.14685e+11 3.18843e+11 3.79907e+11 2.24625e+11   8.126e+11     76.2613     61.9681     9.04904     74.8832     77.3866      7.1286      32.066     66.0417     90.6875     27.6029     51.5831     34.5987     45.0806      94.351     54.5102     71.4046     16.2622     69.1585       1e+20 7.03673e+10 1.72399e+11 5.27106e+10 8.35425e+11 8.55803e+11
5.56151e+11       1e+20 8.37987e+11 4.18329e+11 5.11156e+11 3.03696e+11     20.0524     10.0429     80.8291     48.5581     31.3669     45.2872     55.4241     31.5076     61.3444     49.9256     86.6853      97.928      91.649     16.3324     12.8198     98.7236     82.5478     1.35761  8.8111e+11       1e+20 4.69219e+11 4.53268e+11 7.29585e+11 7.89797e+11
5.81253e+11  8.5752e+11       1e+20 5.55068e+11 6.14673e+11 7.61413e+11     55.3909     64.6701     74.2831     70.2589     1.32665     35.8228     23.7169     25.3162      48.213     16.0026     88.9556     84.6926     68.5093     11.8924      76.673     16.2834     29.1518     98.4634 3.71345e+11  4.6597e+11       1e+20  8.1928e+11 2.07983e+11 9.59411e+11
5.39679e+11 8.85938e+11 1.76363e+11       1e+20 7.69693e+11 4.27273e+11     52.4026      17.359     72.7191     49.1663     47.6455     7.45525     66.8888     88.7586     16.0037     74.8159     66.5858     23.5542     29.7732     62.8603     65.4026     48.0777     31.5456     97.3102 2.43574e+11 4.31712e+11 6.28369e+11       1e+20 6.54704e+11 6.37865e+10
 4.9352e+11 7.53095e+11 7.23925e+11 5.84692e+11       1e+20 7.33895e+10     61.7797     61.4455     97.1881     21.2772     79.5332     91.9327     61.8793     97.3964      50.103     64.9293     61.5012     64.5137     15.2033     45.1056       74.68     64.1262     30.6255     31.9033 3.46629e+11  9.8554e+11 8.90931e+11 8.16365e+10       1e+20 4.44501e+11
 3.3922e+11 3.51039e+11 1.10618e+11 2.78993e+11 1.99364e+11       1e+20     61.7299     26.4498     35.7286      67.447     21.6039      15.356     15.6495     86.1956     45.6094     65.1056     53.8849     46.1937     33.0231     26.0957     21.7786     89.9635      92.278     29.0889 7.91334e+11 8.02599e+11 9.12446e+11 7.10211e+11 2.79619e+11       1e+20
2.58623e+11 2.25158e+11 5.17403e+11 8.28048e+11 4.86863e+10 6.16637e+11       1e+10     78.0889     98.1689      83.895     15.0925     28.0591     81.2448     4.40813     2.19929     20.4252     31.6914     76.4391      74.967     94.8833     90.4983     68.8563     21.5091     89.5882     89.0199     77.4124     11.3538     51.9387     96.8723     21.3221
5.14829e+11 1.17175e+10 9.39083e+11 1.02094e+11 6.66349e+10 1.12076e+11     23.4434       1e+10      75.277     19.4461     63.4282     7.02522     88.9384     78.6412     53.5111     66.1286     80.9264     95.2051     90.6424     20.0726     69.5634     54.6245     98.4818     52.4124     98.0558     46.0812     45.4753      33.347     20.6861     63.5065
 3.2396e+11 8.55868e+11 1.12335e+11 2.18076e+11 2.91459e+11 5.66345e+10     71.9375     48.8932       1e+10      42.724     40.0499     77.7842     21.6748      75.134     24.2505     18.6167     20.0135     27.1201     28.2282     16.7381     40.8513     59.5269     46.9025     27.5707     90.8187     96.8142     78.5329     33.8397     36.7588     65.6558
8.72382e+11 5.39118e+11 3.73271e+11 9.30383e+11 2.56763e+11 8.98096e+11      56.066     50.0264      47.062       1e+10     56.8165      67.109      59.029     25.0829     76.3333     43.6758     49.3082     95.4526     2.08713     23.1116      7.2364     9.70759      80.036     36.4906     16.5906     68.2311      8.1681     30.4715      30.712     57.0809
5.82089e+11   8.741e+11 4.78201e+11 4.65365e+11 9.87018e+11 3.58838e+11      13.253     67.9141     25.3034     65.5081       1e+10     62.8417     56.0475     37.6702      77.594     42.4619     24.6022     44.5133      86.095     21.1597     91.6749     60.8609     8.18942     32.4483     34.5465     61.6719     13.7064     40.5151     50.1576     93.2185
4.79881e+10 4.37958e+11 9.76435e+11 6.86277e+11 7.46824e+11 4.36528e+10     7.82131     61.1462     15.4908     67.0273     5.55801       1e+10     83.5165     31.1815     60.9207     95.2108     61.4753     50.7223     71.7415     2.83305      61.011     51.2018     7.76336     34.7602     23.2671     31.3607     40.2047     46.5461     76.2739     15.8135
1.76371e+11 5.77106e+11 8.01228e+11 9.06818e+11  9.3304e+11  6.4492e+11     59.4313     56.8477      8.2082     45.9625     23.8439      71.667       1e+10     8.59939     7.51475     4.59645     44.5189     56.9279     51.8094     93.8531     9.06945     69.7186     31.2378      43.254     50.3508     90.4982     38.5288     69.6763     76.2581     33.3548
7.28996e+11   5.047e+10 5.53069e+10 2.66594e+11 8.93837e+11 2.91878e+11      76.745     27.3454      81.151     72.7163     39.8625     85.6856     27.7145       1e+10     85.1934     48.9766     28.1986     88.0322     43.0229     71.9692      85.528     68.9303      76.908     62.6861     76.8004     12.0227     4.20458     78.0439     19.8339     69.4766
7.92598e+11 1.66954e+11 2.69048e+10 7.31584e+11 1.34177e+10 9.27489e+11     36.0091     37.8912     41.8363     48.1784     77.2743     11.5466     69.2021     57.8959       1e+10     80.4042      10.452     77.9209     59.7737     44.8559     32.9802     36.7298     75.6937     11.6682     84.9532     8.16115     51.2274     49.7507     54.3178     34.6474
7.98151e+11 3.69704e+11 9.58182e+11 9.23723e+11 6.64624e+11 6.48338e+11     52.1803     91.8568     45.0994     86.7988     71.0222     48.9413     41.2597     76.8015     64.4107       1e+10     24.9231     66.3799     29.7304     53.6268     52.9254     2.69875     66.9676     18.9477      61.019     75.4514       45.69     20.9037     26.0088     86.6726
7.45154e+11 8.38621e+11 4.15011e+11 2.24776e+11  8.1756e+11 9.46502e+11     41.5788     78.5257     73.0078     17.8157     26.6613     56.7078     75.6558     8.64289     61.9949     13.3873       1e+10     12.9553     9.40272     1.69954     39.1548     21.8557     78.6067     29.6537     94.7482     72.0416      78.656     23.7338     39.7376     94.4854
8.02022e+11 9.02108e+11 8.55526e+11 1.46595e+11 2.28193e+11 7.45049e+11     30.6594       78.47      20.362     21.1862       94.09     37.2078     25.9099     33.5518     35.9468     42.3991     22.8393       1e+10      71.729     53.2586     33.6797     74.8846     96.5494     89.2749     14.6069      2.9093      23.269     28.4067     77.0516     73.3849
2.07553e+11 1.71726e+11  8.6029e+11 7.79249e+11 8.01219e+11 8.66531e+11     26.6851     22.5162     23.5694     7.16078     91.2084     43.0313     77.4675     2.71141     96.9625     66.8472     66.3221     88.2191       1e+10     25.3558     6.18398     35.3785     41.8521     15.4971     50.2939     89.0583     47.5993     43.1727     53.4155     63.7242
1.02838e+11 4.61749e+10 5.76737e+11 8.50653e+10 5.96809e+11 7.47721e+11     28.2319     5.21083      94.524     40.3851     32.8221     47.9163     18.6871     85.1104     63.7063     10.3498     25.9462     78.2774     96.6219       1e+10     63.5106     27.0397     13.9852     70.5058     10.2453     22.3355     67.7142     70.3331     81.9103     47.9009
5.63053e+11 9.94945e+11 8.91701e+11 7.13331e+11 3.03259e+11 3.41858e+11     5.43142     6.70195     24.5728     15.7102     34.4751     69.0299     72.8262     51.2389     21.0572     6.10535     32.1891     61.9661     50.0065     49.8805       1e+10     38.3952     23.5891     3.26011     84.1127     12.1546     44.6045     95.1209     47.3846     55.2952
7.24941e+11 7.24779e+11 8.55235e+11  6.7095e+11  5.1455e+11  1.6979e+11     59.8709     26.9476     29.2714     30.7336     6.91868     76.5064     46.4974     74.5376     48.2013     86.9044     71.4275     20.4082     27.7164     74.3623     55.0645       1e+10     79.2474     38.0862      52.554     73.1709     58.7538     86.7772     48.5364     11.1088
1.24968e+11 7.61116e+11 3.01516e+11   9.303e+11 2.67759e+11 2.62271e+11     44.2109     64.0817     21.4716     68.6565     62.5556      53.835     94.1935     31.6078     38.2439     57.5511     12.8506     49.7049     17.0301     93.1662     37.8729     81.1042       1e+10     49.7532     47.3315     73.8894     40.8852     29.0869     68.6874     95.4373
8.57157e+10 1.19913e+11 6.52817e+11 1.48474e+10 2.33559e+11 5.99616e+11     30.6585     49.9129     87.6545     36.1818     3.13153     31.5855     26.6612     45.4324     51.6649     43.3493     88.7402     73.8167     98.7114     65.9105     92.2957     75.2681     4.69326       1e+10     33.8658     58.4861     18.4939     36.0061     75.4715     23.9826
      1e+20 7.03673e+10 1.72399e+11 5.27106e+10 8.35425e+11 8.55803e+11 1.98325e+11 5.66061e+11 7.81842e+11 1.83881e+11 4.21005e+11 7.86379e+11 7.70829e+11 1.19876e+10 9.26337e+11 3.85693e+11 1.47767e+11 9.14834e+10 1.53302e+10 7.30737e+11  2.0975e+11 2.68037e+11 5.45155e+11 4.17795e+11       1e+20 7.03673e+10 1.72399e+11 5.27106e+10 8.35425e+11 8.55803e+11
 8.8111e+11       1e+20 4.69219e+11 4.53268e+11 7.29585e+11 7.89797e+11 8.25458e+11 8.29143e+11 7.70777e+11 4.68407e+11 7.99437e+11 9.49355e+11 7.28314e+11 8.69062e+10 3.84427e+11 5.01848e+11 5.04199e+11 6.34817e+11 2.51784e+11 9.36992e+11 1.09466e+11 2.07919e+10 7.32968e+11 4.26865e+10  8.8111e+11       1e+20 4.69219e+11 4.53268e+11 7.29585e+11 7.89797e+11
3.71345e+11  4.6597e+11       1e+20  8.1928e+11 2.07983e+11 9.59411e+11 7.82528e+10 3.24587e+11 7.05688e+11 1.32595e+11 4.89722e+11 1.15292e+11 2.15966e+11 1.82638e+11 5.93556e+11 8.07919e+11  3.8925e+11 2.42366e+11 6.21931e+11  9.0089e+11 8.59949e+11 8.52148e+11 5.77245e+10 2.30501e+11 3.71345e+11  4.6597e+11       1e+20  8.1928e+11 2.07983e+11 9.59411e+11
2.43574e+11 4.31712e+11 6.28369e+11       1e+20 6.54704e+11 6.37865e+10 3.69468e+11 6.34314e+11  1.0643e+11 8.79568e+11   5.436e+11 2.76101e+11  8.7612e+11 2.17954e+11 1.08975e+11 9.69249e+11 9.45687e+11 4.70733e+11 2.47696e+11 3.52668e+11  1.1064e+11 1.27985e+11 3.97303e+11 4.65519e+11 2.43574e+11 4.31712e+11 6.28369e+11       1e+20 6.54704e+11 6.37865e+10
3.46629e+11  9.8554e+11 8.90931e+11 8.16365e+10       1e+20 4.44501e+11 3.37815e+11  1.9861e+11  4.0509e+11 5.64837e+11 6.79005e+11 4.92955e+11 9.94416e+11 9.53027e+11 5.92381e+11 6.00824e+11 4.73448e+11 5.80503e+11 7.12517e+11 1.84688e+11 4.52134e+11 1.21432e+11 8.50954e+11 4.29989e+11 3.46629e+11  9.8554e+11 8.90931e+11 8.16365e+10       1e+20 4.44501e+11
7.91334e+11 8.02599e+11 9.12446e+11 7.10211e+11 2.79619e+11       1e+20 4.56177e+11 6.52403e+11 8.94298e+11 5.27686e+11 5.45589e+10 7.84297e+11 6.98921e+11 1.77054e+11 5.46582e+11   4.003e+11 9.80073e+11 7.05814e+11 2.02434e+11 6.13407e+11 4.46367e+10 3.04282e+11 1.69156e+11 8.14551e+10 7.91334e+11 8.02599e+11 9.12446e+11 7.10211e+11 2.79619e+11       1e+20
