
0 0 0 0 0 0 0 0 0 1 0 0 0 0 0 0 0 0 0
0 0 0 0 0 0 0 0 0 0 0 0 1 0 0 0 0 0 0
0 0 0 0 0 0 0 0 1 0 0 0 0 0 0 0 0 0 0
0 0 0 0 0 0 0 1 0 0 0 0 0 0 0 0 0 0 0
0 0 0 0 0 0 0 0 0 0 1 0 0 0 0 0 0 0 0
0 0 0 0 0 0 1 0 0 0 0 0 0 0 0 0 0 0 0
0 0 0 0 0 0 0 0 0 0 0 0 0 0 0 0 0 0 1
0 0 0 0 0 0 0 0 0 0 0 0 0 0 0 0 1 0 0
0 0 0 0 0 0 0 0 0 0 0 1 0 0 0 0 0 0 0
0 0 0 0 0 0 0 0 0 0 0 0 0 1 0 0 0 0 0
0 0 0 0 0 0 0 0 0 0 0 0 0 0 0 0 0 1 0
0 0 0 0 0 0 0 0 0 0 0 0 0 0 0 1 0 0 0
0 0 0 0 0 0 0 0 0 0 0 0 0 0 1 0 0 0 0
0 0 0 0 0 0 0 0 0 0 0 0 0 0 0 0 0 0 0
0 0 0 0 0 0 0 0 0 0 0 0 0 0 0 0 0 0 0
0 0 0 0 0 0 0 0 0 0 0 0 0 0 0 0 0 0 0
0 0 0 0 0 0 0 0 0 0 0 0 0 0 0 0 0 0 0
0 0 0 0 0 0 0 0 0 0 0 0 0 0 0 0 0 0 0
0 0 0 0 0 0 0 0 0 0 0 0 0 0 0 0 0 0 0

SA -> d -> EA & SB -> g -> EB & SC -> c -> f -> EC & SD -> b -> ED & SE -> e -> EE & SF -> a -> EF

max(1.000000 + 91.049400 + 1.000000 + 91.049400 + 1.000000 = 185.098800, 1.000000 + 95.817500 + 1.000000 + 95.817500 + 1.000000 = 194.635000, 1.000000 + 97.616600 + 1.000000 + 12.727900 + 1.000000 + 85.422500 + 1.000000 = 199.767000, 1.000000 + 169.532000 + 1.000000 + 169.532000 + 1.000000 = 342.064000, 1.000000 + 185.173000 + 1.000000 + 185.173000 + 1.000000 = 373.346000, 1.000000 + 104.389000 + 1.000000 + 104.389000 + 1.000000 = 211.778000)

373.346

The input parameters are for : 6 vehicles 7 tasks taken 

Total computational time taken:0.008048
