
1	131.511
2	131.509
3	131.509
4	131.508
5	131.508
6	131.508
7	131.507
8	131.507
9	131.506
10	131.506
11	131.506
12	131.505
13	131.505
14	131.505
15	131.504
16	131.504
17	131.503
18	131.503
19	131.503
20	131.502
21	131.502
22	131.501
23	131.501
24	131.5
25	131.5
26	131.5
27	131.499
28	131.499
29	131.498
30	131.498
31	131.497
32	131.497
33	131.496
34	131.496
35	131.495
36	131.495
37	131.494
38	131.494
39	131.493
40	131.493
41	131.492
42	131.492
43	131.491
44	131.491
45	131.49
46	131.49
47	131.489
48	131.489
49	131.488
50	131.487
51	131.487
52	131.486
53	131.486
54	131.485
55	131.485
56	131.484
57	131.483
58	131.483
59	131.482
60	131.482
61	131.481
62	131.48
63	131.48
64	131.479
65	131.478
66	131.478
67	131.477
68	131.476
69	131.476
70	131.475
71	131.474
72	131.474
73	131.473
74	131.472
75	131.471
76	131.471
77	131.47
78	131.469
79	131.468
80	131.468
81	131.467
82	131.466
83	131.465
84	131.465
85	131.464
86	131.463
87	131.462
88	131.461
89	131.461
90	131.46
91	131.459
92	131.458
93	131.457
94	131.456
95	131.455
96	131.454
97	131.454
98	131.453
99	131.452
100	131.451
101	131.45
102	131.449
103	131.448
104	131.447
105	131.446
106	131.445
107	131.444
108	131.443
109	131.442
110	131.441
111	131.44
112	131.439
113	131.438
114	131.437
115	131.436
116	131.435
117	131.433
118	131.432
119	131.431
120	131.43
121	131.429
122	131.428
123	131.427
124	131.425
125	131.424
126	131.423
127	131.422
128	131.421
129	131.419
130	131.418
131	131.417
132	131.415
133	131.414
134	131.413
135	131.412
136	131.41
137	131.409
138	131.407
139	131.406
140	131.405
141	131.403
142	131.402
143	131.4
144	131.399
145	131.397
146	131.396
147	131.394
148	131.393
149	131.391
150	131.39
151	131.388
152	131.387
153	131.385
154	131.384
155	131.382
156	131.38
157	131.379
158	131.377
159	131.375
160	131.374
161	131.372
162	131.37
163	131.368
164	131.367
165	131.365
166	131.363
167	131.361
168	131.359
169	131.357
170	131.355
171	131.354
172	131.352
173	131.35
174	131.348
175	131.346
176	131.344
177	131.342
178	131.34
179	131.337
180	131.335
181	131.333
182	131.331
183	131.329
184	131.327
185	131.325
186	131.322
187	131.32
188	131.318
189	131.315
190	131.313
191	131.311
192	131.308
193	131.306
194	131.304
195	131.301
196	131.299
197	131.296
198	131.294
199	131.291
200	131.289
201	131.286
202	131.283
203	131.281
204	131.278
205	131.275
206	131.272
207	131.27
208	131.267
209	131.264
210	131.261
211	131.258
212	131.255
213	131.252
214	131.25
215	131.247
216	131.243
217	131.24
218	131.237
219	131.234
220	131.231
221	131.228
222	131.225
223	131.221
224	131.218
225	131.215
226	131.211
227	131.208
228	131.204
229	131.201
230	131.197
231	131.194
232	131.19
233	131.187
234	131.183
235	131.179
236	131.176
237	131.172
238	131.168
239	131.164
240	131.16
241	131.156
242	131.152
243	131.148
244	131.144
245	131.14
246	131.136
247	131.132
248	131.128
249	131.123
250	131.119
251	131.115
252	131.11
253	131.106
254	131.101
255	131.097
256	131.092
257	131.087
258	131.083
259	131.078
260	131.073
261	131.068
262	131.063
263	131.059
264	131.054
265	131.048
266	131.043
267	131.038
268	131.033
269	131.028
270	131.022
271	131.017
272	131.012
273	131.006
274	131
275	130.995
276	130.989
277	130.983
278	130.978
279	130.972
280	130.966
281	130.96
282	130.954
283	130.948
284	130.942
285	130.935
286	130.929
287	130.923
288	130.916
289	130.91
290	130.903
291	130.896
292	130.89
293	130.883
294	130.876
295	130.869
296	130.862
297	130.855
298	130.848
299	130.841
300	130.833
301	130.826
302	130.818
303	130.811
304	130.803
305	130.795
306	130.788
307	130.78
308	130.772
309	130.764
310	130.756
311	130.747
312	130.739
313	130.731
314	130.722
315	130.714
316	130.705
317	130.696
318	130.687
319	130.678
320	130.669
321	130.66
322	130.651
323	130.641
324	130.632
325	130.622
326	130.613
327	130.603
328	130.593
329	130.583
330	130.573
331	130.563
332	130.552
333	130.542
334	130.531
335	130.52
336	130.51
337	130.499
338	130.488
339	130.477
340	130.465
341	130.454
342	130.442
343	130.431
344	130.419
345	130.407
346	130.395
347	130.383
348	130.37
349	130.358
350	130.345
351	130.332
352	130.32
353	130.307
354	130.293
355	130.28
356	130.267
357	130.253
358	130.239
359	130.225
360	130.211
361	130.197
362	130.182
363	130.168
364	130.153
365	130.138
366	130.123
367	130.108
368	130.092
369	130.077
370	130.061
371	130.045
372	130.029
373	130.013
374	129.996
375	129.979
376	129.963
377	129.945
378	129.928
379	129.911
380	129.893
381	129.875
382	129.857
383	129.839
384	129.82
385	129.801
386	129.782
387	129.763
388	129.744
389	129.724
390	129.704
391	129.684
392	129.664
393	129.643
394	129.622
395	129.601
396	129.58
397	129.558
398	129.537
399	129.514
400	129.492
401	129.469
402	129.447
403	129.423
404	129.4
405	129.376
406	129.352
407	129.328
408	129.303
409	129.278
410	129.253
411	129.228
412	129.202
413	129.176
414	129.149
415	129.122
416	129.095
417	129.068
418	129.04
419	129.012
420	128.984
421	128.955
422	128.925
423	128.896
424	128.866
425	128.836
426	128.805
427	128.774
428	128.742
429	128.711
430	128.678
431	128.646
432	128.613
433	128.579
434	128.545
435	128.511
436	128.476
437	128.441
438	128.405
439	128.369
440	128.332
441	128.295
442	128.257
443	128.219
444	128.18
445	128.141
446	128.102
447	128.061
448	128.021
449	127.979
450	127.938
451	127.895
452	127.852
453	127.809
454	127.764
455	127.72
456	127.674
457	127.628
458	127.582
459	127.535
460	127.487
461	127.438
462	127.389
463	127.339
464	127.288
465	127.237
466	127.185
467	127.132
468	127.079
469	127.024
470	126.969
471	126.913
472	126.857
473	126.799
474	126.741
475	126.682
476	126.621
477	126.56
478	126.499
479	126.436
480	126.372
481	126.307
482	126.242
483	126.175
484	126.107
485	126.039
486	125.969
487	125.898
488	125.826
489	125.753
490	125.679
491	125.604
492	125.527
493	125.445
494	125.368
495	125.289
496	125.207
497	125.125
498	125.041
499	124.955
500	124.868
501	124.78
502	124.69
503	124.599
504	124.506
505	124.412
506	124.316
507	124.219
508	124.119
509	124.018
510	123.915
511	123.811
512	123.704
513	123.596
514	123.485
515	123.373
516	123.259
517	123.142
518	123.023
519	122.902
520	122.779
521	122.654
522	122.526
523	122.395
524	122.262
525	122.126
526	121.988
527	121.847
528	121.703
529	121.556
530	121.406
531	121.252
532	121.096
533	120.936
534	120.773
535	120.606
536	120.435
537	120.261
538	120.082
539	119.9
540	119.713
541	119.522
542	119.326
543	119.125
544	118.919
545	118.708
546	118.619
547	124.755
548	120.64
549	118.955
550	118.24
551	124.351
552	120.039
553	118.193
554	117.986
555	123.74
556	119.303
557	117.376
558	123.536
559	118.854
560	117.088
561	123.05
562	117.19
563	116.351
564	122.23
565	117.441
566	116.451
567	121.848
568	115.677
569	115.636
570	120.872
571	115.844
572	115.733
573	119.274
574	114.356
575	115.027
576	119.361
577	113.964
578	113.971
579	117.992
580	112.543
581	119.024
582	112.858
583	112.691
584	116.311
585	111.157
586	117.178
587	111.115
588	112.247
589	113.256
590	108.937
591	114.39
592	107.741
593	114.775
594	106.906
595	107.802
596	109.342
597	105.26
598	109.923
599	104.005
600	109.278
601	105.372
602	108.47
603	101.723
604	105.422
605	103.187
606	102.299
607	106.107
608	99.3816
609	99.4971
610	99.2719
611	95.1086
612	95.0306
613	90.81
614	91.9614
615	89.6774
616	88.8591
617	86.0765
618	85.8603
619	86.6509
620	86.5329
621	86.094
622	83.5711
623	82.7369
624	82
625	81.2273
626	84.6791
627	86.1934
628	82.8714
629	82.6098
630	85.6137
631	82.6258
632	83.0085
633	82.659
634	79.6294
635	77.7716