
1	111.758	115.282	129.091	111.76	122.728	111.698	65.2834	55.2173	73.5292	66.8003	57.0528	58.571	48.7268	1	1	1	1	1	1	
2	111.758	115.282	129.09	111.761	122.726	111.699	65.2825	55.218	73.5286	66.8005	57.0527	58.5721	48.7274	1	1	1	1	1	1	
3	111.758	115.282	129.09	111.761	122.726	111.699	65.2824	55.218	73.5285	66.8004	57.0527	58.572	48.7274	1	1	1	1	1	1	
4	111.757	115.282	129.089	111.761	122.726	111.699	65.2823	55.2179	73.5284	66.8003	57.0526	58.5719	48.7273	1	1	1	1	1	1	
5	111.757	115.282	129.089	111.761	122.726	111.699	65.2822	55.2178	73.5282	66.8002	57.0526	58.5718	48.7273	1	1	1	1	1	1	
6	111.757	115.282	129.089	111.761	122.726	111.698	65.2821	55.2178	73.5281	66.8001	57.0525	58.5717	48.7272	1	1	1	1	1	1	
7	111.757	115.282	129.088	111.76	122.725	111.698	65.282	55.2177	73.528	66.8	57.0524	58.5716	48.7271	1	1	1	1	1	1	
8	111.757	115.282	129.088	111.76	122.725	111.698	65.2819	55.2177	73.5279	66.7999	57.0524	58.5715	48.7271	1	1	1	1	1	1	
9	111.757	115.282	129.088	111.76	122.725	111.698	65.2818	55.2176	73.5277	66.7998	57.0523	58.5714	48.727	1	1	1	1	1	1	
10	111.757	115.282	129.087	111.76	122.725	111.698	65.2816	55.2175	73.5276	66.7997	57.0522	58.5713	48.7269	1	1	1	1	1	1	
11	111.756	115.281	129.087	111.76	122.725	111.698	65.2815	55.2175	73.5275	66.7996	57.0522	58.5712	48.7269	1	1	1	1	1	1	
12	111.756	115.281	129.087	111.76	122.725	111.698	65.2814	55.2174	73.5274	66.7995	57.0521	58.571	48.7268	1	1	1	1	1	1	
13	111.756	115.281	129.086	111.76	122.724	111.698	65.2813	55.2173	73.5272	66.7994	57.052	58.5709	48.7267	1	1	1	1	1	1	
14	111.756	115.281	129.086	111.76	122.724	111.697	65.2812	55.2173	73.5271	66.7993	57.052	58.5708	48.7267	1	1	1	1	1	1	
15	111.756	115.281	129.086	111.759	122.724	111.697	65.281	55.2172	73.527	66.7992	57.0519	58.5707	48.7266	1	1	1	1	1	1	
16	111.756	115.281	129.085	111.759	122.724	111.697	65.2809	55.2171	73.5268	66.7991	57.0518	58.5706	48.7265	1	1	1	1	1	1	
17	111.755	115.281	129.085	111.759	122.724	111.697	65.2808	55.2171	73.5267	66.799	57.0518	58.5705	48.7265	1	1	1	1	1	1	
18	111.755	115.281	129.085	111.759	122.723	111.697	65.2807	55.217	73.5266	66.7989	57.0517	58.5704	48.7264	1	1	1	1	1	1	
19	111.755	115.281	129.084	111.759	122.723	111.697	65.2805	55.2169	73.5264	66.7988	57.0516	58.5703	48.7263	1	1	1	1	1	1	
20	111.755	115.281	129.084	111.759	122.723	111.697	65.2804	55.2169	73.5263	66.7987	57.0515	58.5701	48.7262	1	1	1	1	1	1	
21	111.755	115.28	129.084	111.759	122.723	111.696	65.2803	55.2168	73.5261	66.7986	57.0515	58.57	48.7262	1	1	1	1	1	1	
22	111.755	115.28	129.083	111.758	122.723	111.696	65.2801	55.2167	73.526	66.7985	57.0514	58.5699	48.7261	1	1	1	1	1	1	
23	111.754	115.28	129.083	111.758	122.723	111.696	65.28	55.2167	73.5259	66.7984	57.0513	58.5698	48.726	1	1	1	1	1	1	
24	111.754	115.28	129.082	111.758	122.722	111.696	65.2799	55.2166	73.5257	66.7983	57.0512	58.5697	48.7259	1	1	1	1	1	1	
25	111.754	115.28	129.082	111.758	122.722	111.696	65.2797	55.2165	73.5256	66.7982	57.0512	58.5695	48.7259	1	1	1	1	1	1	
26	111.754	115.28	129.082	111.758	122.722	111.696	65.2796	55.2164	73.5254	66.7981	57.0511	58.5694	48.7258	1	1	1	1	1	1	
27	111.754	115.28	129.081	111.758	122.722	111.696	65.2795	55.2164	73.5253	66.798	57.051	58.5693	48.7257	1	1	1	1	1	1	
28	111.754	115.28	129.081	111.758	122.722	111.695	65.2793	55.2163	73.5251	66.7978	57.0509	58.5692	48.7256	1	1	1	1	1	1	
29	111.753	115.28	129.08	111.757	122.721	111.695	65.2792	55.2162	73.525	66.7977	57.0509	58.569	48.7255	1	1	1	1	1	1	
30	111.753	115.279	129.08	111.757	122.721	111.695	65.279	55.2161	73.5248	66.7976	57.0508	58.5689	48.7255	1	1	1	1	1	1	
31	111.753	115.279	129.08	111.757	122.721	111.695	65.2789	55.2161	73.5247	66.7975	57.0507	58.5688	48.7254	1	1	1	1	1	1	
32	111.753	115.279	129.079	111.757	122.721	111.695	65.2787	55.216	73.5245	66.7974	57.0506	58.5686	48.7253	1	1	1	1	1	1	
33	111.753	115.279	129.079	111.757	122.721	111.695	65.2786	55.2159	73.5243	66.7973	57.0505	58.5685	48.7252	1	1	1	1	1	1	
34	111.753	115.279	129.078	111.757	122.72	111.695	65.2785	55.2158	73.5242	66.7971	57.0504	58.5684	48.7251	1	1	1	1	1	1	
35	111.752	115.279	129.078	111.756	122.72	111.694	65.2783	55.2157	73.524	66.797	57.0504	58.5682	48.725	1	1	1	1	1	1	
36	111.752	115.279	129.078	111.756	122.72	111.694	65.2782	55.2156	73.5239	66.7969	57.0503	58.5681	48.725	1	1	1	1	1	1	
37	111.752	115.279	129.077	111.756	122.72	111.694	65.278	55.2156	73.5237	66.7968	57.0502	58.568	48.7249	1	1	1	1	1	1	
38	111.752	115.278	129.077	111.756	122.719	111.694	65.2778	55.2155	73.5235	66.7967	57.0501	58.5678	48.7248	1	1	1	1	1	1	
39	111.752	115.278	129.076	111.756	122.719	111.694	65.2777	55.2154	73.5234	66.7965	57.05	58.5677	48.7247	1	1	1	1	1	1	
40	111.751	115.278	129.076	111.756	122.719	111.694	65.2775	55.2153	73.5232	66.7964	57.0499	58.5675	48.7246	1	1	1	1	1	1	
41	111.751	115.278	129.075	111.755	122.719	111.693	65.2774	55.2152	73.523	66.7963	57.0498	58.5674	48.7245	1	1	1	1	1	1	
42	111.751	115.278	129.075	111.755	122.719	111.693	65.2772	55.2151	73.5228	66.7961	57.0497	58.5672	48.7244	1	1	1	1	1	1	
43	111.751	115.278	129.074	111.755	122.718	111.693	65.277	55.215	73.5227	66.796	57.0496	58.5671	48.7243	1	1	1	1	1	1	
44	111.751	115.278	129.074	111.755	122.718	111.693	65.2769	55.215	73.5225	66.7959	57.0496	58.5669	48.7242	1	1	1	1	1	1	
45	111.75	115.278	129.073	111.755	122.718	111.693	65.2767	55.2149	73.5223	66.7957	57.0495	58.5668	48.7241	1	1	1	1	1	1	
46	111.75	115.277	129.073	111.754	122.718	111.693	65.2765	55.2148	73.5221	66.7956	57.0494	58.5666	48.7241	1	1	1	1	1	1	
47	111.75	115.277	129.073	111.754	122.717	111.692	65.2764	55.2147	73.522	66.7955	57.0493	58.5665	48.724	1	1	1	1	1	1	
48	111.75	115.277	129.072	111.754	122.717	111.692	65.2762	55.2146	73.5218	66.7953	57.0492	58.5663	48.7239	1	1	1	1	1	1	
49	111.749	115.277	129.072	111.754	122.717	111.692	65.276	55.2145	73.5216	66.7952	57.0491	58.5662	48.7238	1	1	1	1	1	1	
50	111.749	115.277	129.071	111.754	122.717	111.692	65.2759	55.2144	73.5214	66.795	57.049	58.566	48.7237	1	1	1	1	1	1	
51	111.749	115.277	129.071	111.754	122.716	111.692	65.2757	55.2143	73.5212	66.7949	57.0489	58.5659	48.7236	1	1	1	1	1	1	
52	111.749	115.277	129.07	111.753	122.716	111.691	65.2755	55.2142	73.521	66.7948	57.0488	58.5657	48.7235	1	1	1	1	1	1	
53	111.749	115.276	129.07	111.753	122.716	111.691	65.2753	55.2141	73.5208	66.7946	57.0487	58.5655	48.7234	1	1	1	1	1	1	
54	111.748	115.276	129.069	111.753	122.716	111.691	65.2751	55.214	73.5206	66.7945	57.0486	58.5654	48.7233	1	1	1	1	1	1	
55	111.748	115.276	129.068	111.753	122.715	111.691	65.275	55.2139	73.5204	66.7943	57.0485	58.5652	48.7232	1	1	1	1	1	1	
56	111.748	115.276	129.068	111.753	122.715	111.691	65.2748	55.2138	73.5202	66.7942	57.0484	58.565	48.723	1	1	1	1	1	1	
57	111.748	115.276	129.067	111.752	122.715	111.69	65.2746	55.2137	73.52	66.794	57.0483	58.5649	48.7229	1	1	1	1	1	1	
58	111.747	115.276	129.067	111.752	122.714	111.69	65.2744	55.2136	73.5198	66.7939	57.0482	58.5647	48.7228	1	1	1	1	1	1	
59	111.747	115.276	129.066	111.752	122.714	111.69	65.2742	55.2135	73.5196	66.7937	57.048	58.5645	48.7227	1	1	1	1	1	1	
60	111.747	115.275	129.066	111.752	122.714	111.69	65.274	55.2134	73.5194	66.7936	57.0479	58.5643	48.7226	1	1	1	1	1	1	
61	111.747	115.275	129.065	111.751	122.714	111.69	65.2738	55.2133	73.5192	66.7934	57.0478	58.5642	48.7225	1	1	1	1	1	1	
62	111.746	115.275	129.065	111.751	122.713	111.689	65.2736	55.2132	73.519	66.7932	57.0477	58.564	48.7224	1	1	1	1	1	1	
63	111.746	115.275	129.064	111.751	122.713	111.689	65.2734	55.2131	73.5188	66.7931	57.0476	58.5638	48.7223	1	1	1	1	1	1	
64	111.746	115.275	129.064	111.751	122.713	111.689	65.2732	55.213	73.5185	66.7929	57.0475	58.5636	48.7222	1	1	1	1	1	1	
65	111.746	115.275	129.063	111.751	122.712	111.689	65.273	55.2129	73.5183	66.7928	57.0474	58.5634	48.7221	1	1	1	1	1	1	
66	111.745	115.274	129.062	111.75	122.712	111.689	65.2728	55.2128	73.5181	66.7926	57.0473	58.5633	48.7219	1	1	1	1	1	1	
67	111.745	115.274	129.062	111.75	122.712	111.688	65.2726	55.2126	73.5179	66.7924	57.0471	58.5631	48.7218	1	1	1	1	1	1	
68	111.745	115.274	129.061	111.75	122.712	111.688	65.2724	55.2125	73.5177	66.7922	57.047	58.5629	48.7217	1	1	1	1	1	1	
69	111.745	115.274	129.061	111.75	122.711	111.688	65.2722	55.2124	73.5174	66.7921	57.0469	58.5627	48.7216	1	1	1	1	1	1	
70	111.744	115.274	129.06	111.749	122.711	111.688	65.272	55.2123	73.5172	66.7919	57.0468	58.5625	48.7215	1	1	1	1	1	1	
71	111.744	115.274	129.059	111.749	122.711	111.687	65.2717	55.2122	73.517	66.7917	57.0467	58.5623	48.7213	1	1	1	1	1	1	
72	111.744	115.273	129.059	111.749	122.71	111.687	65.2715	55.2121	73.5167	66.7916	57.0465	58.5621	48.7212	1	1	1	1	1	1	
73	111.744	115.273	129.058	111.749	122.71	111.687	65.2713	55.2119	73.5165	66.7914	57.0464	58.5619	48.7211	1	1	1	1	1	1	
74	111.743	115.273	129.058	111.748	122.71	111.687	65.2711	55.2118	73.5163	66.7912	57.0463	58.5617	48.721	1	1	1	1	1	1	
75	111.743	115.273	129.057	111.748	122.709	111.686	65.2708	55.2117	73.516	66.791	57.0462	58.5615	48.7208	1	1	1	1	1	1	
76	111.743	115.273	129.056	111.748	122.709	111.686	65.2706	55.2116	73.5158	66.7908	57.046	58.5613	48.7207	1	1	1	1	1	1	
77	111.742	115.272	129.056	111.748	122.709	111.686	65.2704	55.2115	73.5155	66.7906	57.0459	58.5611	48.7206	1	1	1	1	1	1	
78	111.742	115.272	129.055	111.747	122.708	111.686	65.2702	55.2113	73.5153	66.7905	57.0458	58.5609	48.7204	1	1	1	1	1	1	
79	111.742	115.272	129.054	111.747	122.708	111.685	65.2699	55.2112	73.515	66.7903	57.0456	58.5607	48.7203	1	1	1	1	1	1	
80	111.741	115.272	129.054	111.747	122.708	111.685	65.2697	55.2111	73.5148	66.7901	57.0455	58.5604	48.7202	1	1	1	1	1	1	
81	111.741	115.272	129.053	111.747	122.707	111.685	65.2694	55.2109	73.5145	66.7899	57.0454	58.5602	48.72	1	1	1	1	1	1	
82	111.741	115.271	129.052	111.746	122.707	111.685	65.2692	55.2108	73.5142	66.7897	57.0452	58.56	48.7199	1	1	1	1	1	1	
83	111.741	115.271	129.052	111.746	122.707	111.684	65.269	55.2107	73.514	66.7895	57.0451	58.5598	48.7198	1	1	1	1	1	1	
84	111.74	115.271	129.051	111.746	122.706	111.684	65.2687	55.2106	73.5137	66.7893	57.045	58.5596	48.7196	1	1	1	1	1	1	
85	111.74	115.271	129.05	111.746	122.706	111.684	65.2685	55.2104	73.5134	66.7891	57.0448	58.5593	48.7195	1	1	1	1	1	1	
86	111.74	115.271	129.049	111.745	122.706	111.684	65.2682	55.2103	73.5132	66.7889	57.0447	58.5591	48.7194	1	1	1	1	1	1	
87	111.739	115.27	129.049	111.745	122.705	111.683	65.268	55.2101	73.5129	66.7887	57.0445	58.5589	48.7192	1	1	1	1	1	1	
88	111.739	115.27	129.048	111.745	122.705	111.683	65.2677	55.21	73.5126	66.7885	57.0444	58.5587	48.7191	1	1	1	1	1	1	
89	111.739	115.27	129.047	111.744	122.704	111.683	65.2674	55.2099	73.5123	66.7883	57.0443	58.5584	48.7189	1	1	1	1	1	1	
90	111.738	115.27	129.047	111.744	122.704	111.683	65.2672	55.2097	73.5121	66.7881	57.0441	58.5582	48.7188	1	1	1	1	1	1	
91	111.738	115.27	129.046	111.744	122.704	111.682	65.2669	55.2096	73.5118	66.7878	57.044	58.5579	48.7186	1	1	1	1	1	1	
92	111.738	115.269	129.045	111.744	122.703	111.682	65.2666	55.2094	73.5115	66.7876	57.0438	58.5577	48.7185	1	1	1	1	1	1	
93	111.737	115.269	129.044	111.743	122.703	111.682	65.2664	55.2093	73.5112	66.7874	57.0437	58.5575	48.7183	1	1	1	1	1	1	
94	111.737	115.269	129.043	111.743	122.703	111.681	65.2661	55.2091	73.5109	66.7872	57.0435	58.5572	48.7182	1	1	1	1	1	1	
95	111.737	115.269	129.043	111.743	122.702	111.681	65.2658	55.209	73.5106	66.787	57.0433	58.557	48.718	1	1	1	1	1	1	
96	111.736	115.268	129.042	111.742	122.702	111.681	65.2655	55.2088	73.5103	66.7867	57.0432	58.5567	48.7178	1	1	1	1	1	1	
97	111.736	115.268	129.041	111.742	122.701	111.681	65.2653	55.2087	73.51	66.7865	57.043	58.5565	48.7177	1	1	1	1	1	1	
98	111.736	115.268	129.04	111.742	122.701	111.68	65.265	55.2085	73.5097	66.7863	57.0429	58.5562	48.7175	1	1	1	1	1	1	
99	111.735	115.268	129.039	111.741	122.701	111.68	65.2647	55.2084	73.5094	66.7861	57.0427	58.5559	48.7174	1	1	1	1	1	1	
100	111.735	115.268	129.039	111.741	122.7	111.68	65.2644	55.2082	73.5091	66.7858	57.0425	58.5557	48.7172	1	1	1	1	1	1	
101	111.734	115.267	129.038	111.741	122.7	111.679	65.2641	55.2081	73.5088	66.7856	57.0424	58.5554	48.717	1	1	1	1	1	1	
102	111.734	115.267	129.037	111.74	122.699	111.679	65.2638	55.2079	73.5084	66.7853	57.0422	58.5551	48.7169	1	1	1	1	1	1	
103	111.734	115.267	129.036	111.74	122.699	111.679	65.2635	55.2077	73.5081	66.7851	57.042	58.5549	48.7167	1	1	1	1	1	1	
104	111.733	115.267	129.035	111.74	122.698	111.678	65.2632	55.2076	73.5078	66.7849	57.0419	58.5546	48.7165	1	1	1	1	1	1	
105	111.733	115.266	129.034	111.739	122.698	111.678	65.2629	55.2074	73.5075	66.7846	57.0417	58.5543	48.7164	1	1	1	1	1	1	
106	111.733	115.266	129.034	111.739	122.697	111.678	65.2626	55.2073	73.5071	66.7844	57.0415	58.554	48.7162	1	1	1	1	1	1	
107	111.732	115.266	129.033	111.739	122.697	111.677	65.2623	55.2071	73.5068	66.7841	57.0414	58.5538	48.716	1	1	1	1	1	1	
108	111.732	115.266	129.032	111.738	122.697	111.677	65.262	55.2069	73.5065	66.7839	57.0412	58.5535	48.7158	1	1	1	1	1	1	
109	111.731	115.265	129.031	111.738	122.696	111.677	65.2616	55.2067	73.5061	66.7836	57.041	58.5532	48.7156	1	1	1	1	1	1	
110	111.731	115.265	129.03	111.738	122.696	111.676	65.2613	55.2066	73.5058	66.7833	57.0408	58.5529	48.7155	1	1	1	1	1	1	
111	111.731	115.265	129.029	111.737	122.695	111.676	65.261	55.2064	73.5054	66.7831	57.0406	58.5526	48.7153	1	1	1	1	1	1	
112	111.73	115.265	129.028	111.737	122.695	111.676	65.2607	55.2062	73.5051	66.7828	57.0405	58.5523	48.7151	1	1	1	1	1	1	
113	111.73	115.264	129.027	111.737	122.694	111.675	65.2603	55.206	73.5047	66.7826	57.0403	58.552	48.7149	1	1	1	1	1	1	
114	111.729	115.264	129.026	111.736	122.694	111.675	65.26	55.2059	73.5044	66.7823	57.0401	58.5517	48.7147	1	1	1	1	1	1	
115	111.729	115.264	129.025	111.736	122.693	111.675	65.2597	55.2057	73.504	66.782	57.0399	58.5514	48.7145	1	1	1	1	1	1	
116	111.728	115.263	129.024	111.736	122.693	111.674	65.2593	55.2055	73.5036	66.7817	57.0397	58.5511	48.7143	1	1	1	1	1	1	
117	111.728	115.263	129.023	111.735	122.692	111.674	65.259	55.2053	73.5033	66.7815	57.0395	58.5508	48.7141	1	1	1	1	1	1	
118	111.728	115.263	129.022	111.735	122.692	111.673	65.2586	55.2051	73.5029	66.7812	57.0393	58.5505	48.714	1	1	1	1	1	1	
119	111.727	115.263	129.021	111.734	122.691	111.673	65.2583	55.2049	73.5025	66.7809	57.0391	58.5502	48.7138	1	1	1	1	1	1	
120	111.727	115.262	129.02	111.734	122.691	111.673	65.2579	55.2047	73.5021	66.7806	57.0389	58.5498	48.7136	1	1	1	1	1	1	
121	111.726	115.262	129.019	111.734	122.69	111.672	65.2576	55.2046	73.5017	66.7803	57.0387	58.5495	48.7133	1	1	1	1	1	1	
122	111.726	115.262	129.018	111.733	122.69	111.672	65.2572	55.2044	73.5013	66.78	57.0385	58.5492	48.7131	1	1	1	1	1	1	
123	111.725	115.261	129.017	111.733	122.689	111.672	65.2568	55.2042	73.501	66.7797	57.0383	58.5489	48.7129	1	1	1	1	1	1	
124	111.725	115.261	129.016	111.732	122.689	111.671	65.2565	55.204	73.5006	66.7794	57.0381	58.5485	48.7127	1	1	1	1	1	1	
125	111.724	115.261	129.015	111.732	122.688	111.671	65.2561	55.2038	73.5002	66.7791	57.0379	58.5482	48.7125	1	1	1	1	1	1	
126	111.724	115.26	129.014	111.732	122.688	111.67	65.2557	55.2036	73.4997	66.7788	57.0377	58.5479	48.7123	1	1	1	1	1	1	
127	111.723	115.26	129.013	111.731	122.687	111.67	65.2553	55.2033	73.4993	66.7785	57.0375	58.5475	48.7121	1	1	1	1	1	1	
128	111.723	115.26	129.012	111.731	122.687	111.67	65.2549	55.2031	73.4989	66.7782	57.0372	58.5472	48.7119	1	1	1	1	1	1	
129	111.722	115.26	129.011	111.73	122.686	111.669	65.2545	55.2029	73.4985	66.7779	57.037	58.5468	48.7117	1	1	1	1	1	1	
130	111.722	115.259	129.01	111.73	122.685	111.669	65.2542	55.2027	73.4981	66.7776	57.0368	58.5465	48.7114	1	1	1	1	1	1	
131	111.721	115.259	129.009	111.729	122.685	111.668	65.2538	55.2025	73.4976	66.7773	57.0366	58.5461	48.7112	1	1	1	1	1	1	
132	111.721	115.259	129.007	111.729	122.684	111.668	65.2533	55.2023	73.4972	66.7769	57.0364	58.5457	48.711	1	1	1	1	1	1	
133	111.72	115.258	129.006	111.729	122.684	111.667	65.2529	55.2021	73.4968	66.7766	57.0361	58.5454	48.7107	1	1	1	1	1	1	
134	111.72	115.258	129.005	111.728	122.683	111.667	65.2525	55.2019	73.4963	66.7763	57.0359	58.545	48.7105	1	1	1	1	1	1	
135	111.719	115.258	129.004	111.728	122.682	111.667	65.2521	55.2016	73.4959	66.776	57.0357	58.5446	48.7103	1	1	1	1	1	1	
136	111.719	115.257	129.003	111.727	122.682	111.666	65.2517	55.2014	73.4954	66.7756	57.0354	58.5442	48.71	1	1	1	1	1	1	
137	111.718	115.257	129.002	111.727	122.681	111.666	65.2513	55.2012	73.495	66.7753	57.0352	58.5439	48.7098	1	1	1	1	1	1	
138	111.718	115.257	129	111.726	122.681	111.665	65.2508	55.2009	73.4945	66.7749	57.035	58.5435	48.7096	1	1	1	1	1	1	
139	111.717	115.256	128.999	111.726	122.68	111.665	65.2504	55.2007	73.4941	66.7746	57.0347	58.5431	48.7093	1	1	1	1	1	1	
140	111.717	115.256	128.998	111.725	122.679	111.664	65.25	55.2005	73.4936	66.7742	57.0345	58.5427	48.7091	1	1	1	1	1	1	
141	111.716	115.255	128.997	111.725	122.679	111.664	65.2495	55.2002	73.4931	66.7739	57.0342	58.5423	48.7088	1	1	1	1	1	1	
142	111.716	115.255	128.995	111.724	122.678	111.663	65.2491	55.2	73.4926	66.7735	57.034	58.5419	48.7086	1	1	1	1	1	1	
143	111.715	115.255	128.994	111.724	122.677	111.663	65.2486	55.1998	73.4922	66.7732	57.0337	58.5415	48.7083	1	1	1	1	1	1	
144	111.715	115.254	128.993	111.723	122.677	111.662	65.2482	55.1995	73.4917	66.7728	57.0335	58.5411	48.7081	1	1	1	1	1	1	
145	111.714	115.254	128.992	111.723	122.676	111.662	65.2477	55.1993	73.4912	66.7724	57.0332	58.5407	48.7078	1	1	1	1	1	1	
146	111.713	115.254	128.99	111.722	122.675	111.661	65.2473	55.199	73.4907	66.7721	57.033	58.5403	48.7076	1	1	1	1	1	1	
147	111.713	115.253	128.989	111.722	122.675	111.661	65.2468	55.1988	73.4902	66.7717	57.0327	58.5398	48.7073	1	1	1	1	1	1	
148	111.712	115.253	128.988	111.721	122.674	111.66	65.2463	55.1985	73.4897	66.7713	57.0324	58.5394	48.707	1	1	1	1	1	1	
149	111.712	115.252	128.986	111.721	122.673	111.66	65.2458	55.1983	73.4892	66.7709	57.0322	58.539	48.7068	1	1	1	1	1	1	
150	111.711	115.252	128.985	111.72	122.673	111.659	65.2453	55.198	73.4886	66.7705	57.0319	58.5386	48.7065	1	1	1	1	1	1	
151	111.71	115.252	128.984	111.72	122.672	111.659	65.2449	55.1977	73.4881	66.7701	57.0316	58.5381	48.7062	1	1	1	1	1	1	
152	111.71	115.251	128.982	111.719	122.671	111.658	65.2444	55.1975	73.4876	66.7697	57.0313	58.5377	48.7059	1	1	1	1	1	1	
153	111.709	115.251	128.981	111.719	122.671	111.658	65.2439	55.1972	73.487	66.7693	57.0311	58.5372	48.7056	1	1	1	1	1	1	
154	111.708	115.25	128.979	111.718	122.67	111.657	65.2434	55.1969	73.4865	66.7689	57.0308	58.5368	48.7054	1	1	1	1	1	1	
155	111.708	115.25	128.978	111.718	122.669	111.657	65.2429	55.1967	73.486	66.7685	57.0305	58.5363	48.7051	1	1	1	1	1	1	
156	111.707	115.25	128.976	111.717	122.668	111.656	65.2423	55.1964	73.4854	66.7681	57.0302	58.5359	48.7048	1	1	1	1	1	1	
157	111.707	115.249	128.975	111.716	122.668	111.656	65.2418	55.1961	73.4848	66.7677	57.0299	58.5354	48.7045	1	1	1	1	1	1	
158	111.706	115.249	128.974	111.716	122.667	111.655	65.2413	55.1958	73.4843	66.7673	57.0296	58.5349	48.7042	1	1	1	1	1	1	
159	111.705	115.248	128.972	111.715	122.666	111.655	65.2408	55.1956	73.4837	66.7669	57.0293	58.5344	48.7039	1	1	1	1	1	1	
160	111.705	115.248	128.971	111.715	122.665	111.654	65.2402	55.1953	73.4831	66.7664	57.029	58.534	48.7036	1	1	1	1	1	1	
161	111.704	115.248	128.969	111.714	122.665	111.653	65.2397	55.195	73.4826	66.766	57.0287	58.5335	48.7033	1	1	1	1	1	1	
162	111.703	115.247	128.967	111.713	122.664	111.653	65.2391	55.1947	73.482	66.7656	57.0284	58.533	48.703	1	1	1	1	1	1	
163	111.702	115.247	128.966	111.713	122.663	111.652	65.2386	55.1944	73.4814	66.7651	57.0281	58.5325	48.7027	1	1	1	1	1	1	
164	111.702	115.246	128.964	111.712	122.662	111.652	65.238	55.1941	73.4808	66.7647	57.0278	58.532	48.7024	1	1	1	1	1	1	
165	111.701	115.246	128.963	111.712	122.661	111.651	65.2375	55.1938	73.4802	66.7642	57.0275	58.5315	48.7021	1	1	1	1	1	1	
166	111.7	115.245	128.961	111.711	122.661	111.65	65.2369	55.1935	73.4796	66.7638	57.0272	58.531	48.7017	1	1	1	1	1	1	
167	111.7	115.245	128.96	111.71	122.66	111.65	65.2363	55.1932	73.4789	66.7633	57.0268	58.5305	48.7014	1	1	1	1	1	1	
168	111.699	115.244	128.958	111.71	122.659	111.649	65.2357	55.1929	73.4783	66.7628	57.0265	58.53	48.7011	1	1	1	1	1	1	
169	111.698	115.244	128.956	111.709	122.658	111.649	65.2351	55.1926	73.4777	66.7624	57.0262	58.5294	48.7007	1	1	1	1	1	1	
170	111.697	115.243	128.955	111.708	122.657	111.648	65.2345	55.1922	73.4771	66.7619	57.0259	58.5289	48.7004	1	1	1	1	1	1	
171	111.697	115.243	128.953	111.708	122.656	111.647	65.2339	55.1919	73.4764	66.7614	57.0255	58.5284	48.7001	1	1	1	1	1	1	
172	111.696	115.242	128.951	111.707	122.656	111.647	65.2333	55.1916	73.4758	66.7609	57.0252	58.5278	48.6997	1	1	1	1	1	1	
173	111.695	115.242	128.949	111.706	122.655	111.646	65.2327	55.1913	73.4751	66.7604	57.0249	58.5273	48.6994	1	1	1	1	1	1	
174	111.694	115.241	128.948	111.706	122.654	111.645	65.2321	55.1909	73.4744	66.76	57.0245	58.5267	48.699	1	1	1	1	1	1	
175	111.694	115.241	128.946	111.705	122.653	111.645	65.2315	55.1906	73.4738	66.7595	57.0242	58.5262	48.6987	1	1	1	1	1	1	
176	111.693	115.24	128.944	111.704	122.652	111.644	65.2308	55.1903	73.4731	66.7589	57.0238	58.5256	48.6983	1	1	1	1	1	1	
177	111.692	115.24	128.942	111.704	122.651	111.643	65.2302	55.1899	73.4724	66.7584	57.0235	58.525	48.698	1	1	1	1	1	1	
178	111.691	115.239	128.941	111.703	122.65	111.643	65.2296	55.1896	73.4717	66.7579	57.0231	58.5244	48.6976	1	1	1	1	1	1	
179	111.69	115.239	128.939	111.702	122.649	111.642	65.2289	55.1892	73.471	66.7574	57.0227	58.5239	48.6973	1	1	1	1	1	1	
180	111.69	115.238	128.937	111.702	122.648	111.641	65.2282	55.1889	73.4703	66.7569	57.0224	58.5233	48.6969	1	1	1	1	1	1	
181	111.689	115.238	128.935	111.701	122.647	111.641	65.2276	55.1885	73.4696	66.7563	57.022	58.5227	48.6965	1	1	1	1	1	1	
182	111.688	115.237	128.933	111.7	122.646	111.64	65.2269	55.1882	73.4689	66.7558	57.0216	58.5221	48.6961	1	1	1	1	1	1	
183	111.687	115.237	128.931	111.699	122.645	111.639	65.2262	55.1878	73.4682	66.7553	57.0212	58.5215	48.6958	1	1	1	1	1	1	
184	111.686	115.236	128.929	111.699	122.644	111.638	65.2255	55.1874	73.4674	66.7547	57.0209	58.5209	48.6954	1	1	1	1	1	1	
185	111.685	115.236	128.927	111.698	122.643	111.638	65.2248	55.1871	73.4667	66.7542	57.0205	58.5203	48.695	1	1	1	1	1	1	
186	111.684	115.235	128.925	111.697	122.642	111.637	65.2241	55.1867	73.4659	66.7536	57.0201	58.5196	48.6946	1	1	1	1	1	1	
187	111.684	115.234	128.923	111.696	122.641	111.636	65.2234	55.1863	73.4652	66.753	57.0197	58.519	48.6942	1	1	1	1	1	1	
188	111.683	115.234	128.921	111.696	122.64	111.635	65.2227	55.186	73.4644	66.7525	57.0193	58.5184	48.6938	1	1	1	1	1	1	
189	111.682	115.233	128.919	111.695	122.639	111.635	65.222	55.1856	73.4636	66.7519	57.0189	58.5177	48.6934	1	1	1	1	1	1	
190	111.681	115.233	128.917	111.694	122.638	111.634	65.2213	55.1852	73.4628	66.7513	57.0185	58.5171	48.693	1	1	1	1	1	1	
191	111.68	115.232	128.915	111.693	122.637	111.633	65.2205	55.1848	73.4621	66.7507	57.0181	58.5164	48.6926	1	1	1	1	1	1	
192	111.679	115.231	128.913	111.692	122.636	111.632	65.2198	55.1844	73.4613	66.7501	57.0177	58.5157	48.6921	1	1	1	1	1	1	
193	111.678	115.231	128.911	111.691	122.635	111.632	65.219	55.184	73.4604	66.7495	57.0172	58.5151	48.6917	1	1	1	1	1	1	
194	111.677	115.23	128.909	111.691	122.634	111.631	65.2183	55.1836	73.4596	66.7489	57.0168	58.5144	48.6913	1	1	1	1	1	1	
195	111.676	115.23	128.907	111.69	122.633	111.63	65.2175	55.1832	73.4588	66.7483	57.0164	58.5137	48.6909	1	1	1	1	1	1	
196	111.675	115.229	128.905	111.689	122.632	111.629	65.2167	55.1828	73.458	66.7477	57.016	58.513	48.6904	1	1	1	1	1	1	
197	111.674	115.228	128.902	111.688	122.631	111.628	65.2159	55.1824	73.4571	66.7471	57.0155	58.5123	48.69	1	1	1	1	1	1	
198	111.673	115.228	128.9	111.687	122.63	111.627	65.2151	55.1819	73.4563	66.7465	57.0151	58.5116	48.6896	1	1	1	1	1	1	
199	111.672	115.227	128.898	111.686	122.628	111.627	65.2143	55.1815	73.4554	66.7458	57.0146	58.5109	48.6891	1	1	1	1	1	1	
200	111.671	115.226	128.896	111.685	122.627	111.626	65.2135	55.1811	73.4546	66.7452	57.0142	58.5102	48.6887	1	1	1	1	1	1	
201	111.67	115.226	128.893	111.685	122.626	111.625	65.2127	55.1806	73.4537	66.7445	57.0137	58.5095	48.6882	1	1	1	1	1	1	
202	111.669	115.225	128.891	111.684	122.625	111.624	65.2119	55.1802	73.4528	66.7439	57.0133	58.5087	48.6877	1	1	1	1	1	1	
203	111.668	115.224	128.889	111.683	122.624	111.623	65.211	55.1798	73.4519	66.7432	57.0128	58.508	48.6873	1	1	1	1	1	1	
204	111.667	115.224	128.886	111.682	122.623	111.622	65.2102	55.1793	73.451	66.7425	57.0124	58.5072	48.6868	1	1	1	1	1	1	
205	111.666	115.223	128.884	111.681	122.621	111.621	65.2093	55.1789	73.4501	66.7419	57.0119	58.5065	48.6863	1	1	1	1	1	1	
206	111.665	115.222	128.881	111.68	122.62	111.62	65.2085	55.1784	73.4492	66.7412	57.0114	58.5057	48.6858	1	1	1	1	1	1	
207	111.664	115.222	128.879	111.679	122.619	111.62	65.2076	55.178	73.4482	66.7405	57.0109	58.5049	48.6853	1	1	1	1	1	1	
208	111.663	115.221	128.877	111.678	122.618	111.619	65.2067	55.1775	73.4473	66.7398	57.0104	58.5042	48.6849	1	1	1	1	1	1	
209	111.662	115.22	128.874	111.677	122.616	111.618	65.2058	55.177	73.4463	66.7391	57.0099	58.5034	48.6844	1	1	1	1	1	1	
210	111.661	115.219	128.872	111.676	122.615	111.617	65.2049	55.1765	73.4454	66.7384	57.0094	58.5026	48.6839	1	1	1	1	1	1	
211	111.659	115.219	128.869	111.675	122.614	111.616	65.204	55.1761	73.4444	66.7376	57.0089	58.5018	48.6833	1	1	1	1	1	1	
212	111.658	115.218	128.866	111.674	122.612	111.615	65.2031	55.1756	73.4434	66.7369	57.0084	58.501	48.6828	1	1	1	1	1	1	
213	111.657	115.217	128.864	111.673	122.611	111.614	65.2022	55.1751	73.4424	66.7362	57.0079	58.5001	48.6823	1	1	1	1	1	1	
214	111.656	115.217	128.861	111.672	122.61	111.613	65.2012	55.1746	73.4414	66.7354	57.0074	58.4993	48.6818	1	1	1	1	1	1	
215	111.655	115.216	128.859	111.671	122.608	111.612	65.2003	55.1741	73.4404	66.7347	57.0069	58.4985	48.6813	1	1	1	1	1	1	
216	111.654	115.215	128.856	111.67	122.607	111.611	65.1993	55.1736	73.4394	66.7339	57.0064	58.4976	48.6807	1	1	1	1	1	1	
217	111.652	115.214	128.853	111.669	122.606	111.61	65.1984	55.1731	73.4384	66.7332	57.0058	58.4968	48.6802	1	1	1	1	1	1	
218	111.651	115.213	128.85	111.668	122.604	111.609	65.1974	55.1726	73.4373	66.7324	57.0053	58.4959	48.6796	1	1	1	1	1	1	
219	111.65	115.213	128.848	111.667	122.603	111.608	65.1964	55.172	73.4363	66.7316	57.0047	58.495	48.6791	1	1	1	1	1	1	
220	111.649	115.212	128.845	111.666	122.601	111.607	65.1954	55.1715	73.4352	66.7308	57.0042	58.4942	48.6785	1	1	1	1	1	1	
221	111.647	115.211	128.842	111.665	122.6	111.606	65.1944	55.171	73.4341	66.73	57.0036	58.4933	48.678	1	1	1	1	1	1	
222	111.646	115.21	128.839	111.664	122.599	111.605	65.1934	55.1705	73.433	66.7292	57.0031	58.4924	48.6774	1	1	1	1	1	1	
223	111.645	115.209	128.836	111.662	122.597	111.604	65.1923	55.1699	73.4319	66.7284	57.0025	58.4915	48.6768	1	1	1	1	1	1	
224	111.644	115.209	128.833	111.661	122.596	111.602	65.1913	55.1694	73.4308	66.7276	57.0019	58.4906	48.6763	1	1	1	1	1	1	
225	111.642	115.208	128.831	111.66	122.594	111.601	65.1903	55.1688	73.4297	66.7268	57.0013	58.4896	48.6757	1	1	1	1	1	1	
226	111.641	115.207	128.828	111.659	122.593	111.6	65.1892	55.1683	73.4286	66.7259	57.0008	58.4887	48.6751	1	1	1	1	1	1	
227	111.64	115.206	128.825	111.658	122.591	111.599	65.1881	55.1677	73.4274	66.7251	57.0002	58.4877	48.6745	1	1	1	1	1	1	
228	111.638	115.205	128.822	111.657	122.59	111.598	65.187	55.1671	73.4263	66.7242	56.9996	58.4868	48.6739	1	1	1	1	1	1	
229	111.637	115.204	128.818	111.655	122.588	111.597	65.1859	55.1665	73.4251	66.7233	56.999	58.4858	48.6733	1	1	1	1	1	1	
230	111.636	115.203	128.815	111.654	122.586	111.596	65.1848	55.166	73.4239	66.7225	56.9984	58.4848	48.6726	1	1	1	1	1	1	
231	111.634	115.202	128.812	111.653	122.585	111.594	65.1837	55.1654	73.4227	66.7216	56.9977	58.4839	48.672	1	1	1	1	1	1	
232	111.633	115.202	128.809	111.652	122.583	111.593	65.1826	55.1648	73.4215	66.7207	56.9971	58.4829	48.6714	1	1	1	1	1	1	
233	111.631	115.201	128.806	111.651	122.582	111.592	65.1814	55.1642	73.4203	66.7198	56.9965	58.4819	48.6708	1	1	1	1	1	1	
234	111.63	115.2	128.803	111.649	122.58	111.591	65.1803	55.1636	73.4191	66.7189	56.9959	58.4808	48.6701	1	1	1	1	1	1	
235	111.628	115.199	128.799	111.648	122.578	111.59	65.1791	55.163	73.4178	66.718	56.9952	58.4798	48.6695	1	1	1	1	1	1	
236	111.627	115.198	128.796	111.647	122.577	111.588	65.1779	55.1624	73.4166	66.717	56.9946	58.4788	48.6688	1	1	1	1	1	1	
237	111.626	115.197	128.793	111.645	122.575	111.587	65.1767	55.1617	73.4153	66.7161	56.9939	58.4777	48.6681	1	1	1	1	1	1	
238	111.624	115.196	128.789	111.644	122.573	111.586	65.1755	55.1611	73.414	66.7151	56.9932	58.4767	48.6675	1	1	1	1	1	1	
239	111.623	115.195	128.786	111.643	122.572	111.585	65.1743	55.1605	73.4127	66.7142	56.9926	58.4756	48.6668	1	1	1	1	1	1	
240	111.621	115.194	128.783	111.642	122.57	111.583	65.1731	55.1598	73.4114	66.7132	56.9919	58.4745	48.6661	1	1	1	1	1	1	
241	111.619	115.193	128.779	111.64	122.568	111.582	65.1718	55.1592	73.4101	66.7122	56.9912	58.4734	48.6654	1	1	1	1	1	1	
242	111.618	115.192	128.776	111.639	122.566	111.581	65.1706	55.1585	73.4087	66.7113	56.9905	58.4723	48.6647	1	1	1	1	1	1	
243	111.616	115.191	128.772	111.637	122.564	111.579	65.1693	55.1579	73.4074	66.7103	56.9898	58.4712	48.664	1	1	1	1	1	1	
244	111.615	115.19	128.769	111.636	122.563	111.578	65.168	55.1572	73.406	66.7092	56.9891	58.4701	48.6633	1	1	1	1	1	1	
245	111.613	115.189	128.765	111.635	122.561	111.577	65.1667	55.1565	73.4046	66.7082	56.9884	58.469	48.6626	1	1	1	1	1	1	
246	111.612	115.188	128.761	111.633	122.559	111.575	65.1654	55.1558	73.4032	66.7072	56.9877	58.4678	48.6619	1	1	1	1	1	1	
247	111.61	115.187	128.758	111.632	122.557	111.574	65.1641	55.1551	73.4018	66.7062	56.987	58.4667	48.6611	1	1	1	1	1	1	
248	111.608	115.186	128.754	111.63	122.555	111.573	65.1627	55.1544	73.4004	66.7051	56.9862	58.4655	48.6604	1	1	1	1	1	1	
249	111.607	115.185	128.75	111.629	122.553	111.571	65.1614	55.1537	73.399	66.704	56.9855	58.4643	48.6596	1	1	1	1	1	1	
250	111.605	115.183	128.746	111.627	122.551	111.57	65.16	55.153	73.3975	66.703	56.9847	58.4631	48.6589	1	1	1	1	1	1	
251	111.603	115.182	128.743	111.626	122.549	111.568	65.1586	55.1523	73.396	66.7019	56.984	58.4619	48.6581	1	1	1	1	1	1	
252	111.601	115.181	128.739	111.624	122.547	111.567	65.1572	55.1516	73.3945	66.7008	56.9832	58.4607	48.6573	1	1	1	1	1	1	
253	111.6	115.18	128.735	111.623	122.545	111.565	65.1558	55.1508	73.393	66.6997	56.9825	58.4595	48.6565	1	1	1	1	1	1	
254	111.598	115.179	128.731	111.621	122.543	111.564	65.1544	55.1501	73.3915	66.6986	56.9817	58.4582	48.6558	1	1	1	1	1	1	
255	111.596	115.178	128.727	111.62	122.541	111.562	65.1529	55.1493	73.39	66.6974	56.9809	58.457	48.655	1	1	1	1	1	1	
256	111.594	115.177	128.723	111.618	122.539	111.561	65.1515	55.1486	73.3884	66.6963	56.9801	58.4557	48.6541	1	1	1	1	1	1	
257	111.593	115.175	128.719	111.617	122.537	111.559	65.15	55.1478	73.3869	66.6951	56.9793	58.4544	48.6533	1	1	1	1	1	1	
258	111.591	115.174	128.714	111.615	122.535	111.558	65.1485	55.1471	73.3853	66.694	56.9785	58.4531	48.6525	1	1	1	1	1	1	
259	111.589	115.173	128.71	111.613	122.533	111.556	65.147	55.1463	73.3837	66.6928	56.9777	58.4518	48.6517	1	1	1	1	1	1	
260	111.587	115.172	128.706	111.612	122.531	111.555	65.1455	55.1455	73.3821	66.6916	56.9768	58.4505	48.6508	1	1	1	1	1	1	
261	111.585	115.171	128.702	111.61	122.529	111.553	65.1439	55.1447	73.3804	66.6904	56.976	58.4491	48.65	1	1	1	1	1	1	
262	111.583	115.169	128.698	111.608	122.526	111.551	65.1424	55.1439	73.3788	66.6892	56.9751	58.4478	48.6491	1	1	1	1	1	1	
263	111.581	115.168	128.693	111.607	122.524	111.55	65.1408	55.1431	73.3771	66.688	56.9743	58.4464	48.6483	1	1	1	1	1	1	
264	111.579	115.167	128.689	111.605	122.522	111.548	65.1392	55.1423	73.3754	66.6867	56.9734	58.4451	48.6474	1	1	1	1	1	1	
265	111.577	115.166	128.684	111.603	122.52	111.546	65.1376	55.1414	73.3737	66.6855	56.9725	58.4437	48.6465	1	1	1	1	1	1	
266	111.575	115.164	128.68	111.602	122.517	111.545	65.136	55.1406	73.372	66.6842	56.9717	58.4423	48.6456	1	1	1	1	1	1	
267	111.573	115.163	128.675	111.6	122.515	111.543	65.1344	55.1397	73.3702	66.6829	56.9708	58.4408	48.6447	1	1	1	1	1	1	
268	111.571	115.162	128.671	111.598	122.513	111.541	65.1327	55.1389	73.3685	66.6817	56.9699	58.4394	48.6438	1	1	1	1	1	1	
269	111.569	115.16	128.666	111.596	122.51	111.54	65.131	55.138	73.3667	66.6804	56.969	58.438	48.6428	1	1	1	1	1	1	
270	111.567	115.159	128.661	111.594	122.508	111.538	65.1293	55.1372	73.3649	66.679	56.968	58.4365	48.6419	1	1	1	1	1	1	
271	111.565	115.158	128.657	111.592	122.506	111.536	65.1276	55.1363	73.3631	66.6777	56.9671	58.435	48.641	1	1	1	1	1	1	
272	111.563	115.156	128.652	111.591	122.503	111.534	65.1259	55.1354	73.3613	66.6764	56.9662	58.4335	48.64	1	1	1	1	1	1	
273	111.561	115.155	128.647	111.589	122.501	111.532	65.1241	55.1345	73.3594	66.675	56.9652	58.432	48.639	1	1	1	1	1	1	
274	111.559	115.153	128.642	111.587	122.498	111.531	65.1224	55.1336	73.3575	66.6736	56.9643	58.4305	48.6381	1	1	1	1	1	1	
275	111.556	115.152	128.637	111.585	122.496	111.529	65.1206	55.1327	73.3556	66.6722	56.9633	58.4289	48.6371	1	1	1	1	1	1	
276	111.554	115.151	128.632	111.583	122.493	111.527	65.1188	55.1317	73.3537	66.6708	56.9623	58.4274	48.6361	1	1	1	1	1	1	
277	111.552	115.149	128.627	111.581	122.49	111.525	65.1169	55.1308	73.3518	66.6694	56.9613	58.4258	48.6351	1	1	1	1	1	1	
278	111.55	115.148	128.622	111.579	122.488	111.523	65.1151	55.1299	73.3498	66.668	56.9603	58.4242	48.6341	1	1	1	1	1	1	
279	111.547	115.146	128.617	111.577	122.485	111.521	65.1132	55.1289	73.3478	66.6665	56.9593	58.4226	48.633	1	1	1	1	1	1	
280	111.545	115.145	128.612	111.575	122.483	111.519	65.1113	55.1279	73.3458	66.6651	56.9583	58.421	48.632	1	1	1	1	1	1	
281	111.543	115.143	128.607	111.573	122.48	111.517	65.1094	55.127	73.3438	66.6636	56.9573	58.4194	48.631	1	1	1	1	1	1	
282	111.54	115.142	128.601	111.571	122.477	111.515	65.1075	55.126	73.3418	66.6621	56.9562	58.4177	48.6299	1	1	1	1	1	1	
283	111.538	115.14	128.596	111.569	122.474	111.513	65.1055	55.125	73.3397	66.6606	56.9552	58.416	48.6288	1	1	1	1	1	1	
284	111.536	115.139	128.59	111.567	122.472	111.511	65.1036	55.124	73.3376	66.6591	56.9541	58.4143	48.6277	1	1	1	1	1	1	
285	111.533	115.137	128.585	111.565	122.469	111.509	65.1016	55.123	73.3355	66.6576	56.953	58.4126	48.6267	1	1	1	1	1	1	
286	111.531	115.135	128.579	111.562	122.466	111.507	65.0996	55.1219	73.3334	66.656	56.952	58.4109	48.6255	1	1	1	1	1	1	
287	111.528	115.134	128.574	111.56	122.463	111.505	65.0975	55.1209	73.3312	66.6544	56.9509	58.4092	48.6244	1	1	1	1	1	1	
288	111.526	115.132	128.568	111.558	122.46	111.503	65.0955	55.1199	73.3291	66.6528	56.9497	58.4074	48.6233	1	1	1	1	1	1	
289	111.523	115.131	128.562	111.556	122.457	111.501	65.0934	55.1188	73.3269	66.6512	56.9486	58.4056	48.6222	1	1	1	1	1	1	
290	111.52	115.129	128.557	111.554	122.454	111.498	65.0913	55.1177	73.3246	66.6496	56.9475	58.4038	48.621	1	1	1	1	1	1	
291	111.518	115.127	128.551	111.551	122.452	111.496	65.0892	55.1166	73.3224	66.648	56.9464	58.402	48.6198	1	1	1	1	1	1	
292	111.515	115.126	128.545	111.549	122.448	111.494	65.087	55.1156	73.3201	66.6463	56.9452	58.4002	48.6187	1	1	1	1	1	1	
293	111.513	115.124	128.539	111.547	122.445	111.492	65.0848	55.1145	73.3178	66.6447	56.944	58.3983	48.6175	1	1	1	1	1	1	
294	111.51	115.122	128.533	111.544	122.442	111.49	65.0826	55.1133	73.3155	66.643	56.9429	58.3965	48.6163	1	1	1	1	1	1	
295	111.507	115.12	128.527	111.542	122.439	111.487	65.0804	55.1122	73.3132	66.6413	56.9417	58.3946	48.6151	1	1	1	1	1	1	
296	111.504	115.119	128.521	111.54	122.436	111.485	65.0782	55.1111	73.3108	66.6395	56.9405	58.3927	48.6138	1	1	1	1	1	1	
297	111.502	115.117	128.514	111.537	122.433	111.483	65.0759	55.1099	73.3084	66.6378	56.9392	58.3907	48.6126	1	1	1	1	1	1	
298	111.499	115.115	128.508	111.535	122.43	111.48	65.0736	55.1088	73.306	66.636	56.938	58.3888	48.6113	1	1	1	1	1	1	
299	111.496	115.113	128.502	111.532	122.426	111.478	65.0713	55.1076	73.3035	66.6343	56.9368	58.3868	48.6101	1	1	1	1	1	1	
300	111.493	115.111	128.495	111.53	122.423	111.475	65.0689	55.1064	73.301	66.6325	56.9355	58.3848	48.6088	1	1	1	1	1	1	
301	111.49	115.109	128.489	111.527	122.42	111.473	65.0666	55.1052	73.2985	66.6306	56.9342	58.3828	48.6075	1	1	1	1	1	1	
302	111.487	115.108	128.482	111.525	122.417	111.471	65.0642	55.104	73.296	66.6288	56.933	58.3808	48.6062	1	1	1	1	1	1	
303	111.484	115.106	128.476	111.522	122.413	111.468	65.0618	55.1028	73.2935	66.627	56.9317	58.3787	48.6049	1	1	1	1	1	1	
304	111.482	115.104	128.469	111.519	122.41	111.466	65.0593	55.1016	73.2909	66.6251	56.9304	58.3766	48.6035	1	1	1	1	1	1	
305	111.478	115.102	128.462	111.517	122.406	111.463	65.0568	55.1003	73.2883	66.6232	56.929	58.3745	48.6022	1	1	1	1	1	1	
306	111.475	115.1	128.455	111.514	122.403	111.46	65.0543	55.0991	73.2856	66.6213	56.9277	58.3724	48.6008	1	1	1	1	1	1	
307	111.472	115.098	128.448	111.511	122.399	111.458	65.0518	55.0978	73.283	66.6193	56.9264	58.3703	48.5994	1	1	1	1	1	1	
308	111.469	115.096	128.441	111.509	122.396	111.455	65.0492	55.0965	73.2803	66.6174	56.925	58.3681	48.598	1	1	1	1	1	1	
309	111.466	115.094	128.434	111.506	122.392	111.453	65.0466	55.0952	73.2775	66.6154	56.9236	58.3659	48.5966	1	1	1	1	1	1	
310	111.463	115.092	128.427	111.503	122.388	111.45	65.044	55.0939	73.2748	66.6134	56.9222	58.3637	48.5952	1	1	1	1	1	1	
311	111.46	115.09	128.42	111.5	122.385	111.447	65.0414	55.0926	73.272	66.6114	56.9208	58.3615	48.5938	1	1	1	1	1	1	
312	111.456	115.088	128.413	111.497	122.381	111.444	65.0387	55.0912	73.2692	66.6094	56.9194	58.3593	48.5923	1	1	1	1	1	1	
313	111.453	115.085	128.405	111.495	122.377	111.442	65.036	55.0899	73.2663	66.6073	56.918	58.357	48.5908	1	1	1	1	1	1	
314	111.45	115.083	128.398	111.492	122.373	111.439	65.0332	55.0885	73.2634	66.6052	56.9165	58.3547	48.5893	1	1	1	1	1	1	
315	111.447	115.081	128.39	111.489	122.37	111.436	65.0305	55.0872	73.2605	66.6031	56.915	58.3524	48.5878	1	1	1	1	1	1	
316	111.443	115.079	128.383	111.486	122.366	111.433	65.0277	55.0858	73.2576	66.601	56.9136	58.35	48.5863	1	1	1	1	1	1	
317	111.44	115.077	128.375	111.483	122.362	111.43	65.0248	55.0844	73.2546	66.5989	56.9121	58.3476	48.5848	1	1	1	1	1	1	
318	111.436	115.074	128.367	111.48	122.358	111.427	65.022	55.0829	73.2516	66.5967	56.9105	58.3453	48.5832	1	1	1	1	1	1	
319	111.433	115.072	128.359	111.477	122.354	111.424	65.0191	55.0815	73.2486	66.5945	56.909	58.3428	48.5817	1	1	1	1	1	1	
320	111.429	115.07	128.351	111.474	122.35	111.421	65.0161	55.08	73.2455	66.5923	56.9075	58.3404	48.5801	1	1	1	1	1	1	
321	111.426	115.068	128.343	111.47	122.346	111.418	65.0132	55.0786	73.2424	66.5901	56.9059	58.3379	48.5785	1	1	1	1	1	1	
322	111.422	115.065	128.335	111.467	122.341	111.415	65.0102	55.0771	73.2392	66.5878	56.9043	58.3354	48.5768	1	1	1	1	1	1	
323	111.418	115.063	128.327	111.464	122.337	111.412	65.0072	55.0756	73.2361	66.5855	56.9027	58.3329	48.5752	1	1	1	1	1	1	
324	111.415	115.06	128.319	111.461	122.333	111.409	65.0041	55.0741	73.2328	66.5832	56.9011	58.3304	48.5735	1	1	1	1	1	1	
325	111.411	115.058	128.31	111.458	122.329	111.406	65.001	55.0726	73.2296	66.5809	56.8995	58.3278	48.5719	1	1	1	1	1	1	
326	111.407	115.056	128.302	111.454	122.324	111.403	64.9979	55.071	73.2263	66.5785	56.8978	58.3252	48.5702	1	1	1	1	1	1	
327	111.403	115.053	128.293	111.451	122.32	111.4	64.9947	55.0695	73.223	66.5761	56.8962	58.3226	48.5685	1	1	1	1	1	1	
328	111.4	115.051	128.285	111.448	122.316	111.396	64.9915	55.0679	73.2196	66.5737	56.8945	58.3199	48.5667	1	1	1	1	1	1	
329	111.396	115.048	128.276	111.444	122.311	111.393	64.9883	55.0663	73.2162	66.5713	56.8928	58.3172	48.565	1	1	1	1	1	1	
330	111.392	115.046	128.267	111.441	122.307	111.39	64.985	55.0647	73.2128	66.5688	56.8911	58.3145	48.5632	1	1	1	1	1	1	
331	111.388	115.043	128.258	111.437	122.302	111.386	64.9817	55.0631	73.2093	66.5663	56.8893	58.3118	48.5614	1	1	1	1	1	1	
332	111.384	115.04	128.249	111.434	122.297	111.383	64.9783	55.0614	73.2058	66.5638	56.8876	58.309	48.5596	1	1	1	1	1	1	
333	111.38	115.038	128.24	111.43	122.293	111.38	64.9749	55.0598	73.2023	66.5613	56.8858	58.3062	48.5578	1	1	1	1	1	1	
334	111.376	115.035	128.231	111.427	122.288	111.376	64.9715	55.0581	73.1987	66.5587	56.884	58.3034	48.556	1	1	1	1	1	1	
335	111.371	115.032	128.221	111.423	122.283	111.373	64.968	55.0564	73.1951	66.5561	56.8822	58.3005	48.5541	1	1	1	1	1	1	
336	111.367	115.03	128.212	111.419	122.278	111.369	64.9645	55.0547	73.1914	66.5535	56.8804	58.2976	48.5522	1	1	1	1	1	1	
337	111.363	115.027	128.202	111.416	122.273	111.366	64.961	55.053	73.1877	66.5509	56.8785	58.2947	48.5503	1	1	1	1	1	1	
338	111.359	115.024	128.193	111.412	122.268	111.362	64.9574	55.0512	73.184	66.5482	56.8766	58.2918	48.5484	1	1	1	1	1	1	
339	111.354	115.021	128.183	111.408	122.264	111.358	64.9538	55.0495	73.1802	66.5455	56.8748	58.2888	48.5464	1	1	1	1	1	1	
340	111.35	115.019	128.173	111.404	122.258	111.355	64.9501	55.0477	73.1763	66.5428	56.8728	58.2858	48.5445	1	1	1	1	1	1	
341	111.345	115.016	128.163	111.4	122.253	111.351	64.9464	55.0459	73.1725	66.54	56.8709	58.2828	48.5425	1	1	1	1	1	1	
342	111.341	115.013	128.153	111.396	122.248	111.347	64.9426	55.0441	73.1686	66.5372	56.869	58.2797	48.5405	1	1	1	1	1	1	
343	111.336	115.01	128.143	111.392	122.243	111.343	64.9388	55.0422	73.1646	66.5344	56.867	58.2766	48.5384	1	1	1	1	1	1	
344	111.332	115.007	128.133	111.388	122.238	111.339	64.935	55.0404	73.1606	66.5315	56.865	58.2735	48.5364	1	1	1	1	1	1	
345	111.327	115.004	128.122	111.384	122.232	111.335	64.9311	55.0385	73.1565	66.5286	56.863	58.2703	48.5343	1	1	1	1	1	1	
346	111.323	115.001	128.112	111.38	122.227	111.332	64.9272	55.0366	73.1524	66.5257	56.861	58.2671	48.5322	1	1	1	1	1	1	
347	111.318	114.998	128.101	111.376	122.222	111.328	64.9232	55.0347	73.1483	66.5228	56.8589	58.2639	48.5301	1	1	1	1	1	1	
348	111.313	114.995	128.09	111.372	122.216	111.324	64.9192	55.0328	73.1441	66.5198	56.8568	58.2606	48.5279	1	1	1	1	1	1	
349	111.308	114.992	128.079	111.368	122.21	111.319	64.9151	55.0308	73.1399	66.5168	56.8547	58.2573	48.5257	1	1	1	1	1	1	
350	111.303	114.988	128.068	111.363	122.205	111.315	64.911	55.0288	73.1356	66.5138	56.8526	58.254	48.5235	1	1	1	1	1	1	
351	111.298	114.985	128.057	111.359	122.199	111.311	64.9068	55.0269	73.1312	66.5107	56.8505	58.2506	48.5213	1	1	1	1	1	1	
352	111.293	114.982	128.046	111.355	122.193	111.307	64.9026	55.0248	73.1269	66.5076	56.8483	58.2472	48.5191	1	1	1	1	1	1	
353	111.288	114.979	128.035	111.35	122.187	111.303	64.8983	55.0228	73.1224	66.5044	56.8461	58.2438	48.5168	1	1	1	1	1	1	
354	111.283	114.975	128.023	111.346	122.182	111.298	64.894	55.0207	73.1179	66.5013	56.8439	58.2403	48.5145	1	1	1	1	1	1	
355	111.278	114.972	128.011	111.341	122.176	111.294	64.8897	55.0187	73.1134	66.4981	56.8416	58.2368	48.5122	1	1	1	1	1	1	
356	111.273	114.969	128	111.336	122.17	111.29	64.8853	55.0166	73.1088	66.4948	56.8394	58.2332	48.5098	1	1	1	1	1	1	
357	111.267	114.965	127.988	111.332	122.164	111.285	64.8808	55.0145	73.1042	66.4916	56.8371	58.2296	48.5075	1	1	1	1	1	1	
358	111.262	114.962	127.976	111.327	122.157	111.281	64.8763	55.0123	73.0995	66.4882	56.8348	58.226	48.5051	1	1	1	1	1	1	
359	111.257	114.958	127.964	111.322	122.151	111.276	64.8717	55.0102	73.0948	66.4849	56.8324	58.2224	48.5026	1	1	1	1	1	1	
360	111.251	114.955	127.951	111.318	122.145	111.271	64.8671	55.008	73.09	66.4815	56.8301	58.2187	48.5002	1	1	1	1	1	1	
361	111.246	114.951	127.939	111.313	122.138	111.267	64.8624	55.0058	73.0851	66.4781	56.8277	58.2149	48.4977	1	1	1	1	1	1	
362	111.24	114.948	127.926	111.308	122.132	111.262	64.8576	55.0035	73.0802	66.4746	56.8253	58.2111	48.4952	1	1	1	1	1	1	
363	111.234	114.944	127.914	111.303	122.126	111.257	64.8528	55.0013	73.0752	66.4712	56.8228	58.2073	48.4927	1	1	1	1	1	1	
364	111.229	114.94	127.901	111.298	122.119	111.253	64.848	54.999	73.0702	66.4676	56.8204	58.2035	48.4901	1	1	1	1	1	1	
365	111.223	114.936	127.888	111.293	122.112	111.248	64.8431	54.9967	73.0651	66.4641	56.8179	58.1996	48.4875	1	1	1	1	1	1	
366	111.217	114.933	127.875	111.288	122.106	111.243	64.8381	54.9944	73.06	66.4604	56.8154	58.1956	48.4849	1	1	1	1	1	1	
367	111.211	114.929	127.861	111.283	122.099	111.238	64.8331	54.992	73.0548	66.4568	56.8128	58.1916	48.4822	1	1	1	1	1	1	
368	111.205	114.925	127.848	111.277	122.092	111.233	64.828	54.9896	73.0495	66.4531	56.8102	58.1876	48.4796	1	1	1	1	1	1	
369	111.199	114.921	127.834	111.272	122.085	111.228	64.8229	54.9873	73.0442	66.4494	56.8076	58.1836	48.4768	1	1	1	1	1	1	
370	111.193	114.917	127.821	111.267	122.078	111.223	64.8176	54.9848	73.0388	66.4456	56.805	58.1795	48.4741	1	1	1	1	1	1	
371	111.187	114.913	127.807	111.261	122.071	111.217	64.8124	54.9824	73.0334	66.4418	56.8023	58.1753	48.4713	1	1	1	1	1	1	
372	111.181	114.909	127.793	111.256	122.063	111.212	64.807	54.9799	73.0279	66.438	56.7997	58.1711	48.4685	1	1	1	1	1	1	
373	111.174	114.905	127.778	111.25	122.056	111.207	64.8016	54.9774	73.0223	66.4341	56.7969	58.1669	48.4657	1	1	1	1	1	1	
374	111.168	114.901	127.764	111.245	122.049	111.201	64.7962	54.9749	73.0167	66.4301	56.7942	58.1626	48.4628	1	1	1	1	1	1	
375	111.161	114.897	127.749	111.239	122.041	111.196	64.7906	54.9723	73.011	66.4262	56.7914	58.1583	48.4599	1	1	1	1	1	1	
376	111.155	114.892	127.735	111.233	122.034	111.19	64.785	54.9698	73.0052	66.4222	56.7886	58.1539	48.457	1	1	1	1	1	1	
377	111.148	114.888	127.72	111.227	122.026	111.185	64.7794	54.9672	72.9994	66.4181	56.7858	58.1495	48.454	1	1	1	1	1	1	
378	111.142	114.884	127.705	111.222	122.018	111.179	64.7736	54.9645	72.9935	66.414	56.7829	58.145	48.451	1	1	1	1	1	1	
379	111.135	114.879	127.69	111.216	122.011	111.174	64.7678	54.9619	72.9875	66.4098	56.78	58.1405	48.448	1	1	1	1	1	1	
380	111.128	114.875	127.674	111.21	122.003	111.168	64.762	54.9592	72.9815	66.4056	56.7771	58.1359	48.4449	1	1	1	1	1	1	
381	111.121	114.871	127.659	111.204	121.995	111.162	64.756	54.9565	72.9754	66.4014	56.7741	58.1313	48.4418	1	1	1	1	1	1	
382	111.114	114.866	127.643	111.197	121.987	111.156	64.75	54.9537	72.9692	66.3971	56.7711	58.1267	48.4387	1	1	1	1	1	1	
383	111.107	114.861	127.627	111.191	121.978	111.15	64.7439	54.951	72.9629	66.3928	56.7681	58.122	48.4355	1	1	1	1	1	1	
384	111.1	114.857	127.611	111.185	121.97	111.144	64.7377	54.9482	72.9566	66.3884	56.765	58.1172	48.4323	1	1	1	1	1	1	
385	111.093	114.852	127.595	111.179	121.962	111.138	64.7315	54.9453	72.9502	66.384	56.7619	58.1124	48.429	1	1	1	1	1	1	
386	111.085	114.847	127.578	111.172	121.953	111.132	64.7251	54.9425	72.9437	66.3795	56.7588	58.1075	48.4257	1	1	1	1	1	1	
387	111.078	114.843	127.562	111.166	121.945	111.126	64.7187	54.9396	72.9371	66.3749	56.7557	58.1026	48.4224	1	1	1	1	1	1	
388	111.07	114.838	127.545	111.159	121.936	111.119	64.7123	54.9367	72.9305	66.3704	56.7525	58.0977	48.419	1	1	1	1	1	1	
389	111.063	114.833	127.528	111.152	121.927	111.113	64.7057	54.9337	72.9238	66.3657	56.7492	58.0926	48.4156	1	1	1	1	1	1	
390	111.055	114.828	127.51	111.146	121.919	111.107	64.699	54.9308	72.917	66.361	56.746	58.0876	48.4122	1	1	1	1	1	1	
391	111.047	114.823	127.493	111.139	121.91	111.1	64.6923	54.9277	72.9101	66.3563	56.7427	58.0825	48.4087	1	1	1	1	1	1	
392	111.04	114.818	127.475	111.132	121.901	111.094	64.6855	54.9247	72.9031	66.3515	56.7393	58.0773	48.4052	1	1	1	1	1	1	
393	111.032	114.813	127.458	111.125	121.891	111.087	64.6786	54.9216	72.8961	66.3467	56.7359	58.0721	48.4016	1	1	1	1	1	1	
394	111.024	114.807	127.44	111.118	121.882	111.08	64.6716	54.9185	72.889	66.3418	56.7325	58.0668	48.398	1	1	1	1	1	1	
395	111.015	114.802	127.421	111.111	121.873	111.073	64.6646	54.9154	72.8818	66.3369	56.7291	58.0614	48.3944	1	1	1	1	1	1	
396	111.007	114.797	127.403	111.104	121.863	111.066	64.6574	54.9122	72.8745	66.3319	56.7256	58.056	48.3907	1	1	1	1	1	1	
397	110.999	114.792	127.384	111.096	121.854	111.059	64.6501	54.909	72.8671	66.3268	56.7221	58.0506	48.387	1	1	1	1	1	1	
398	110.99	114.786	127.365	111.089	121.844	111.052	64.6428	54.9058	72.8596	66.3217	56.7185	58.0451	48.3832	1	1	1	1	1	1	
399	110.982	114.781	127.346	111.081	121.834	111.045	64.6354	54.9025	72.852	66.3165	56.7149	58.0395	48.3794	1	1	1	1	1	1	
400	110.973	114.775	127.327	111.074	121.824	111.038	64.6278	54.8992	72.8444	66.3113	56.7112	58.0338	48.3755	1	1	1	1	1	1	
401	110.965	114.769	127.307	111.066	121.814	111.031	64.6202	54.8959	72.8366	66.306	56.7076	58.0282	48.3716	1	1	1	1	1	1	
402	110.956	114.764	127.287	111.059	121.804	111.023	64.6125	54.8925	72.8288	66.3007	56.7038	58.0224	48.3676	1	1	1	1	1	1	
403	110.947	114.758	127.267	111.051	121.793	111.016	64.6046	54.8891	72.8208	66.2952	56.7001	58.0166	48.3636	1	1	1	1	1	1	
404	110.938	114.752	127.247	111.043	121.783	111.008	64.5967	54.8857	72.8128	66.2898	56.6962	58.0107	48.3596	1	1	1	1	1	1	
405	110.929	114.746	127.227	111.035	121.772	111.001	64.5887	54.8822	72.8046	66.2843	56.6924	58.0048	48.3555	1	1	1	1	1	1	
406	110.92	114.74	127.206	111.027	121.762	110.993	64.5806	54.8787	72.7964	66.2787	56.6885	57.9988	48.3513	1	1	1	1	1	1	
407	110.91	114.734	127.185	111.019	121.751	110.985	64.5723	54.8752	72.7881	66.273	56.6846	57.9927	48.3471	1	1	1	1	1	1	
408	110.901	114.728	127.163	111.01	121.74	110.977	64.564	54.8716	72.7796	66.2673	56.6806	57.9866	48.3429	1	1	1	1	1	1	
409	110.891	114.722	127.142	111.002	121.729	110.969	64.5555	54.8679	72.7711	66.2615	56.6766	57.9804	48.3386	1	1	1	1	1	1	
410	110.882	114.716	127.12	110.993	121.718	110.961	64.547	54.8643	72.7624	66.2557	56.6725	57.9741	48.3343	1	1	1	1	1	1	
411	110.872	114.709	127.098	110.985	121.706	110.953	64.5383	54.8606	72.7536	66.2498	56.6684	57.9678	48.3299	1	1	1	1	1	1	
412	110.862	114.703	127.076	110.976	121.695	110.945	64.5295	54.8569	72.7448	66.2438	56.6642	57.9614	48.3254	1	1	1	1	1	1	
413	110.852	114.696	127.053	110.967	121.683	110.936	64.5206	54.8531	72.7358	66.2377	56.66	57.9549	48.3209	1	1	1	1	1	1	
414	110.842	114.69	127.031	110.958	121.672	110.928	64.5116	54.8493	72.7267	66.2316	56.6557	57.9484	48.3163	1	1	1	1	1	1	
415	110.831	114.683	127.007	110.949	121.66	110.919	64.5025	54.8454	72.7175	66.2254	56.6514	57.9417	48.3117	1	1	1	1	1	1	
416	110.821	114.676	126.984	110.94	121.648	110.91	64.4932	54.8415	72.7082	66.2192	56.6471	57.9351	48.3071	1	1	1	1	1	1	
417	110.81	114.67	126.96	110.931	121.635	110.901	64.4838	54.8376	72.6987	66.2129	56.6427	57.9283	48.3023	1	1	1	1	1	1	
418	110.8	114.663	126.937	110.922	121.623	110.893	64.4743	54.8336	72.6892	66.2065	56.6382	57.9215	48.2976	1	1	1	1	1	1	
419	110.789	114.656	126.912	110.912	121.611	110.884	64.4647	54.8296	72.6795	66.2	56.6337	57.9146	48.2927	1	1	1	1	1	1	
420	110.778	114.649	126.888	110.903	121.598	110.874	64.4549	54.8255	72.6697	66.1935	56.6292	57.9076	48.2878	1	1	1	1	1	1	
421	110.767	114.642	126.863	110.893	121.585	110.865	64.445	54.8214	72.6598	66.1868	56.6246	57.9006	48.2829	1	1	1	1	1	1	
422	110.756	114.634	126.838	110.883	121.572	110.856	64.435	54.8173	72.6497	66.1801	56.6199	57.8934	48.2778	1	1	1	1	1	1	
423	110.745	114.627	126.812	110.873	121.559	110.846	64.4249	54.8131	72.6396	66.1734	56.6152	57.8862	48.2728	1	1	1	1	1	1	
424	110.733	114.62	126.787	110.863	121.546	110.837	64.4146	54.8089	72.6293	66.1665	56.6104	57.879	48.2676	1	1	1	1	1	1	
425	110.722	114.612	126.761	110.853	121.532	110.827	64.4041	54.8046	72.6188	66.1596	56.6056	57.8716	48.2624	1	1	1	1	1	1	
426	110.71	114.605	126.734	110.843	121.519	110.817	64.3935	54.8003	72.6082	66.1526	56.6008	57.8642	48.2571	1	1	1	1	1	1	
427	110.698	114.597	126.708	110.832	121.505	110.807	64.3828	54.7959	72.5975	66.1455	56.5958	57.8566	48.2518	1	1	1	1	1	1	
428	110.686	114.589	126.681	110.822	121.491	110.797	64.372	54.7915	72.5867	66.1383	56.5908	57.849	48.2464	1	1	1	1	1	1	
429	110.674	114.581	126.653	110.811	121.477	110.787	64.3609	54.7871	72.5757	66.1311	56.5858	57.8413	48.2409	1	1	1	1	1	1	
430	110.662	114.573	126.626	110.8	121.462	110.777	64.3498	54.7826	72.5646	66.1237	56.5807	57.8336	48.2354	1	1	1	1	1	1	
431	110.649	114.565	126.597	110.789	121.448	110.766	64.3384	54.778	72.5533	66.1163	56.5756	57.8257	48.2298	1	1	1	1	1	1	
432	110.637	114.557	126.569	110.778	121.433	110.756	64.327	54.7734	72.5419	66.1088	56.5703	57.8178	48.2241	1	1	1	1	1	1	
433	110.624	114.549	126.54	110.767	121.418	110.745	64.3153	54.7688	72.5303	66.1012	56.5651	57.8098	48.2184	1	1	1	1	1	1	
434	110.611	114.54	126.511	110.755	121.403	110.734	64.3035	54.7641	72.5186	66.0935	56.5597	57.8017	48.2126	1	1	1	1	1	1	
435	110.598	114.532	126.482	110.744	121.388	110.723	64.2916	54.7594	72.5067	66.0857	56.5544	57.7935	48.2067	1	1	1	1	1	1	
436	110.585	114.523	126.452	110.732	121.373	110.712	64.2794	54.7546	72.4947	66.0779	56.5489	57.7852	48.2007	1	1	1	1	1	1	
437	110.571	114.515	126.422	110.72	121.357	110.701	64.2671	54.7497	72.4825	66.0699	56.5434	57.7768	48.1947	1	1	1	1	1	1	
438	110.558	114.506	126.391	110.709	121.341	110.69	64.2547	54.7448	72.4702	66.0619	56.5378	57.7683	48.1886	1	1	1	1	1	1	
439	110.544	114.497	126.36	110.696	121.325	110.678	64.242	54.7399	72.4577	66.0537	56.5322	57.7597	48.1824	1	1	1	1	1	1	
440	110.53	114.488	126.329	110.684	121.309	110.667	64.2292	54.7349	72.445	66.0455	56.5265	57.7511	48.1761	1	1	1	1	1	1	
441	110.516	114.479	126.297	110.672	121.293	110.655	64.2162	54.7299	72.4322	66.0371	56.5207	57.7423	48.1697	1	1	1	1	1	1	
442	110.501	114.47	126.265	110.659	121.276	110.643	64.203	54.7248	72.4191	66.0287	56.5148	57.7335	48.1633	1	1	1	1	1	1	
443	110.487	114.46	126.233	110.647	121.259	110.631	64.1896	54.7196	72.406	66.0201	56.5089	57.7245	48.1568	1	1	1	1	1	1	
444	110.472	114.451	126.2	110.634	121.242	110.619	64.176	54.7144	72.3926	66.0115	56.503	57.7155	48.1502	1	1	1	1	1	1	
445	110.458	114.441	126.166	110.621	121.225	110.606	64.1622	54.7092	72.3791	66.0027	56.4969	57.7063	48.1435	1	1	1	1	1	1	
446	110.443	114.431	126.132	110.607	121.207	110.594	64.1482	54.7039	72.3653	65.9939	56.4908	57.6971	48.1368	1	1	1	1	1	1	
447	110.427	114.422	126.098	110.594	121.19	110.581	64.1341	54.6985	72.3514	65.9849	56.4846	57.6877	48.1299	1	1	1	1	1	1	
448	110.412	114.412	126.063	110.58	121.172	110.568	64.1197	54.6931	72.3373	65.9759	56.4784	57.6783	48.123	1	1	1	1	1	1	
449	110.396	114.401	126.028	110.567	121.153	110.555	64.1051	54.6876	72.323	65.9667	56.472	57.6687	48.1159	1	1	1	1	1	1	
450	110.381	114.391	125.993	110.553	121.135	110.542	64.0903	54.6821	72.3085	65.9574	56.4656	57.6591	48.1088	1	1	1	1	1	1	
451	110.365	114.381	125.957	110.539	121.116	110.529	64.0753	54.6765	72.2939	65.948	56.4591	57.6493	48.1016	1	1	1	1	1	1	
452	110.348	114.37	125.92	110.524	121.097	110.515	64.06	54.6709	72.279	65.9385	56.4526	57.6394	48.0943	1	1	1	1	1	1	
453	110.332	114.36	125.883	110.51	121.078	110.501	64.0445	54.6652	72.2639	65.9289	56.446	57.6294	48.0869	1	1	1	1	1	1	
454	110.315	114.349	125.846	110.495	121.059	110.487	64.0288	54.6594	72.2486	65.9192	56.4393	57.6193	48.0794	1	1	1	1	1	1	
455	110.298	114.338	125.808	110.48	121.039	110.473	64.0129	54.6536	72.2331	65.9093	56.4325	57.6091	48.0718	1	1	1	1	1	1	
456	110.281	114.327	125.769	110.465	121.019	110.459	63.9967	54.6477	72.2174	65.8993	56.4256	57.5988	48.0641	1	1	1	1	1	1	
457	110.264	114.316	125.73	110.45	120.999	110.445	63.9803	54.6418	72.2014	65.8892	56.4187	57.5883	48.0563	1	1	1	1	1	1	
458	110.247	114.304	125.691	110.435	120.978	110.43	63.9636	54.6358	72.1852	65.879	56.4117	57.5778	48.0484	1	1	1	1	1	1	
459	110.229	114.293	125.651	110.419	120.958	110.415	63.9467	54.6297	72.1689	65.8687	56.4045	57.5671	48.0403	1	1	1	1	1	1	
460	110.211	114.281	125.61	110.403	120.937	110.4	63.9295	54.6236	72.1522	65.8582	56.3974	57.5563	48.0322	1	1	1	1	1	1	
461	110.193	114.269	125.569	110.387	120.915	110.385	63.9121	54.6174	72.1354	65.8476	56.3901	57.5454	48.024	1	1	1	1	1	1	
462	110.174	114.257	125.528	110.371	120.894	110.37	63.8944	54.6111	72.1183	65.8368	56.3827	57.5343	48.0156	1	1	1	1	1	1	
463	110.156	114.245	125.485	110.354	120.872	110.354	63.8764	54.6048	72.1009	65.826	56.3753	57.5232	48.0072	1	1	1	1	1	1	
464	110.137	114.233	125.443	110.338	120.849	110.338	63.8582	54.5984	72.0834	65.815	56.3677	57.5119	47.9986	1	1	1	1	1	1	
465	110.117	114.221	125.399	110.321	120.827	110.322	63.8396	54.592	72.0655	65.8038	56.3601	57.5004	47.9899	1	1	1	1	1	1	
466	110.098	114.208	125.355	110.304	120.804	110.306	63.8208	54.5855	72.0474	65.7925	56.3524	57.4889	47.9811	1	1	1	1	1	1	
467	110.078	114.195	125.311	110.286	120.781	110.29	63.8017	54.5789	72.0291	65.7811	56.3446	57.4772	47.9722	1	1	1	1	1	1	
468	110.058	114.182	125.266	110.269	120.757	110.273	63.7822	54.5723	72.0105	65.7696	56.3367	57.4654	47.9632	1	1	1	1	1	1	
469	110.038	114.169	125.22	110.251	120.734	110.256	63.7625	54.5656	71.9916	65.7578	56.3287	57.4534	47.954	1	1	1	1	1	1	
470	110.017	114.156	125.174	110.233	120.71	110.239	63.7425	54.5588	71.9724	65.746	56.3207	57.4413	47.9447	1	1	1	1	1	1	
471	109.997	114.142	125.127	110.214	120.685	110.222	63.7221	54.5519	71.953	65.734	56.3125	57.4291	47.9353	1	1	1	1	1	1	
472	109.976	114.128	125.079	110.196	120.66	110.204	63.7014	54.545	71.9333	65.7218	56.3042	57.4168	47.9257	1	1	1	1	1	1	
473	109.954	114.115	125.031	110.177	120.635	110.186	63.6804	54.538	71.9133	65.7095	56.2958	57.4043	47.916	1	1	1	1	1	1	
474	109.933	114.1	124.982	110.158	120.61	110.168	63.659	54.531	71.893	65.697	56.2874	57.3916	47.9062	1	1	1	1	1	1	
475	109.911	114.086	124.932	110.138	120.584	110.15	63.6373	54.5238	71.8723	65.6844	56.2788	57.3788	47.8962	1	1	1	1	1	1	
476	109.888	114.072	124.882	110.118	120.558	110.132	63.6153	54.5166	71.8514	65.6716	56.2701	57.3659	47.8861	1	1	1	1	1	1	
477	109.866	114.057	124.831	110.099	120.531	110.113	63.5929	54.5093	71.8302	65.6586	56.2614	57.3528	47.8759	1	1	1	1	1	1	
478	109.843	114.042	124.779	110.078	120.504	110.094	63.5701	54.502	71.8087	65.6455	56.2525	57.3395	47.8655	1	1	1	1	1	1	
479	109.82	114.027	124.727	110.058	120.477	110.074	63.5469	54.4946	71.7868	65.6322	56.2435	57.3261	47.8549	1	1	1	1	1	1	
480	109.796	114.012	124.674	110.037	120.449	110.055	63.5234	54.4871	71.7646	65.6187	56.2344	57.3126	47.8442	1	1	1	1	1	1	
481	109.772	113.996	124.62	110.016	120.421	110.035	63.4994	54.4795	71.7421	65.6051	56.2252	57.2988	47.8334	1	1	1	1	1	1	
482	109.748	113.981	124.565	109.994	120.392	110.015	63.4751	54.4719	71.7192	65.5913	56.2159	57.285	47.8224	1	1	1	1	1	1	
483	109.724	113.965	124.51	109.973	120.363	109.994	63.4504	54.4641	71.696	65.5773	56.2065	57.2709	47.8112	1	1	1	1	1	1	
484	109.699	113.948	124.453	109.951	120.334	109.974	63.4252	54.4563	71.6724	65.5631	56.197	57.2567	47.7999	1	1	1	1	1	1	
485	109.673	113.932	124.396	109.928	120.304	109.953	63.3996	54.4485	71.6485	65.5487	56.1873	57.2424	47.7884	1	1	1	1	1	1	
486	109.648	113.915	124.338	109.906	120.274	109.931	63.3736	54.4405	71.6242	65.5341	56.1776	57.2278	47.7767	1	1	1	1	1	1	
487	109.622	113.898	124.28	109.883	120.243	109.91	63.3471	54.4325	71.5995	65.5194	56.1677	57.2131	47.7649	1	1	1	1	1	1	
488	109.596	113.881	124.22	109.859	120.212	109.888	63.3202	54.4243	71.5744	65.5044	56.1577	57.1982	47.7529	1	1	1	1	1	1	
489	109.569	113.864	124.159	109.836	120.18	109.866	63.2928	54.4162	71.5489	65.4892	56.1476	57.1831	47.7407	1	1	1	1	1	1	
490	109.542	113.846	124.098	109.812	120.148	109.843	63.2649	54.4079	71.5231	65.4739	56.1374	57.1679	47.7283	1	1	1	1	1	1	
491	109.514	113.828	124.036	109.787	120.116	109.82	63.2365	54.3995	71.4968	65.4583	56.127	57.1525	47.7157	1	1	1	1	1	1	
492	109.487	113.81	123.973	109.763	120.083	109.797	63.2077	54.3911	71.4701	65.4425	56.1165	57.1368	47.703	1	1	1	1	1	1	
493	109.648	113.98	124.098	109.928	120.238	109.963	63.361	54.5485	71.6434	65.6259	56.2895	57.2975	47.9138	1	1	1	1	1	1	
494	109.617	113.96	124.033	109.901	120.202	109.937	63.3298	54.5383	71.6149	65.6084	56.2772	57.2799	47.8972	1	1	1	1	1	1	
495	109.587	113.94	123.966	109.875	120.167	109.913	63.299	54.5291	71.5867	65.5917	56.2658	57.2632	47.8833	1	1	1	1	1	1	
496	109.558	113.921	123.899	109.848	120.131	109.888	63.2678	54.52	71.558	65.5748	56.2545	57.2465	47.8693	1	1	1	1	1	1	
497	109.527	113.901	123.831	109.821	120.095	109.863	63.236	54.5109	71.5289	65.5576	56.2431	57.2296	47.8552	1	1	1	1	1	1	
498	109.497	113.881	123.761	109.794	120.059	109.837	63.2037	54.5018	71.4994	65.5403	56.2315	57.2126	47.8408	1	1	1	1	1	1	
499	109.466	113.86	123.691	109.766	120.022	109.811	63.1708	54.4926	71.4693	65.5227	56.2199	57.1953	47.8262	1	1	1	1	1	1	
500	109.434	113.839	123.62	109.738	119.984	109.785	63.1373	54.4832	71.4388	65.5048	56.208	57.1779	47.8114	1	1	1	1	1	1	
501	109.402	113.818	123.547	109.71	119.946	109.758	63.1032	54.4738	71.4077	65.4867	56.1961	57.1602	47.7964	1	1	1	1	1	1	
502	109.369	113.797	123.473	109.681	119.907	109.731	63.0684	54.4643	71.3761	65.4684	56.184	57.1423	47.7811	1	1	1	1	1	1	
503	109.336	113.775	123.399	109.651	119.868	109.703	63.033	54.4547	71.344	65.4497	56.1717	57.1241	47.7655	1	1	1	1	1	1	
504	109.303	113.753	123.323	109.621	119.827	109.675	62.9969	54.4451	71.3114	65.4309	56.1593	57.1058	47.7498	1	1	1	1	1	1	
505	109.269	113.731	123.246	109.591	119.787	109.647	62.9601	54.4353	71.2782	65.4117	56.1468	57.0872	47.7337	1	1	1	1	1	1	
506	109.234	113.708	123.167	109.56	119.745	109.618	62.9226	54.4254	71.2445	65.3923	56.1341	57.0683	47.7175	1	1	1	1	1	1	
507	109.199	113.685	123.088	109.529	119.703	109.589	62.8845	54.4155	71.2102	65.3726	56.1213	57.0492	47.7009	1	1	1	1	1	1	
508	109.163	113.661	123.007	109.497	119.661	109.559	62.8455	54.4054	71.1753	65.3526	56.1083	57.0299	47.6841	1	1	1	1	1	1	
509	109.127	113.637	122.925	109.465	119.617	109.529	62.8059	54.3953	71.1398	65.3323	56.0951	57.0103	47.667	1	1	1	1	1	1	
510	109.09	113.613	122.841	109.432	119.573	109.498	62.7654	54.3851	71.1037	65.3117	56.0819	56.9904	47.6496	1	1	1	1	1	1	
511	109.053	113.589	122.757	109.399	119.528	109.467	62.7241	54.3747	71.0669	65.2908	56.0684	56.9703	47.6319	1	1	1	1	1	1	
512	109.015	113.564	122.671	109.365	119.483	109.436	62.6821	54.3643	71.0296	65.2696	56.0549	56.9499	47.614	1	1	1	1	1	1	
513	108.976	113.538	122.583	109.331	119.436	109.404	62.6392	54.3538	70.9915	65.2481	56.0411	56.9292	47.5957	1	1	1	1	1	1	
514	108.937	113.512	122.494	109.296	119.389	109.371	62.5954	54.3432	70.9528	65.2262	56.0272	56.9082	47.5771	1	1	1	1	1	1	
515	108.897	113.486	122.404	109.26	119.341	109.338	62.5508	54.3325	70.9135	65.2041	56.0132	56.887	47.5582	1	1	1	1	1	1	
516	108.857	113.459	122.312	109.224	119.293	109.304	62.5052	54.3217	70.8734	65.1815	55.999	56.8654	47.539	1	1	1	1	1	1	
517	108.816	113.432	122.219	109.187	119.243	109.27	62.4587	54.3108	70.8326	65.1587	55.9846	56.8436	47.5194	1	1	1	1	1	1	
518	108.774	113.405	122.124	109.15	119.193	109.235	62.4112	54.2998	70.7911	65.1355	55.9701	56.8214	47.4995	1	1	1	1	1	1	
519	108.732	113.377	122.027	109.112	119.142	109.2	62.3628	54.2887	70.7488	65.1119	55.9554	56.7989	47.4793	1	1	1	1	1	1	
520	108.689	113.348	121.929	109.073	119.09	109.164	62.3133	54.2775	70.7057	65.088	55.9405	56.7761	47.4587	1	1	1	1	1	1	
521	108.645	113.319	121.829	109.034	119.036	109.127	62.2628	54.2662	70.6619	65.0637	55.9255	56.7529	47.4377	1	1	1	1	1	1	
522	108.6	113.289	121.728	108.994	118.983	109.09	62.2113	54.2548	70.6172	65.039	55.9104	56.7294	47.4164	1	1	1	1	1	1	
523	108.555	113.259	121.625	108.954	118.928	109.052	62.1586	54.2434	70.5718	65.0139	55.8951	56.7055	47.3946	1	1	1	1	1	1	
524	108.509	113.229	121.52	108.913	118.872	109.014	62.1047	54.2318	70.5254	64.9884	55.8796	56.6813	47.3725	1	1	1	1	1	1	
525	108.462	113.198	121.413	108.871	118.815	108.975	62.0498	54.2201	70.4783	64.9625	55.8639	56.6566	47.35	1	1	1	1	1	1	
526	108.415	113.166	121.304	108.828	118.757	108.935	61.9936	54.2083	70.4302	64.9362	55.8482	56.6316	47.327	1	1	1	1	1	1	
527	108.366	113.134	121.194	108.785	118.698	108.895	61.9361	54.1964	70.3812	64.9095	55.8322	56.6062	47.3036	1	1	1	1	1	1	
528	108.317	113.101	121.081	108.74	118.638	108.854	61.8774	54.1845	70.3312	64.8823	55.8161	56.5803	47.2798	1	1	1	1	1	1	
529	108.267	113.068	120.966	108.696	118.577	108.812	61.8173	54.1724	70.2803	64.8547	55.7998	56.554	47.2555	1	1	1	1	1	1	
530	108.216	113.034	120.85	108.65	118.515	108.769	61.7559	54.1602	70.2285	64.8266	55.7834	56.5273	47.2307	1	1	1	1	1	1	
531	108.165	113	120.731	108.603	118.451	108.726	61.6931	54.1479	70.1756	64.798	55.7668	56.5001	47.2055	1	1	1	1	1	1	
532	108.112	112.964	120.61	108.556	118.387	108.682	61.6288	54.1356	70.1216	64.7689	55.7501	56.4724	47.1797	1	1	1	1	1	1	
533	108.058	112.929	120.487	108.508	118.321	108.637	61.563	54.1231	70.0666	64.7394	55.7332	56.4442	47.1535	1	1	1	1	1	1	
534	108.004	112.892	120.362	108.458	118.254	108.591	61.4957	54.1105	70.0105	64.7093	55.7162	56.4155	47.1267	1	1	1	1	1	1	
535	107.948	112.855	120.234	108.408	118.185	108.545	61.4268	54.0979	69.9533	64.6787	55.6991	56.3863	47.0994	1	1	1	1	1	1	
536	107.892	112.817	120.104	108.357	118.115	108.497	61.3562	54.0851	69.8949	64.6476	55.6818	56.3565	47.0715	1	1	1	1	1	1	
537	107.835	112.779	119.972	108.306	118.044	108.449	61.284	54.0722	69.8353	64.6159	55.6643	56.326	47.043	1	1	1	1	1	1	
538	107.776	112.739	119.837	108.253	117.972	108.4	61.2099	54.0592	69.7745	64.5837	55.6468	56.295	47.0139	1	1	1	1	1	1	
539	107.716	112.699	119.699	108.199	117.898	108.349	61.134	54.0462	69.7125	64.5509	55.6291	56.2633	46.9842	1	1	1	1	1	1	
540	107.656	112.658	119.559	108.144	117.822	108.298	61.0563	54.033	69.6491	64.5174	55.6113	56.231	46.9539	1	1	1	1	1	1	
541	107.594	112.617	119.416	108.088	117.745	108.246	60.9765	54.0197	69.5845	64.4834	55.5934	56.1979	46.9229	1	1	1	1	1	1	
542	107.531	112.574	119.27	108.031	117.667	108.193	60.8948	54.0063	69.5184	64.4487	55.5754	56.1641	46.8912	1	1	1	1	1	1	
543	107.467	112.531	119.121	107.973	117.587	108.139	60.8109	53.9928	69.4509	64.4133	55.5573	56.1295	46.8588	1	1	1	1	1	1	
544	107.402	112.487	118.969	107.913	117.505	108.083	60.7248	53.9792	69.382	64.3773	55.5392	56.0941	46.8257	1	1	1	1	1	1	
545	107.335	112.442	118.814	107.853	117.421	108.027	60.6365	53.9655	69.3116	64.3406	55.5209	56.0577	46.7918	1	1	1	1	1	1	
546	107.267	112.396	118.656	107.791	117.335	107.969	60.5458	53.9517	69.2396	64.3032	55.5026	56.0205	46.7571	1	1	1	1	1	1	
547	106.983	112.302	118.436	107.607	117.337	107.864	61.3213	50.7872	70.2318	64.8182	54.9391	57.382	45.3168	1	1	1	1	1	1	
548	107.126	112.307	118.383	107.683	117.297	107.858	60.8155	52.8808	69.4965	64.591	55.1303	56.2813	46.091	1	1	1	1	1	1	
549	107.078	112.275	118.233	107.63	117.171	107.828	60.4718	53.5215	69.1787	64.3748	55.2974	56.0231	46.4489	1	1	1	1	1	1	
550	106.999	112.22	118.046	107.556	117.039	107.763	60.2609	53.7489	69.0083	64.2394	55.3627	55.9153	46.5485	1	1	1	1	1	1	
551	106.676	112.109	117.783	107.339	117.009	107.631	61.0117	50.5134	69.9964	64.7306	54.7899	57.3101	45.094	1	1	1	1	1	1	
552	106.826	112.107	117.713	107.418	116.95	107.619	60.4698	52.6965	69.2231	64.4826	55.006	56.1664	45.8899	1	1	1	1	1	1	
553	106.777	112.072	117.545	107.361	116.81	107.585	60.0905	53.3978	68.879	64.2431	55.1927	55.8848	46.2729	1	1	1	1	1	1	
554	106.693	112.013	117.338	107.28	116.663	107.513	59.8521	53.6593	68.6906	64.0904	55.2711	55.7601	46.3824	1	1	1	1	1	1	
555	106.338	111.895	117.057	107.045	116.637	107.378	60.6241	50.2736	69.6996	64.6054	54.6482	57.2291	44.8723	1	1	1	1	1	1	
556	106.497	111.885	116.972	107.125	116.559	107.356	60.0628	52.5167	68.9096	64.3518	54.8842	56.0375	45.6826	1	1	1	1	1	1	
557	106.448	111.848	116.789	107.066	116.408	107.318	59.653	53.2698	68.5437	64.0948	55.0874	55.732	46.0848	1	1	1	1	1	1	
558	106.051	111.715	116.478	106.795	116.349	107.16	60.3597	49.9346	69.5208	64.5605	54.4936	57.1839	44.6374	1	1	1	1	1	1	
559	106.228	111.702	116.381	106.888	116.258	107.144	59.7543	52.305	68.6754	64.275	54.7668	55.9477	45.486	1	1	1	1	1	1	
560	106.182	111.666	116.184	106.828	116.092	107.107	59.3063	53.1364	68.2824	63.9908	54.9948	55.6155	45.9211	1	1	1	1	1	1	
561	105.754	111.526	115.852	106.537	116.03	106.943	60.0162	49.7	69.2694	64.4653	54.3675	57.1165	44.4417	1	1	1	1	1	1	
562	108.019	112.552	120.753	107.943	100.75	107.609	60.756	51.3542	69.0701	63.4137	54.9446	55.0723	45.9575	1	1	1	1	1	1	
563	106.825	111.98	117.575	107.151	109.509	107.176	59.5921	52.5171	68.1802	63.1974	54.9323	55.1363	46.7644	1	1	1	1	1	1	
564	105.809	111.56	116.131	106.524	113.037	106.857	60.0431	49.2216	69.052	64.0181	54.2249	56.8536	44.8949	1	1	1	1	1	1	
565	105.776	111.393	115.518	106.477	114.405	106.735	59.2231	51.8026	68.1186	63.891	54.5381	55.6385	45.4713	1	1	1	1	1	1	
566	105.643	111.298	115.066	106.353	114.858	106.661	58.6127	52.7963	67.6635	63.6612	54.8004	55.3089	45.787	1	1	1	1	1	1	
567	105.106	111.116	114.582	105.989	115.086	106.477	59.2769	49.1653	68.6645	64.2105	54.0864	56.9411	44.1478	1	1	1	1	1	1	
568	107.485	112.191	119.711	107.443	99.0099	107.16	60.2271	50.8169	68.5362	63.0843	54.7516	54.6758	45.6267	1	1	1	1	1	1	
569	106.295	111.617	116.401	106.645	107.893	106.714	58.8517	52.1288	67.5532	62.8415	54.7483	54.7773	46.5346	1	1	1	1	1	1	
570	105.152	111.153	114.824	105.948	111.709	106.378	59.2611	48.6202	68.4175	63.7218	53.9375	56.6399	44.5749	1	1	1	1	1	1	
571	105.113	110.945	114.103	105.89	113.241	106.219	58.3579	51.327	67.4367	63.6012	54.304	55.3454	45.1425	1	1	1	1	1	1	
572	104.965	110.833	113.561	105.752	113.806	106.131	57.6477	52.4465	66.932	63.3503	54.6074	54.9673	45.4662	1	1	1	1	1	1	
573	106.592	111.834	118.64	106.741	97.4451	106.729	60.161	47.6011	68.772	63.0815	54.2178	55.5011	44.3817	1	1	1	1	1	1	
574	105.663	111.226	115.288	106.096	106.377	106.23	58.5442	50.4958	67.317	62.8457	54.2331	54.7656	45.6664	1	1	1	1	1	1	
575	105.008	110.849	113.712	105.676	110.194	105.995	57.5624	51.8442	66.6657	62.8252	54.5195	54.568	45.7802	1	1	1	1	1	1	
576	104.055	110.476	112.647	105.074	112.141	105.724	58.0241	48.0112	67.5755	63.6149	53.6044	56.494	43.8315	1	1	1	1	1	1	
577	104.182	110.311	112.09	105.099	112.799	105.574	57.1063	50.8108	66.5801	63.3907	54.0567	55.0322	44.5374	1	1	1	1	1	1	
578	106.46	111.499	117.576	106.452	95.5204	106.364	58.6022	51.0011	66.99	62.1236	54.8427	53.2542	45.5696	1	1	1	1	1	1	
579	104.604	110.808	113.876	105.292	104.782	105.83	58.2386	47.2466	67.3973	62.8275	53.495	55.9366	44.4986	1	1	1	1	1	1	
580	104.201	110.338	112.206	104.993	108.704	105.439	56.992	50.1734	66.2607	62.8253	53.9308	54.6068	44.8888	1	1	1	1	1	1	
581	103.052	109.879	111.025	104.241	110.783	105.089	57.1615	46.515	67.0356	63.5384	53.1092	56.4006	43.1805	1	1	1	1	1	1	
582	103.28	109.695	110.36	104.334	111.559	104.963	56.0434	49.7141	65.8196	63.2159	53.6986	54.7852	44.0075	1	1	1	1	1	1	
583	105.675	110.972	116.116	105.745	93.5385	105.82	57.8437	50.0814	66.2208	61.7967	54.5997	52.7264	45.0931	1	1	1	1	1	1	
584	103.67	110.249	112.246	104.486	102.824	105.27	57.1683	46.1765	66.5807	62.4987	53.1517	55.5695	44.0863	1	1	1	1	1	1	
585	103.303	109.74	110.409	104.203	106.816	104.839	55.7553	49.2669	65.3559	62.4705	53.679	54.1472	44.5057	1	1	1	1	1	1	
586	101.929	109.196	109.062	103.317	109.107	104.466	55.7898	45.3407	66.0885	63.2274	52.7415	56.0518	42.7408	1	1	1	1	1	1	
587	103.374	101.76	115.193	104.039	111.87	104.741	57.504	47.5698	65.452	61.6252	53.5956	53.1588	44.198	1	1	1	1	1	1	
588	102.938	105.003	111.085	103.693	111.529	104.297	55.2194	49.4209	64.56	61.397	54.0237	53.0448	45.2753	1	1	1	1	1	1	
589	103.947	107.977	115.181	104.342	92.2869	104.877	57.9243	43.7691	66.3291	61.5063	53.2658	53.702	43.3968	1	1	1	1	1	1	
590	103.099	108.283	110.814	103.708	100.379	104.178	55.4503	47.1534	64.5159	61.3093	53.4631	52.9705	44.7575	1	1	1	1	1	1	
591	100.957	108.002	108.273	102.395	104.743	103.717	55.0603	43.1062	65.0107	62.3916	52.296	55.2052	42.7585	1	1	1	1	1	1	
592	101.083	107.831	106.68	102.408	106.497	103.39	53.3892	46.6419	63.4814	62.1958	53.0911	53.4372	43.3654	1	1	1	1	1	1	
593	100.52	99.9555	112.625	101.852	109.832	103.507	56.681	41.1273	64.8731	61.572	52.2032	53.8975	42.1398	1	1	1	1	1	1	
594	100.741	102.9	108.196	101.879	109.434	102.877	53.8422	44.6761	63.2483	61.3097	52.9573	52.6323	43.6452	1	1	1	1	1	1	
595	103.217	106.37	112.645	103.391	88.7128	103.761	55.496	45.5812	63.4113	60.1791	54.0285	50.5025	44.1541	1	1	1	1	1	1	
596	100.147	106.545	107.599	101.467	97.3803	103.134	53.7687	41.0009	63.3697	61.0403	52.0818	53.6796	43.029	1	1	1	1	1	1	
597	99.8711	106.43	104.725	101.195	100.719	102.457	51.6031	44.3568	61.733	61.0484	52.9361	51.8878	43.295	1	1	1	1	1	1	
598	98.4725	98.2085	110.161	100.119	105.441	102.476	54.9731	38.2313	62.8318	60.6782	51.721	52.5256	41.2832	1	1	1	1	1	1	
599	98.7287	100.873	105.047	100.085	105.545	101.531	51.5187	41.5431	61.0104	60.4434	52.616	51.0822	42.881	1	1	1	1	1	1	
600	100.049	103.458	108.924	100.872	82.8297	101.905	53.9767	40.3468	61.6383	60.1465	52.9718	44.5628	39.8786	1	1	1	1	1	1	
601	99.4254	104.799	103.904	100.304	92.3457	101.813	50.5189	43.0235	59.5145	59.5636	52.6821	48.2254	43.0427	1	1	1	1	1	1	
602	97.4823	96.5061	108.39	99.0154	99.5676	101.967	53.717	36.8025	60.2259	59.6033	51.1963	50.7421	40.5646	1	1	1	1	1	1	
603	97.5565	99.3266	102.617	98.9456	101.028	101.068	49.7978	39.8741	58.4264	59.6353	52.2621	50.0868	42.7089	1	1	1	1	1	1	
604	95.0877	99.3391	95.9234	97.3541	101.001	99.5865	43.0073	40.513	57.4727	57.3096	51.2764	51.2502	38.0753	1	1	1	1	1	1	
605	97.733	102.413	102.143	98.4859	79.5992	100.715	48.0315	41.1814	56.6249	56.5317	51.9975	47.3009	39.852	1	1	1	1	1	1	
606	95.0425	93.9763	104.512	96.5828	90.4001	100.824	49.855	34.4792	55.8922	57.658	50.0041	49.562	38.8018	1	1	1	1	1	1	
607	93.15	94.9856	96.116	95.2493	92.2629	99.4041	44.6289	34.6207	53.8872	58.6136	50.4436	44.9497	37.9722	1	1	1	1	1	1	
608	93.3936	97.8058	100.825	95.2055	96.3237	86.3266	47.1955	35.0327	51.523	56.5027	50.1894	45.9459	40.3123	1	1	1	1	1	1	
609	92.0566	97.8624	93.0678	94.4168	97.3404	90.9306	42.2542	34.4932	48.0821	57.5073	49.8004	48.8994	37.1745	1	1	1	1	1	1	
610	92.4427	88.832	96.9048	93.7235	98.452	91.8159	44.1765	33.4378	44.9964	56.8022	50.8788	46.2925	37.3971	1	1	1	1	1	1	
611	92.3993	91.4146	96.8007	93.3035	74.3174	93.2513	43.9418	29.9349	42.237	56.9194	50.5404	41.4699	34.91	1	1	1	1	1	1	
612	90.702	93.251	85.8202	91.61	81.2218	93.1436	36.7246	30.1796	37.7984	55.5023	50.2185	44.6551	38.766	1	1	1	1	1	1	
613	89.232	82.9003	89.4707	90.3137	85.7141	94.5672	39.0203	27.118	33.0616	55.4916	49.0403	45.6504	32.377	1	1	1	1	1	1	
614	87.5192	85.6911	88.5534	88.4259	87.259	81.0304	36.4315	24.839	29.3532	53.0462	48.7536	43.6276	35.6896	1	1	1	1	1	1	
615	85.2881	85.3309	75.6151	87.2627	87.3792	85.1063	28.0762	22.4065	24.7113	53.0929	48.4488	44.6894	33.6344	1	1	1	1	1	1	
616	83.8092	84.253	77.6167	85.5383	65.009	86.557	28.0674	18.3056	21.5409	50.4798	48.7891	40.5778	29.1179	1	1	1	1	1	1	
617	82.3909	84.4671	77.6398	83.8653	72.6932	76.7835	26.0676	16.7329	18.2622	47.2863	46.4298	42.1916	27.7132	1	1	1	1	1	1	
618	82.6207	73.6366	76.8041	83.6978	77.2515	81.2864	24.182	14.9916	16.0705	44.6215	47.6855	42.8899	24.891	1	1	1	1	1	1	
619	83.9624	75.8458	74.8664	69.1895	80.1569	83.2869	22.1319	13.8862	15.0954	38.9289	49.894	42.6515	25.3252	1	1	1	1	1	1	
620	65.9278	77.645	72.4138	73.9269	83.1238	84.7551	20.6331	13.1514	14.3364	35.2202	50.5379	42.2411	24.2986	1	1	1	1	1	1	
621	68.0888	78.8205	71.5151	76.0729	84.1178	75.5866	19.6057	12.8674	13.3674	32.4377	50.6283	41.4355	23.486	1	1	1	1	1	1	
622	71.2511	81.2945	69.0656	78.5249	62.162	80.5389	19.0214	12.0622	12.4667	30.4253	51.148	41.2796	22.0085	1	1	1	1	1	1	
623	71.7528	70.4889	67.4431	79.8952	68.6482	83.7435	18.4685	11.6095	11.6833	29.1181	50.7009	41.3979	20.8775	1	1	1	1	1	1	
624	70.2479	72.0541	66.0831	80.3401	72.4179	74.5002	17.7554	11.0984	11.1763	27.6971	48.4758	40.8693	21.0725	1	1	1	1	1	1	
625	70.5303	72.1062	63.809	71.525	74.9659	78.0544	17.365	10.873	11.0518	25.2899	48.6288	41.1456	20.7171	1	1	1	1	1	1	
626	67.5797	70.7808	61.9063	77.1016	76.5098	68.5909	16.5283	10.3306	10.1641	25.7825	44.2725	40.424	19.8733	1	1	1	1	1	1	
627	67.8595	69.7293	59.6075	71.0341	77.3051	71.5943	16.0417	10.3001	10.4646	23.5628	47.6452	40.8427	19.3791	1	1	1	1	1	1	
628	66.0486	68.8029	56.7437	78.1645	56.3173	71.2034	15.4473	9.34287	9.30494	24.8604	39.614	40.348	18.7183	1	1	1	1	1	1	
629	63.6909	67.5383	54.9132	73.4751	58.9107	71.0076	14.7257	9.51744	9.66922	22.6464	39.6449	40.4537	18.6179	1	1	1	1	1	1	
630	58.2827	63.9756	53.5674	75.0669	61.496	68.2719	14.3762	9.10093	8.92409	22.554	34.3457	40.431	18.5159	1	1	1	1	1	1	
631	52.9388	60.8784	52.1977	74.4418	61.9387	67.4033	13.6846	8.85668	9.15548	21.9316	33.069	40.1921	17.9812	1	1	1	1	1	1	
632	46.0953	57.2841	51.2786	74.7461	63.1324	67.7869	13.2826	8.65005	8.88444	21.7533	31.0254	40.147	17.7613	1	1	1	1	1	1	
633	38.7927	52.4903	50.3895	75.205	63.4207	70.8727	12.9487	8.47536	8.66243	21.622	29.2606	40.0859	17.567	1	1	1	1	1	1	
634	33.0011	46.2613	49.2212	75.5849	58.4426	77.5403	12.6032	8.2554	8.44503	21.4852	27.7035	39.9783	17.33	1	1	1	1	1	1	
635	29.5105	42.0203	47.7953	77.5722	51.8827	78.7249	12.1521	7.80776	7.25708	22.1937	23.8447	39.8236	16.9963	1	1	1	1	1	1	