
1	100.483
2	100.483
3	100.482
4	100.482
5	100.481
6	100.48
7	100.479
8	100.479
9	100.478
10	100.477
11	100.476
12	100.476
13	100.475
14	100.474
15	100.473
16	100.473
17	100.472
18	100.471
19	100.47
20	100.469
21	100.469
22	100.468
23	100.467
24	100.466
25	100.465
26	100.464
27	100.463
28	100.463
29	100.462
30	100.461
31	100.46
32	100.459
33	100.458
34	100.457
35	100.456
36	100.455
37	100.454
38	100.453
39	100.452
40	100.451
41	100.45
42	100.449
43	100.448
44	100.447
45	100.446
46	100.445
47	100.444
48	100.443
49	100.442
50	100.441
51	100.439
52	100.438
53	100.437
54	100.436
55	100.435
56	100.434
57	100.432
58	100.431
59	100.43
60	100.429
61	100.428
62	100.426
63	100.425
64	100.424
65	100.423
66	100.421
67	100.42
68	100.419
69	100.417
70	100.416
71	100.414
72	100.413
73	100.412
74	100.41
75	100.409
76	100.407
77	100.406
78	100.404
79	100.403
80	100.402
81	100.4
82	100.398
83	100.397
84	100.395
85	100.394
86	100.392
87	100.391
88	100.389
89	100.387
90	100.386
91	100.384
92	100.382
93	100.381
94	100.379
95	100.377
96	100.375
97	100.373
98	100.372
99	100.37
100	100.368
101	100.366
102	100.364
103	100.362
104	100.36
105	100.359
106	100.357
107	100.355
108	100.353
109	100.351
110	100.349
111	100.346
112	100.344
113	100.342
114	100.34
115	100.338
116	100.336
117	100.334
118	100.331
119	100.329
120	100.327
121	100.325
122	100.322
123	100.32
124	100.318
125	100.315
126	100.313
127	100.311
128	100.308
129	100.306
130	100.303
131	100.301
132	100.298
133	100.295
134	100.293
135	100.29
136	100.288
137	100.285
138	100.282
139	100.279
140	100.277
141	100.274
142	100.271
143	100.268
144	100.265
145	100.262
146	100.259
147	100.256
148	100.253
149	100.25
150	100.247
151	100.244
152	100.241
153	100.238
154	100.235
155	100.232
156	100.228
157	100.225
158	100.222
159	100.218
160	100.215
161	100.211
162	100.208
163	100.204
164	100.201
165	100.197
166	100.194
167	100.19
168	100.186
169	100.183
170	100.179
171	100.175
172	100.171
173	100.167
174	100.163
175	100.16
176	100.156
177	100.151
178	100.147
179	100.143
180	100.139
181	100.135
182	100.131
183	100.126
184	100.122
185	100.118
186	100.113
187	100.109
188	100.104
189	100.1
190	100.095
191	100.09
192	100.085
193	100.081
194	100.076
195	100.071
196	100.066
197	100.061
198	100.056
199	100.051
200	100.046
201	100.041
202	100.035
203	100.03
204	100.025
205	100.019
206	100.014
207	100.008
208	100.003
209	99.9972
210	99.9915
211	99.9858
212	99.98
213	99.9741
214	99.9682
215	99.9622
216	99.9561
217	99.95
218	99.9438
219	99.9375
220	99.9312
221	99.9248
222	99.9184
223	99.9119
224	99.9053
225	99.8986
226	99.8919
227	99.8851
228	99.8782
229	99.8713
230	99.8643
231	99.8572
232	99.85
233	99.8428
234	99.8354
235	99.8281
236	99.8206
237	99.813
238	99.8054
239	99.7977
240	99.7899
241	99.782
242	99.7741
243	99.766
244	99.7579
245	99.7497
246	99.7414
247	99.733
248	99.7245
249	99.7159
250	99.7073
251	99.6985
252	99.6897
253	99.6807
254	99.6717
255	99.6626
256	99.6533
257	99.644
258	99.6346
259	99.625
260	99.6154
261	99.6057
262	99.5958
263	99.5859
264	99.5758
265	99.5657
266	99.5554
267	99.545
268	99.5345
269	99.5239
270	99.5132
271	99.5024
272	99.4914
273	99.4804
274	99.4692
275	99.4579
276	99.4465
277	99.4349
278	99.4232
279	99.4114
280	99.3995
281	99.3874
282	99.3752
283	99.3629
284	99.3505
285	99.3379
286	99.3251
287	99.3123
288	99.2992
289	99.2861
290	99.2728
291	99.2594
292	99.2458
293	99.232
294	99.2181
295	99.2041
296	99.1899
297	99.1756
298	99.1611
299	99.1464
300	99.1316
301	99.1166
302	99.1014
303	99.0861
304	99.0706
305	99.0549
306	99.0391
307	99.0231
308	99.0069
309	98.9905
310	98.974
311	98.9572
312	98.9403
313	98.9232
314	98.9059
315	98.8884
316	98.8707
317	98.8528
318	98.8347
319	98.8164
320	98.7979
321	98.7792
322	98.7603
323	98.7412
324	98.7218
325	98.7023
326	98.6825
327	98.6625
328	98.6422
329	98.6218
330	98.6011
331	98.5802
332	98.559
333	98.5376
334	98.5159
335	98.494
336	98.4719
337	98.4495
338	98.4268
339	98.4039
340	98.3807
341	98.3572
342	98.3335
343	98.3095
344	98.2852
345	98.2607
346	98.2358
347	98.2107
348	98.1853
349	98.1596
350	98.1336
351	98.1072
352	98.0806
353	98.0537
354	98.0264
355	97.9989
356	97.971
357	97.9427
358	97.9142
359	97.8853
360	97.856
361	97.8264
362	97.7965
363	97.7662
364	97.7356
365	97.7045
366	97.6732
367	97.6414
368	97.6092
369	97.5767
370	97.5438
371	97.5105
372	97.4767
373	97.4426
374	97.4081
375	97.3731
376	97.3377
377	97.3019
378	97.2656
379	97.2289
380	97.1918
381	97.1542
382	97.1161
383	97.0775
384	97.0385
385	96.999
386	96.959
387	96.9185
388	96.8775
389	96.836
390	96.794
391	96.7515
392	96.7084
393	96.6647
394	96.6206
395	96.5758
396	96.5305
397	96.4846
398	96.4381
399	96.3911
400	96.3434
401	96.2951
402	96.2462
403	96.1967
404	96.1465
405	96.0957
406	96.0442
407	95.9921
408	95.9392
409	95.8857
410	95.8315
411	95.7765
412	95.7208
413	95.6644
414	95.6073
415	95.5493
416	95.4906
417	95.4312
418	95.3709
419	95.3098
420	95.2479
421	95.1851
422	95.1215
423	95.057
424	94.9916
425	94.9254
426	94.8582
427	94.7901
428	94.7211
429	94.6511
430	94.5801
431	94.5081
432	94.4351
433	94.3611
434	94.2861
435	94.2099
436	94.1327
437	94.0544
438	93.975
439	93.8944
440	93.8127
441	93.7298
442	93.6457
443	93.5603
444	93.4737
445	93.3859
446	93.2967
447	93.2062
448	93.1144
449	93.0212
450	92.9266
451	92.8306
452	92.7331
453	92.6341
454	92.5337
455	92.4317
456	92.3281
457	92.223
458	92.1162
459	92.0077
460	91.8976
461	91.7857
462	91.6721
463	91.5567
464	91.4394
465	91.3203
466	91.1993
467	91.0763
468	90.9513
469	90.8243
470	90.6952
471	90.6201
472	95.1426
473	91.4793
474	90.4753
475	90.4334
476	94.8134
477	91.0265
478	90.2399
479	94.5984
480	90.6831
481	90.0907
482	94.3133
483	90.3067
484	89.9349
485	94.0097
486	89.9115
487	89.7711
488	93.6876
489	89.4968
490	89.599
491	93.3454
492	89.1659
493	93.4605
494	89.0125
495	93.2646
496	88.8733
497	93.0324
498	88.7311
499	92.788
500	88.5841
501	92.5331
502	88.432
503	92.2676
504	88.2746
505	91.9908
506	88.1117
507	91.7021
508	87.9429
509	91.4009
510	87.7679
511	91.0864
512	87.5865
513	90.7578
514	87.3983
515	90.4144
516	87.203
517	90.0553
518	87.5688
519	89.8463
520	86.872
521	89.3041
522	87.1589
523	89.0505
524	86.4432
525	88.4625
526	86.7015
527	88.1699
528	85.9759
529	88.1046
530	85.9144
531	87.0734
532	85.9707
533	86.679
534	85.211
535	86.4955
536	85.1167
537	85.408
538	85.1012
539	84.9191
540	84.3292
541	84.5904
542	84.1959
543	83.4425
544	84.0893
545	82.8301
546	83.7658
547	82.0636
548	82.9678
549	81.4515
550	82.7341
551	80.9684
552	83.4141
553	82.1061
554	80.0159
555	81.7816
556	79.5012
557	81.525
558	80.7299
559	78.7844
560	80.2445
561	79.8535
562	77.6496
563	78.7301
564	78.8784
565	76.6662
566	76.6649
567	77.5544
568	75.338
569	74.2905
570	76.4186
571	73.7911
572	72.6207
573	72.6785
574	74.0731
575	71.0147
576	69.7713
577	68.6761
578	71.005
579	67.2824
580	65.7782
581	64.7458
582	67.3724
583	62.9632
584	64.4335
585	59.2775
586	60.8435
587	56.4108
588	57.4062
589	54.0054
590	53.1646
591	50.9526
592	50.3201
593	50.4901
594	50.182
595	48.7308
596	47.3823
597	47.6884
598	46.0658
599	47.2305
600	45.0883
601	45.1342