
1	1	1	1	1	1	60.73	46.6079	41.5657	44.0204	53.7745	84.0712	93.8856	100.483	84.0592	81.4304	
2	1	1	1	1	1	60.73	46.6092	41.5679	44.0194	53.7749	84.0702	93.8855	100.483	84.0604	81.4308	
3	1	1	1	1	1	60.7298	46.609	41.5678	44.0193	53.7748	84.0699	93.8852	100.482	84.0602	81.4307	
4	1	1	1	1	1	60.7296	46.6088	41.5676	44.0193	53.7748	84.0696	93.885	100.482	84.06	81.4305	
5	1	1	1	1	1	60.7294	46.6086	41.5674	44.0192	53.7748	84.0693	93.8848	100.481	84.0598	81.4304	
6	1	1	1	1	1	60.7292	46.6084	41.5672	44.0191	53.7747	84.069	93.8845	100.48	84.0596	81.4303	
7	1	1	1	1	1	60.729	46.6082	41.567	44.019	53.7747	84.0687	93.8843	100.479	84.0594	81.4301	
8	1	1	1	1	1	60.7288	46.608	41.5668	44.0189	53.7746	84.0684	93.884	100.479	84.0591	81.43	
9	1	1	1	1	1	60.7285	46.6078	41.5666	44.0188	53.7746	84.0681	93.8838	100.478	84.0589	81.4299	
10	1	1	1	1	1	60.7283	46.6076	41.5664	44.0187	53.7746	84.0677	93.8835	100.477	84.0587	81.4297	
11	1	1	1	1	1	60.7281	46.6074	41.5662	44.0187	53.7745	84.0674	93.8833	100.476	84.0585	81.4296	
12	1	1	1	1	1	60.7279	46.6072	41.566	44.0186	53.7745	84.0671	93.883	100.476	84.0583	81.4294	
13	1	1	1	1	1	60.7276	46.607	41.5658	44.0185	53.7745	84.0668	93.8827	100.475	84.058	81.4293	
14	1	1	1	1	1	60.7274	46.6068	41.5656	44.0184	53.7744	84.0665	93.8825	100.474	84.0578	81.4291	
15	1	1	1	1	1	60.7272	46.6066	41.5654	44.0183	53.7744	84.0661	93.8822	100.473	84.0576	81.429	
16	1	1	1	1	1	60.7269	46.6063	41.5652	44.0182	53.7743	84.0658	93.8819	100.473	84.0573	81.4288	
17	1	1	1	1	1	60.7267	46.6061	41.565	44.0181	53.7743	84.0655	93.8817	100.472	84.0571	81.4287	
18	1	1	1	1	1	60.7265	46.6059	41.5648	44.018	53.7742	84.0651	93.8814	100.471	84.0569	81.4285	
19	1	1	1	1	1	60.7262	46.6057	41.5646	44.0179	53.7742	84.0648	93.8811	100.47	84.0566	81.4284	
20	1	1	1	1	1	60.726	46.6055	41.5644	44.0178	53.7742	84.0644	93.8808	100.469	84.0564	81.4282	
21	1	1	1	1	1	60.7257	46.6052	41.5642	44.0177	53.7741	84.0641	93.8805	100.469	84.0561	81.4281	
22	1	1	1	1	1	60.7255	46.605	41.5639	44.0176	53.7741	84.0637	93.8803	100.468	84.0559	81.4279	
23	1	1	1	1	1	60.7252	46.6048	41.5637	44.0175	53.774	84.0634	93.88	100.467	84.0556	81.4278	
24	1	1	1	1	1	60.725	46.6045	41.5635	44.0174	53.774	84.063	93.8797	100.466	84.0554	81.4276	
25	1	1	1	1	1	60.7247	46.6043	41.5633	44.0173	53.7739	84.0626	93.8794	100.465	84.0551	81.4274	
26	1	1	1	1	1	60.7245	46.6041	41.563	44.0172	53.7739	84.0623	93.8791	100.464	84.0548	81.4273	
27	1	1	1	1	1	60.7242	46.6038	41.5628	44.0171	53.7738	84.0619	93.8788	100.463	84.0546	81.4271	
28	1	1	1	1	1	60.7239	46.6036	41.5626	44.017	53.7738	84.0615	93.8785	100.463	84.0543	81.427	
29	1	1	1	1	1	60.7237	46.6033	41.5623	44.0169	53.7737	84.0611	93.8782	100.462	84.054	81.4268	
30	1	1	1	1	1	60.7234	46.6031	41.5621	44.0168	53.7737	84.0608	93.8779	100.461	84.0538	81.4266	
31	1	1	1	1	1	60.7231	46.6028	41.5619	44.0167	53.7737	84.0604	93.8775	100.46	84.0535	81.4264	
32	1	1	1	1	1	60.7228	46.6026	41.5616	44.0166	53.7736	84.06	93.8772	100.459	84.0532	81.4263	
33	1	1	1	1	1	60.7226	46.6023	41.5614	44.0165	53.7736	84.0596	93.8769	100.458	84.0529	81.4261	
34	1	1	1	1	1	60.7223	46.6021	41.5611	44.0164	53.7735	84.0592	93.8766	100.457	84.0527	81.4259	
35	1	1	1	1	1	60.722	46.6018	41.5609	44.0163	53.7735	84.0588	93.8763	100.456	84.0524	81.4257	
36	1	1	1	1	1	60.7217	46.6015	41.5606	44.0162	53.7734	84.0584	93.8759	100.455	84.0521	81.4256	
37	1	1	1	1	1	60.7214	46.6013	41.5604	44.0161	53.7734	84.0579	93.8756	100.454	84.0518	81.4254	
38	1	1	1	1	1	60.7211	46.601	41.5601	44.0159	53.7733	84.0575	93.8753	100.453	84.0515	81.4252	
39	1	1	1	1	1	60.7208	46.6007	41.5598	44.0158	53.7732	84.0571	93.8749	100.452	84.0512	81.425	
40	1	1	1	1	1	60.7205	46.6005	41.5596	44.0157	53.7732	84.0567	93.8746	100.451	84.0509	81.4248	
41	1	1	1	1	1	60.7202	46.6002	41.5593	44.0156	53.7731	84.0563	93.8742	100.45	84.0506	81.4246	
42	1	1	1	1	1	60.7199	46.5999	41.559	44.0155	53.7731	84.0558	93.8739	100.449	84.0503	81.4244	
43	1	1	1	1	1	60.7196	46.5996	41.5588	44.0154	53.773	84.0554	93.8735	100.448	84.05	81.4242	
44	1	1	1	1	1	60.7193	46.5993	41.5585	44.0152	53.773	84.0549	93.8732	100.447	84.0497	81.424	
45	1	1	1	1	1	60.719	46.599	41.5582	44.0151	53.7729	84.0545	93.8728	100.446	84.0494	81.4238	
46	1	1	1	1	1	60.7186	46.5988	41.5579	44.015	53.7729	84.054	93.8724	100.445	84.049	81.4236	
47	1	1	1	1	1	60.7183	46.5985	41.5576	44.0149	53.7728	84.0536	93.8721	100.444	84.0487	81.4234	
48	1	1	1	1	1	60.718	46.5982	41.5574	44.0147	53.7727	84.0531	93.8717	100.443	84.0484	81.4232	
49	1	1	1	1	1	60.7177	46.5979	41.5571	44.0146	53.7727	84.0527	93.8713	100.442	84.0481	81.423	
50	1	1	1	1	1	60.7173	46.5976	41.5568	44.0145	53.7726	84.0522	93.8709	100.441	84.0477	81.4228	
51	1	1	1	1	1	60.717	46.5973	41.5565	44.0143	53.7726	84.0517	93.8706	100.439	84.0474	81.4226	
52	1	1	1	1	1	60.7167	46.5969	41.5562	44.0142	53.7725	84.0512	93.8702	100.438	84.0471	81.4224	
53	1	1	1	1	1	60.7163	46.5966	41.5559	44.0141	53.7725	84.0507	93.8698	100.437	84.0467	81.4222	
54	1	1	1	1	1	60.716	46.5963	41.5556	44.0139	53.7724	84.0503	93.8694	100.436	84.0464	81.422	
55	1	1	1	1	1	60.7156	46.596	41.5553	44.0138	53.7723	84.0498	93.869	100.435	84.046	81.4217	
56	1	1	1	1	1	60.7153	46.5957	41.555	44.0137	53.7723	84.0493	93.8686	100.434	84.0457	81.4215	
57	1	1	1	1	1	60.7149	46.5953	41.5547	44.0135	53.7722	84.0488	93.8682	100.432	84.0453	81.4213	
58	1	1	1	1	1	60.7146	46.595	41.5543	44.0134	53.7721	84.0482	93.8678	100.431	84.0449	81.4211	
59	1	1	1	1	1	60.7142	46.5947	41.554	44.0133	53.7721	84.0477	93.8673	100.43	84.0446	81.4208	
60	1	1	1	1	1	60.7138	46.5943	41.5537	44.0131	53.772	84.0472	93.8669	100.429	84.0442	81.4206	
61	1	1	1	1	1	60.7134	46.594	41.5534	44.013	53.7719	84.0467	93.8665	100.428	84.0438	81.4204	
62	1	1	1	1	1	60.7131	46.5937	41.553	44.0128	53.7719	84.0461	93.8661	100.426	84.0435	81.4201	
63	1	1	1	1	1	60.7127	46.5933	41.5527	44.0127	53.7718	84.0456	93.8656	100.425	84.0431	81.4199	
64	1	1	1	1	1	60.7123	46.593	41.5524	44.0125	53.7717	84.0451	93.8652	100.424	84.0427	81.4197	
65	1	1	1	1	1	60.7119	46.5926	41.552	44.0124	53.7717	84.0445	93.8648	100.423	84.0423	81.4194	
66	1	1	1	1	1	60.7115	46.5923	41.5517	44.0122	53.7716	84.044	93.8643	100.421	84.0419	81.4192	
67	1	1	1	1	1	60.7111	46.5919	41.5513	44.0121	53.7715	84.0434	93.8639	100.42	84.0415	81.4189	
68	1	1	1	1	1	60.7107	46.5915	41.551	44.0119	53.7715	84.0428	93.8634	100.419	84.0411	81.4187	
69	1	1	1	1	1	60.7103	46.5912	41.5506	44.0118	53.7714	84.0423	93.8629	100.417	84.0407	81.4184	
70	1	1	1	1	1	60.7099	46.5908	41.5503	44.0116	53.7713	84.0417	93.8625	100.416	84.0403	81.4182	
71	1	1	1	1	1	60.7095	46.5904	41.5499	44.0114	53.7712	84.0411	93.862	100.414	84.0399	81.4179	
72	1	1	1	1	1	60.7091	46.59	41.5496	44.0113	53.7712	84.0405	93.8615	100.413	84.0395	81.4176	
73	1	1	1	1	1	60.7087	46.5896	41.5492	44.0111	53.7711	84.0399	93.861	100.412	84.0391	81.4174	
74	1	1	1	1	1	60.7083	46.5893	41.5488	44.011	53.771	84.0393	93.8606	100.41	84.0387	81.4171	
75	1	1	1	1	1	60.7078	46.5889	41.5484	44.0108	53.7709	84.0387	93.8601	100.409	84.0382	81.4168	
76	1	1	1	1	1	60.7074	46.5885	41.5481	44.0106	53.7709	84.0381	93.8596	100.407	84.0378	81.4166	
77	1	1	1	1	1	60.707	46.5881	41.5477	44.0105	53.7708	84.0375	93.8591	100.406	84.0374	81.4163	
78	1	1	1	1	1	60.7065	46.5877	41.5473	44.0103	53.7707	84.0369	93.8586	100.404	84.0369	81.416	
79	1	1	1	1	1	60.7061	46.5873	41.5469	44.0101	53.7706	84.0362	93.8581	100.403	84.0365	81.4157	
80	1	1	1	1	1	60.7056	46.5869	41.5465	44.0099	53.7706	84.0356	93.8575	100.402	84.036	81.4155	
81	1	1	1	1	1	60.7052	46.5864	41.5461	44.0098	53.7705	84.035	93.857	100.4	84.0356	81.4152	
82	1	1	1	1	1	60.7047	46.586	41.5457	44.0096	53.7704	84.0343	93.8565	100.398	84.0351	81.4149	
83	1	1	1	1	1	60.7042	46.5856	41.5453	44.0094	53.7703	84.0336	93.856	100.397	84.0346	81.4146	
84	1	1	1	1	1	60.7038	46.5852	41.5449	44.0092	53.7702	84.033	93.8554	100.395	84.0342	81.4143	
85	1	1	1	1	1	60.7033	46.5847	41.5445	44.009	53.7701	84.0323	93.8549	100.394	84.0337	81.414	
86	1	1	1	1	1	60.7028	46.5843	41.5441	44.0088	53.7701	84.0316	93.8543	100.392	84.0332	81.4137	
87	1	1	1	1	1	60.7023	46.5838	41.5436	44.0087	53.77	84.0309	93.8538	100.391	84.0327	81.4134	
88	1	1	1	1	1	60.7019	46.5834	41.5432	44.0085	53.7699	84.0303	93.8532	100.389	84.0323	81.4131	
89	1	1	1	1	1	60.7014	46.5829	41.5428	44.0083	53.7698	84.0296	93.8527	100.387	84.0318	81.4128	
90	1	1	1	1	1	60.7009	46.5825	41.5423	44.0081	53.7697	84.0289	93.8521	100.386	84.0313	81.4125	
91	1	1	1	1	1	60.7004	46.582	41.5419	44.0079	53.7696	84.0281	93.8515	100.384	84.0308	81.4122	
92	1	1	1	1	1	60.6998	46.5816	41.5414	44.0077	53.7695	84.0274	93.8509	100.382	84.0303	81.4118	
93	1	1	1	1	1	60.6993	46.5811	41.541	44.0075	53.7694	84.0267	93.8504	100.381	84.0297	81.4115	
94	1	1	1	1	1	60.6988	46.5806	41.5405	44.0073	53.7693	84.026	93.8498	100.379	84.0292	81.4112	
95	1	1	1	1	1	60.6983	46.5801	41.5401	44.0071	53.7693	84.0252	93.8492	100.377	84.0287	81.4109	
96	1	1	1	1	1	60.6978	46.5797	41.5396	44.0069	53.7692	84.0245	93.8486	100.375	84.0282	81.4105	
97	1	1	1	1	1	60.6972	46.5792	41.5391	44.0067	53.7691	84.0237	93.8479	100.373	84.0276	81.4102	
98	1	1	1	1	1	60.6967	46.5787	41.5387	44.0065	53.769	84.0229	93.8473	100.372	84.0271	81.4098	
99	1	1	1	1	1	60.6961	46.5782	41.5382	44.0063	53.7689	84.0222	93.8467	100.37	84.0265	81.4095	
100	1	1	1	1	1	60.6956	46.5777	41.5377	44.006	53.7688	84.0214	93.8461	100.368	84.026	81.4092	
101	1	1	1	1	1	60.695	46.5772	41.5372	44.0058	53.7687	84.0206	93.8454	100.366	84.0254	81.4088	
102	1	1	1	1	1	60.6945	46.5766	41.5367	44.0056	53.7686	84.0198	93.8448	100.364	84.0249	81.4085	
103	1	1	1	1	1	60.6939	46.5761	41.5362	44.0054	53.7685	84.019	93.8441	100.362	84.0243	81.4081	
104	1	1	1	1	1	60.6933	46.5756	41.5357	44.0052	53.7684	84.0182	93.8435	100.36	84.0237	81.4077	
105	1	1	1	1	1	60.6927	46.5751	41.5352	44.0049	53.7683	84.0174	93.8428	100.359	84.0232	81.4074	
106	1	1	1	1	1	60.6922	46.5745	41.5347	44.0047	53.7682	84.0165	93.8421	100.357	84.0226	81.407	
107	1	1	1	1	1	60.6916	46.574	41.5342	44.0045	53.7681	84.0157	93.8415	100.355	84.022	81.4066	
108	1	1	1	1	1	60.691	46.5734	41.5337	44.0043	53.7679	84.0148	93.8408	100.353	84.0214	81.4063	
109	1	1	1	1	1	60.6904	46.5729	41.5331	44.004	53.7678	84.014	93.8401	100.351	84.0208	81.4059	
110	1	1	1	1	1	60.6897	46.5723	41.5326	44.0038	53.7677	84.0131	93.8394	100.349	84.0202	81.4055	
111	1	1	1	1	1	60.6891	46.5718	41.532	44.0035	53.7676	84.0122	93.8387	100.346	84.0195	81.4051	
112	1	1	1	1	1	60.6885	46.5712	41.5315	44.0033	53.7675	84.0114	93.838	100.344	84.0189	81.4047	
113	1	1	1	1	1	60.6879	46.5706	41.5309	44.0031	53.7674	84.0105	93.8373	100.342	84.0183	81.4043	
114	1	1	1	1	1	60.6872	46.57	41.5304	44.0028	53.7673	84.0096	93.8365	100.34	84.0177	81.4039	
115	1	1	1	1	1	60.6866	46.5694	41.5298	44.0026	53.7672	84.0087	93.8358	100.338	84.017	81.4035	
116	1	1	1	1	1	60.686	46.5688	41.5293	44.0023	53.7671	84.0077	93.8351	100.336	84.0164	81.4031	
117	1	1	1	1	1	60.6853	46.5682	41.5287	44.0021	53.7669	84.0068	93.8343	100.334	84.0157	81.4027	
118	1	1	1	1	1	60.6846	46.5676	41.5281	44.0018	53.7668	84.0059	93.8335	100.331	84.015	81.4023	
119	1	1	1	1	1	60.684	46.567	41.5275	44.0015	53.7667	84.0049	93.8328	100.329	84.0144	81.4019	
120	1	1	1	1	1	60.6833	46.5664	41.5269	44.0013	53.7666	84.004	93.832	100.327	84.0137	81.4014	
121	1	1	1	1	1	60.6826	46.5658	41.5263	44.001	53.7665	84.003	93.8312	100.325	84.013	81.401	
122	1	1	1	1	1	60.6819	46.5651	41.5257	44.0008	53.7663	84.002	93.8304	100.322	84.0123	81.4006	
123	1	1	1	1	1	60.6812	46.5645	41.5251	44.0005	53.7662	84.001	93.8296	100.32	84.0116	81.4001	
124	1	1	1	1	1	60.6805	46.5639	41.5245	44.0002	53.7661	84	93.8288	100.318	84.0109	81.3997	
125	1	1	1	1	1	60.6798	46.5632	41.5239	43.9999	53.766	83.999	93.828	100.315	84.0102	81.3993	
126	1	1	1	1	1	60.6791	46.5626	41.5232	43.9997	53.7658	83.998	93.8272	100.313	84.0095	81.3988	
127	1	1	1	1	1	60.6784	46.5619	41.5226	43.9994	53.7657	83.997	93.8264	100.311	84.0088	81.3983	
128	1	1	1	1	1	60.6776	46.5612	41.522	43.9991	53.7656	83.9959	93.8255	100.308	84.008	81.3979	
129	1	1	1	1	1	60.6769	46.5605	41.5213	43.9988	53.7654	83.9949	93.8247	100.306	84.0073	81.3974	
130	1	1	1	1	1	60.6761	46.5599	41.5207	43.9985	53.7653	83.9938	93.8238	100.303	84.0066	81.3969	
131	1	1	1	1	1	60.6754	46.5592	41.52	43.9982	53.7652	83.9928	93.823	100.301	84.0058	81.3965	
132	1	1	1	1	1	60.6746	46.5585	41.5193	43.9979	53.765	83.9917	93.8221	100.298	84.005	81.396	
133	1	1	1	1	1	60.6738	46.5577	41.5187	43.9976	53.7649	83.9906	93.8212	100.295	84.0043	81.3955	
134	1	1	1	1	1	60.6731	46.557	41.518	43.9973	53.7647	83.9895	93.8203	100.293	84.0035	81.395	
135	1	1	1	1	1	60.6723	46.5563	41.5173	43.997	53.7646	83.9884	93.8194	100.29	84.0027	81.3945	
136	1	1	1	1	1	60.6715	46.5556	41.5166	43.9967	53.7645	83.9872	93.8185	100.288	84.0019	81.394	
137	1	1	1	1	1	60.6707	46.5548	41.5159	43.9964	53.7643	83.9861	93.8176	100.285	84.0011	81.3935	
138	1	1	1	1	1	60.6699	46.5541	41.5152	43.9961	53.7642	83.985	93.8167	100.282	84.0003	81.393	
139	1	1	1	1	1	60.669	46.5533	41.5144	43.9958	53.764	83.9838	93.8157	100.279	83.9995	81.3925	
140	1	1	1	1	1	60.6682	46.5526	41.5137	43.9955	53.7639	83.9826	93.8148	100.277	83.9986	81.392	
141	1	1	1	1	1	60.6674	46.5518	41.513	43.9951	53.7637	83.9814	93.8138	100.274	83.9978	81.3915	
142	1	1	1	1	1	60.6665	46.551	41.5122	43.9948	53.7636	83.9802	93.8128	100.271	83.997	81.3909	
143	1	1	1	1	1	60.6657	46.5503	41.5115	43.9945	53.7634	83.979	93.8119	100.268	83.9961	81.3904	
144	1	1	1	1	1	60.6648	46.5495	41.5107	43.9941	53.7633	83.9778	93.8109	100.265	83.9952	81.3898	
145	1	1	1	1	1	60.6639	46.5487	41.51	43.9938	53.7631	83.9766	93.8099	100.262	83.9944	81.3893	
146	1	1	1	1	1	60.663	46.5479	41.5092	43.9935	53.7629	83.9753	93.8089	100.259	83.9935	81.3887	
147	1	1	1	1	1	60.6622	46.547	41.5084	43.9931	53.7628	83.9741	93.8079	100.256	83.9926	81.3882	
148	1	1	1	1	1	60.6613	46.5462	41.5076	43.9928	53.7626	83.9728	93.8068	100.253	83.9917	81.3876	
149	1	1	1	1	1	60.6603	46.5454	41.5068	43.9924	53.7625	83.9715	93.8058	100.25	83.9908	81.387	
150	1	1	1	1	1	60.6594	46.5445	41.506	43.9921	53.7623	83.9702	93.8047	100.247	83.9899	81.3865	
151	1	1	1	1	1	60.6585	46.5437	41.5052	43.9917	53.7621	83.9689	93.8037	100.244	83.9889	81.3859	
152	1	1	1	1	1	60.6576	46.5428	41.5044	43.9913	53.762	83.9676	93.8026	100.241	83.988	81.3853	
153	1	1	1	1	1	60.6566	46.542	41.5036	43.991	53.7618	83.9662	93.8015	100.238	83.9871	81.3847	
154	1	1	1	1	1	60.6557	46.5411	41.5027	43.9906	53.7616	83.9649	93.8004	100.235	83.9861	81.3841	
155	1	1	1	1	1	60.6547	46.5402	41.5019	43.9902	53.7614	83.9635	93.7993	100.232	83.9851	81.3835	
156	1	1	1	1	1	60.6537	46.5393	41.501	43.9899	53.7613	83.9621	93.7982	100.228	83.9842	81.3829	
157	1	1	1	1	1	60.6527	46.5384	41.5002	43.9895	53.7611	83.9607	93.7971	100.225	83.9832	81.3823	
158	1	1	1	1	1	60.6517	46.5375	41.4993	43.9891	53.7609	83.9593	93.7959	100.222	83.9822	81.3816	
159	1	1	1	1	1	60.6507	46.5366	41.4984	43.9887	53.7607	83.9579	93.7948	100.218	83.9812	81.381	
160	1	1	1	1	1	60.6497	46.5356	41.4975	43.9883	53.7605	83.9564	93.7936	100.215	83.9801	81.3804	
161	1	1	1	1	1	60.6487	46.5347	41.4966	43.9879	53.7604	83.955	93.7924	100.211	83.9791	81.3797	
162	1	1	1	1	1	60.6476	46.5337	41.4957	43.9875	53.7602	83.9535	93.7913	100.208	83.9781	81.3791	
163	1	1	1	1	1	60.6466	46.5328	41.4948	43.9871	53.76	83.952	93.7901	100.204	83.977	81.3784	
164	1	1	1	1	1	60.6455	46.5318	41.4939	43.9867	53.7598	83.9505	93.7889	100.201	83.976	81.3778	
165	1	1	1	1	1	60.6445	46.5308	41.493	43.9863	53.7596	83.949	93.7876	100.197	83.9749	81.3771	
166	1	1	1	1	1	60.6434	46.5298	41.492	43.9859	53.7594	83.9475	93.7864	100.194	83.9738	81.3764	
167	1	1	1	1	1	60.6423	46.5288	41.4911	43.9855	53.7592	83.9459	93.7851	100.19	83.9727	81.3757	
168	1	1	1	1	1	60.6412	46.5278	41.4901	43.985	53.759	83.9444	93.7839	100.186	83.9716	81.375	
169	1	1	1	1	1	60.6401	46.5268	41.4891	43.9846	53.7588	83.9428	93.7826	100.183	83.9705	81.3743	
170	1	1	1	1	1	60.6389	46.5257	41.4881	43.9842	53.7586	83.9412	93.7813	100.179	83.9694	81.3736	
171	1	1	1	1	1	60.6378	46.5247	41.4871	43.9837	53.7584	83.9396	93.78	100.175	83.9682	81.3729	
172	1	1	1	1	1	60.6366	46.5236	41.4861	43.9833	53.7582	83.9379	93.7787	100.171	83.9671	81.3722	
173	1	1	1	1	1	60.6355	46.5226	41.4851	43.9828	53.758	83.9363	93.7774	100.167	83.9659	81.3715	
174	1	1	1	1	1	60.6343	46.5215	41.4841	43.9824	53.7578	83.9346	93.776	100.163	83.9648	81.3707	
175	1	1	1	1	1	60.6331	46.5204	41.483	43.9819	53.7575	83.933	93.7747	100.16	83.9636	81.37	
176	1	1	1	1	1	60.6319	46.5193	41.482	43.9815	53.7573	83.9313	93.7733	100.156	83.9624	81.3692	
177	1	1	1	1	1	60.6307	46.5182	41.4809	43.981	53.7571	83.9295	93.7719	100.151	83.9612	81.3685	
178	1	1	1	1	1	60.6295	46.517	41.4799	43.9805	53.7569	83.9278	93.7705	100.147	83.9599	81.3677	
179	1	1	1	1	1	60.6282	46.5159	41.4788	43.9801	53.7566	83.9261	93.7691	100.143	83.9587	81.3669	
180	1	1	1	1	1	60.627	46.5148	41.4777	43.9796	53.7564	83.9243	93.7677	100.139	83.9574	81.3661	
181	1	1	1	1	1	60.6257	46.5136	41.4766	43.9791	53.7562	83.9225	93.7662	100.135	83.9562	81.3653	
182	1	1	1	1	1	60.6245	46.5124	41.4755	43.9786	53.756	83.9207	93.7648	100.131	83.9549	81.3645	
183	1	1	1	1	1	60.6232	46.5112	41.4744	43.9781	53.7557	83.9189	93.7633	100.126	83.9536	81.3637	
184	1	1	1	1	1	60.6219	46.51	41.4732	43.9776	53.7555	83.917	93.7618	100.122	83.9523	81.3629	
185	1	1	1	1	1	60.6205	46.5088	41.4721	43.9771	53.7552	83.9152	93.7603	100.118	83.951	81.3621	
186	1	1	1	1	1	60.6192	46.5076	41.4709	43.9766	53.755	83.9133	93.7588	100.113	83.9497	81.3613	
187	1	1	1	1	1	60.6179	46.5064	41.4697	43.9761	53.7548	83.9114	93.7573	100.109	83.9483	81.3604	
188	1	1	1	1	1	60.6165	46.5051	41.4686	43.9756	53.7545	83.9095	93.7557	100.104	83.947	81.3596	
189	1	1	1	1	1	60.6151	46.5039	41.4674	43.975	53.7543	83.9075	93.7541	100.1	83.9456	81.3587	
190	1	1	1	1	1	60.6138	46.5026	41.4662	43.9745	53.754	83.9056	93.7526	100.095	83.9442	81.3578	
191	1	1	1	1	1	60.6124	46.5013	41.4649	43.974	53.7538	83.9036	93.751	100.09	83.9428	81.357	
192	1	1	1	1	1	60.6109	46.5	41.4637	43.9734	53.7535	83.9016	93.7493	100.085	83.9414	81.3561	
193	1	1	1	1	1	60.6095	46.4987	41.4625	43.9729	53.7532	83.8996	93.7477	100.081	83.94	81.3552	
194	1	1	1	1	1	60.6081	46.4974	41.4612	43.9723	53.753	83.8975	93.7461	100.076	83.9385	81.3543	
195	1	1	1	1	1	60.6066	46.496	41.4599	43.9718	53.7527	83.8954	93.7444	100.071	83.9371	81.3534	
196	1	1	1	1	1	60.6051	46.4947	41.4586	43.9712	53.7524	83.8934	93.7427	100.066	83.9356	81.3524	
197	1	1	1	1	1	60.6036	46.4933	41.4573	43.9706	53.7522	83.8913	93.741	100.061	83.9341	81.3515	
198	1	1	1	1	1	60.6021	46.4919	41.456	43.97	53.7519	83.8891	93.7393	100.056	83.9326	81.3506	
199	1	1	1	1	1	60.6006	46.4905	41.4547	43.9695	53.7516	83.887	93.7376	100.051	83.9311	81.3496	
200	1	1	1	1	1	60.5991	46.4891	41.4534	43.9689	53.7513	83.8848	93.7358	100.046	83.9296	81.3486	
201	1	1	1	1	1	60.5975	46.4877	41.452	43.9683	53.751	83.8826	93.734	100.041	83.928	81.3477	
202	1	1	1	1	1	60.596	46.4862	41.4506	43.9677	53.7507	83.8804	93.7322	100.035	83.9264	81.3467	
203	1	1	1	1	1	60.5944	46.4848	41.4493	43.9671	53.7505	83.8781	93.7304	100.03	83.9249	81.3457	
204	1	1	1	1	1	60.5928	46.4833	41.4479	43.9665	53.7502	83.8759	93.7286	100.025	83.9232	81.3447	
205	1	1	1	1	1	60.5912	46.4818	41.4465	43.9658	53.7499	83.8736	93.7268	100.019	83.9216	81.3437	
206	1	1	1	1	1	60.5895	46.4803	41.445	43.9652	53.7496	83.8713	93.7249	100.014	83.92	81.3426	
207	1	1	1	1	1	60.5879	46.4788	41.4436	43.9646	53.7493	83.8689	93.723	100.008	83.9183	81.3416	
208	1	1	1	1	1	60.5862	46.4772	41.4421	43.9639	53.7489	83.8666	93.7211	100.003	83.9167	81.3406	
209	1	1	1	1	1	60.5845	46.4757	41.4407	43.9633	53.7486	83.8642	93.7192	99.9972	83.915	81.3395	
210	1	1	1	1	1	60.5828	46.4741	41.4392	43.9627	53.7483	83.8618	93.7172	99.9915	83.9133	81.3384	
211	1	1	1	1	1	60.5811	46.4725	41.4377	43.962	53.748	83.8593	93.7153	99.9858	83.9116	81.3374	
212	1	1	1	1	1	60.5793	46.4709	41.4362	43.9613	53.7477	83.8569	93.7133	99.98	83.9098	81.3363	
213	1	1	1	1	1	60.5776	46.4693	41.4346	43.9607	53.7474	83.8544	93.7113	99.9741	83.9081	81.3352	
214	1	1	1	1	1	60.5758	46.4676	41.4331	43.96	53.747	83.8519	93.7092	99.9682	83.9063	81.3341	
215	1	1	1	1	1	60.574	46.466	41.4315	43.9593	53.7467	83.8493	93.7072	99.9622	83.9045	81.3329	
216	1	1	1	1	1	60.5722	46.4643	41.4299	43.9586	53.7464	83.8468	93.7051	99.9561	83.9027	81.3318	
217	1	1	1	1	1	60.5704	46.4626	41.4284	43.9579	53.746	83.8442	93.703	99.95	83.9009	81.3307	
218	1	1	1	1	1	60.5685	46.4609	41.4267	43.9572	53.7457	83.8416	93.7009	99.9438	83.899	81.3295	
219	1	1	1	1	1	60.5666	46.4592	41.4251	43.9565	53.7453	83.8389	93.6988	99.9375	83.8971	81.3283	
220	1	1	1	1	1	60.5647	46.4574	41.4235	43.9558	53.745	83.8362	93.6966	99.9312	83.8952	81.3271	
221	1	1	1	1	1	60.5628	46.4557	41.4218	43.955	53.7446	83.8335	93.6944	99.9248	83.8933	81.3259	
222	1	1	1	1	1	60.5609	46.4539	41.4201	43.9543	53.7443	83.8308	93.6922	99.9184	83.8914	81.3247	
223	1	1	1	1	1	60.559	46.4521	41.4184	43.9535	53.7439	83.828	93.69	99.9119	83.8894	81.3235	
224	1	1	1	1	1	60.557	46.4503	41.4167	43.9528	53.7435	83.8252	93.6877	99.9053	83.8875	81.3223	
225	1	1	1	1	1	60.555	46.4484	41.415	43.952	53.7432	83.8224	93.6855	99.8986	83.8855	81.321	
226	1	1	1	1	1	60.553	46.4466	41.4132	43.9513	53.7428	83.8196	93.6832	99.8919	83.8835	81.3198	
227	1	1	1	1	1	60.5509	46.4447	41.4115	43.9505	53.7424	83.8167	93.6809	99.8851	83.8814	81.3185	
228	1	1	1	1	1	60.5489	46.4428	41.4097	43.9497	53.742	83.8138	93.6785	99.8782	83.8794	81.3172	
229	1	1	1	1	1	60.5468	46.4409	41.4079	43.9489	53.7416	83.8109	93.6761	99.8713	83.8773	81.3159	
230	1	1	1	1	1	60.5447	46.4389	41.406	43.9481	53.7412	83.8079	93.6737	99.8643	83.8752	81.3146	
231	1	1	1	1	1	60.5426	46.437	41.4042	43.9473	53.7409	83.8049	93.6713	99.8572	83.8731	81.3133	
232	1	1	1	1	1	60.5404	46.435	41.4023	43.9465	53.7405	83.8019	93.6689	99.85	83.8709	81.3119	
233	1	1	1	1	1	60.5383	46.433	41.4005	43.9457	53.74	83.7988	93.6664	99.8428	83.8688	81.3106	
234	1	1	1	1	1	60.5361	46.431	41.3986	43.9448	53.7396	83.7957	93.6639	99.8354	83.8666	81.3092	
235	1	1	1	1	1	60.5339	46.4289	41.3966	43.944	53.7392	83.7926	93.6614	99.8281	83.8644	81.3078	
236	1	1	1	1	1	60.5316	46.4269	41.3947	43.9432	53.7388	83.7894	93.6588	99.8206	83.8621	81.3064	
237	1	1	1	1	1	60.5294	46.4248	41.3927	43.9423	53.7384	83.7862	93.6563	99.813	83.8599	81.305	
238	1	1	1	1	1	60.5271	46.4227	41.3907	43.9414	53.738	83.783	93.6536	99.8054	83.8576	81.3036	
239	1	1	1	1	1	60.5248	46.4205	41.3887	43.9405	53.7375	83.7797	93.651	99.7977	83.8553	81.3021	
240	1	1	1	1	1	60.5224	46.4184	41.3867	43.9397	53.7371	83.7764	93.6484	99.7899	83.853	81.3007	
241	1	1	1	1	1	60.5201	46.4162	41.3847	43.9388	53.7366	83.7731	93.6457	99.782	83.8506	81.2992	
242	1	1	1	1	1	60.5177	46.414	41.3826	43.9379	53.7362	83.7697	93.643	99.7741	83.8482	81.2977	
243	1	1	1	1	1	60.5153	46.4118	41.3805	43.937	53.7357	83.7663	93.6402	99.766	83.8458	81.2962	
244	1	1	1	1	1	60.5129	46.4095	41.3784	43.936	53.7353	83.7629	93.6374	99.7579	83.8434	81.2947	
245	1	1	1	1	1	60.5104	46.4072	41.3763	43.9351	53.7348	83.7594	93.6346	99.7497	83.8409	81.2931	
246	1	1	1	1	1	60.5079	46.4049	41.3741	43.9342	53.7343	83.7559	93.6318	99.7414	83.8384	81.2916	
247	1	1	1	1	1	60.5054	46.4026	41.372	43.9332	53.7339	83.7523	93.6289	99.733	83.8359	81.29	
248	1	1	1	1	1	60.5029	46.4003	41.3698	43.9322	53.7334	83.7488	93.626	99.7245	83.8334	81.2884	
249	1	1	1	1	1	60.5003	46.3979	41.3675	43.9313	53.7329	83.7451	93.6231	99.7159	83.8308	81.2868	
250	1	1	1	1	1	60.4977	46.3955	41.3653	43.9303	53.7324	83.7415	93.6202	99.7073	83.8282	81.2852	
251	1	1	1	1	1	60.4951	46.3931	41.363	43.9293	53.7319	83.7378	93.6172	99.6985	83.8256	81.2836	
252	1	1	1	1	1	60.4925	46.3906	41.3607	43.9283	53.7314	83.734	93.6142	99.6897	83.823	81.2819	
253	1	1	1	1	1	60.4898	46.3881	41.3584	43.9273	53.7309	83.7302	93.6111	99.6807	83.8203	81.2802	
254	1	1	1	1	1	60.4871	46.3856	41.3561	43.9263	53.7304	83.7264	93.608	99.6717	83.8176	81.2785	
255	1	1	1	1	1	60.4843	46.3831	41.3537	43.9252	53.7299	83.7226	93.6049	99.6626	83.8149	81.2768	
256	1	1	1	1	1	60.4816	46.3805	41.3513	43.9242	53.7293	83.7187	93.6018	99.6533	83.8121	81.2751	
257	1	1	1	1	1	60.4788	46.3779	41.3489	43.9231	53.7288	83.7147	93.5986	99.644	83.8093	81.2734	
258	1	1	1	1	1	60.476	46.3753	41.3465	43.9221	53.7283	83.7107	93.5954	99.6346	83.8065	81.2716	
259	1	1	1	1	1	60.4731	46.3727	41.344	43.921	53.7277	83.7067	93.5921	99.625	83.8036	81.2698	
260	1	1	1	1	1	60.4702	46.37	41.3415	43.9199	53.7272	83.7026	93.5889	99.6154	83.8008	81.268	
261	1	1	1	1	1	60.4673	46.3673	41.339	43.9188	53.7266	83.6985	93.5855	99.6057	83.7979	81.2662	
262	1	1	1	1	1	60.4644	46.3646	41.3364	43.9177	53.7261	83.6944	93.5822	99.5958	83.7949	81.2644	
263	1	1	1	1	1	60.4614	46.3618	41.3339	43.9166	53.7255	83.6902	93.5788	99.5859	83.7919	81.2625	
264	1	1	1	1	1	60.4584	46.359	41.3313	43.9154	53.7249	83.6859	93.5754	99.5758	83.7889	81.2606	
265	1	1	1	1	1	60.4554	46.3562	41.3287	43.9143	53.7243	83.6816	93.5719	99.5657	83.7859	81.2587	
266	1	1	1	1	1	60.4523	46.3534	41.326	43.9131	53.7238	83.6773	93.5684	99.5554	83.7828	81.2568	
267	1	1	1	1	1	60.4492	46.3505	41.3233	43.912	53.7232	83.6729	93.5649	99.545	83.7797	81.2549	
268	1	1	1	1	1	60.4461	46.3476	41.3206	43.9108	53.7226	83.6685	93.5613	99.5345	83.7766	81.2529	
269	1	1	1	1	1	60.4429	46.3446	41.3179	43.9096	53.7219	83.664	93.5577	99.5239	83.7734	81.2509	
270	1	1	1	1	1	60.4397	46.3416	41.3151	43.9084	53.7213	83.6595	93.554	99.5132	83.7702	81.2489	
271	1	1	1	1	1	60.4364	46.3386	41.3123	43.9072	53.7207	83.6549	93.5504	99.5024	83.767	81.2469	
272	1	1	1	1	1	60.4332	46.3356	41.3095	43.906	53.7201	83.6503	93.5466	99.4914	83.7637	81.2449	
273	1	1	1	1	1	60.4299	46.3325	41.3066	43.9047	53.7194	83.6456	93.5429	99.4804	83.7604	81.2428	
274	1	1	1	1	1	60.4265	46.3294	41.3037	43.9035	53.7188	83.6409	93.5391	99.4692	83.7571	81.2407	
275	1	1	1	1	1	60.4231	46.3263	41.3008	43.9022	53.7181	83.6361	93.5352	99.4579	83.7537	81.2386	
276	1	1	1	1	1	60.4197	46.3231	41.2979	43.9009	53.7175	83.6313	93.5313	99.4465	83.7503	81.2365	
277	1	1	1	1	1	60.4163	46.3199	41.2949	43.8996	53.7168	83.6264	93.5274	99.4349	83.7468	81.2343	
278	1	1	1	1	1	60.4128	46.3166	41.2919	43.8983	53.7161	83.6215	93.5234	99.4232	83.7433	81.2321	
279	1	1	1	1	1	60.4092	46.3133	41.2889	43.897	53.7154	83.6165	93.5194	99.4114	83.7398	81.2299	
280	1	1	1	1	1	60.4057	46.31	41.2858	43.8956	53.7147	83.6115	93.5153	99.3995	83.7362	81.2277	
281	1	1	1	1	1	60.4021	46.3066	41.2827	43.8943	53.714	83.6064	93.5112	99.3874	83.7326	81.2254	
282	1	1	1	1	1	60.3984	46.3033	41.2795	43.8929	53.7133	83.6012	93.5071	99.3752	83.729	81.2232	
283	1	1	1	1	1	60.3947	46.2998	41.2764	43.8916	53.7126	83.596	93.5029	99.3629	83.7253	81.2209	
284	1	1	1	1	1	60.391	46.2964	41.2732	43.8902	53.7119	83.5908	93.4987	99.3505	83.7216	81.2185	
285	1	1	1	1	1	60.3872	46.2928	41.2699	43.8888	53.7111	83.5854	93.4944	99.3379	83.7178	81.2162	
286	1	1	1	1	1	60.3834	46.2893	41.2667	43.8873	53.7104	83.5801	93.49	99.3251	83.714	81.2138	
287	1	1	1	1	1	60.3796	46.2857	41.2633	43.8859	53.7096	83.5746	93.4857	99.3123	83.7101	81.2114	
288	1	1	1	1	1	60.3757	46.2821	41.26	43.8845	53.7089	83.5692	93.4812	99.2992	83.7063	81.209	
289	1	1	1	1	1	60.3718	46.2784	41.2566	43.883	53.7081	83.5636	93.4768	99.2861	83.7023	81.2065	
290	1	1	1	1	1	60.3678	46.2747	41.2532	43.8815	53.7073	83.558	93.4723	99.2728	83.6984	81.2041	
291	1	1	1	1	1	60.3638	46.271	41.2498	43.88	53.7065	83.5523	93.4677	99.2594	83.6943	81.2016	
292	1	1	1	1	1	60.3597	46.2672	41.2463	43.8785	53.7057	83.5466	93.4631	99.2458	83.6903	81.199	
293	1	1	1	1	1	60.3556	46.2633	41.2427	43.877	53.7049	83.5408	93.4584	99.232	83.6862	81.1965	
294	1	1	1	1	1	60.3515	46.2595	41.2392	43.8754	53.7041	83.535	93.4537	99.2181	83.682	81.1939	
295	1	1	1	1	1	60.3473	46.2555	41.2356	43.8739	53.7033	83.529	93.4489	99.2041	83.6778	81.1913	
296	1	1	1	1	1	60.343	46.2516	41.2319	43.8723	53.7024	83.5231	93.4441	99.1899	83.6736	81.1886	
297	1	1	1	1	1	60.3387	46.2476	41.2283	43.8707	53.7016	83.517	93.4392	99.1756	83.6693	81.186	
298	1	1	1	1	1	60.3344	46.2435	41.2246	43.8691	53.7007	83.5109	93.4343	99.1611	83.665	81.1833	
299	1	1	1	1	1	60.33	46.2394	41.2208	43.8675	53.6999	83.5047	93.4293	99.1464	83.6606	81.1805	
300	1	1	1	1	1	60.3256	46.2353	41.217	43.8658	53.699	83.4985	93.4243	99.1316	83.6562	81.1778	
301	1	1	1	1	1	60.3211	46.2311	41.2132	43.8642	53.6981	83.4922	93.4192	99.1166	83.6517	81.175	
302	1	1	1	1	1	60.3166	46.2269	41.2093	43.8625	53.6972	83.4858	93.414	99.1014	83.6472	81.1722	
303	1	1	1	1	1	60.312	46.2226	41.2054	43.8608	53.6963	83.4793	93.4088	99.0861	83.6426	81.1693	
304	1	1	1	1	1	60.3074	46.2182	41.2014	43.8591	53.6953	83.4728	93.4036	99.0706	83.638	81.1664	
305	1	1	1	1	1	60.3027	46.2139	41.1974	43.8573	53.6944	83.4662	93.3983	99.0549	83.6333	81.1635	
306	1	1	1	1	1	60.298	46.2094	41.1933	43.8556	53.6935	83.4595	93.3929	99.0391	83.6285	81.1606	
307	1	1	1	1	1	60.2932	46.2049	41.1893	43.8538	53.6925	83.4528	93.3875	99.0231	83.6238	81.1576	
308	1	1	1	1	1	60.2883	46.2004	41.1851	43.852	53.6915	83.446	93.382	99.0069	83.6189	81.1546	
309	1	1	1	1	1	60.2834	46.1958	41.1809	43.8502	53.6905	83.4391	93.3764	98.9905	83.614	81.1515	
310	1	1	1	1	1	60.2785	46.1912	41.1767	43.8484	53.6895	83.4321	93.3708	98.974	83.6091	81.1485	
311	1	1	1	1	1	60.2735	46.1865	41.1724	43.8466	53.6885	83.4251	93.3651	98.9572	83.6041	81.1453	
312	1	1	1	1	1	60.2685	46.1818	41.1681	43.8447	53.6875	83.4179	93.3594	98.9403	83.599	81.1422	
313	1	1	1	1	1	60.2633	46.177	41.1638	43.8428	53.6865	83.4107	93.3536	98.9232	83.5939	81.139	
314	1	1	1	1	1	60.2582	46.1721	41.1594	43.8409	53.6854	83.4035	93.3477	98.9059	83.5888	81.1358	
315	1	1	1	1	1	60.2529	46.1672	41.1549	43.839	53.6844	83.3961	93.3418	98.8884	83.5835	81.1326	
316	1	1	1	1	1	60.2477	46.1623	41.1504	43.8371	53.6833	83.3887	93.3358	98.8707	83.5783	81.1293	
317	1	1	1	1	1	60.2423	46.1572	41.1458	43.8351	53.6822	83.3811	93.3297	98.8528	83.5729	81.126	
318	1	1	1	1	1	60.2369	46.1522	41.1412	43.8331	53.6811	83.3735	93.3236	98.8347	83.5675	81.1226	
319	1	1	1	1	1	60.2315	46.147	41.1366	43.8311	53.68	83.3659	93.3174	98.8164	83.5621	81.1192	
320	1	1	1	1	1	60.2259	46.1418	41.1319	43.8291	53.6789	83.3581	93.3112	98.7979	83.5565	81.1158	
321	1	1	1	1	1	60.2204	46.1366	41.1271	43.827	53.6777	83.3502	93.3048	98.7792	83.551	81.1123	
322	1	1	1	1	1	60.2147	46.1313	41.1223	43.825	53.6766	83.3423	93.2984	98.7603	83.5453	81.1088	
323	1	1	1	1	1	60.209	46.1259	41.1175	43.8229	53.6754	83.3342	93.2919	98.7412	83.5396	81.1052	
324	1	1	1	1	1	60.2032	46.1205	41.1125	43.8208	53.6742	83.3261	93.2854	98.7218	83.5338	81.1017	
325	1	1	1	1	1	60.1974	46.115	41.1076	43.8186	53.673	83.3179	93.2788	98.7023	83.528	81.098	
326	1	1	1	1	1	60.1915	46.1094	41.1026	43.8165	53.6718	83.3096	93.2721	98.6825	83.5221	81.0944	
327	1	1	1	1	1	60.1855	46.1038	41.0975	43.8143	53.6705	83.3012	93.2653	98.6625	83.5161	81.0906	
328	1	1	1	1	1	60.1795	46.0981	41.0924	43.8121	53.6693	83.2927	93.2585	98.6422	83.5101	81.0869	
329	1	1	1	1	1	60.1734	46.0923	41.0872	43.8099	53.668	83.2841	93.2516	98.6218	83.504	81.0831	
330	1	1	1	1	1	60.1672	46.0865	41.0819	43.8076	53.6667	83.2754	93.2446	98.6011	83.4978	81.0793	
331	1	1	1	1	1	60.1609	46.0806	41.0766	43.8054	53.6654	83.2666	93.2375	98.5802	83.4916	81.0754	
332	1	1	1	1	1	60.1546	46.0747	41.0713	43.8031	53.6641	83.2577	93.2303	98.559	83.4853	81.0715	
333	1	1	1	1	1	60.1482	46.0686	41.0659	43.8007	53.6628	83.2488	93.2231	98.5376	83.4789	81.0675	
334	1	1	1	1	1	60.1418	46.0625	41.0604	43.7984	53.6614	83.2397	93.2158	98.5159	83.4724	81.0635	
335	1	1	1	1	1	60.1352	46.0564	41.0549	43.796	53.6601	83.2305	93.2084	98.494	83.4659	81.0595	
336	1	1	1	1	1	60.1286	46.0501	41.0493	43.7936	53.6587	83.2212	93.2009	98.4719	83.4593	81.0554	
337	1	1	1	1	1	60.1219	46.0438	41.0436	43.7912	53.6573	83.2118	93.1933	98.4495	83.4526	81.0512	
338	1	1	1	1	1	60.1152	46.0374	41.0379	43.7888	53.6559	83.2023	93.1857	98.4268	83.4458	81.047	
339	1	1	1	1	1	60.1083	46.0309	41.0321	43.7863	53.6544	83.1927	93.1779	98.4039	83.439	81.0428	
340	1	1	1	1	1	60.1014	46.0244	41.0263	43.7838	53.653	83.183	93.1701	98.3807	83.4321	81.0385	
341	1	1	1	1	1	60.0944	46.0178	41.0204	43.7813	53.6515	83.1731	93.1622	98.3572	83.4251	81.0342	
342	1	1	1	1	1	60.0873	46.0111	41.0144	43.7787	53.65	83.1632	93.1542	98.3335	83.418	81.0298	
343	1	1	1	1	1	60.0802	46.0043	41.0083	43.7761	53.6485	83.1532	93.1461	98.3095	83.4109	81.0253	
344	1	1	1	1	1	60.073	45.9974	41.0022	43.7735	53.6469	83.143	93.1379	98.2852	83.4036	81.0209	
345	1	1	1	1	1	60.0656	45.9905	40.9961	43.7709	53.6453	83.1327	93.1296	98.2607	83.3963	81.0163	
346	1	1	1	1	1	60.0582	45.9835	40.9898	43.7682	53.6438	83.1223	93.1213	98.2358	83.3889	81.0117	
347	1	1	1	1	1	60.0507	45.9764	40.9835	43.7656	53.6422	83.1118	93.1128	98.2107	83.3814	81.0071	
348	1	1	1	1	1	60.0432	45.9692	40.9771	43.7628	53.6405	83.1012	93.1042	98.1853	83.3738	81.0024	
349	1	1	1	1	1	60.0355	45.9619	40.9707	43.7601	53.6389	83.0904	93.0956	98.1596	83.3662	80.9977	
350	1	1	1	1	1	60.0277	45.9545	40.9642	43.7573	53.6372	83.0795	93.0868	98.1336	83.3584	80.9929	
351	1	1	1	1	1	60.0199	45.9471	40.9576	43.7545	53.6355	83.0685	93.078	98.1072	83.3506	80.988	
352	1	1	1	1	1	60.0119	45.9395	40.9509	43.7517	53.6338	83.0574	93.069	98.0806	83.3427	80.9831	
353	1	1	1	1	1	60.0039	45.9319	40.9442	43.7488	53.6321	83.0461	93.0599	98.0537	83.3346	80.9781	
354	1	1	1	1	1	59.9958	45.9242	40.9373	43.7459	53.6303	83.0347	93.0508	98.0264	83.3265	80.9731	
355	1	1	1	1	1	59.9876	45.9163	40.9304	43.743	53.6285	83.0232	93.0415	97.9989	83.3183	80.968	
356	1	1	1	1	1	59.9793	45.9084	40.9235	43.74	53.6267	83.0116	93.0321	97.971	83.31	80.9629	
357	1	1	1	1	1	59.9708	45.9004	40.9164	43.737	53.6249	82.9998	93.0226	97.9427	83.3016	80.9577	
358	1	1	1	1	1	59.9623	45.8923	40.9093	43.734	53.623	82.9879	93.013	97.9142	83.2931	80.9525	
359	1	1	1	1	1	59.9537	45.8841	40.9021	43.7309	53.6211	82.9758	93.0033	97.8853	83.2845	80.9471	
360	1	1	1	1	1	59.945	45.8758	40.8948	43.7279	53.6192	82.9636	92.9935	97.856	83.2758	80.9418	
361	1	1	1	1	1	59.9362	45.8674	40.8874	43.7247	53.6173	82.9513	92.9835	97.8264	83.267	80.9363	
362	1	1	1	1	1	59.9273	45.8589	40.88	43.7216	53.6153	82.9388	92.9735	97.7965	83.258	80.9308	
363	1	1	1	1	1	59.9183	45.8503	40.8724	43.7184	53.6133	82.9261	92.9633	97.7662	83.249	80.9253	
364	1	1	1	1	1	59.9091	45.8415	40.8648	43.7152	53.6113	82.9134	92.953	97.7356	83.2399	80.9196	
365	1	1	1	1	1	59.8999	45.8327	40.8571	43.7119	53.6092	82.9004	92.9426	97.7045	83.2307	80.9139	
366	1	1	1	1	1	59.8905	45.8238	40.8493	43.7086	53.6071	82.8874	92.9321	97.6732	83.2213	80.9082	
367	1	1	1	1	1	59.8811	45.8147	40.8414	43.7053	53.605	82.8741	92.9214	97.6414	83.2119	80.9023	
368	1	1	1	1	1	59.8715	45.8056	40.8335	43.7019	53.6029	82.8608	92.9107	97.6092	83.2023	80.8964	
369	1	1	1	1	1	59.8618	45.7963	40.8254	43.6985	53.6007	82.8472	92.8997	97.5767	83.1926	80.8905	
370	1	1	1	1	1	59.852	45.7869	40.8173	43.6951	53.5985	82.8335	92.8887	97.5438	83.1828	80.8844	
371	1	1	1	1	1	59.8421	45.7774	40.809	43.6916	53.5963	82.8196	92.8776	97.5105	83.1729	80.8783	
372	1	1	1	1	1	59.832	45.7678	40.8007	43.6881	53.594	82.8056	92.8663	97.4767	83.1629	80.8721	
373	1	1	1	1	1	59.8219	45.758	40.7922	43.6845	53.5917	82.7914	92.8548	97.4426	83.1528	80.8659	
374	1	1	1	1	1	59.8116	45.7482	40.7837	43.6809	53.5894	82.7771	92.8433	97.4081	83.1425	80.8596	
375	1	1	1	1	1	59.8012	45.7382	40.7751	43.6773	53.587	82.7625	92.8316	97.3731	83.1321	80.8532	
376	1	1	1	1	1	59.7907	45.728	40.7664	43.6737	53.5846	82.7478	92.8197	97.3377	83.1216	80.8467	
377	1	1	1	1	1	59.78	45.7178	40.7575	43.6699	53.5822	82.733	92.8077	97.3019	83.1109	80.8401	
378	1	1	1	1	1	59.7692	45.7074	40.7486	43.6662	53.5797	82.7179	92.7956	97.2656	83.1001	80.8335	
379	1	1	1	1	1	59.7583	45.6969	40.7396	43.6624	53.5772	82.7027	92.7834	97.2289	83.0892	80.8268	
380	1	1	1	1	1	59.7472	45.6863	40.7305	43.6586	53.5746	82.6873	92.7709	97.1918	83.0782	80.82	
381	1	1	1	1	1	59.736	45.6755	40.7212	43.6547	53.5721	82.6717	92.7584	97.1542	83.067	80.8131	
382	1	1	1	1	1	59.7247	45.6646	40.7119	43.6508	53.5694	82.6559	92.7457	97.1161	83.0557	80.8062	
383	1	1	1	1	1	59.7132	45.6535	40.7024	43.6468	53.5668	82.6399	92.7328	97.0775	83.0442	80.7991	
384	1	1	1	1	1	59.7016	45.6424	40.6929	43.6428	53.5641	82.6238	92.7198	97.0385	83.0327	80.792	
385	1	1	1	1	1	59.6899	45.631	40.6832	43.6388	53.5613	82.6074	92.7066	96.999	83.0209	80.7848	
386	1	1	1	1	1	59.678	45.6195	40.6734	43.6347	53.5585	82.5909	92.6933	96.959	83.009	80.7775	
387	1	1	1	1	1	59.6659	45.6079	40.6635	43.6306	53.5557	82.5741	92.6798	96.9185	82.997	80.7701	
388	1	1	1	1	1	59.6537	45.5961	40.6535	43.6264	53.5528	82.5571	92.6661	96.8775	82.9849	80.7627	
389	1	1	1	1	1	59.6414	45.5842	40.6434	43.6222	53.5499	82.54	92.6523	96.836	82.9725	80.7551	
390	1	1	1	1	1	59.6289	45.5721	40.6332	43.6179	53.547	82.5226	92.6383	96.794	82.9601	80.7475	
391	1	1	1	1	1	59.6162	45.5599	40.6228	43.6136	53.544	82.505	92.6242	96.7515	82.9474	80.7397	
392	1	1	1	1	1	59.6034	45.5475	40.6123	43.6093	53.5409	82.4873	92.6098	96.7084	82.9346	80.7319	
393	1	1	1	1	1	59.5905	45.5349	40.6017	43.6048	53.5378	82.4692	92.5953	96.6647	82.9217	80.724	
394	1	1	1	1	1	59.5773	45.5222	40.591	43.6004	53.5347	82.451	92.5806	96.6206	82.9086	80.7159	
395	1	1	1	1	1	59.564	45.5093	40.5802	43.5959	53.5315	82.4326	92.5657	96.5758	82.8953	80.7078	
396	1	1	1	1	1	59.5506	45.4962	40.5692	43.5913	53.5283	82.4139	92.5507	96.5305	82.8819	80.6996	
397	1	1	1	1	1	59.5369	45.483	40.5581	43.5867	53.525	82.395	92.5355	96.4846	82.8683	80.6913	
398	1	1	1	1	1	59.5231	45.4695	40.5468	43.5821	53.5216	82.3759	92.52	96.4381	82.8545	80.6828	
399	1	1	1	1	1	59.5091	45.4559	40.5355	43.5774	53.5182	82.3565	92.5044	96.3911	82.8405	80.6743	
400	1	1	1	1	1	59.4949	45.4422	40.524	43.5726	53.5148	82.3369	92.4886	96.3434	82.8264	80.6657	
401	1	1	1	1	1	59.4806	45.4282	40.5123	43.5678	53.5113	82.317	92.4726	96.2951	82.8121	80.6569	
402	1	1	1	1	1	59.4661	45.4141	40.5006	43.5629	53.5077	82.2969	92.4564	96.2462	82.7976	80.6481	
403	1	1	1	1	1	59.4514	45.3997	40.4886	43.558	53.5041	82.2766	92.44	96.1967	82.7829	80.6391	
404	1	1	1	1	1	59.4364	45.3852	40.4766	43.553	53.5004	82.256	92.4234	96.1465	82.768	80.63	
405	1	1	1	1	1	59.4213	45.3705	40.4644	43.548	53.4967	82.2351	92.4066	96.0957	82.753	80.6209	
406	1	1	1	1	1	59.4061	45.3556	40.4521	43.5429	53.4929	82.214	92.3895	96.0442	82.7377	80.6116	
407	1	1	1	1	1	59.3906	45.3404	40.4396	43.5378	53.4891	82.1926	92.3723	95.9921	82.7223	80.6021	
408	1	1	1	1	1	59.3749	45.3251	40.4269	43.5326	53.4851	82.171	92.3548	95.9392	82.7067	80.5926	
409	1	1	1	1	1	59.359	45.3096	40.4141	43.5273	53.4812	82.1491	92.3372	95.8857	82.6908	80.583	
410	1	1	1	1	1	59.3429	45.2938	40.4012	43.522	53.4771	82.1269	92.3193	95.8315	82.6748	80.5732	
411	1	1	1	1	1	59.3266	45.2778	40.3881	43.5166	53.473	82.1044	92.3011	95.7765	82.6585	80.5633	
412	1	1	1	1	1	59.31	45.2617	40.3748	43.5112	53.4688	82.0817	92.2828	95.7208	82.642	80.5533	
413	1	1	1	1	1	59.2933	45.2452	40.3614	43.5057	53.4646	82.0586	92.2642	95.6644	82.6253	80.5431	
414	1	1	1	1	1	59.2763	45.2286	40.3479	43.5001	53.4603	82.0353	92.2453	95.6073	82.6084	80.5328	
415	1	1	1	1	1	59.2591	45.2117	40.3341	43.4945	53.4559	82.0117	92.2263	95.5493	82.5913	80.5224	
416	1	1	1	1	1	59.2417	45.1946	40.3202	43.4888	53.4514	81.9878	92.2069	95.4906	82.5739	80.5119	
417	1	1	1	1	1	59.224	45.1773	40.3061	43.4831	53.4469	81.9635	92.1874	95.4312	82.5564	80.5012	
418	1	1	1	1	1	59.2061	45.1597	40.2919	43.4773	53.4422	81.939	92.1675	95.3709	82.5385	80.4904	
419	1	1	1	1	1	59.188	45.1419	40.2775	43.4714	53.4375	81.9142	92.1475	95.3098	82.5205	80.4794	
420	1	1	1	1	1	59.1696	45.1238	40.2629	43.4655	53.4328	81.889	92.1271	95.2479	82.5022	80.4684	
421	1	1	1	1	1	59.151	45.1055	40.2481	43.4595	53.4279	81.8635	92.1065	95.1851	82.4836	80.4571	
422	1	1	1	1	1	59.1321	45.0869	40.2332	43.4534	53.423	81.8377	92.0857	95.1215	82.4649	80.4457	
423	1	1	1	1	1	59.113	45.068	40.218	43.4473	53.4179	81.8115	92.0645	95.057	82.4458	80.4342	
424	1	1	1	1	1	59.0936	45.0489	40.2027	43.441	53.4128	81.785	92.0431	94.9916	82.4265	80.4225	
425	1	1	1	1	1	59.0739	45.0295	40.1872	43.4348	53.4076	81.7582	92.0214	94.9254	82.407	80.4107	
426	1	1	1	1	1	59.054	45.0098	40.1715	43.4284	53.4023	81.731	91.9994	94.8582	82.3871	80.3987	
427	1	1	1	1	1	59.0338	44.9898	40.1556	43.422	53.397	81.7035	91.9771	94.7901	82.367	80.3866	
428	1	1	1	1	1	59.0133	44.9696	40.1395	43.4155	53.3915	81.6756	91.9546	94.7211	82.3467	80.3743	
429	1	1	1	1	1	58.9926	44.949	40.1233	43.4089	53.3859	81.6474	91.9317	94.6511	82.326	80.3618	
430	1	1	1	1	1	58.9715	44.9282	40.1068	43.4023	53.3802	81.6188	91.9085	94.5801	82.3051	80.3492	
431	1	1	1	1	1	58.9502	44.907	40.0901	43.3955	53.3745	81.5898	91.885	94.5081	82.2839	80.3364	
432	1	1	1	1	1	58.9285	44.8856	40.0732	43.3887	53.3686	81.5604	91.8612	94.4351	82.2624	80.3234	
433	1	1	1	1	1	58.9066	44.8638	40.0561	43.3819	53.3626	81.5306	91.8371	94.3611	82.2405	80.3103	
434	1	1	1	1	1	58.8843	44.8417	40.0388	43.3749	53.3565	81.5005	91.8127	94.2861	82.2184	80.297	
435	1	1	1	1	1	58.8617	44.8193	40.0212	43.3679	53.3503	81.4699	91.7879	94.2099	82.196	80.2835	
436	1	1	1	1	1	58.8388	44.7965	40.0035	43.3608	53.344	81.439	91.7628	94.1327	82.1733	80.2698	
437	1	1	1	1	1	58.8156	44.7734	39.9855	43.3536	53.3376	81.4076	91.7374	94.0544	82.1502	80.256	
438	1	1	1	1	1	58.7921	44.75	39.9673	43.3463	53.331	81.3759	91.7116	93.975	82.1268	80.242	
439	1	1	1	1	1	58.7682	44.7262	39.9488	43.3389	53.3244	81.3437	91.6854	93.8944	82.1031	80.2277	
440	1	1	1	1	1	58.7439	44.702	39.9302	43.3315	53.3176	81.311	91.6589	93.8127	82.0791	80.2133	
441	1	1	1	1	1	58.7194	44.6775	39.9113	43.324	53.3107	81.278	91.632	93.7298	82.0547	80.1987	
442	1	1	1	1	1	58.6944	44.6526	39.8921	43.3163	53.3036	81.2445	91.6048	93.6457	82.03	80.1839	
443	1	1	1	1	1	58.6691	44.6274	39.8727	43.3086	53.2964	81.2105	91.5772	93.5603	82.0049	80.1689	
444	1	1	1	1	1	58.6434	44.6017	39.8531	43.3008	53.2891	81.1761	91.5492	93.4737	81.9794	80.1536	
445	1	1	1	1	1	58.6174	44.5757	39.8332	43.2929	53.2817	81.1412	91.5208	93.3859	81.9536	80.1382	
446	1	1	1	1	1	58.5909	44.5492	39.813	43.285	53.2741	81.1059	91.492	93.2967	81.9274	80.1226	
447	1	1	1	1	1	58.5641	44.5224	39.7926	43.2769	53.2663	81.07	91.4628	93.2062	81.9008	80.1067	
448	1	1	1	1	1	58.5369	44.4951	39.772	43.2687	53.2585	81.0337	91.4332	93.1144	81.8738	80.0906	
449	1	1	1	1	1	58.5093	44.4674	39.751	43.2605	53.2504	80.9969	91.4032	93.0212	81.8465	80.0743	
450	1	1	1	1	1	58.4812	44.4393	39.7298	43.2521	53.2422	80.9596	91.3728	92.9266	81.8187	80.0578	
451	1	1	1	1	1	58.4527	44.4108	39.7084	43.2437	53.2339	80.9218	91.3419	92.8306	81.7905	80.041	
452	1	1	1	1	1	58.4238	44.3817	39.6866	43.2351	53.2253	80.8834	91.3106	92.7331	81.7619	80.024	
453	1	1	1	1	1	58.3945	44.3523	39.6646	43.2265	53.2167	80.8446	91.2788	92.6341	81.7329	80.0068	
454	1	1	1	1	1	58.3647	44.3223	39.6422	43.2177	53.2078	80.8052	91.2466	92.5337	81.7035	79.9893	
455	1	1	1	1	1	58.3344	44.2919	39.6196	43.2088	53.1988	80.7652	91.2139	92.4317	81.6736	79.9716	
456	1	1	1	1	1	58.3037	44.261	39.5967	43.1999	53.1896	80.7247	91.1807	92.3281	81.6432	79.9536	
457	1	1	1	1	1	58.2725	44.2296	39.5735	43.1908	53.1802	80.6837	91.1471	92.223	81.6124	79.9353	
458	1	1	1	1	1	58.2408	44.1977	39.55	43.1816	53.1706	80.6421	91.113	92.1162	81.5811	79.9168	
459	1	1	1	1	1	58.2087	44.1653	39.5261	43.1724	53.1608	80.5999	91.0783	92.0077	81.5494	79.8981	
460	1	1	1	1	1	58.176	44.1324	39.502	43.163	53.1508	80.5571	91.0432	91.8976	81.5171	79.879	
461	1	1	1	1	1	58.1428	44.0989	39.4775	43.1535	53.1407	80.5137	91.0075	91.7857	81.4844	79.8597	
462	1	1	1	1	1	58.109	44.0649	39.4527	43.1438	53.1303	80.4697	90.9713	91.6721	81.4512	79.8401	
463	1	1	1	1	1	58.0748	44.0303	39.4276	43.1341	53.1197	80.4251	90.9346	91.5567	81.4174	79.8202	
464	1	1	1	1	1	58.04	43.9951	39.4021	43.1242	53.1088	80.3799	90.8973	91.4394	81.3831	79.8	
465	1	1	1	1	1	58.0046	43.9594	39.3763	43.1143	53.0978	80.334	90.8595	91.3203	81.3483	79.7796	
466	1	1	1	1	1	57.9686	43.9231	39.3502	43.1042	53.0865	80.2875	90.8211	91.1993	81.3129	79.7588	
467	1	1	1	1	1	57.9321	43.8861	39.3237	43.094	53.075	80.2403	90.7821	91.0763	81.277	79.7377	
468	1	1	1	1	1	57.895	43.8486	39.2968	43.0836	53.0632	80.1925	90.7425	90.9513	81.2405	79.7163	
469	1	1	1	1	1	57.8572	43.8104	39.2696	43.0732	53.0512	80.144	90.7023	90.8243	81.2034	79.6946	
470	1	1	1	1	1	57.8188	43.7715	39.242	43.0626	53.0389	80.0947	90.6616	90.6952	81.1657	79.6726	
471	1	1	1	1	1	57.7798	43.732	39.214	43.0519	53.0264	80.0448	90.6201	90.564	81.1274	79.6502	
472	1	1	1	1	1	57.6591	44.0679	38.9976	42.776	53.2134	80.1436	89.075	95.1426	81.7413	79.0926	
473	1	1	1	1	1	57.6367	43.9019	39.0046	42.8178	53.1744	79.9647	90.2308	91.4793	81.1876	79.4729	
474	1	1	1	1	1	57.6337	43.7035	39.0689	42.9338	53.0564	79.8923	90.4272	90.4753	81.038	79.5471	
475	1	1	1	1	1	57.6084	43.5979	39.0786	42.9779	52.9968	79.8371	90.4334	90.1062	80.974	79.548	
476	1	1	1	1	1	57.4837	43.9425	38.8597	42.697	53.1805	79.9358	88.8513	94.8134	81.605	78.9735	
477	1	1	1	1	1	57.4614	43.7572	38.871	42.7482	53.1361	79.7511	90.0324	91.0265	81.0335	79.3647	
478	1	1	1	1	1	57.4587	43.5427	38.9406	42.8751	53.0091	79.6754	90.2399	89.9457	80.8739	79.4449	
479	1	1	1	1	1	57.3417	43.8577	38.7437	42.6216	53.1594	79.7724	88.6628	94.5984	81.5015	78.8742	
480	1	1	1	1	1	57.3206	43.6477	38.7627	42.6879	53.1078	79.5822	89.8724	90.6831	80.9122	79.2772	
481	1	1	1	1	1	57.3188	43.4168	38.8383	42.8266	52.9719	79.504	90.0907	89.5309	80.7437	79.3633	
482	1	1	1	1	1	57.1948	43.7512	38.6315	42.5575	53.1289	79.6003	88.4817	94.3133	81.3862	78.7763	
483	1	1	1	1	1	57.1732	43.5265	38.6529	42.6299	53.0742	79.4057	89.7081	90.3067	80.7834	79.1871	
484	1	1	1	1	1	57.1715	43.2824	38.7324	42.7774	52.9312	79.325	89.9349	89.0912	80.6066	79.278	
485	1	1	1	1	1	57.0396	43.639	38.5143	42.4902	53.096	79.42	88.2935	94.0097	81.2643	78.6739	
486	1	1	1	1	1	57.0176	43.3989	38.5381	42.5687	53.0381	79.2211	89.5359	89.9115	80.6478	79.0923	
487	1	1	1	1	1	57.0157	43.1411	38.6217	42.7254	52.8876	79.1378	89.7711	88.6299	80.4623	79.1883	
488	1	1	1	1	1	56.8754	43.5215	38.3916	42.4188	53.0607	79.2312	88.0975	93.6876	81.1351	78.5667	
489	1	1	1	1	1	56.8529	43.2647	38.4181	42.504	52.9994	79.0277	89.3554	89.4968	80.5048	78.9926	
490	1	1	1	1	1	56.851	42.9924	38.5059	42.6703	52.8411	78.942	89.599	88.1457	80.3103	79.0938	
491	1	1	1	1	1	56.7016	43.3981	38.2631	42.3431	53.0227	79.0332	87.8933	93.3454	80.9983	78.4541	
492	1	1	1	1	1	56.6784	43.1234	38.2925	42.4353	52.9577	78.8252	89.1659	89.0611	80.3539	78.8875	
493	1	1	1	1	1	56.5729	43.3952	38.1406	42.225	53.012	78.9034	87.663	93.4605	80.9451	78.339	
494	1	1	1	1	1	56.5505	43.0619	38.1876	42.3554	52.9426	78.6836	89.0125	88.8771	80.2594	78.8021	
495	1	1	1	1	1	56.4446	43.3213	38.0428	42.1556	52.9871	78.7612	87.5061	93.2646	80.8507	78.2528	
496	1	1	1	1	1	56.4223	42.967	38.0946	42.2985	52.914	78.5379	88.8733	88.5854	80.1517	78.724	
497	1	1	1	1	1	56.3118	43.2361	37.9455	42.0914	52.9588	78.6145	87.3514	93.0324	80.7498	78.1664	
498	1	1	1	1	1	56.2892	42.8652	38.0004	42.2426	52.8826	78.3878	88.7311	88.2741	80.0392	78.644	
499	1	1	1	1	1	56.1736	43.147	37.8456	42.0254	52.9287	78.4631	87.1928	92.788	80.6446	78.0773	
500	1	1	1	1	1	56.1507	42.7594	37.9034	42.1845	52.8495	78.233	88.5841	87.9514	79.9224	78.561	
501	1	1	1	1	1	56.0295	43.0547	37.7425	41.9564	52.8968	78.3066	87.0295	92.5331	80.5348	77.9851	
502	1	1	1	1	1	56.0061	42.6497	37.8033	42.1238	52.8145	78.0731	88.432	87.6174	79.8009	78.4749	
503	1	1	1	1	1	55.8791	42.9593	37.636	41.8843	52.8632	78.1449	86.8612	92.2676	80.4204	77.8895	
504	1	1	1	1	1	55.8553	42.536	37.6999	42.0603	52.7776	77.9079	88.2746	87.2719	79.6746	78.3854	
505	1	1	1	1	1	55.722	42.8606	37.5261	41.8087	52.8275	77.9777	86.6876	91.9908	80.301	77.7904	
506	1	1	1	1	1	55.6977	42.4182	37.5932	41.9937	52.7385	77.7373	88.1117	86.9142	79.5432	78.2924	
507	1	1	1	1	1	55.5578	42.7584	37.4126	41.7295	52.7897	77.8048	86.5086	91.7021	80.1764	77.6876	
508	1	1	1	1	1	55.5329	42.296	37.483	41.924	52.6971	77.5609	87.9429	86.5437	79.4063	78.1956	
509	1	1	1	1	1	55.386	42.6526	37.2953	41.6463	52.7496	77.6259	86.3239	91.4009	80.0462	77.5809	
510	1	1	1	1	1	55.3606	42.1692	37.3691	41.8507	52.6533	77.3787	87.7679	86.1597	79.2637	78.0949	
511	1	1	1	1	1	55.2062	42.5429	37.1742	41.559	52.707	77.4409	86.1331	91.0864	79.91	77.4701	
512	1	1	1	1	1	55.18	42.0376	37.2516	41.7738	52.6067	77.1902	87.5865	85.7616	79.1149	77.99	
513	1	1	1	1	1	55.0178	42.4292	37.049	41.4673	52.6616	77.2495	85.936	90.7578	79.7675	77.355	
514	1	1	1	1	1	54.9908	41.901	37.1301	41.6929	52.5572	76.9954	87.3983	85.3486	78.9596	77.8807	
515	1	1	1	1	1	54.8201	42.3112	36.9197	41.3709	52.6131	77.0514	85.7322	90.4144	79.6183	77.2352	
516	1	1	1	1	1	54.7922	41.759	37.0045	41.6078	52.5045	76.7939	87.203	84.9199	78.7974	77.7666	
517	1	1	1	1	1	54.6126	42.1888	36.786	41.2694	52.5614	76.8464	85.5214	90.0553	79.4619	77.1106	
518	1	1	1	1	1	56.7872	43.0705	39.293	40.2685	52.153	77.6315	87.5688	85.0405	79.4074	78.3658	
519	1	1	1	1	1	55.3701	42.7242	37.4776	40.7608	52.417	77.109	85.4406	89.8463	79.5727	77.3139	
520	1	1	1	1	1	54.8025	41.7088	37.0661	41.3243	52.3834	76.5682	86.872	84.0522	78.561	77.6731	
521	1	1	1	1	1	54.3832	42.0556	36.6357	41.013	52.4496	76.4956	85.1104	89.3041	79.1736	76.9209	
522	1	1	1	1	1	56.5199	42.8345	39.1618	40.033	52.0241	77.27	87.1589	84.097	79.0858	78.1602	
523	1	1	1	1	1	55.0346	42.529	37.2679	40.5	52.2924	76.7117	85.001	89.0505	79.2477	77.0788	
524	1	1	1	1	1	54.4145	41.4219	36.8308	41.1104	52.2566	76.1423	86.4432	83.0732	78.1989	77.4343	
525	1	1	1	1	1	53.9423	41.8019	36.3605	40.7639	52.3219	76.0463	84.6442	88.4625	78.8133	76.6504	
526	1	1	1	1	1	56.15	42.542	38.9683	39.772	51.8763	76.8455	86.7015	83.0673	78.7129	77.9033	
527	1	1	1	1	1	54.6285	42.2998	37.0217	40.2096	52.1488	76.2724	84.5224	88.1699	78.8795	76.8082	
528	1	1	1	1	1	53.9704	41.1051	36.5708	40.8693	52.11	75.6823	85.9759	82.0096	77.7967	77.1668	
529	1	1	1	1	1	55.8719	43.1396	38.6247	39.1378	51.836	76.753	84.6601	88.1046	79.2117	77.1341	
530	1	1	1	1	1	54.4293	41.3667	37.1168	40.4182	51.9572	75.7862	85.9144	81.5435	77.8001	77.2327	
531	1	1	1	1	1	53.5441	41.6022	36.1657	40.2237	52.0823	75.4687	83.9433	87.0734	78.2897	76.3082	
532	1	1	1	1	1	55.6638	42.1268	38.7641	39.3085	51.6115	76.2274	85.9707	81.3532	78.1167	77.5212	
533	1	1	1	1	1	54.0157	41.9662	36.6702	39.7037	51.8914	75.5828	83.7493	86.679	78.2663	76.3831	
534	1	1	1	1	1	53.2594	40.6009	36.1745	40.4505	51.8517	74.9441	85.211	80.2342	77.1237	76.7321	
535	1	1	1	1	1	55.197	42.7439	38.2652	38.5837	51.5498	76.0253	83.8216	86.4955	78.5405	76.6543	
536	1	1	1	1	1	53.7097	40.8477	36.7372	39.9475	51.6734	75.0384	85.1167	79.675	77.095	76.772	
537	1	1	1	1	1	52.7242	41.1629	35.7028	39.6922	51.7932	74.6711	83.0924	85.408	77.5764	75.8038	
538	1	1	1	1	1	54.9277	41.57	38.4113	38.7771	51.2903	75.4547	85.1012	79.3705	77.3688	77.0144	
539	1	1	1	1	1	53.2106	41.5456	36.2281	39.1036	51.5655	74.78	82.8591	84.9191	77.5158	75.8604	
540	1	1	1	1	1	52.3813	40.0127	35.7135	39.9429	51.5247	74.1131	84.3292	78.1935	76.3215	76.2125	
541	1	1	1	1	1	54.3601	42.2758	37.8397	37.9212	51.1852	75.1904	82.8576	84.5904	77.7255	76.0802	
542	1	1	1	1	1	52.8358	40.2478	36.3033	39.3764	51.3146	74.1991	84.1959	77.5164	76.2532	76.2242	
543	1	1	1	1	1	51.7449	40.665	35.1882	39.048	51.4185	73.7801	82.1213	83.4425	76.721	75.2151	
544	1	1	1	1	1	54.0255	40.9205	37.9989	38.1353	50.8843	74.5771	84.0893	77.0665	76.4687	76.4062	
545	1	1	1	1	1	52.2357	41.0633	35.7275	38.3749	51.1416	73.8742	81.8342	82.8301	76.606	75.2414	
546	1	1	1	1	1	54.1214	40.9082	38.2152	37.8169	50.6846	74.5125	83.7658	76.2412	76.2363	76.3411	
547	1	1	1	1	1	52.1459	41.0523	35.7245	38.06	50.9513	73.6693	81.4908	82.0636	76.3147	75.1121	
548	1	1	1	1	1	51.1092	39.18	35.108	39.0725	50.9506	72.916	82.9678	74.947	75.0372	75.4316	
549	1	1	1	1	1	53.0441	41.5751	37.2163	36.8143	50.5222	73.9363	81.3336	81.4515	76.3622	75.1757	
550	1	1	1	1	1	51.4311	39.3243	35.657	38.4087	50.6788	72.9377	82.7341	74.053	74.8618	75.3453	
551	1	1	1	1	1	53.0489	41.5909	37.3638	36.3924	50.275	73.8159	80.9684	80.5616	76.0477	75.0324	
552	1	1	1	1	1	51.1281	41.3024	35.1137	36.8167	50.2239	72.8281	79.818	83.4141	75.7303	74.1713	
553	1	1	1	1	1	52.8699	40.6134	37.5913	36.364	50.0101	73.3017	82.1061	74.9208	75.0577	75.3167	
554	1	1	1	1	1	50.7871	40.6633	35.0617	36.6654	50.1671	72.3982	79.9012	80.0159	75.0332	74.1439	
555	1	1	1	1	1	52.5607	39.9977	37.5757	36.2857	49.7296	73.0188	81.7816	72.4236	74.5033	75.1707	
556	1	1	1	1	1	50.3861	40.3525	34.9081	36.4032	49.9094	72.0536	79.5012	78.2439	74.491	73.9192	
557	1	1	1	1	1	51.9109	41.921	36.8425	34.583	49.1059	72.7301	78.7421	81.525	75.0891	73.8877	
558	1	1	1	1	1	49.9038	39.0284	34.9562	36.4579	49.6673	71.4214	80.7299	72.149	73.2955	74.0983	
559	1	1	1	1	1	51.3758	41.0727	36.65	34.454	49.0601	72.2653	78.7844	77.5915	74.2315	73.7418	
560	1	1	1	1	1	49.2661	40.7852	34.2972	34.8434	48.9017	71.1708	77.671	80.2445	73.8389	72.8684	
561	1	1	1	1	1	50.9306	39.6321	36.7907	34.5216	48.7212	71.6142	79.8535	70.9224	73.0197	73.9086	
562	1	1	1	1	1	48.6892	39.9216	34.1444	34.6721	48.7478	70.6375	77.6496	75.9663	72.9118	72.732	
563	1	1	1	1	1	50.1402	41.3624	36.0958	32.7807	47.7709	71.2553	76.7243	78.7301	73.3043	72.6185	
564	1	1	1	1	1	48.0552	38.2548	34.1695	34.8	48.4224	69.9434	78.8784	68.9339	71.503	72.8486	
565	1	1	1	1	1	49.4488	40.3316	35.8298	32.6175	47.6205	70.7207	76.6662	73.9777	72.23	72.3765	
566	1	1	1	1	1	47.2356	40.1699	33.4465	32.8953	47.305	69.594	75.5445	76.6649	71.7963	71.5029	
567	1	1	1	1	1	48.8442	38.6372	35.9177	32.6316	47.1367	69.9921	77.5544	66.8282	70.8558	72.4126	
568	1	1	1	1	1	46.5027	39.213	33.2063	32.5959	46.9605	68.9731	75.338	71.879	70.6607	71.2319	
569	1	1	1	1	1	47.8047	40.5579	35.1022	30.5081	45.6838	69.4373	74.0892	74.2905	70.7629	70.944	
570	1	1	1	1	1	45.6718	37.2604	33.1342	32.6389	46.4617	68.1799	76.4186	64.3975	69.0374	71.1909	
571	1	1	1	1	1	46.9237	39.4026	34.6974	30.1695	45.2888	68.7959	73.7911	69.0522	69.4363	70.5181	
572	1	1	1	1	1	44.6264	39.4282	32.2934	30.2585	44.6585	67.607	72.6207	71.7527	68.9378	69.6252	
573	1	1	1	1	1	45.8068	40.2708	34.209	28.2117	43.0727	67.8417	71.3835	72.6785	68.6519	69.3156	
574	1	1	1	1	1	43.639	36.8484	32.0957	30.3298	44.0905	66.5067	74.0731	62.0896	66.933	69.5606	
575	1	1	1	1	1	44.7919	38.8505	33.584	27.7529	42.5444	67.0294	71.0147	65.9583	67.0093	68.7737	
576	1	1	1	1	1	42.4982	38.928	31.1529	27.7007	41.5759	65.7784	69.7713	68.3681	66.4353	67.8394	
577	1	1	1	1	1	43.5143	39.5771	32.9055	25.5264	39.515	65.8302	68.0704	68.6761	65.7448	67.3627	
578	1	1	1	1	1	41.4147	36.2381	30.6191	27.5171	40.5838	64.4703	71.005	58.1862	64.1378	67.5069	
579	1	1	1	1	1	42.4161	38.2037	31.8954	24.7002	38.4114	64.8068	67.2824	61.6428	63.7602	66.5091	
580	1	1	1	1	1	40.1768	38.3961	29.3349	24.3462	36.8329	63.3347	65.7782	63.8703	63.0817	65.4208	
581	1	1	1	1	1	40.9811	38.8209	30.736	22.0226	34.0025	63.0929	63.3654	63.5596	61.8476	64.7458	
582	1	1	1	1	1	38.7118	37.6519	27.6834	22.2493	33.5886	61.1515	67.3724	65.2109	60.6195	57.3446	
583	1	1	1	1	1	39.5334	38.1319	28.5991	20.0944	30.7912	61.0723	61.8373	62.9632	59.7043	58.5133	
584	1	1	1	1	1	37.7822	35.5662	25.8239	21.0571	31.0639	59.4133	64.4335	52.3004	58.1093	59.4277	
585	1	1	1	1	1	38.4048	37.352	26.1119	18.0418	27.1324	59.2775	58.7465	54.9327	56.6435	58.613	
586	1	1	1	1	1	36.2761	36.9335	22.5355	17.5219	25.7922	50.6092	60.8435	56.1348	54.9481	56.61	
587	1	1	1	1	1	36.9174	37.3382	22.8467	15.2398	20.8974	53.007	53.702	55.3568	53.4752	56.4108	
588	1	1	1	1	1	35.2225	36.7573	19.8112	14.4448	18.4795	52.1631	57.4062	56.4652	52.84	47.1242	
589	1	1	1	1	1	35.5584	36.9827	19.7685	12.7708	15.0045	52.3476	49.8909	54.0054	51.1842	49.0784	
590	1	1	1	1	1	34.3713	35.3239	17.7893	13.1791	15.0501	51.3629	53.1646	45.162	50.5306	50.1393	
591	1	1	1	1	1	33.7685	36.307	16.9872	12.0055	12.5995	50.9526	47.4412	49.6921	50.9168	50.4346	
592	1	1	1	1	1	34.3883	36.5984	17.1293	11.9548	12.7493	45.1722	50.255	50.3201	50.1426	47.6217	
593	1	1	1	1	1	33.7063	35.1647	16.5736	11.8914	12.6667	47.0548	50.4901	43.3011	49.5949	48.563	
594	1	1	1	1	1	33.2765	36.1339	16.2308	11.0474	10.5909	47.7365	43.4868	48.129	50.182	49.0573	
595	1	1	1	1	1	33.5459	36.3175	16.5294	11.0999	11.1533	47.4727	47.2447	48.7308	44.7027	46.5702	
596	1	1	1	1	1	33.185	35.1252	16.0414	11.0699	11.3483	47.3823	46.3401	41.8665	47.1944	46.055	
597	1	1	1	1	1	32.8596	35.8879	15.3673	10.4578	10.8034	42.6754	44.2427	45.3968	47.6884	43.8626	
598	1	1	1	1	1	32.2926	35.7909	15.5136	10.2504	10.1447	44.5239	43.0809	46.0658	44.3609	42.6132	
599	1	1	1	1	1	32.6994	35.0457	15.4895	10.4424	10.3154	44.3471	40.1513	40.2556	47.2305	40.941	
600	1	1	1	1	1	31.9945	35.6954	15.4006	10.0479	9.74376	43.6263	38.1105	42.8289	45.0883	38.6473	
601	1	1	1	1	1	31.8463	35.733	15.3375	9.89328	9.34833	42.7567	35.9904	42.4612	45.1342	37.3285	