
1	76.1679	63.8404	101.971	111.415	92.5657	33.9813	44.218	52.9847	46.0773	31.3407	1	1	1	1	1	
2	76.1686	63.8399	101.971	111.416	92.5645	33.9816	44.2174	52.9831	46.0781	31.3392	1	1	1	1	1	
3	76.1684	63.8397	101.971	111.416	92.5642	33.9815	44.2171	52.9829	46.0779	31.339	1	1	1	1	1	
4	76.1682	63.8394	101.971	111.415	92.5639	33.9814	44.2167	52.9828	46.0778	31.3389	1	1	1	1	1	
5	76.168	63.8392	101.971	111.415	92.5636	33.9813	44.2164	52.9826	46.0776	31.3387	1	1	1	1	1	
6	76.1678	63.8389	101.97	111.414	92.5633	33.9812	44.2161	52.9824	46.0774	31.3386	1	1	1	1	1	
7	76.1676	63.8387	101.97	111.413	92.563	33.9811	44.2157	52.9823	46.0773	31.3384	1	1	1	1	1	
8	76.1674	63.8384	101.97	111.413	92.5626	33.981	44.2154	52.9821	46.0771	31.3383	1	1	1	1	1	
9	76.1673	63.8382	101.97	111.412	92.5623	33.9809	44.215	52.9819	46.0769	31.3381	1	1	1	1	1	
10	76.1671	63.8379	101.969	111.411	92.562	33.9808	44.2147	52.9817	46.0767	31.3379	1	1	1	1	1	
11	76.1669	63.8376	101.969	111.411	92.5616	33.9807	44.2144	52.9816	46.0765	31.3378	1	1	1	1	1	
12	76.1667	63.8374	101.969	111.41	92.5613	33.9806	44.214	52.9814	46.0764	31.3376	1	1	1	1	1	
13	76.1665	63.8371	101.969	111.41	92.561	33.9805	44.2136	52.9812	46.0762	31.3375	1	1	1	1	1	
14	76.1663	63.8368	101.968	111.409	92.5606	33.9804	44.2133	52.981	46.076	31.3373	1	1	1	1	1	
15	76.1661	63.8365	101.968	111.408	92.5603	33.9803	44.2129	52.9809	46.0758	31.3371	1	1	1	1	1	
16	76.1659	63.8362	101.968	111.408	92.5599	33.9802	44.2125	52.9807	46.0756	31.337	1	1	1	1	1	
17	76.1656	63.836	101.967	111.407	92.5596	33.9801	44.2122	52.9805	46.0754	31.3368	1	1	1	1	1	
18	76.1654	63.8357	101.967	111.406	92.5592	33.98	44.2118	52.9803	46.0752	31.3366	1	1	1	1	1	
19	76.1652	63.8354	101.967	111.405	92.5588	33.9799	44.2114	52.9801	46.075	31.3364	1	1	1	1	1	
20	76.165	63.8351	101.967	111.405	92.5585	33.9798	44.211	52.9799	46.0748	31.3363	1	1	1	1	1	
21	76.1648	63.8348	101.966	111.404	92.5581	33.9797	44.2106	52.9797	46.0746	31.3361	1	1	1	1	1	
22	76.1646	63.8345	101.966	111.403	92.5577	33.9796	44.2103	52.9795	46.0744	31.3359	1	1	1	1	1	
23	76.1644	63.8342	101.966	111.403	92.5573	33.9795	44.2099	52.9793	46.0742	31.3357	1	1	1	1	1	
24	76.1641	63.8339	101.965	111.402	92.557	33.9794	44.2095	52.9791	46.074	31.3355	1	1	1	1	1	
25	76.1639	63.8336	101.965	111.401	92.5566	33.9793	44.2091	52.9789	46.0738	31.3354	1	1	1	1	1	
26	76.1637	63.8333	101.965	111.4	92.5562	33.9791	44.2086	52.9787	46.0736	31.3352	1	1	1	1	1	
27	76.1635	63.8329	101.965	111.4	92.5558	33.979	44.2082	52.9785	46.0734	31.335	1	1	1	1	1	
28	76.1632	63.8326	101.964	111.399	92.5554	33.9789	44.2078	52.9783	46.0731	31.3348	1	1	1	1	1	
29	76.163	63.8323	101.964	111.398	92.555	33.9788	44.2074	52.9781	46.0729	31.3346	1	1	1	1	1	
30	76.1628	63.832	101.964	111.397	92.5546	33.9787	44.207	52.9779	46.0727	31.3344	1	1	1	1	1	
31	76.1625	63.8316	101.963	111.397	92.5542	33.9786	44.2065	52.9777	46.0725	31.3342	1	1	1	1	1	
32	76.1623	63.8313	101.963	111.396	92.5538	33.9784	44.2061	52.9775	46.0723	31.334	1	1	1	1	1	
33	76.162	63.831	101.963	111.395	92.5533	33.9783	44.2057	52.9773	46.072	31.3338	1	1	1	1	1	
34	76.1618	63.8306	101.962	111.394	92.5529	33.9782	44.2052	52.9771	46.0718	31.3336	1	1	1	1	1	
35	76.1615	63.8303	101.962	111.393	92.5525	33.9781	44.2048	52.9768	46.0716	31.3334	1	1	1	1	1	
36	76.1613	63.8299	101.962	111.392	92.5521	33.9779	44.2043	52.9766	46.0713	31.3332	1	1	1	1	1	
37	76.161	63.8296	101.961	111.392	92.5516	33.9778	44.2039	52.9764	46.0711	31.333	1	1	1	1	1	
38	76.1608	63.8292	101.961	111.391	92.5512	33.9777	44.2034	52.9762	46.0709	31.3328	1	1	1	1	1	
39	76.1605	63.8289	101.961	111.39	92.5507	33.9775	44.203	52.9759	46.0706	31.3326	1	1	1	1	1	
40	76.1602	63.8285	101.96	111.389	92.5503	33.9774	44.2025	52.9757	46.0704	31.3323	1	1	1	1	1	
41	76.16	63.8282	101.96	111.388	92.5498	33.9773	44.202	52.9755	46.0701	31.3321	1	1	1	1	1	
42	76.1597	63.8278	101.96	111.387	92.5494	33.9771	44.2015	52.9752	46.0699	31.3319	1	1	1	1	1	
43	76.1594	63.8274	101.959	111.386	92.5489	33.977	44.201	52.975	46.0696	31.3317	1	1	1	1	1	
44	76.1592	63.8271	101.959	111.386	92.5485	33.9769	44.2006	52.9747	46.0694	31.3315	1	1	1	1	1	
45	76.1589	63.8267	101.959	111.385	92.548	33.9767	44.2001	52.9745	46.0691	31.3312	1	1	1	1	1	
46	76.1586	63.8263	101.958	111.384	92.5475	33.9766	44.1996	52.9742	46.0689	31.331	1	1	1	1	1	
47	76.1583	63.8259	101.958	111.383	92.547	33.9764	44.1991	52.974	46.0686	31.3308	1	1	1	1	1	
48	76.1581	63.8255	101.958	111.382	92.5465	33.9763	44.1986	52.9737	46.0683	31.3305	1	1	1	1	1	
49	76.1578	63.8251	101.957	111.381	92.546	33.9762	44.198	52.9735	46.0681	31.3303	1	1	1	1	1	
50	76.1575	63.8247	101.957	111.38	92.5455	33.976	44.1975	52.9732	46.0678	31.3301	1	1	1	1	1	
51	76.1572	63.8243	101.956	111.379	92.545	33.9759	44.197	52.973	46.0675	31.3298	1	1	1	1	1	
52	76.1569	63.8239	101.956	111.378	92.5445	33.9757	44.1965	52.9727	46.0672	31.3296	1	1	1	1	1	
53	76.1566	63.8235	101.956	111.377	92.544	33.9756	44.1959	52.9724	46.067	31.3293	1	1	1	1	1	
54	76.1563	63.8231	101.955	111.376	92.5435	33.9754	44.1954	52.9722	46.0667	31.3291	1	1	1	1	1	
55	76.156	63.8227	101.955	111.375	92.543	33.9753	44.1948	52.9719	46.0664	31.3288	1	1	1	1	1	
56	76.1557	63.8222	101.954	111.374	92.5425	33.9751	44.1943	52.9716	46.0661	31.3286	1	1	1	1	1	
57	76.1554	63.8218	101.954	111.373	92.5419	33.975	44.1937	52.9713	46.0658	31.3283	1	1	1	1	1	
58	76.1551	63.8214	101.954	111.372	92.5414	33.9748	44.1932	52.9711	46.0655	31.3281	1	1	1	1	1	
59	76.1547	63.821	101.953	111.371	92.5408	33.9746	44.1926	52.9708	46.0652	31.3278	1	1	1	1	1	
60	76.1544	63.8205	101.953	111.37	92.5403	33.9745	44.192	52.9705	46.0649	31.3276	1	1	1	1	1	
61	76.1541	63.8201	101.952	111.369	92.5397	33.9743	44.1914	52.9702	46.0646	31.3273	1	1	1	1	1	
62	76.1538	63.8196	101.952	111.368	92.5392	33.9741	44.1909	52.9699	46.0643	31.327	1	1	1	1	1	
63	76.1534	63.8192	101.951	111.367	92.5386	33.974	44.1903	52.9696	46.064	31.3268	1	1	1	1	1	
64	76.1531	63.8187	101.951	111.366	92.538	33.9738	44.1897	52.9693	46.0637	31.3265	1	1	1	1	1	
65	76.1528	63.8182	101.951	111.365	92.5375	33.9736	44.1891	52.969	46.0634	31.3262	1	1	1	1	1	
66	76.1524	63.8178	101.95	111.363	92.5369	33.9735	44.1885	52.9687	46.0631	31.3259	1	1	1	1	1	
67	76.1521	63.8173	101.95	111.362	92.5363	33.9733	44.1878	52.9684	46.0628	31.3256	1	1	1	1	1	
68	76.1517	63.8168	101.949	111.361	92.5357	33.9731	44.1872	52.9681	46.0624	31.3254	1	1	1	1	1	
69	76.1514	63.8163	101.949	111.36	92.5351	33.9729	44.1866	52.9678	46.0621	31.3251	1	1	1	1	1	
70	76.151	63.8158	101.948	111.359	92.5345	33.9728	44.1859	52.9675	46.0618	31.3248	1	1	1	1	1	
71	76.1507	63.8154	101.948	111.358	92.5339	33.9726	44.1853	52.9672	46.0614	31.3245	1	1	1	1	1	
72	76.1503	63.8149	101.947	111.356	92.5332	33.9724	44.1847	52.9668	46.0611	31.3242	1	1	1	1	1	
73	76.1499	63.8144	101.947	111.355	92.5326	33.9722	44.184	52.9665	46.0608	31.3239	1	1	1	1	1	
74	76.1496	63.8138	101.946	111.354	92.532	33.972	44.1833	52.9662	46.0604	31.3236	1	1	1	1	1	
75	76.1492	63.8133	101.946	111.353	92.5313	33.9718	44.1827	52.9659	46.0601	31.3233	1	1	1	1	1	
76	76.1488	63.8128	101.945	111.352	92.5307	33.9717	44.182	52.9655	46.0597	31.323	1	1	1	1	1	
77	76.1484	63.8123	101.945	111.35	92.5301	33.9715	44.1813	52.9652	46.0594	31.3227	1	1	1	1	1	
78	76.148	63.8118	101.944	111.349	92.5294	33.9713	44.1806	52.9648	46.059	31.3223	1	1	1	1	1	
79	76.1477	63.8112	101.944	111.348	92.5287	33.9711	44.1799	52.9645	46.0586	31.322	1	1	1	1	1	
80	76.1473	63.8107	101.943	111.346	92.5281	33.9709	44.1792	52.9641	46.0583	31.3217	1	1	1	1	1	
81	76.1469	63.8101	101.943	111.345	92.5274	33.9707	44.1785	52.9638	46.0579	31.3214	1	1	1	1	1	
82	76.1465	63.8096	101.942	111.344	92.5267	33.9705	44.1778	52.9634	46.0575	31.321	1	1	1	1	1	
83	76.1461	63.809	101.942	111.343	92.526	33.9703	44.1771	52.9631	46.0572	31.3207	1	1	1	1	1	
84	76.1457	63.8085	101.941	111.341	92.5253	33.9701	44.1763	52.9627	46.0568	31.3204	1	1	1	1	1	
85	76.1452	63.8079	101.941	111.34	92.5246	33.9699	44.1756	52.9623	46.0564	31.32	1	1	1	1	1	
86	76.1448	63.8073	101.94	111.338	92.5239	33.9696	44.1748	52.962	46.056	31.3197	1	1	1	1	1	
87	76.1444	63.8067	101.94	111.337	92.5231	33.9694	44.1741	52.9616	46.0556	31.3193	1	1	1	1	1	
88	76.144	63.8062	101.939	111.336	92.5224	33.9692	44.1733	52.9612	46.0552	31.319	1	1	1	1	1	
89	76.1435	63.8056	101.938	111.334	92.5217	33.969	44.1725	52.9608	46.0548	31.3186	1	1	1	1	1	
90	76.1431	63.805	101.938	111.333	92.5209	33.9688	44.1718	52.9605	46.0544	31.3183	1	1	1	1	1	
91	76.1427	63.8044	101.937	111.331	92.5202	33.9686	44.171	52.9601	46.054	31.3179	1	1	1	1	1	
92	76.1422	63.8038	101.937	111.33	92.5194	33.9683	44.1702	52.9597	46.0536	31.3176	1	1	1	1	1	
93	76.1418	63.8031	101.936	111.328	92.5187	33.9681	44.1694	52.9593	46.0532	31.3172	1	1	1	1	1	
94	76.1413	63.8025	101.936	111.327	92.5179	33.9679	44.1686	52.9589	46.0527	31.3168	1	1	1	1	1	
95	76.1409	63.8019	101.935	111.326	92.5171	33.9676	44.1678	52.9585	46.0523	31.3165	1	1	1	1	1	
96	76.1404	63.8013	101.934	111.324	92.5163	33.9674	44.1669	52.9581	46.0519	31.3161	1	1	1	1	1	
97	76.1399	63.8006	101.934	111.322	92.5155	33.9672	44.1661	52.9576	46.0514	31.3157	1	1	1	1	1	
98	76.1395	63.8	101.933	111.321	92.5147	33.9669	44.1652	52.9572	46.051	31.3153	1	1	1	1	1	
99	76.139	63.7993	101.933	111.319	92.5139	33.9667	44.1644	52.9568	46.0506	31.3149	1	1	1	1	1	
100	76.1385	63.7987	101.932	111.318	92.5131	33.9665	44.1635	52.9564	46.0501	31.3145	1	1	1	1	1	
101	76.138	63.798	101.931	111.316	92.5122	33.9662	44.1627	52.9559	46.0497	31.3141	1	1	1	1	1	
102	76.1375	63.7973	101.931	111.315	92.5114	33.966	44.1618	52.9555	46.0492	31.3137	1	1	1	1	1	
103	76.137	63.7966	101.93	111.313	92.5105	33.9657	44.1609	52.9551	46.0487	31.3133	1	1	1	1	1	
104	76.1365	63.7959	101.929	111.311	92.5097	33.9655	44.16	52.9546	46.0483	31.3129	1	1	1	1	1	
105	76.136	63.7952	101.929	111.31	92.5088	33.9652	44.1591	52.9542	46.0478	31.3125	1	1	1	1	1	
106	76.1355	63.7945	101.928	111.308	92.5079	33.9649	44.1582	52.9537	46.0473	31.3121	1	1	1	1	1	
107	76.135	63.7938	101.927	111.306	92.507	33.9647	44.1572	52.9533	46.0468	31.3116	1	1	1	1	1	
108	76.1345	63.7931	101.927	111.305	92.5061	33.9644	44.1563	52.9528	46.0464	31.3112	1	1	1	1	1	
109	76.134	63.7924	101.926	111.303	92.5052	33.9642	44.1554	52.9523	46.0459	31.3108	1	1	1	1	1	
110	76.1334	63.7917	101.925	111.301	92.5043	33.9639	44.1544	52.9518	46.0454	31.3103	1	1	1	1	1	
111	76.1329	63.7909	101.925	111.299	92.5034	33.9636	44.1534	52.9514	46.0449	31.3099	1	1	1	1	1	
112	76.1323	63.7902	101.924	111.298	92.5025	33.9633	44.1525	52.9509	46.0444	31.3095	1	1	1	1	1	
113	76.1318	63.7894	101.923	111.296	92.5015	33.9631	44.1515	52.9504	46.0439	31.309	1	1	1	1	1	
114	76.1312	63.7886	101.922	111.294	92.5006	33.9628	44.1505	52.9499	46.0433	31.3086	1	1	1	1	1	
115	76.1307	63.7879	101.922	111.292	92.4996	33.9625	44.1495	52.9494	46.0428	31.3081	1	1	1	1	1	
116	76.1301	63.7871	101.921	111.29	92.4987	33.9622	44.1485	52.9489	46.0423	31.3076	1	1	1	1	1	
117	76.1295	63.7863	101.92	111.288	92.4977	33.9619	44.1474	52.9484	46.0418	31.3072	1	1	1	1	1	
118	76.129	63.7855	101.919	111.286	92.4967	33.9616	44.1464	52.9479	46.0412	31.3067	1	1	1	1	1	
119	76.1284	63.7847	101.919	111.285	92.4957	33.9613	44.1454	52.9474	46.0407	31.3062	1	1	1	1	1	
120	76.1278	63.7839	101.918	111.283	92.4947	33.961	44.1443	52.9468	46.0401	31.3057	1	1	1	1	1	
121	76.1272	63.7831	101.917	111.281	92.4937	33.9607	44.1432	52.9463	46.0396	31.3052	1	1	1	1	1	
122	76.1266	63.7823	101.916	111.279	92.4926	33.9604	44.1422	52.9458	46.039	31.3047	1	1	1	1	1	
123	76.126	63.7814	101.915	111.277	92.4916	33.9601	44.1411	52.9452	46.0384	31.3042	1	1	1	1	1	
124	76.1254	63.7806	101.915	111.275	92.4905	33.9598	44.14	52.9447	46.0379	31.3037	1	1	1	1	1	
125	76.1248	63.7797	101.914	111.273	92.4895	33.9595	44.1389	52.9441	46.0373	31.3032	1	1	1	1	1	
126	76.1241	63.7789	101.913	111.271	92.4884	33.9592	44.1377	52.9436	46.0367	31.3027	1	1	1	1	1	
127	76.1235	63.778	101.912	111.268	92.4873	33.9589	44.1366	52.943	46.0361	31.3022	1	1	1	1	1	
128	76.1229	63.7771	101.911	111.266	92.4862	33.9586	44.1355	52.9425	46.0355	31.3017	1	1	1	1	1	
129	76.1222	63.7762	101.911	111.264	92.4851	33.9582	44.1343	52.9419	46.0349	31.3011	1	1	1	1	1	
130	76.1216	63.7753	101.91	111.262	92.484	33.9579	44.1331	52.9413	46.0343	31.3006	1	1	1	1	1	
131	76.1209	63.7744	101.909	111.26	92.4829	33.9576	44.1319	52.9407	46.0337	31.3001	1	1	1	1	1	
132	76.1202	63.7735	101.908	111.258	92.4817	33.9572	44.1307	52.9401	46.0331	31.2995	1	1	1	1	1	
133	76.1196	63.7726	101.907	111.256	92.4806	33.9569	44.1295	52.9395	46.0324	31.299	1	1	1	1	1	
134	76.1189	63.7716	101.906	111.253	92.4794	33.9565	44.1283	52.9389	46.0318	31.2984	1	1	1	1	1	
135	76.1182	63.7707	101.905	111.251	92.4782	33.9562	44.1271	52.9383	46.0312	31.2978	1	1	1	1	1	
136	76.1175	63.7697	101.904	111.249	92.477	33.9558	44.1258	52.9377	46.0305	31.2973	1	1	1	1	1	
137	76.1168	63.7688	101.903	111.246	92.4758	33.9555	44.1246	52.9371	46.0299	31.2967	1	1	1	1	1	
138	76.1161	63.7678	101.903	111.244	92.4746	33.9551	44.1233	52.9365	46.0292	31.2961	1	1	1	1	1	
139	76.1154	63.7668	101.902	111.242	92.4734	33.9548	44.122	52.9358	46.0285	31.2955	1	1	1	1	1	
140	76.1146	63.7658	101.901	111.239	92.4721	33.9544	44.1207	52.9352	46.0279	31.2949	1	1	1	1	1	
141	76.1139	63.7648	101.9	111.237	92.4709	33.954	44.1194	52.9345	46.0272	31.2943	1	1	1	1	1	
142	76.1132	63.7638	101.899	111.235	92.4696	33.9537	44.1181	52.9339	46.0265	31.2937	1	1	1	1	1	
143	76.1124	63.7628	101.898	111.232	92.4683	33.9533	44.1168	52.9332	46.0258	31.2931	1	1	1	1	1	
144	76.1117	63.7617	101.897	111.23	92.4671	33.9529	44.1154	52.9325	46.0251	31.2925	1	1	1	1	1	
145	76.1109	63.7607	101.896	111.227	92.4658	33.9525	44.1141	52.9319	46.0244	31.2919	1	1	1	1	1	
146	76.1101	63.7596	101.895	111.225	92.4644	33.9521	44.1127	52.9312	46.0237	31.2913	1	1	1	1	1	
147	76.1094	63.7585	101.894	111.222	92.4631	33.9517	44.1113	52.9305	46.0229	31.2906	1	1	1	1	1	
148	76.1086	63.7575	101.893	111.22	92.4618	33.9513	44.1099	52.9298	46.0222	31.29	1	1	1	1	1	
149	76.1078	63.7564	101.892	111.217	92.4604	33.9509	44.1085	52.9291	46.0215	31.2893	1	1	1	1	1	
150	76.107	63.7553	101.891	111.214	92.459	33.9505	44.107	52.9284	46.0207	31.2887	1	1	1	1	1	
151	76.1062	63.7542	101.89	111.212	92.4576	33.9501	44.1056	52.9277	46.02	31.288	1	1	1	1	1	
152	76.1054	63.753	101.888	111.209	92.4562	33.9497	44.1041	52.927	46.0192	31.2873	1	1	1	1	1	
153	76.1045	63.7519	101.887	111.206	92.4548	33.9493	44.1026	52.9262	46.0184	31.2867	1	1	1	1	1	
154	76.1037	63.7507	101.886	111.204	92.4534	33.9489	44.1011	52.9255	46.0177	31.286	1	1	1	1	1	
155	76.1029	63.7496	101.885	111.201	92.4519	33.9484	44.0996	52.9247	46.0169	31.2853	1	1	1	1	1	
156	76.102	63.7484	101.884	111.198	92.4505	33.948	44.0981	52.924	46.0161	31.2846	1	1	1	1	1	
157	76.1012	63.7472	101.883	111.195	92.449	33.9476	44.0966	52.9232	46.0153	31.2839	1	1	1	1	1	
158	76.1003	63.746	101.882	111.192	92.4475	33.9471	44.095	52.9224	46.0145	31.2832	1	1	1	1	1	
159	76.0994	63.7448	101.881	111.189	92.446	33.9467	44.0934	52.9217	46.0136	31.2825	1	1	1	1	1	
160	76.0985	63.7436	101.879	111.187	92.4445	33.9462	44.0918	52.9209	46.0128	31.2817	1	1	1	1	1	
161	76.0976	63.7424	101.878	111.184	92.443	33.9458	44.0902	52.9201	46.012	31.281	1	1	1	1	1	
162	76.0967	63.7411	101.877	111.181	92.4414	33.9453	44.0886	52.9193	46.0111	31.2803	1	1	1	1	1	
163	76.0958	63.7399	101.876	111.178	92.4398	33.9449	44.087	52.9185	46.0103	31.2795	1	1	1	1	1	
164	76.0949	63.7386	101.875	111.175	92.4383	33.9444	44.0853	52.9177	46.0094	31.2787	1	1	1	1	1	
165	76.0939	63.7373	101.873	111.172	92.4367	33.9439	44.0837	52.9168	46.0086	31.278	1	1	1	1	1	
166	76.093	63.736	101.872	111.168	92.435	33.9434	44.082	52.916	46.0077	31.2772	1	1	1	1	1	
167	76.092	63.7347	101.871	111.165	92.4334	33.943	44.0803	52.9151	46.0068	31.2764	1	1	1	1	1	
168	76.0911	63.7334	101.87	111.162	92.4318	33.9425	44.0785	52.9143	46.0059	31.2756	1	1	1	1	1	
169	76.0901	63.732	101.868	111.159	92.4301	33.942	44.0768	52.9134	46.005	31.2748	1	1	1	1	1	
170	76.0891	63.7307	101.867	111.156	92.4284	33.9415	44.075	52.9126	46.0041	31.274	1	1	1	1	1	
171	76.0881	63.7293	101.866	111.152	92.4267	33.941	44.0732	52.9117	46.0031	31.2732	1	1	1	1	1	
172	76.0871	63.7279	101.865	111.149	92.425	33.9405	44.0714	52.9108	46.0022	31.2724	1	1	1	1	1	
173	76.0861	63.7265	101.863	111.146	92.4232	33.94	44.0696	52.9099	46.0013	31.2716	1	1	1	1	1	
174	76.0851	63.7251	101.862	111.143	92.4215	33.9394	44.0678	52.909	46.0003	31.2707	1	1	1	1	1	
175	76.0841	63.7237	101.861	111.139	92.4197	33.9389	44.0659	52.9081	45.9993	31.2699	1	1	1	1	1	
176	76.083	63.7222	101.859	111.136	92.4179	33.9384	44.0641	52.9071	45.9984	31.269	1	1	1	1	1	
177	76.082	63.7208	101.858	111.132	92.4161	33.9378	44.0622	52.9062	45.9974	31.2682	1	1	1	1	1	
178	76.0809	63.7193	101.856	111.129	92.4143	33.9373	44.0603	52.9053	45.9964	31.2673	1	1	1	1	1	
179	76.0798	63.7178	101.855	111.125	92.4124	33.9368	44.0583	52.9043	45.9954	31.2664	1	1	1	1	1	
180	76.0787	63.7163	101.854	111.122	92.4106	33.9362	44.0564	52.9034	45.9944	31.2655	1	1	1	1	1	
181	76.0776	63.7148	101.852	111.118	92.4087	33.9356	44.0544	52.9024	45.9933	31.2646	1	1	1	1	1	
182	76.0765	63.7133	101.851	111.114	92.4068	33.9351	44.0524	52.9014	45.9923	31.2637	1	1	1	1	1	
183	76.0754	63.7117	101.849	111.111	92.4048	33.9345	44.0504	52.9004	45.9912	31.2628	1	1	1	1	1	
184	76.0742	63.7102	101.848	111.107	92.4029	33.9339	44.0484	52.8994	45.9902	31.2619	1	1	1	1	1	
185	76.0731	63.7086	101.846	111.103	92.4009	33.9333	44.0463	52.8984	45.9891	31.2609	1	1	1	1	1	
186	76.0719	63.707	101.845	111.099	92.3989	33.9328	44.0442	52.8974	45.988	31.26	1	1	1	1	1	
187	76.0708	63.7054	101.843	111.096	92.3969	33.9322	44.0421	52.8963	45.9869	31.259	1	1	1	1	1	
188	76.0696	63.7037	101.842	111.092	92.3949	33.9316	44.04	52.8953	45.9858	31.258	1	1	1	1	1	
189	76.0684	63.7021	101.84	111.088	92.3929	33.931	44.0379	52.8942	45.9847	31.2571	1	1	1	1	1	
190	76.0672	63.7004	101.838	111.084	92.3908	33.9303	44.0357	52.8931	45.9836	31.2561	1	1	1	1	1	
191	76.066	63.6987	101.837	111.08	92.3887	33.9297	44.0335	52.8921	45.9824	31.2551	1	1	1	1	1	
192	76.0647	63.697	101.835	111.076	92.3866	33.9291	44.0313	52.891	45.9813	31.2541	1	1	1	1	1	
193	76.0635	63.6953	101.834	111.072	92.3844	33.9285	44.0291	52.8899	45.9801	31.253	1	1	1	1	1	
194	76.0622	63.6936	101.832	111.068	92.3823	33.9278	44.0268	52.8888	45.979	31.252	1	1	1	1	1	
195	76.0609	63.6918	101.83	111.063	92.3801	33.9272	44.0246	52.8876	45.9778	31.251	1	1	1	1	1	
196	76.0597	63.6901	101.829	111.059	92.3779	33.9265	44.0223	52.8865	45.9766	31.2499	1	1	1	1	1	
197	76.0584	63.6883	101.827	111.055	92.3757	33.9259	44.0199	52.8854	45.9754	31.2489	1	1	1	1	1	
198	76.057	63.6865	101.825	111.051	92.3734	33.9252	44.0176	52.8842	45.9741	31.2478	1	1	1	1	1	
199	76.0557	63.6846	101.823	111.046	92.3711	33.9245	44.0152	52.883	45.9729	31.2467	1	1	1	1	1	
200	76.0544	63.6828	101.822	111.042	92.3689	33.9238	44.0128	52.8818	45.9716	31.2456	1	1	1	1	1	
201	76.053	63.6809	101.82	111.037	92.3665	33.9231	44.0104	52.8806	45.9704	31.2445	1	1	1	1	1	
202	76.0517	63.679	101.818	111.033	92.3642	33.9225	44.0079	52.8794	45.9691	31.2434	1	1	1	1	1	
203	76.0503	63.6771	101.816	111.028	92.3618	33.9217	44.0055	52.8782	45.9678	31.2422	1	1	1	1	1	
204	76.0489	63.6752	101.814	111.024	92.3594	33.921	44.003	52.877	45.9665	31.2411	1	1	1	1	1	
205	76.0475	63.6733	101.813	111.019	92.357	33.9203	44.0004	52.8757	45.9652	31.24	1	1	1	1	1	
206	76.046	63.6713	101.811	111.015	92.3546	33.9196	43.9979	52.8745	45.9639	31.2388	1	1	1	1	1	
207	76.0446	63.6693	101.809	111.01	92.3521	33.9189	43.9953	52.8732	45.9625	31.2376	1	1	1	1	1	
208	76.0431	63.6673	101.807	111.005	92.3496	33.9181	43.9927	52.8719	45.9612	31.2364	1	1	1	1	1	
209	76.0417	63.6653	101.805	111	92.3471	33.9174	43.9901	52.8706	45.9598	31.2352	1	1	1	1	1	
210	76.0402	63.6632	101.803	110.995	92.3445	33.9166	43.9874	52.8693	45.9584	31.234	1	1	1	1	1	
211	76.0387	63.6612	101.801	110.99	92.342	33.9158	43.9847	52.868	45.957	31.2328	1	1	1	1	1	
212	76.0372	63.6591	101.799	110.985	92.3393	33.9151	43.982	52.8667	45.9556	31.2315	1	1	1	1	1	
213	76.0356	63.6569	101.797	110.98	92.3367	33.9143	43.9793	52.8653	45.9542	31.2303	1	1	1	1	1	
214	76.0341	63.6548	101.795	110.975	92.3341	33.9135	43.9765	52.8639	45.9527	31.229	1	1	1	1	1	
215	76.0325	63.6526	101.793	110.97	92.3314	33.9127	43.9737	52.8626	45.9512	31.2277	1	1	1	1	1	
216	76.0309	63.6505	101.791	110.965	92.3287	33.9119	43.9709	52.8612	45.9498	31.2264	1	1	1	1	1	
217	76.0293	63.6483	101.789	110.96	92.3259	33.9111	43.968	52.8597	45.9483	31.2251	1	1	1	1	1	
218	76.0277	63.646	101.787	110.954	92.3232	33.9103	43.9651	52.8583	45.9468	31.2238	1	1	1	1	1	
219	76.0261	63.6438	101.785	110.949	92.3204	33.9094	43.9622	52.8569	45.9452	31.2225	1	1	1	1	1	
220	76.0244	63.6415	101.783	110.944	92.3175	33.9086	43.9592	52.8554	45.9437	31.2211	1	1	1	1	1	
221	76.0228	63.6392	101.78	110.938	92.3147	33.9077	43.9562	52.854	45.9422	31.2198	1	1	1	1	1	
222	76.0211	63.6369	101.778	110.933	92.3118	33.9069	43.9532	52.8525	45.9406	31.2184	1	1	1	1	1	
223	76.0194	63.6345	101.776	110.927	92.3089	33.906	43.9502	52.851	45.939	31.217	1	1	1	1	1	
224	76.0177	63.6322	101.774	110.922	92.3059	33.9051	43.9471	52.8495	45.9374	31.2156	1	1	1	1	1	
225	76.0159	63.6298	101.771	110.916	92.3029	33.9042	43.944	52.8479	45.9358	31.2142	1	1	1	1	1	
226	76.0142	63.6273	101.769	110.91	92.2999	33.9033	43.9409	52.8464	45.9341	31.2128	1	1	1	1	1	
227	76.0124	63.6249	101.767	110.904	92.2969	33.9024	43.9377	52.8448	45.9325	31.2113	1	1	1	1	1	
228	76.0106	63.6224	101.764	110.898	92.2938	33.9015	43.9345	52.8432	45.9308	31.2098	1	1	1	1	1	
229	76.0088	63.6199	101.762	110.892	92.2907	33.9006	43.9312	52.8417	45.9291	31.2084	1	1	1	1	1	
230	76.007	63.6174	101.76	110.886	92.2876	33.8997	43.928	52.84	45.9274	31.2069	1	1	1	1	1	
231	76.0051	63.6148	101.757	110.88	92.2844	33.8987	43.9247	52.8384	45.9257	31.2054	1	1	1	1	1	
232	76.0033	63.6122	101.755	110.874	92.2812	33.8978	43.9213	52.8368	45.9239	31.2038	1	1	1	1	1	
233	76.0014	63.6096	101.752	110.868	92.278	33.8968	43.9179	52.8351	45.9222	31.2023	1	1	1	1	1	
234	75.9995	63.607	101.75	110.862	92.2747	33.8958	43.9145	52.8334	45.9204	31.2007	1	1	1	1	1	
235	75.9975	63.6043	101.747	110.856	92.2714	33.8948	43.9111	52.8317	45.9186	31.1992	1	1	1	1	1	
236	75.9956	63.6016	101.745	110.849	92.268	33.8938	43.9076	52.83	45.9167	31.1976	1	1	1	1	1	
237	75.9936	63.5989	101.742	110.843	92.2647	33.8928	43.904	52.8283	45.9149	31.196	1	1	1	1	1	
238	75.9916	63.5962	101.74	110.836	92.2612	33.8918	43.9005	52.8265	45.913	31.1943	1	1	1	1	1	
239	75.9896	63.5934	101.737	110.83	92.2578	33.8908	43.8969	52.8248	45.9112	31.1927	1	1	1	1	1	
240	75.9876	63.5906	101.734	110.823	92.2543	33.8897	43.8933	52.823	45.9093	31.191	1	1	1	1	1	
241	75.9855	63.5877	101.732	110.816	92.2508	33.8887	43.8896	52.8212	45.9073	31.1894	1	1	1	1	1	
242	75.9834	63.5849	101.729	110.809	92.2472	33.8876	43.8859	52.8193	45.9054	31.1877	1	1	1	1	1	
243	75.9813	63.582	101.726	110.803	92.2436	33.8865	43.8821	52.8175	45.9034	31.1859	1	1	1	1	1	
244	75.9792	63.5791	101.723	110.796	92.24	33.8855	43.8783	52.8156	45.9015	31.1842	1	1	1	1	1	
245	75.9771	63.5761	101.721	110.789	92.2363	33.8844	43.8745	52.8137	45.8995	31.1825	1	1	1	1	1	
246	75.9749	63.5731	101.718	110.781	92.2326	33.8833	43.8706	52.8118	45.8974	31.1807	1	1	1	1	1	
247	75.9727	63.5701	101.715	110.774	92.2288	33.8821	43.8667	52.8099	45.8954	31.1789	1	1	1	1	1	
248	75.9705	63.567	101.712	110.767	92.2251	33.881	43.8627	52.808	45.8933	31.1771	1	1	1	1	1	
249	75.9683	63.5639	101.709	110.76	92.2212	33.8799	43.8587	52.806	45.8912	31.1753	1	1	1	1	1	
250	75.966	63.5608	101.706	110.752	92.2174	33.8787	43.8547	52.804	45.8891	31.1734	1	1	1	1	1	
251	75.9637	63.5576	101.703	110.745	92.2134	33.8775	43.8506	52.802	45.887	31.1716	1	1	1	1	1	
252	75.9614	63.5545	101.7	110.737	92.2095	33.8763	43.8465	52.8	45.8848	31.1697	1	1	1	1	1	
253	75.9591	63.5512	101.697	110.73	92.2055	33.8751	43.8423	52.798	45.8827	31.1678	1	1	1	1	1	
254	75.9567	63.548	101.694	110.722	92.2014	33.8739	43.8381	52.7959	45.8805	31.1659	1	1	1	1	1	
255	75.9543	63.5447	101.691	110.714	92.1974	33.8727	43.8339	52.7938	45.8782	31.1639	1	1	1	1	1	
256	75.9519	63.5414	101.688	110.706	92.1932	33.8715	43.8296	52.7917	45.876	31.162	1	1	1	1	1	
257	75.9495	63.538	101.684	110.698	92.1891	33.8702	43.8252	52.7896	45.8737	31.16	1	1	1	1	1	
258	75.947	63.5346	101.681	110.69	92.1848	33.869	43.8208	52.7874	45.8714	31.158	1	1	1	1	1	
259	75.9446	63.5312	101.678	110.682	92.1806	33.8677	43.8164	52.7852	45.8691	31.156	1	1	1	1	1	
260	75.942	63.5277	101.675	110.674	92.1763	33.8664	43.8119	52.783	45.8667	31.1539	1	1	1	1	1	
261	75.9395	63.5242	101.671	110.666	92.1719	33.8651	43.8073	52.7808	45.8644	31.1519	1	1	1	1	1	
262	75.9369	63.5206	101.668	110.657	92.1675	33.8638	43.8028	52.7785	45.862	31.1498	1	1	1	1	1	
263	75.9344	63.517	101.665	110.649	92.1631	33.8624	43.7981	52.7763	45.8596	31.1477	1	1	1	1	1	
264	75.9317	63.5134	101.661	110.64	92.1586	33.8611	43.7934	52.774	45.8571	31.1455	1	1	1	1	1	
265	75.9291	63.5097	101.658	110.632	92.154	33.8597	43.7887	52.7717	45.8546	31.1434	1	1	1	1	1	
266	75.9264	63.506	101.654	110.623	92.1494	33.8583	43.7839	52.7693	45.8521	31.1412	1	1	1	1	1	
267	75.9237	63.5023	101.651	110.614	92.1448	33.8569	43.7791	52.767	45.8496	31.139	1	1	1	1	1	
268	75.921	63.4985	101.647	110.605	92.1401	33.8555	43.7742	52.7646	45.847	31.1368	1	1	1	1	1	
269	75.9182	63.4947	101.644	110.596	92.1354	33.8541	43.7693	52.7621	45.8445	31.1345	1	1	1	1	1	
270	75.9154	63.4908	101.64	110.587	92.1306	33.8527	43.7643	52.7597	45.8418	31.1322	1	1	1	1	1	
271	75.9126	63.4869	101.636	110.578	92.1257	33.8512	43.7592	52.7572	45.8392	31.1299	1	1	1	1	1	
272	75.9097	63.483	101.632	110.568	92.1209	33.8497	43.7541	52.7547	45.8365	31.1276	1	1	1	1	1	
273	75.9068	63.479	101.629	110.559	92.1159	33.8483	43.749	52.7522	45.8338	31.1253	1	1	1	1	1	
274	75.9039	63.4749	101.625	110.549	92.1109	33.8467	43.7438	52.7497	45.8311	31.1229	1	1	1	1	1	
275	75.901	63.4708	101.621	110.54	92.1058	33.8452	43.7385	52.7471	45.8284	31.1205	1	1	1	1	1	
276	75.898	63.4667	101.617	110.53	92.1007	33.8437	43.7332	52.7445	45.8256	31.1181	1	1	1	1	1	
277	75.895	63.4625	101.613	110.52	92.0956	33.8421	43.7278	52.7418	45.8228	31.1156	1	1	1	1	1	
278	75.8919	63.4583	101.609	110.51	92.0904	33.8406	43.7224	52.7392	45.8199	31.1132	1	1	1	1	1	
279	75.8889	63.4541	101.605	110.5	92.0851	33.839	43.7169	52.7365	45.817	31.1107	1	1	1	1	1	
280	75.8858	63.4498	101.601	110.49	92.0797	33.8374	43.7113	52.7338	45.8141	31.1081	1	1	1	1	1	
281	75.8826	63.4454	101.597	110.48	92.0744	33.8357	43.7057	52.731	45.8112	31.1056	1	1	1	1	1	
282	75.8794	63.441	101.593	110.469	92.0689	33.8341	43.7	52.7283	45.8082	31.103	1	1	1	1	1	
283	75.8762	63.4366	101.589	110.459	92.0634	33.8324	43.6943	52.7255	45.8052	31.1004	1	1	1	1	1	
284	75.873	63.4321	101.584	110.448	92.0578	33.8308	43.6885	52.7226	45.8022	31.0978	1	1	1	1	1	
285	75.8697	63.4275	101.58	110.437	92.0522	33.8291	43.6826	52.7198	45.7991	31.0951	1	1	1	1	1	
286	75.8664	63.4229	101.576	110.426	92.0465	33.8273	43.6767	52.7169	45.796	31.0924	1	1	1	1	1	
287	75.863	63.4183	101.571	110.415	92.0408	33.8256	43.6707	52.714	45.7929	31.0897	1	1	1	1	1	
288	75.8596	63.4136	101.567	110.404	92.035	33.8238	43.6647	52.711	45.7897	31.0869	1	1	1	1	1	
289	75.8562	63.4088	101.563	110.393	92.0291	33.8221	43.6585	52.708	45.7865	31.0841	1	1	1	1	1	
290	75.8527	63.404	101.558	110.382	92.0231	33.8203	43.6524	52.705	45.7832	31.0813	1	1	1	1	1	
291	75.8492	63.3992	101.553	110.37	92.0171	33.8185	43.6461	52.702	45.78	31.0785	1	1	1	1	1	
292	75.8457	63.3942	101.549	110.359	92.0111	33.8166	43.6398	52.6989	45.7767	31.0756	1	1	1	1	1	
293	75.8421	63.3893	101.544	110.347	92.0049	33.8148	43.6334	52.6958	45.7733	31.0727	1	1	1	1	1	
294	75.8385	63.3843	101.539	110.335	91.9987	33.8129	43.6269	52.6926	45.7699	31.0698	1	1	1	1	1	
295	75.8348	63.3792	101.535	110.323	91.9924	33.811	43.6204	52.6894	45.7665	31.0668	1	1	1	1	1	
296	75.8311	63.3741	101.53	110.311	91.9861	33.8091	43.6138	52.6862	45.763	31.0638	1	1	1	1	1	
297	75.8274	63.3689	101.525	110.299	91.9797	33.8071	43.6072	52.683	45.7595	31.0608	1	1	1	1	1	
298	75.8236	63.3636	101.52	110.287	91.9732	33.8052	43.6004	52.6797	45.756	31.0577	1	1	1	1	1	
299	75.8198	63.3583	101.515	110.274	91.9667	33.8032	43.5936	52.6764	45.7524	31.0546	1	1	1	1	1	
300	75.8159	63.353	101.51	110.262	91.96	33.8012	43.5867	52.673	45.7488	31.0515	1	1	1	1	1	
301	75.812	63.3476	101.505	110.249	91.9533	33.7991	43.5797	52.6696	45.7452	31.0483	1	1	1	1	1	
302	75.8081	63.3421	101.5	110.236	91.9466	33.7971	43.5727	52.6662	45.7415	31.0451	1	1	1	1	1	
303	75.8041	63.3365	101.495	110.223	91.9397	33.795	43.5656	52.6627	45.7377	31.0419	1	1	1	1	1	
304	75.8001	63.3309	101.489	110.21	91.9328	33.7929	43.5584	52.6592	45.734	31.0386	1	1	1	1	1	
305	75.796	63.3253	101.484	110.196	91.9258	33.7908	43.5511	52.6557	45.7301	31.0353	1	1	1	1	1	
306	75.7919	63.3195	101.479	110.183	91.9187	33.7886	43.5438	52.6521	45.7263	31.032	1	1	1	1	1	
307	75.7877	63.3138	101.473	110.169	91.9116	33.7864	43.5363	52.6485	45.7224	31.0286	1	1	1	1	1	
308	75.7835	63.3079	101.468	110.156	91.9044	33.7842	43.5288	52.6448	45.7184	31.0252	1	1	1	1	1	
309	75.7792	63.302	101.462	110.142	91.8971	33.782	43.5212	52.6411	45.7144	31.0218	1	1	1	1	1	
310	75.7749	63.296	101.456	110.128	91.8897	33.7798	43.5135	52.6374	45.7104	31.0183	1	1	1	1	1	
311	75.7706	63.2899	101.451	110.113	91.8822	33.7775	43.5057	52.6336	45.7063	31.0147	1	1	1	1	1	
312	75.7662	63.2838	101.445	110.099	91.8746	33.7752	43.4979	52.6298	45.7022	31.0112	1	1	1	1	1	
313	75.7617	63.2776	101.439	110.085	91.867	33.7729	43.49	52.626	45.698	31.0076	1	1	1	1	1	
314	75.7572	63.2714	101.433	110.07	91.8593	33.7705	43.4819	52.6221	45.6938	31.0039	1	1	1	1	1	
315	75.7526	63.265	101.427	110.055	91.8515	33.7681	43.4738	52.6181	45.6895	31.0003	1	1	1	1	1	
316	75.748	63.2586	101.421	110.04	91.8436	33.7657	43.4656	52.6141	45.6852	30.9965	1	1	1	1	1	
317	75.7434	63.2522	101.415	110.025	91.8356	33.7633	43.4573	52.6101	45.6809	30.9928	1	1	1	1	1	
318	75.7387	63.2456	101.409	110.009	91.8275	33.7608	43.4489	52.606	45.6765	30.989	1	1	1	1	1	
319	75.7339	63.239	101.403	109.994	91.8193	33.7583	43.4404	52.6019	45.672	30.9851	1	1	1	1	1	
320	75.7291	63.2323	101.397	109.978	91.8111	33.7558	43.4319	52.5978	45.6675	30.9813	1	1	1	1	1	
321	75.7242	63.2255	101.39	109.962	91.8027	33.7532	43.4232	52.5936	45.6629	30.9773	1	1	1	1	1	
322	75.7193	63.2187	101.384	109.946	91.7943	33.7506	43.4144	52.5893	45.6583	30.9734	1	1	1	1	1	
323	75.7143	63.2118	101.377	109.93	91.7858	33.748	43.4055	52.585	45.6537	30.9693	1	1	1	1	1	
324	75.7093	63.2048	101.371	109.914	91.7771	33.7454	43.3966	52.5807	45.6489	30.9653	1	1	1	1	1	
325	75.7042	63.1977	101.364	109.897	91.7684	33.7427	43.3875	52.5763	45.6442	30.9612	1	1	1	1	1	
326	75.6991	63.1905	101.358	109.88	91.7596	33.74	43.3783	52.5719	45.6394	30.957	1	1	1	1	1	
327	75.6939	63.1833	101.351	109.863	91.7507	33.7373	43.3691	52.5674	45.6345	30.9528	1	1	1	1	1	
328	75.6886	63.1759	101.344	109.846	91.7416	33.7345	43.3597	52.5629	45.6296	30.9486	1	1	1	1	1	
329	75.6833	63.1685	101.337	109.829	91.7325	33.7317	43.3502	52.5583	45.6246	30.9443	1	1	1	1	1	
330	75.6779	63.161	101.33	109.811	91.7233	33.7289	43.3406	52.5536	45.6195	30.94	1	1	1	1	1	
331	75.6725	63.1535	101.323	109.793	91.7139	33.726	43.331	52.549	45.6144	30.9356	1	1	1	1	1	
332	75.667	63.1458	101.316	109.775	91.7045	33.7231	43.3212	52.5442	45.6093	30.9312	1	1	1	1	1	
333	75.6614	63.138	101.308	109.757	91.6949	33.7202	43.3112	52.5394	45.604	30.9267	1	1	1	1	1	
334	75.6558	63.1302	101.301	109.739	91.6853	33.7172	43.3012	52.5346	45.5988	30.9221	1	1	1	1	1	
335	75.6501	63.1222	101.294	109.72	91.6755	33.7142	43.2911	52.5297	45.5934	30.9176	1	1	1	1	1	
336	75.6443	63.1142	101.286	109.702	91.6656	33.7111	43.2808	52.5248	45.588	30.9129	1	1	1	1	1	
337	75.6385	63.1061	101.279	109.683	91.6556	33.7081	43.2705	52.5198	45.5826	30.9082	1	1	1	1	1	
338	75.6326	63.0979	101.271	109.664	91.6455	33.7049	43.26	52.5147	45.577	30.9035	1	1	1	1	1	
339	75.6266	63.0896	101.263	109.644	91.6353	33.7018	43.2494	52.5096	45.5715	30.8987	1	1	1	1	1	
340	75.6206	63.0812	101.255	109.624	91.625	33.6986	43.2387	52.5044	45.5658	30.8939	1	1	1	1	1	
341	75.6145	63.0727	101.247	109.605	91.6145	33.6954	43.2278	52.4992	45.5601	30.889	1	1	1	1	1	
342	75.6084	63.0641	101.239	109.585	91.604	33.6921	43.2169	52.4939	45.5543	30.884	1	1	1	1	1	
343	75.6021	63.0554	101.231	109.564	91.5933	33.6888	43.2058	52.4886	45.5485	30.879	1	1	1	1	1	
344	75.5958	63.0466	101.223	109.544	91.5824	33.6854	43.1945	52.4832	45.5426	30.874	1	1	1	1	1	
345	75.5894	63.0377	101.215	109.523	91.5715	33.6821	43.1832	52.4777	45.5366	30.8689	1	1	1	1	1	
346	75.583	63.0286	101.206	109.502	91.5604	33.6786	43.1717	52.4722	45.5305	30.8637	1	1	1	1	1	
347	75.5765	63.0195	101.198	109.481	91.5492	33.6752	43.1601	52.4666	45.5244	30.8585	1	1	1	1	1	
348	75.5699	63.0103	101.189	109.459	91.5379	33.6716	43.1484	52.461	45.5182	30.8532	1	1	1	1	1	
349	75.5632	63.001	101.181	109.437	91.5265	33.6681	43.1365	52.4553	45.5119	30.8478	1	1	1	1	1	
350	75.5564	62.9915	101.172	109.415	91.5149	33.6645	43.1245	52.4495	45.5056	30.8424	1	1	1	1	1	
351	75.5496	62.982	101.163	109.393	91.5031	33.6608	43.1123	52.4437	45.4992	30.8369	1	1	1	1	1	
352	75.5427	62.9723	101.154	109.371	91.4913	33.6572	43.1	52.4378	45.4927	30.8314	1	1	1	1	1	
353	75.5357	62.9626	101.145	109.348	91.4793	33.6534	43.0876	52.4318	45.4861	30.8258	1	1	1	1	1	
354	75.5286	62.9527	101.136	109.325	91.4671	33.6497	43.075	52.4258	45.4795	30.8201	1	1	1	1	1	
355	75.5215	62.9427	101.126	109.302	91.4549	33.6458	43.0623	52.4197	45.4728	30.8144	1	1	1	1	1	
356	75.5142	62.9325	101.117	109.278	91.4424	33.642	43.0495	52.4135	45.466	30.8086	1	1	1	1	1	
357	75.5069	62.9223	101.107	109.254	91.4299	33.638	43.0364	52.4073	45.4591	30.8028	1	1	1	1	1	
358	75.4995	62.9119	101.098	109.23	91.4172	33.6341	43.0233	52.401	45.4522	30.7969	1	1	1	1	1	
359	75.492	62.9014	101.088	109.206	91.4043	33.6301	43.01	52.3946	45.4451	30.7909	1	1	1	1	1	
360	75.4844	62.8908	101.078	109.181	91.3913	33.626	42.9965	52.3882	45.438	30.7848	1	1	1	1	1	
361	75.4767	62.88	101.068	109.156	91.3781	33.6219	42.9828	52.3816	45.4308	30.7787	1	1	1	1	1	
362	75.469	62.8692	101.058	109.131	91.3648	33.6177	42.9691	52.3751	45.4235	30.7725	1	1	1	1	1	
363	75.4611	62.8582	101.048	109.105	91.3513	33.6135	42.9551	52.3684	45.4161	30.7662	1	1	1	1	1	
364	75.4532	62.847	101.038	109.08	91.3377	33.6092	42.941	52.3616	45.4087	30.7599	1	1	1	1	1	
365	75.4451	62.8358	101.027	109.053	91.3239	33.6049	42.9267	52.3548	45.4011	30.7535	1	1	1	1	1	
366	75.437	62.8244	101.017	109.027	91.3099	33.6005	42.9123	52.3479	45.3935	30.747	1	1	1	1	1	
367	75.4288	62.8128	101.006	109	91.2958	33.5961	42.8976	52.341	45.3857	30.7404	1	1	1	1	1	
368	75.4204	62.8011	100.995	108.973	91.2815	33.5916	42.8828	52.3339	45.3779	30.7338	1	1	1	1	1	
369	75.412	62.7893	100.984	108.946	91.267	33.587	42.8679	52.3268	45.37	30.7271	1	1	1	1	1	
370	75.4035	62.7773	100.973	108.918	91.2524	33.5824	42.8527	52.3196	45.362	30.7203	1	1	1	1	1	
371	75.3948	62.7652	100.962	108.89	91.2376	33.5778	42.8374	52.3123	45.3539	30.7135	1	1	1	1	1	
372	75.3861	62.7529	100.951	108.862	91.2226	33.573	42.8219	52.3049	45.3456	30.7065	1	1	1	1	1	
373	75.3773	62.7405	100.939	108.833	91.2074	33.5683	42.8062	52.2974	45.3373	30.6995	1	1	1	1	1	
374	75.3683	62.728	100.927	108.804	91.192	33.5634	42.7903	52.2899	45.3289	30.6924	1	1	1	1	1	
375	75.3593	62.7152	100.916	108.774	91.1765	33.5585	42.7743	52.2823	45.3204	30.6852	1	1	1	1	1	
376	75.3501	62.7024	100.904	108.745	91.1608	33.5535	42.758	52.2745	45.3118	30.678	1	1	1	1	1	
377	75.3408	62.6893	100.892	108.715	91.1449	33.5485	42.7416	52.2667	45.3031	30.6706	1	1	1	1	1	
378	75.3314	62.6761	100.88	108.684	91.1288	33.5434	42.7249	52.2588	45.2943	30.6632	1	1	1	1	1	
379	75.3219	62.6628	100.867	108.653	91.1125	33.5382	42.7081	52.2508	45.2853	30.6556	1	1	1	1	1	
380	75.3123	62.6493	100.855	108.622	91.096	33.533	42.691	52.2428	45.2763	30.648	1	1	1	1	1	
381	75.3026	62.6356	100.842	108.591	91.0792	33.5277	42.6738	52.2346	45.2671	30.6403	1	1	1	1	1	
382	75.2927	62.6217	100.829	108.559	91.0623	33.5223	42.6563	52.2263	45.2579	30.6326	1	1	1	1	1	
383	75.2828	62.6077	100.817	108.526	91.0452	33.5169	42.6386	52.2179	45.2485	30.6247	1	1	1	1	1	
384	75.2727	62.5935	100.803	108.493	91.0279	33.5114	42.6207	52.2095	45.239	30.6167	1	1	1	1	1	
385	75.2625	62.5791	100.79	108.46	91.0104	33.5058	42.6026	52.2009	45.2294	30.6086	1	1	1	1	1	
386	75.2521	62.5645	100.777	108.427	90.9926	33.5001	42.5843	52.1923	45.2197	30.6005	1	1	1	1	1	
387	75.2417	62.5498	100.763	108.393	90.9747	33.4944	42.5658	52.1835	45.2098	30.5922	1	1	1	1	1	
388	75.2311	62.5348	100.75	108.359	90.9565	33.4886	42.547	52.1746	45.1999	30.5839	1	1	1	1	1	
389	75.2203	62.5197	100.736	108.324	90.9381	33.4827	42.528	52.1657	45.1898	30.5754	1	1	1	1	1	
390	75.2095	62.5044	100.722	108.289	90.9194	33.4768	42.5087	52.1566	45.1796	30.5669	1	1	1	1	1	
391	75.1985	62.4889	100.707	108.253	90.9005	33.4707	42.4893	52.1474	45.1692	30.5582	1	1	1	1	1	
392	75.1874	62.4732	100.693	108.217	90.8814	33.4646	42.4695	52.1382	45.1587	30.5495	1	1	1	1	1	
393	75.1761	62.4573	100.678	108.18	90.8621	33.4584	42.4496	52.1288	45.1481	30.5406	1	1	1	1	1	
394	75.1647	62.4412	100.664	108.143	90.8425	33.4521	42.4294	52.1193	45.1374	30.5317	1	1	1	1	1	
395	75.1531	62.4249	100.649	108.106	90.8227	33.4457	42.4089	52.1096	45.1265	30.5226	1	1	1	1	1	
396	75.1414	62.4083	100.634	108.068	90.8026	33.4393	42.3882	52.0999	45.1155	30.5134	1	1	1	1	1	
397	75.1296	62.3916	100.618	108.03	90.7823	33.4327	42.3673	52.0901	45.1044	30.5042	1	1	1	1	1	
398	75.1176	62.3746	100.603	107.991	90.7617	33.4261	42.346	52.0801	45.0931	30.4948	1	1	1	1	1	
399	75.1055	62.3575	100.587	107.952	90.7408	33.4194	42.3245	52.07	45.0817	30.4853	1	1	1	1	1	
400	75.0932	62.3401	100.571	107.912	90.7197	33.4126	42.3028	52.0599	45.0701	30.4757	1	1	1	1	1	
401	75.0807	62.3225	100.555	107.872	90.6984	33.4057	42.2807	52.0495	45.0584	30.4659	1	1	1	1	1	
402	75.0681	62.3046	100.539	107.831	90.6767	33.3987	42.2584	52.0391	45.0465	30.4561	1	1	1	1	1	
403	75.0553	62.2865	100.522	107.789	90.6548	33.3916	42.2358	52.0285	45.0345	30.4461	1	1	1	1	1	
404	75.0424	62.2682	100.506	107.748	90.6326	33.3844	42.213	52.0178	45.0223	30.436	1	1	1	1	1	
405	75.0293	62.2497	100.489	107.705	90.6101	33.3771	42.1898	52.007	45.01	30.4258	1	1	1	1	1	
406	75.016	62.2309	100.471	107.662	90.5873	33.3697	42.1663	51.9961	44.9975	30.4155	1	1	1	1	1	
407	75.0026	62.2118	100.454	107.619	90.5643	33.3622	42.1426	51.985	44.9848	30.405	1	1	1	1	1	
408	74.989	62.1925	100.437	107.575	90.5409	33.3546	42.1185	51.9738	44.972	30.3945	1	1	1	1	1	
409	74.9752	62.173	100.419	107.53	90.5172	33.3468	42.0941	51.9625	44.959	30.3838	1	1	1	1	1	
410	74.9613	62.1532	100.401	107.485	90.4933	33.339	42.0695	51.951	44.9459	30.3729	1	1	1	1	1	
411	74.9471	62.1331	100.383	107.44	90.469	33.3311	42.0445	51.9393	44.9325	30.362	1	1	1	1	1	
412	74.9328	62.1127	100.364	107.393	90.4444	33.323	42.0191	51.9276	44.919	30.3509	1	1	1	1	1	
413	74.9183	62.0921	100.345	107.346	90.4195	33.3149	41.9935	51.9157	44.9054	30.3396	1	1	1	1	1	
414	74.9036	62.0712	100.326	107.299	90.3942	33.3066	41.9675	51.9036	44.8915	30.3283	1	1	1	1	1	
415	74.8887	62.05	100.307	107.251	90.3686	33.2982	41.9412	51.8914	44.8775	30.3168	1	1	1	1	1	
416	74.8736	62.0286	100.288	107.202	90.3427	33.2897	41.9145	51.8791	44.8633	30.3051	1	1	1	1	1	
417	74.8583	62.0068	100.268	107.153	90.3165	33.2811	41.8875	51.8666	44.8489	30.2933	1	1	1	1	1	
418	74.8428	61.9848	100.248	107.103	90.2899	33.2723	41.8602	51.854	44.8343	30.2814	1	1	1	1	1	
419	74.8271	61.9624	100.228	107.052	90.2629	33.2634	41.8325	51.8412	44.8195	30.2693	1	1	1	1	1	
420	74.8112	61.9398	100.207	107.001	90.2356	33.2544	41.8044	51.8282	44.8045	30.2571	1	1	1	1	1	
421	74.7951	61.9168	100.187	106.949	90.208	33.2453	41.7759	51.8151	44.7893	30.2447	1	1	1	1	1	
422	74.7788	61.8935	100.166	106.896	90.1799	33.236	41.7471	51.8018	44.7739	30.2322	1	1	1	1	1	
423	74.7623	61.8699	100.144	106.843	90.1515	33.2266	41.7179	51.7883	44.7583	30.2195	1	1	1	1	1	
424	74.7455	61.846	100.123	106.789	90.1227	33.217	41.6883	51.7747	44.7425	30.2067	1	1	1	1	1	
425	74.7285	61.8217	100.101	106.734	90.0935	33.2073	41.6583	51.7609	44.7265	30.1937	1	1	1	1	1	
426	74.7113	61.7972	100.079	106.679	90.064	33.1975	41.6279	51.747	44.7103	30.1806	1	1	1	1	1	
427	74.6938	61.7722	100.057	106.622	90.034	33.1875	41.5971	51.7329	44.6938	30.1672	1	1	1	1	1	
428	74.6761	61.7469	100.034	106.565	90.0036	33.1774	41.5659	51.7186	44.6771	30.1538	1	1	1	1	1	
429	74.6582	61.7213	100.011	106.508	89.9728	33.1671	41.5342	51.7041	44.6602	30.1401	1	1	1	1	1	
430	74.64	61.6953	99.9874	106.449	89.9416	33.1566	41.5022	51.6894	44.6431	30.1263	1	1	1	1	1	
431	74.6216	61.6689	99.9638	106.39	89.91	33.146	41.4697	51.6746	44.6257	30.1123	1	1	1	1	1	
432	74.6029	61.6422	99.9398	106.33	89.8779	33.1353	41.4367	51.6595	44.6081	30.0982	1	1	1	1	1	
433	74.584	61.615	99.9156	106.269	89.8454	33.1244	41.4033	51.6443	44.5903	30.0838	1	1	1	1	1	
434	74.5648	61.5875	99.8909	106.207	89.8124	33.1133	41.3695	51.6289	44.5722	30.0693	1	1	1	1	1	
435	74.5454	61.5596	99.866	106.144	89.779	33.102	41.3351	51.6133	44.5538	30.0546	1	1	1	1	1	
436	74.5256	61.5313	99.8407	106.081	89.7451	33.0906	41.3003	51.5975	44.5352	30.0397	1	1	1	1	1	
437	74.5056	61.5026	99.8151	106.017	89.7107	33.079	41.2651	51.5814	44.5164	30.0247	1	1	1	1	1	
438	74.4854	61.4734	99.7891	105.951	89.6759	33.0672	41.2293	51.5652	44.4973	30.0094	1	1	1	1	1	
439	74.4648	61.4439	99.7628	105.885	89.6406	33.0552	41.193	51.5488	44.4779	29.994	1	1	1	1	1	
440	74.4439	61.4139	99.7361	105.818	89.6047	33.0431	41.1563	51.5321	44.4582	29.9784	1	1	1	1	1	
441	74.4228	61.3835	99.709	105.75	89.5684	33.0307	41.119	51.5153	44.4383	29.9625	1	1	1	1	1	
442	74.4013	61.3526	99.6816	105.681	89.5316	33.0182	41.0811	51.4982	44.418	29.9465	1	1	1	1	1	
443	74.3796	61.3213	99.6538	105.611	89.4942	33.0055	41.0428	51.4809	44.3975	29.9303	1	1	1	1	1	
444	74.3575	61.2895	99.6256	105.541	89.4563	32.9925	41.0039	51.4634	44.3767	29.9138	1	1	1	1	1	
445	74.3351	61.2572	99.597	105.469	89.4178	32.9794	40.9645	51.4457	44.3556	29.8972	1	1	1	1	1	
446	74.3124	61.2245	99.568	105.396	89.3788	32.966	40.9244	51.4277	44.3343	29.8804	1	1	1	1	1	
447	74.2894	61.1912	99.5386	105.322	89.3393	32.9525	40.8839	51.4095	44.3126	29.8633	1	1	1	1	1	
448	74.2661	61.1575	99.5088	105.247	89.2992	32.9387	40.8427	51.391	44.2905	29.846	1	1	1	1	1	
449	74.2424	61.1232	99.4786	105.171	89.2585	32.9247	40.8009	51.3723	44.2682	29.8285	1	1	1	1	1	
450	74.2183	61.0885	99.4479	105.094	89.2171	32.9104	40.7585	51.3534	44.2456	29.8108	1	1	1	1	1	
451	74.1939	61.0532	99.4168	105.016	89.1752	32.896	40.7155	51.3342	44.2226	29.7929	1	1	1	1	1	
452	74.1692	61.0174	99.3853	104.936	89.1327	32.8813	40.6719	51.3147	44.1993	29.7747	1	1	1	1	1	
453	74.1441	60.981	99.3533	104.856	89.0896	32.8663	40.6277	51.295	44.1756	29.7563	1	1	1	1	1	
454	74.1186	60.944	99.3209	104.774	89.0458	32.8511	40.5827	51.2751	44.1516	29.7377	1	1	1	1	1	
455	74.0927	60.9065	99.288	104.691	89.0014	32.8357	40.5372	51.2548	44.1272	29.7188	1	1	1	1	1	
456	74.0665	60.8684	99.2546	104.607	88.9563	32.82	40.4909	51.2343	44.1025	29.6997	1	1	1	1	1	
457	74.0398	60.8298	99.2207	104.522	88.9105	32.804	40.444	51.2135	44.0775	29.6804	1	1	1	1	1	
458	74.0128	60.7905	99.1864	104.436	88.8641	32.7878	40.3963	51.1925	44.052	29.6608	1	1	1	1	1	
459	73.9854	60.7506	99.1515	104.348	88.8169	32.7713	40.3479	51.1711	44.0262	29.6409	1	1	1	1	1	
460	73.9575	60.71	99.1161	104.259	88.769	32.7545	40.2988	51.1495	44	29.6208	1	1	1	1	1	
461	73.9292	60.6689	99.0803	104.168	88.7205	32.7374	40.249	51.1275	43.9734	29.6005	1	1	1	1	1	
462	73.9005	60.627	99.0439	104.076	88.6711	32.7201	40.1983	51.1053	43.9463	29.5799	1	1	1	1	1	
463	73.8714	60.5845	99.0069	103.983	88.6211	32.7024	40.147	51.0828	43.9189	29.559	1	1	1	1	1	
464	73.8418	60.5413	98.9694	103.889	88.5702	32.6844	40.0948	51.0599	43.8911	29.5379	1	1	1	1	1	
465	73.8117	60.4975	98.9314	103.793	88.5186	32.6662	40.0418	51.0368	43.8629	29.5165	1	1	1	1	1	
466	73.7812	60.4529	98.8927	103.695	88.4662	32.6476	39.988	51.0133	43.8342	29.4949	1	1	1	1	1	
467	73.7502	60.4075	98.8535	103.596	88.4129	32.6287	39.9333	50.9895	43.8051	29.4729	1	1	1	1	1	
468	73.7187	60.3615	98.8138	103.496	88.3588	32.6094	39.8778	50.9653	43.7755	29.4507	1	1	1	1	1	
469	73.6868	60.3147	98.7734	103.394	88.3039	32.5899	39.8214	50.9409	43.7455	29.4282	1	1	1	1	1	
470	73.6543	60.2671	98.7324	103.29	88.2481	32.5699	39.7641	50.916	43.715	29.4054	1	1	1	1	1	
471	73.6213	60.2187	98.6908	103.185	88.1915	32.5496	39.7059	50.8909	43.6841	29.3824	1	1	1	1	1	
472	74.3331	60.9457	99.2967	103.738	88.8151	33.3044	39.8515	51.9766	44.9389	29.4795	1	1	1	1	1	
473	73.7648	60.3733	98.758	103.102	88.2429	32.6977	39.6964	51.1168	43.9375	29.359	1	1	1	1	1	
474	73.5827	60.148	98.6009	102.887	88.0596	32.533	39.5691	50.8894	43.6758	29.3153	1	1	1	1	1	
475	73.5037	60.0413	98.5282	102.752	87.9673	32.4763	39.4786	50.8088	43.5814	29.2873	1	1	1	1	1	
476	74.2367	60.7868	99.1522	103.322	88.6095	33.252	39.638	51.9235	44.8708	29.386	1	1	1	1	1	
477	73.6457	60.1904	98.5944	102.662	88.0156	32.6265	39.4653	51.0354	43.8347	29.2625	1	1	1	1	1	
478	73.4487	59.9474	98.4254	102.431	87.8184	32.4497	39.3239	50.7911	43.5533	29.2166	1	1	1	1	1	
479	74.17	60.6712	99.0436	102.997	88.452	33.2168	39.4738	51.894	44.8304	29.3131	1	1	1	1	1	
480	73.5551	60.0491	98.4669	102.314	87.8372	32.5716	39.285	50.9755	43.7582	29.1868	1	1	1	1	1	
481	73.3439	59.7893	98.2873	102.07	87.6278	32.3839	39.1308	50.7153	43.4582	29.1392	1	1	1	1	1	
482	74.0886	60.5365	98.9229	102.65	88.2798	33.1706	39.2981	51.8481	44.7708	29.2368	1	1	1	1	1	
483	73.4568	59.8965	98.3316	101.948	87.6483	32.5116	39.0943	50.9093	43.6734	29.1083	1	1	1	1	1	
484	73.2332	59.622	98.1422	101.691	87.4273	32.314	38.9277	50.6354	43.3573	29.0589	1	1	1	1	1	
485	74.0029	60.3942	98.796	102.285	88.0987	33.1208	39.1144	51.7995	44.7074	29.1576	1	1	1	1	1	
486	73.3541	59.7361	98.19	101.563	87.4501	32.4482	38.8949	50.8404	43.5847	29.0268	1	1	1	1	1	
487	73.1174	59.4461	97.9903	101.293	87.2168	32.2402	38.7147	50.5523	43.2521	28.9757	1	1	1	1	1	
488	73.9128	60.2441	98.6626	101.901	87.9079	33.0675	38.9223	51.7485	44.6404	29.0752	1	1	1	1	1	
489	73.2468	59.5674	98.0417	101.159	87.2419	32.3811	38.6861	50.769	43.4922	28.9422	1	1	1	1	1	
490	72.9963	59.2611	97.8312	100.875	86.9956	32.1624	38.4914	50.466	43.1422	28.8893	1	1	1	1	1	
491	73.8182	60.0856	98.5223	101.497	87.7069	33.0101	38.7211	51.6949	44.5695	28.9895	1	1	1	1	1	
492	73.1346	59.3898	97.8863	100.734	87.023	32.31	38.4674	50.695	43.3955	28.8545	1	1	1	1	1	
493	73.8214	60.0454	98.4739	101.263	87.6128	33.0254	38.6209	51.7462	44.6185	28.9358	1	1	1	1	1	
494	73.0823	59.2938	97.7939	100.45	86.8855	32.2769	38.3366	50.6725	43.3622	28.7941	1	1	1	1	1	
495	73.7655	59.9425	98.3798	100.976	87.4738	32.9904	38.4855	51.7217	44.5831	28.875	1	1	1	1	1	
496	73.0074	59.171	97.6853	100.145	86.7304	32.2278	38.185	50.6255	43.2999	28.7319	1	1	1	1	1	
497	73.7016	59.8295	98.2792	100.676	87.327	32.9496	38.3427	51.6891	44.5379	28.813	1	1	1	1	1	
498	72.928	59.0414	97.5721	99.8286	86.569	32.1756	38.0269	50.5751	43.2327	28.6684	1	1	1	1	1	
499	73.635	59.7117	98.1747	100.365	87.1745	32.9065	38.1952	51.6548	44.49	28.7495	1	1	1	1	1	
500	72.846	58.907	97.4551	99.5005	86.4019	32.1213	37.8637	50.5232	43.1634	28.6035	1	1	1	1	1	
501	73.5662	59.5892	98.0666	100.042	87.0165	32.8611	38.0432	51.6194	44.4404	28.6844	1	1	1	1	1	
502	72.7616	58.7676	97.3343	99.1604	86.2288	32.0647	37.6952	50.4701	43.092	28.537	1	1	1	1	1	
503	73.4952	59.4621	97.9547	99.7066	86.8525	32.8134	37.8865	51.583	44.3889	28.6178	1	1	1	1	1	
504	72.6747	58.6231	97.2094	98.8075	86.0495	32.0058	37.5214	50.4158	43.0187	28.4691	1	1	1	1	1	
505	73.4219	59.3299	97.8387	99.3582	86.6823	32.7632	37.7248	51.5454	44.3356	28.5496	1	1	1	1	1	
506	72.5852	58.4733	97.0804	98.4413	85.8637	31.9443	37.342	50.3602	42.9433	28.3996	1	1	1	1	1	
507	73.3463	59.1925	97.7185	98.9961	86.5055	32.7103	37.5579	51.5068	44.2804	28.4798	1	1	1	1	1	
508	72.4931	58.3177	96.947	98.0609	85.6711	31.8803	37.1567	50.3033	42.8658	28.3286	1	1	1	1	1	
509	73.2682	59.0496	97.594	98.6194	86.3218	32.6546	37.3856	51.4671	44.2231	28.4084	1	1	1	1	1	
510	72.3982	58.1562	96.8091	97.6657	85.4712	31.8135	36.9653	50.2452	42.7861	28.2561	1	1	1	1	1	
511	73.1876	58.9007	97.4648	98.2274	86.1309	32.5959	37.2077	51.4262	44.1638	28.3355	1	1	1	1	1	
512	72.3005	57.9883	96.6664	97.2547	85.2638	31.7437	36.7676	50.1857	42.7042	28.1822	1	1	1	1	1	
513	73.1043	58.7457	97.3307	97.8192	85.9324	32.5339	37.0238	51.384	44.1023	28.261	1	1	1	1	1	
514	72.1998	57.8138	96.5187	96.8272	85.0484	31.6709	36.5631	50.1248	42.6199	28.1068	1	1	1	1	1	
515	73.0182	58.584	97.1916	97.3937	85.7258	32.4686	36.8336	51.3406	44.0386	28.185	1	1	1	1	1	
516	72.0961	57.6322	96.3657	96.3822	84.8247	31.5947	36.3517	50.0625	42.5332	28.0301	1	1	1	1	1	
517	72.9292	58.4154	97.0471	96.9501	85.5107	32.3996	36.6369	51.2959	43.9726	28.1077	1	1	1	1	1	
518	71.2372	58.1132	93.9537	101.073	85.4429	31.8693	35.4998	49.4215	42.3288	28.0945	1	1	1	1	1	
519	72.4699	58.4824	95.9987	98.598	85.5796	32.604	36.0337	50.8561	43.7354	28.1328	1	1	1	1	1	
520	71.7045	57.3411	95.6927	96.3316	84.4621	31.5519	35.7166	49.7	42.297	27.9067	1	1	1	1	1	
521	72.6594	58.0937	96.5944	96.4114	85.0908	32.3205	36.1281	51.0891	43.785	27.9505	1	1	1	1	1	
522	70.9416	57.7568	93.4236	100.44	85.0025	31.7494	34.9339	49.1876	42.1249	27.9418	1	1	1	1	1	
523	72.2251	58.1371	95.5638	97.8642	85.1341	32.4849	35.547	50.6946	43.566	27.9713	1	1	1	1	1	
524	71.4411	56.9394	95.283	95.4556	83.9658	31.3935	35.2049	49.5225	42.0928	27.7408	1	1	1	1	1	
525	72.4396	57.7101	96.2295	95.4707	84.6006	32.168	35.6625	50.9645	43.623	27.781	1	1	1	1	1	
526	70.652	57.349	92.8992	99.6086	84.501	31.6075	34.3602	48.9735	41.9063	27.777	1	1	1	1	1	
527	71.9739	57.7525	95.1079	96.9997	84.6409	32.3422	35.0371	50.5372	43.3869	27.8048	1	1	1	1	1	
528	71.1647	56.5	94.8441	94.4772	83.4249	31.2159	34.6594	49.3414	41.8777	27.5714	1	1	1	1	1	
529	71.346	58.0484	93.2019	100.058	85.0201	32.4465	34.3441	50.0952	43.3322	27.7986	1	1	1	1	1	
530	70.7557	56.4716	93.8994	95.5245	83.3946	31.2497	34.128	48.9083	41.7919	27.5591	1	1	1	1	1	
531	71.9372	57.1525	95.3023	94.6227	83.8814	32.0039	34.7508	50.5718	43.3164	27.5435	1	1	1	1	1	
532	70.1188	56.7124	91.8796	98.5128	83.7216	31.3867	33.328	48.541	41.5674	27.5359	1	1	1	1	1	
533	71.524	57.1242	94.2738	95.7033	83.8368	32.1141	34.1513	50.2295	43.0834	27.5431	1	1	1	1	1	
534	70.6916	55.7735	94.076	92.9284	82.5329	30.9258	33.7344	49.0206	41.523	27.3043	1	1	1	1	1	
535	70.8761	57.3808	92.2536	98.6447	84.1709	32.2243	33.373	49.7519	43.0131	27.5364	1	1	1	1	1	
536	70.2483	55.7233	93.019	93.9739	82.4783	30.9559	33.1392	48.5533	41.4238	27.2959	1	1	1	1	1	
537	71.5018	56.4233	94.5264	92.9334	82.9582	31.706	33.8503	50.307	43.0028	27.2697	1	1	1	1	1	
538	69.5765	55.9302	90.834	96.9317	82.768	31.1148	32.2257	48.1303	41.1719	27.267	1	1	1	1	1	
539	71.0427	56.3754	93.3542	94.0537	82.8871	31.8217	33.1726	49.917	42.7425	27.2713	1	1	1	1	1	
540	70.1752	54.9303	93.2068	91.0854	81.505	30.5798	32.6953	48.6826	41.1346	27.035	1	1	1	1	1	
541	70.3481	56.5893	91.1553	96.9409	83.174	31.9555	32.2635	49.3643	42.6462	27.2611	1	1	1	1	1	
542	69.6817	54.8539	91.9963	92.1547	81.4219	30.6121	32.0102	48.1605	41.0152	27.0294	1	1	1	1	1	
543	71.0062	55.5702	93.6117	90.9697	81.889	31.3474	32.8122	50.0054	42.6457	26.9934	1	1	1	1	1	
544	68.9673	55.0131	89.6121	95.0588	81.6588	30.7982	30.957	47.6682	40.7299	26.989	1	1	1	1	1	
545	70.4935	55.4927	92.2647	92.1093	81.7784	31.4674	32.0386	49.5576	42.3534	26.996	1	1	1	1	1	
546	68.5751	54.8377	88.627	95.2778	81.4682	30.7287	30.2151	47.3103	40.6219	26.9511	1	1	1	1	1	
547	70.1748	55.2423	91.582	91.9262	81.4659	31.3931	31.4716	49.2929	42.192	26.9114	1	1	1	1	1	
548	69.305	53.6289	91.6501	88.4772	79.9321	30.0586	30.9668	48.0773	40.5345	26.6716	1	1	1	1	1	
549	69.4818	55.3234	89.2685	94.3141	81.5945	31.5176	30.4239	48.7087	42.0624	26.8879	1	1	1	1	1	
550	68.7806	53.4717	90.2774	89.3219	79.7588	30.0667	30.1773	47.5309	40.3891	26.6756	1	1	1	1	1	
551	69.0817	55.1155	88.204	94.3823	81.3515	31.4413	29.66	48.3332	41.9508	26.8538	1	1	1	1	1	
552	70.3062	54.9978	90.9833	90.5547	80.8657	31.5699	31.0688	49.7637	42.7647	26.706	1	1	1	1	1	
553	68.041	54.035	86.8292	93.2325	80.2314	30.5928	28.9196	46.9502	40.5407	26.6283	1	1	1	1	1	
554	69.5565	54.2221	89.9037	89.4954	80.0273	31.046	30.1334	48.926	41.9187	26.5707	1	1	1	1	1	
555	67.4628	53.3502	85.8444	92.3145	79.5664	30.2364	27.8488	46.4249	40.0183	26.5585	1	1	1	1	1	
556	69.1052	53.6643	89.1171	88.5895	79.4259	30.7675	29.3007	48.5557	41.5429	26.4889	1	1	1	1	1	
557	68.9379	54.7101	86.5593	92.9962	80.4756	31.6955	28.8105	48.5245	42.4261	26.5562	1	1	1	1	1	
558	68.0148	52.4249	87.8702	86.8683	78.1647	29.7968	28.5869	47.0215	40.2608	26.3032	1	1	1	1	1	
559	68.1341	53.8018	85.357	91.4785	79.5112	31.0719	27.5876	47.6203	41.5711	26.4933	1	1	1	1	1	
560	69.3847	53.5418	88.4591	87.2509	78.8634	31.0265	29.1823	49.1875	42.3321	26.3326	1	1	1	1	1	
561	66.9339	52.3996	83.7905	89.7131	78.0996	30.0657	26.5405	46.0981	39.9618	26.2825	1	1	1	1	1	
562	68.4733	52.5095	87.1173	85.6846	77.7781	30.3522	27.9243	48.2079	41.3053	26.2304	1	1	1	1	1	
563	68.1548	53.4108	84.1048	89.9509	78.6823	31.3118	27.1111	47.9796	42.068	26.2829	1	1	1	1	1	
564	67.1803	51.0221	85.5868	83.6202	76.312	29.2661	26.9149	46.4633	39.846	26.0852	1	1	1	1	1	
565	67.1799	52.2925	82.5317	88.0722	77.5213	30.5739	25.525	46.9228	41.039	26.2595	1	1	1	1	1	
566	68.4644	51.9924	85.8387	83.6779	76.7967	30.3794	27.2997	48.6214	41.8416	26.1352	1	1	1	1	1	
567	65.8761	50.7359	80.6331	86.0258	75.9464	29.5167	24.2271	45.3338	39.392	26.086	1	1	1	1	1	
568	67.4236	50.807	84.1284	81.8164	75.5293	29.6375	25.77	47.5484	40.7296	26.0711	1	1	1	1	1	
569	66.977	51.5784	80.4983	85.8575	76.2347	30.6712	24.62	47.1684	41.4172	26.0857	1	1	1	1	1	
570	66.0152	49.1748	82.2563	79.453	73.8942	28.5326	24.5845	45.7294	39.2458	25.9857	1	1	1	1	1	
571	65.8856	50.3222	78.4309	83.6465	74.8813	29.8792	22.7437	46.0608	40.3133	26.1221	1	1	1	1	1	
572	67.1736	49.9648	81.9148	79.0991	74.0085	29.4928	24.7448	47.8725	41.165	26.0546	1	1	1	1	1	
573	66.3782	50.3463	77.6415	82.8425	74.2669	30.4376	23.3075	47.0427	41.4771	25.9995	1	1	1	1	1	
574	65.3061	47.9296	79.4264	76.2247	71.8253	28.0999	23.3873	45.4462	39.1585	25.9712	1	1	1	1	1	
575	64.9576	48.8447	74.8581	80.1879	72.479	29.424	20.9717	45.6097	40.0095	26.1037	1	1	1	1	1	
576	66.1729	48.3737	78.3043	75.5213	71.4069	28.8442	23.0456	47.4432	40.8247	26.0899	1	1	1	1	1	
577	65.1608	48.5077	73.3152	79.0143	71.2517	29.8021	21.1348	46.4715	40.9999	26.028	1	1	1	1	1	
578	64.0783	46.1934	75.2752	72.4854	68.7897	27.4147	21.5252	44.9294	38.7414	26.0795	1	1	1	1	1	
579	63.586	46.9174	69.8095	76.1999	68.9889	28.7345	18.5698	45.0469	39.4652	26.2264	1	1	1	1	1	
580	64.694	46.2112	73.1292	71.4833	67.5132	27.984	20.7833	46.8755	40.2679	26.215	1	1	1	1	1	
581	63.4591	45.9631	67.3513	74.6616	66.6929	28.9135	18.3858	45.8303	40.3118	26.1796	1	1	1	1	1	
582	63.125	44.1087	72.1762	69.1304	64.6666	27.5853	24.0544	44.6464	40.0832	24.9724	1	1	1	1	1	
583	61.7467	43.4908	64.9783	71.9902	63.3682	28.4501	18.402	44.0979	40.0502	25.3829	1	1	1	1	1	
584	60.5604	41.3039	66.9105	65.9365	60.3924	25.9972	19.1543	42.9588	37.8705	25.7533	1	1	1	1	1	
585	59.9925	41.1934	60.1039	68.9638	59.3826	27.2794	15.0705	43.4334	38.4485	26.2058	1	1	1	1	1	
586	59.7343	35.672	65.1109	63.7077	56.3105	26.3189	20.8027	44.913	37.6829	19.593	1	1	1	1	1	
587	59.0497	35.8032	57.3625	66.3753	54.7581	27.2578	14.8848	44.5541	38.1553	22.9395	1	1	1	1	1	
588	58.0972	33.429	62.1674	61.3963	52.3086	25.5888	20.328	43.3143	38.1927	22.8907	1	1	1	1	1	
589	56.8801	33.1808	53.9024	63.081	50.8322	26.2498	13.865	42.8545	38.067	24.2938	1	1	1	1	1	
590	56.0487	32.5688	56.5245	58.3079	48.2228	23.9881	15.7713	42.2268	36.1793	25.267	1	1	1	1	1	
591	58.1199	32.3207	55.5146	57.0983	47.7201	23.6822	15.1157	44.77	37.2287	25.762	1	1	1	1	1	
592	52.32	27.4596	57.5497	60.9359	46.5602	26.2021	18.1011	38.8755	36.2691	19.9995	1	1	1	1	1	
593	53.5429	29.4681	55.5997	56.6997	44.9515	23.5924	16.1423	40.1431	34.6701	23.1008	1	1	1	1	1	
594	55.8817	30.2719	53.154	55.5696	44.9864	22.9753	14.0112	42.7471	35.7019	24.5397	1	1	1	1	1	
595	50.1891	29.7937	53.1384	58.694	44.1421	24.9104	14.3098	36.839	34.7625	23.8085	1	1	1	1	1	
596	50.8159	30.4226	52.186	54.5345	42.0441	22.0643	13.4575	37.4905	32.4654	25.0606	1	1	1	1	1	
597	51.0998	26.7885	52.8465	53.1058	41.1458	21.2197	14.7237	37.9854	32.0176	21.0243	1	1	1	1	1	
598	50.393	28.3208	51.0097	51.7054	40.2902	20.1338	13.0533	37.2273	31.4853	23.1136	1	1	1	1	1	
599	47.1637	28.9471	49.0224	50.3705	38.4449	18.6583	11.0291	33.9351	29.4774	24.1518	1	1	1	1	1	
600	45.8438	28.2933	47.9382	49.4434	37.7292	18.1552	10.251	32.523	29.1453	23.5657	1	1	1	1	1	
601	44.392	27.6378	46.8521	48.7774	36.9077	17.6486	9.38527	31.0482	28.5537	23.0332	1	1	1	1	1	