
1	374.747
2	374.747
3	374.746
4	374.746
5	374.745
6	374.745
7	374.745
8	374.744
9	374.744
10	374.744
11	374.743
12	374.743
13	374.743
14	374.742
15	374.742
16	374.741
17	374.741
18	374.741
19	374.74
20	374.74
21	374.739
22	374.739
23	374.739
24	374.738
25	374.738
26	374.737
27	374.737
28	374.737
29	374.736
30	374.736
31	374.735
32	374.735
33	374.734
34	374.734
35	374.733
36	374.733
37	374.732
38	374.732
39	374.731
40	374.731
41	374.73
42	374.73
43	374.729
44	374.729
45	374.728
46	374.728
47	374.727
48	374.727
49	374.726
50	374.726
51	374.725
52	374.725
53	374.724
54	374.724
55	374.723
56	374.722
57	374.722
58	374.721
59	374.721
60	374.72
61	374.719
62	374.719
63	374.718
64	374.718
65	374.717
66	374.716
67	374.716
68	374.715
69	374.714
70	374.714
71	374.713
72	374.712
73	374.712
74	374.711
75	374.71
76	374.71
77	374.709
78	374.708
79	374.707
80	374.707
81	374.706
82	374.705
83	374.705
84	374.704
85	374.703
86	374.702
87	374.701
88	374.701
89	374.7
90	374.699
91	374.698
92	374.697
93	374.697
94	374.696
95	374.695
96	374.694
97	374.693
98	374.692
99	374.691
100	374.69
101	374.69
102	374.689
103	374.688
104	374.687
105	374.686
106	374.685
107	374.684
108	374.683
109	374.682
110	374.681
111	374.68
112	374.679
113	374.678
114	374.677
115	374.676
116	374.675
117	374.674
118	374.673
119	374.672
120	374.671
121	374.669
122	374.668
123	374.667
124	374.666
125	374.665
126	374.664
127	374.663
128	374.661
129	374.66
130	374.659
131	374.658
132	374.657
133	374.655
134	374.654
135	374.653
136	374.651
137	374.65
138	374.649
139	374.648
140	374.646
141	374.645
142	374.643
143	374.642
144	374.641
145	374.639
146	374.638
147	374.636
148	374.635
149	374.634
150	374.632
151	374.631
152	374.629
153	374.628
154	374.626
155	374.624
156	374.623
157	374.621
158	374.62
159	374.618
160	374.616
161	374.615
162	374.613
163	374.611
164	374.61
165	374.608
166	374.606
167	374.604
168	374.603
169	374.601
170	374.599
171	374.597
172	374.595
173	374.594
174	374.592
175	374.59
176	374.588
177	374.586
178	374.584
179	374.582
180	374.58
181	374.578
182	374.576
183	374.574
184	374.572
185	374.57
186	374.567
187	374.565
188	374.563
189	374.561
190	374.559
191	374.557
192	374.554
193	374.552
194	374.55
195	374.547
196	374.545
197	374.543
198	374.54
199	374.538
200	374.535
201	374.533
202	374.53
203	374.528
204	374.525
205	374.523
206	374.52
207	374.517
208	374.515
209	374.512
210	374.509
211	374.507
212	374.504
213	374.501
214	374.498
215	374.495
216	374.493
217	374.49
218	374.487
219	374.484
220	374.481
221	374.478
222	374.475
223	374.472
224	374.468
225	374.465
226	374.462
227	374.459
228	374.456
229	374.452
230	374.449
231	374.446
232	374.442
233	374.439
234	374.435
235	374.432
236	374.428
237	374.425
238	374.421
239	374.418
240	374.414
241	374.41
242	374.406
243	374.403
244	374.399
245	374.395
246	374.391
247	374.387
248	374.383
249	374.379
250	374.375
251	374.371
252	374.367
253	374.363
254	374.358
255	374.354
256	374.35
257	374.346
258	374.341
259	374.337
260	374.332
261	374.328
262	374.323
263	374.318
264	374.314
265	374.309
266	374.304
267	374.299
268	374.295
269	374.29
270	374.285
271	374.28
272	374.275
273	374.269
274	374.264
275	374.259
276	374.254
277	374.248
278	374.243
279	374.238
280	374.232
281	374.227
282	374.221
283	374.215
284	374.21
285	374.204
286	374.198
287	374.192
288	374.186
289	374.18
290	374.174
291	374.168
292	374.162
293	374.155
294	374.149
295	374.142
296	374.136
297	374.129
298	374.123
299	374.116
300	374.109
301	374.103
302	374.096
303	374.089
304	374.082
305	374.075
306	374.068
307	374.06
308	374.053
309	374.046
310	374.038
311	374.031
312	374.023
313	374.015
314	374.008
315	374
316	373.992
317	373.984
318	373.976
319	373.967
320	373.959
321	373.951
322	373.942
323	373.934
324	373.925
325	373.917
326	373.908
327	373.899
328	373.89
329	373.881
330	373.872
331	373.863
332	373.853
333	373.844
334	373.834
335	373.825
336	373.815
337	373.805
338	373.795
339	373.785
340	373.775
341	373.765
342	373.754
343	373.744
344	373.733
345	373.723
346	373.712
347	373.701
348	373.69
349	373.679
350	373.668
351	373.656
352	373.645
353	373.633
354	373.622
355	373.61
356	373.598
357	373.586
358	373.574
359	373.561
360	373.549
361	373.536
362	373.524
363	373.511
364	373.498
365	373.485
366	373.472
367	373.458
368	373.445
369	373.431
370	373.417
371	373.404
372	373.389
373	373.375
374	373.361
375	373.346
376	373.332
377	373.317
378	373.302
379	373.287
380	373.272
381	373.256
382	373.241
383	373.225
384	373.209
385	373.193
386	373.177
387	373.16
388	373.144
389	373.127
390	373.11
391	373.093
392	373.076
393	373.058
394	373.04
395	373.023
396	373.005
397	372.986
398	372.968
399	372.949
400	372.931
401	372.912
402	372.892
403	372.873
404	372.854
405	372.834
406	372.814
407	372.794
408	372.773
409	372.753
410	372.732
411	372.711
412	372.689
413	372.668
414	372.646
415	372.624
416	372.602
417	372.58
418	372.557
419	372.534
420	372.511
421	372.488
422	372.464
423	372.44
424	372.416
425	372.392
426	372.367
427	372.342
428	372.317
429	372.292
430	372.266
431	372.24
432	372.214
433	372.187
434	372.161
435	372.134
436	372.106
437	372.079
438	372.051
439	372.022
440	371.994
441	371.965
442	371.936
443	371.907
444	371.877
445	371.847
446	371.816
447	371.786
448	371.755
449	371.723
450	371.692
451	371.66
452	371.627
453	371.594
454	371.561
455	371.528
456	371.494
457	371.46
458	371.425
459	371.391
460	371.355
461	371.32
462	371.284
463	371.247
464	371.21
465	371.173
466	371.136
467	371.098
468	371.059
469	371.02
470	370.981
471	370.942
472	370.901
473	370.861
474	370.82
475	370.779
476	370.737
477	370.694
478	370.652
479	370.608
480	370.565
481	370.52
482	370.476
483	370.431
484	370.385
485	370.339
486	370.292
487	370.245
488	370.197
489	370.149
490	370.1
491	370.051
492	370.001
493	369.951
494	369.9
495	369.848
496	369.796
497	369.744
498	369.691
499	369.637
500	369.582
501	369.527
502	369.472
503	369.416
504	369.359
505	369.301
506	369.243
507	369.184
508	369.125
509	369.065
510	369.004
511	368.942
512	368.88
513	368.817
514	368.754
515	368.689
516	368.624
517	368.559
518	368.508
519	370.383
520	368.462
521	368.364
522	370.241
523	368.26
524	368.222
525	370.089
526	368.046
527	368.074
528	369.936
529	367.847
530	369.84
531	367.774
532	369.733
533	367.641
534	369.619
535	367.515
536	369.506
537	367.4
538	369.391
539	367.281
540	369.274
541	367.16
542	369.115
543	366.994
544	368.967
545	366.864
546	368.838
547	366.731
548	368.705
549	366.596
550	368.57
551	366.457
552	368.431
553	366.314
554	368.289
555	366.169
556	368.144
557	366.019
558	367.995
559	365.866
560	367.842
561	365.71
562	367.686
563	365.549
564	367.526
565	365.385
566	367.362
567	365.216
568	367.193
569	365.043
570	367.021
571	364.866
572	366.844
573	364.684
574	366.663
575	364.498
576	366.477
577	364.307
578	366.286
579	364.111
580	366.091
581	363.91
582	365.89
583	363.704
584	365.685
585	363.492
586	365.474
587	363.275
588	365.258
589	363.053
590	365.036
591	362.824
592	364.808
593	362.59
594	364.574
595	362.349
596	364.334
597	362.102
598	364.088
599	361.848
600	363.835
601	361.588
602	363.575
603	361.32
604	363.308
605	361.045
606	363.034
607	360.763
608	362.753
609	360.473
610	362.463
611	360.175
612	362.166
613	359.869
614	361.86
615	359.554
616	361.546
617	359.23
618	361.223
619	358.897
620	360.891
621	358.554
622	360.549
623	358.202
624	360.197
625	357.839
626	359.835
627	357.466
628	359.463
629	357.082
630	359.079
631	356.686
632	358.684
633	356.279
634	358.278
635	355.86
636	357.859
637	355.428
638	357.427
639	354.982
640	356.982
641	354.523
642	356.523
643	354.05
644	356.049
645	353.562
646	355.561
647	353.058
648	355.057
649	352.588
650	354.579
651	353.305
652	353.993
653	351.51
654	353.488
655	352.284
656	352.863
657	350.444
658	352.324
659	351.19
660	351.656
661	349.307
662	351.079
663	350.021
664	350.363
665	348.089
666	349.745
667	348.769
668	348.977
669	346.784
670	348.312
671	347.425
672	347.486
673	345.381
674	346.77
675	345.978
676	345.881
677	343.869
678	345.107
679	344.418
680	344.147
681	342.237
682	343.308
683	342.729
684	342.269
685	340.468
686	341.974
687	341.536
688	340.566
689	339.149
690	339.561
691	339.685
692	338.381
693	337.112
694	337.289
695	337.65
696	336.132
697	334.869
698	334.746
699	335.195
700	333.309
701	332.444
702	332.061
703	332.56
704	330.393
705	329.683
706	329.576
707	330.607
708	326.278
709	326.717
710	327.334
711	324.297
712	323.089
713	323.719
714	324.223
715	319.09
716	320.743
717	321.374
718	317.952
719	317.331
720	317.87
721	312.585
722	313.55
723	313.918
724	310.507
725	309.025
726	309.097
727	304.128
728	304.071
729	302.697
730	299.905
731	295.84
732	291.094
733	285.094
734	294.068
735	276.05
736	263.547
737	258.406
738	218.608
739	175.602
740	147.891
741	147.561
742	132.314
743	132.832
744	162.326
745	151.979