
1	131.51
2	131.509
3	131.508
4	131.508
5	131.508
6	131.507
7	131.507
8	131.507
9	131.506
10	131.506
11	131.505
12	131.505
13	131.505
14	131.504
15	131.504
16	131.503
17	131.503
18	131.503
19	131.502
20	131.502
21	131.501
22	131.501
23	131.501
24	131.5
25	131.5
26	131.499
27	131.499
28	131.498
29	131.498
30	131.497
31	131.497
32	131.496
33	131.496
34	131.496
35	131.495
36	131.495
37	131.494
38	131.494
39	131.493
40	131.493
41	131.492
42	131.492
43	131.491
44	131.49
45	131.49
46	131.489
47	131.489
48	131.488
49	131.488
50	131.487
51	131.487
52	131.486
53	131.485
54	131.485
55	131.484
56	131.484
57	131.483
58	131.482
59	131.482
60	131.481
61	131.481
62	131.48
63	131.479
64	131.479
65	131.478
66	131.477
67	131.477
68	131.476
69	131.475
70	131.475
71	131.474
72	131.473
73	131.472
74	131.472
75	131.471
76	131.47
77	131.47
78	131.469
79	131.468
80	131.467
81	131.466
82	131.466
83	131.465
84	131.464
85	131.463
86	131.463
87	131.462
88	131.461
89	131.46
90	131.459
91	131.458
92	131.457
93	131.457
94	131.456
95	131.455
96	131.454
97	131.453
98	131.452
99	131.451
100	131.45
101	131.449
102	131.448
103	131.447
104	131.446
105	131.445
106	131.444
107	131.443
108	131.442
109	131.441
110	131.44
111	131.439
112	131.438
113	131.437
114	131.436
115	131.435
116	131.434
117	131.433
118	131.432
119	131.431
120	131.429
121	131.428
122	131.427
123	131.426
124	131.425
125	131.423
126	131.422
127	131.421
128	131.42
129	131.418
130	131.417
131	131.416
132	131.415
133	131.413
134	131.412
135	131.411
136	131.409
137	131.408
138	131.407
139	131.405
140	131.404
141	131.402
142	131.401
143	131.4
144	131.398
145	131.397
146	131.395
147	131.394
148	131.392
149	131.39
150	131.389
151	131.387
152	131.386
153	131.384
154	131.383
155	131.381
156	131.379
157	131.378
158	131.376
159	131.374
160	131.372
161	131.371
162	131.369
163	131.367
164	131.365
165	131.364
166	131.362
167	131.36
168	131.358
169	131.356
170	131.354
171	131.352
172	131.35
173	131.348
174	131.346
175	131.344
176	131.342
177	131.34
178	131.338
179	131.336
180	131.334
181	131.332
182	131.33
183	131.328
184	131.325
185	131.323
186	131.321
187	131.319
188	131.316
189	131.314
190	131.312
191	131.309
192	131.307
193	131.305
194	131.302
195	131.3
196	131.297
197	131.295
198	131.292
199	131.29
200	131.287
201	131.284
202	131.282
203	131.279
204	131.276
205	131.274
206	131.271
207	131.268
208	131.265
209	131.262
210	131.259
211	131.257
212	131.254
213	131.251
214	131.248
215	131.245
216	131.242
217	131.239
218	131.235
219	131.232
220	131.229
221	131.226
222	131.223
223	131.219
224	131.216
225	131.213
226	131.209
227	131.206
228	131.202
229	131.199
230	131.195
231	131.192
232	131.188
233	131.184
234	131.181
235	131.177
236	131.173
237	131.17
238	131.166
239	131.162
240	131.158
241	131.154
242	131.15
243	131.146
244	131.142
245	131.138
246	131.133
247	131.129
248	131.125
249	131.121
250	131.116
251	131.112
252	131.108
253	131.103
254	131.098
255	131.094
256	131.089
257	131.085
258	131.08
259	131.075
260	131.07
261	131.065
262	131.06
263	131.055
264	131.05
265	131.045
266	131.04
267	131.035
268	131.03
269	131.024
270	131.019
271	131.014
272	131.008
273	131.003
274	130.997
275	130.991
276	130.986
277	130.98
278	130.974
279	130.968
280	130.962
281	130.956
282	130.95
283	130.944
284	130.938
285	130.931
286	130.925
287	130.919
288	130.912
289	130.906
290	130.899
291	130.892
292	130.886
293	130.879
294	130.872
295	130.865
296	130.858
297	130.851
298	130.843
299	130.836
300	130.829
301	130.821
302	130.814
303	130.806
304	130.799
305	130.791
306	130.783
307	130.775
308	130.767
309	130.759
310	130.751
311	130.742
312	130.734
313	130.726
314	130.717
315	130.708
316	130.7
317	130.691
318	130.682
319	130.673
320	130.664
321	130.654
322	130.645
323	130.636
324	130.626
325	130.616
326	130.607
327	130.597
328	130.587
329	130.577
330	130.567
331	130.556
332	130.546
333	130.535
334	130.525
335	130.514
336	130.503
337	130.492
338	130.481
339	130.47
340	130.458
341	130.447
342	130.435
343	130.424
344	130.412
345	130.4
346	130.388
347	130.375
348	130.363
349	130.35
350	130.338
351	130.325
352	130.312
353	130.299
354	130.286
355	130.272
356	130.259
357	130.245
358	130.231
359	130.217
360	130.203
361	130.188
362	130.174
363	130.159
364	130.144
365	130.129
366	130.114
367	130.099
368	130.083
369	130.068
370	130.052
371	130.036
372	130.019
373	130.003
374	129.986
375	129.97
376	129.953
377	129.935
378	129.918
379	129.9
380	129.883
381	129.864
382	129.846
383	129.828
384	129.809
385	129.79
386	129.771
387	129.752
388	129.732
389	129.713
390	129.693
391	129.672
392	129.652
393	129.631
394	129.61
395	129.589
396	129.568
397	129.546
398	129.524
399	129.502
400	129.479
401	129.456
402	129.433
403	129.41
404	129.386
405	129.363
406	129.338
407	129.314
408	129.289
409	129.264
410	129.239
411	129.213
412	129.187
413	129.161
414	129.134
415	129.107
416	129.08
417	129.052
418	129.024
419	128.996
420	128.967
421	128.938
422	128.909
423	128.879
424	128.849
425	128.819
426	128.788
427	128.756
428	128.725
429	128.693
430	128.66
431	128.627
432	128.594
433	128.56
434	128.526
435	128.491
436	128.456
437	128.421
438	128.385
439	128.348
440	128.312
441	128.274
442	128.236
443	128.198
444	128.159
445	128.12
446	128.08
447	128.039
448	127.998
449	127.957
450	127.915
451	127.872
452	127.829
453	127.785
454	127.74
455	127.695
456	127.65
457	127.603
458	127.557
459	127.509
460	127.461
461	127.412
462	127.362
463	127.312
464	127.261
465	127.209
466	127.157
467	127.104
468	127.05
469	126.995
470	126.94
471	126.884
472	126.827
473	126.769
474	126.71
475	126.65
476	126.59
477	126.528
478	126.466
479	126.403
480	126.339
481	126.274
482	126.208
483	126.14
484	126.072
485	126.003
486	125.933
487	125.862
488	125.789
489	125.716
490	125.641
491	125.565
492	125.488
493	125.405
494	125.328
495	125.248
496	125.166
497	125.083
498	124.999
499	124.913
500	124.825
501	124.736
502	124.646
503	124.554
504	124.461
505	124.366
506	124.269
507	124.171
508	124.071
509	123.969
510	123.866
511	123.76
512	123.653
513	123.544
514	123.433
515	123.32
516	123.204
517	123.087
518	122.967
519	122.846
520	122.721
521	122.595
522	122.466
523	122.335
524	122.201
525	122.064
526	121.925
527	121.782
528	121.637
529	121.489
530	121.338
531	121.184
532	121.026
533	120.865
534	120.7
535	120.532
536	120.36
537	120.185
538	120.005
539	119.821
540	119.632
541	119.44
542	119.242
543	119.04
544	118.833
545	118.646
546	124.851
547	120.734
548	119.065
549	118.276
550	124.451
551	120.14
552	118.313
553	118.026
554	123.852
555	119.417
556	117.453
557	117.758
558	123.173
559	118.611
560	117.09
561	122.958
562	117.074
563	116.318
564	122.164
565	117.345
566	116.416
567	121.784
568	115.57
569	115.596
570	120.801
571	115.739
572	115.694
573	119.191
574	114.238
575	114.982
576	119.278
577	113.842
578	113.922
579	117.897
580	112.479
581	118.936
582	112.727
583	112.631
584	116.202
585	111.081
586	117.073
587	110.964
588	112.174
589	113.117
590	108.837
591	114.256
592	107.626
593	114.639
594	106.704
595	107.681
596	109.159
597	105.108
598	109.732
599	103.978
600	109.07
601	105.197
602	108.248
603	101.598
604	105.16
605	102.954
606	102.257
607	105.812
608	99.2548
609	99.1315
610	99.1307
611	94.749
612	94.911
613	89.4675
614	92.8104
615	94.3447
616	86.3298
617	86.5507
618	87.1302
619	86.6796
620	86.4828
621	85.9077
622	83.4788
623	83.0635
624	82.1835
625	81.3789
626	84.2011
627	86.9304
628	82.0655
629	83.3498
630	86.8695
631	84.1934
632	86.0033
633	87.9953
634	91.2955
635	89.6544