      1e+20 1.10223e+12  1.1463e+12 9.94082e+11 3.60555e+11     50.8035     69.2892     32.5576     67.2681     61.0737     85.5102     55.5428     73.6817     81.0062     24.5153       1e+20 1.10223e+12  1.1463e+12 9.94082e+11 3.60555e+11
1.10223e+12       1e+20 8.33847e+11 1.50416e+12 1.46277e+12     62.0967     112.161     90.7579     43.0116      49.163     34.7131     65.7419     40.7185     60.3075     109.481 1.10223e+12       1e+20 8.33847e+11 1.50416e+12 1.46277e+12
 1.1463e+12 8.33847e+11       1e+20 8.82836e+11 1.42801e+12     97.1236     158.483     118.962     78.7718     82.7647      100.18     109.385     94.1329     123.199     130.357  1.1463e+12 8.33847e+11       1e+20 8.82836e+11 1.42801e+12
9.94082e+11 1.50416e+12 8.82836e+11       1e+20 1.04547e+12     123.065     167.287     125.419     120.104     118.811     147.899     135.059       136.4     159.512     123.794 9.94082e+11 1.50416e+12 8.82836e+11       1e+20 1.04547e+12
3.60555e+11 1.46277e+12 1.42801e+12 1.04547e+12       1e+20     86.2844          87     63.2456      103.31     97.1288     120.814     89.2693     109.293     113.217     46.5296 3.60555e+11 1.46277e+12 1.42801e+12 1.04547e+12       1e+20
5.08035e+11 6.20967e+11 9.71236e+11 1.23065e+12 8.62844e+11       1e+10     61.7414     29.0689     22.6716     16.2788     34.7131     13.0384     23.0217     36.6197     47.4342     50.8035     62.0967     97.1236     123.065     86.2844
6.92892e+11 1.12161e+12 1.58483e+12 1.67287e+12     8.7e+11     61.7414       1e+10          43      83.006     77.4145     77.4661      50.774     73.6614     53.7122     45.1885     69.2892     112.161     158.483     167.287          87
3.25576e+11 9.07579e+11 1.18962e+12 1.25419e+12 6.32456e+11     29.0689          43       1e+10     51.3128     44.6542     60.2993          27      50.448       49.98      19.105     32.5576     90.7579     118.962     125.419     63.2456
6.72681e+11 4.30116e+11 7.87718e+11 1.20104e+12  1.0331e+12     22.6716      83.006     51.3128       1e+10      6.7082     27.8029      32.249      17.088     45.1774     68.8767     67.2681     43.0116     78.7718     120.104      103.31
6.10737e+11  4.9163e+11 8.27647e+11 1.18811e+12 9.71288e+11     16.2788     77.4145     44.6542      6.7082       1e+10     29.8329     26.9258     17.6918     43.1741     62.1691     61.0737      49.163     82.7647     118.811     97.1288
8.55102e+11 3.47131e+11  1.0018e+12 1.47899e+12 1.20814e+12     34.7131     77.4661     60.2993     27.8029     29.8329       1e+10      33.541       12.53     26.4197      79.404     85.5102     34.7131      100.18     147.899     120.814
5.55428e+11 6.57419e+11 1.09385e+12 1.35059e+12 8.92693e+11     13.0384      50.774          27      32.249     26.9258      33.541       1e+10     25.0599     26.2488     46.0435     55.5428     65.7419     109.385     135.059     89.2693
7.36817e+11 4.07185e+11 9.41329e+11   1.364e+12 1.09293e+12     23.0217     73.6614      50.448      17.088     17.6918       12.53     25.0599       1e+10     29.0689     69.4262     73.6817     40.7185     94.1329       136.4     109.293
8.10062e+11 6.03075e+11 1.23199e+12 1.59512e+12 1.13217e+12     36.6197     53.7122       49.98     45.1774     43.1741     26.4197     26.2488     29.0689       1e+10     67.6831     81.0062     60.3075     123.199     159.512     113.217
2.45153e+11 1.09481e+12 1.30357e+12 1.23794e+12 4.65296e+11     47.4342     45.1885      19.105     68.8767     62.1691      79.404     46.0435     69.4262     67.6831       1e+10     24.5153     109.481     130.357     123.794     46.5296
      1e+20 1.10223e+12  1.1463e+12 9.94082e+11 3.60555e+11 5.08035e+11 6.92892e+11 3.25576e+11 6.72681e+11 6.10737e+11 8.55102e+11 5.55428e+11 7.36817e+11 8.10062e+11 2.45153e+11       1e+20 1.10223e+12  1.1463e+12 9.94082e+11 3.60555e+11
1.10223e+12       1e+20 8.33847e+11 1.50416e+12 1.46277e+12 6.20967e+11 1.12161e+12 9.07579e+11 4.30116e+11  4.9163e+11 3.47131e+11 6.57419e+11 4.07185e+11 6.03075e+11 1.09481e+12 1.10223e+12       1e+20 8.33847e+11 1.50416e+12 1.46277e+12
 1.1463e+12 8.33847e+11       1e+20 8.82836e+11 1.42801e+12 9.71236e+11 1.58483e+12 1.18962e+12 7.87718e+11 8.27647e+11  1.0018e+12 1.09385e+12 9.41329e+11 1.23199e+12 1.30357e+12  1.1463e+12 8.33847e+11       1e+20 8.82836e+11 1.42801e+12
9.94082e+11 1.50416e+12 8.82836e+11       1e+20 1.04547e+12 1.23065e+12 1.67287e+12 1.25419e+12 1.20104e+12 1.18811e+12 1.47899e+12 1.35059e+12   1.364e+12 1.59512e+12 1.23794e+12 9.94082e+11 1.50416e+12 8.82836e+11       1e+20 1.04547e+12
3.60555e+11 1.46277e+12 1.42801e+12 1.04547e+12       1e+20 8.62844e+11     8.7e+11 6.32456e+11  1.0331e+12 9.71288e+11 1.20814e+12 8.92693e+11 1.09293e+12 1.13217e+12 4.65296e+11 3.60555e+11 1.46277e+12 1.42801e+12 1.04547e+12       1e+20
