
1	1	1	1	1	1	1	69.6739	74.8	69.952	78.9608	83.1244	48.4085	52.1853	115.094	111.758	131.507	110.502	108.385	122.279	
2	1	1	1	1	1	1	69.673	74.801	69.9528	78.9602	83.1248	48.4101	52.1853	115.096	111.759	131.509	110.501	108.387	122.279	
3	1	1	1	1	1	1	69.6728	74.8009	69.9527	78.9602	83.1247	48.4099	52.1853	115.096	111.759	131.508	110.501	108.387	122.279	
4	1	1	1	1	1	1	69.6727	74.8008	69.9527	78.9601	83.1247	48.4098	52.1852	115.096	111.759	131.508	110.501	108.387	122.279	
5	1	1	1	1	1	1	69.6726	74.8007	69.9526	78.96	83.1246	48.4096	52.1851	115.096	111.758	131.507	110.5	108.387	122.279	
6	1	1	1	1	1	1	69.6725	74.8005	69.9525	78.96	83.1246	48.4095	52.1851	115.096	111.758	131.507	110.5	108.387	122.279	
7	1	1	1	1	1	1	69.6723	74.8004	69.9525	78.9599	83.1245	48.4093	52.185	115.096	111.758	131.507	110.5	108.386	122.279	
8	1	1	1	1	1	1	69.6722	74.8003	69.9524	78.9598	83.1245	48.4092	52.1849	115.096	111.758	131.506	110.5	108.386	122.279	
9	1	1	1	1	1	1	69.6721	74.8002	69.9523	78.9598	83.1244	48.409	52.1849	115.095	111.758	131.506	110.5	108.386	122.278	
10	1	1	1	1	1	1	69.6719	74.8	69.9522	78.9597	83.1244	48.4089	52.1848	115.095	111.758	131.506	110.5	108.386	122.278	
11	1	1	1	1	1	1	69.6718	74.7999	69.9522	78.9596	83.1243	48.4087	52.1847	115.095	111.758	131.505	110.5	108.386	122.278	
12	1	1	1	1	1	1	69.6717	74.7998	69.9521	78.9596	83.1243	48.4086	52.1847	115.095	111.758	131.505	110.5	108.386	122.278	
13	1	1	1	1	1	1	69.6715	74.7997	69.952	78.9595	83.1242	48.4084	52.1846	115.095	111.758	131.504	110.5	108.386	122.278	
14	1	1	1	1	1	1	69.6714	74.7995	69.9519	78.9594	83.1242	48.4083	52.1845	115.095	111.757	131.504	110.499	108.385	122.278	
15	1	1	1	1	1	1	69.6713	74.7994	69.9519	78.9593	83.1241	48.4081	52.1844	115.095	111.757	131.504	110.499	108.385	122.278	
16	1	1	1	1	1	1	69.6711	74.7993	69.9518	78.9593	83.124	48.408	52.1844	115.094	111.757	131.503	110.499	108.385	122.277	
17	1	1	1	1	1	1	69.671	74.7991	69.9517	78.9592	83.124	48.4078	52.1843	115.094	111.757	131.503	110.499	108.385	122.277	
18	1	1	1	1	1	1	69.6708	74.799	69.9516	78.9591	83.1239	48.4076	52.1842	115.094	111.757	131.502	110.499	108.385	122.277	
19	1	1	1	1	1	1	69.6707	74.7989	69.9516	78.959	83.1239	48.4075	52.1841	115.094	111.757	131.502	110.499	108.385	122.277	
20	1	1	1	1	1	1	69.6706	74.7987	69.9515	78.959	83.1238	48.4073	52.1841	115.094	111.757	131.502	110.499	108.385	122.277	
21	1	1	1	1	1	1	69.6704	74.7986	69.9514	78.9589	83.1238	48.4071	52.184	115.094	111.757	131.501	110.499	108.385	122.277	
22	1	1	1	1	1	1	69.6703	74.7984	69.9513	78.9588	83.1237	48.407	52.1839	115.093	111.757	131.501	110.499	108.384	122.277	
23	1	1	1	1	1	1	69.6701	74.7983	69.9512	78.9587	83.1236	48.4068	52.1838	115.093	111.756	131.5	110.498	108.384	122.277	
24	1	1	1	1	1	1	69.67	74.7981	69.9512	78.9587	83.1236	48.4066	52.1838	115.093	111.756	131.5	110.498	108.384	122.276	
25	1	1	1	1	1	1	69.6698	74.798	69.9511	78.9586	83.1235	48.4064	52.1837	115.093	111.756	131.499	110.498	108.384	122.276	
26	1	1	1	1	1	1	69.6697	74.7978	69.951	78.9585	83.1235	48.4063	52.1836	115.093	111.756	131.499	110.498	108.384	122.276	
27	1	1	1	1	1	1	69.6695	74.7977	69.9509	78.9584	83.1234	48.4061	52.1835	115.093	111.756	131.499	110.498	108.384	122.276	
28	1	1	1	1	1	1	69.6693	74.7975	69.9508	78.9583	83.1233	48.4059	52.1834	115.092	111.756	131.498	110.498	108.383	122.276	
29	1	1	1	1	1	1	69.6692	74.7974	69.9507	78.9583	83.1233	48.4057	52.1834	115.092	111.756	131.498	110.498	108.383	122.276	
30	1	1	1	1	1	1	69.669	74.7972	69.9506	78.9582	83.1232	48.4055	52.1833	115.092	111.756	131.497	110.498	108.383	122.276	
31	1	1	1	1	1	1	69.6689	74.7971	69.9505	78.9581	83.1231	48.4053	52.1832	115.092	111.755	131.497	110.497	108.383	122.275	
32	1	1	1	1	1	1	69.6687	74.7969	69.9505	78.958	83.1231	48.4052	52.1831	115.092	111.755	131.496	110.497	108.383	122.275	
33	1	1	1	1	1	1	69.6685	74.7968	69.9504	78.9579	83.123	48.405	52.183	115.091	111.755	131.496	110.497	108.383	122.275	
34	1	1	1	1	1	1	69.6684	74.7966	69.9503	78.9578	83.1229	48.4048	52.1829	115.091	111.755	131.495	110.497	108.383	122.275	
35	1	1	1	1	1	1	69.6682	74.7965	69.9502	78.9577	83.1229	48.4046	52.1828	115.091	111.755	131.495	110.497	108.382	122.275	
36	1	1	1	1	1	1	69.668	74.7963	69.9501	78.9576	83.1228	48.4044	52.1828	115.091	111.755	131.494	110.497	108.382	122.275	
37	1	1	1	1	1	1	69.6679	74.7961	69.95	78.9576	83.1227	48.4042	52.1827	115.091	111.755	131.494	110.497	108.382	122.274	
38	1	1	1	1	1	1	69.6677	74.796	69.9499	78.9575	83.1227	48.404	52.1826	115.091	111.754	131.493	110.497	108.382	122.274	
39	1	1	1	1	1	1	69.6675	74.7958	69.9498	78.9574	83.1226	48.4038	52.1825	115.09	111.754	131.493	110.496	108.382	122.274	
40	1	1	1	1	1	1	69.6673	74.7956	69.9497	78.9573	83.1225	48.4036	52.1824	115.09	111.754	131.492	110.496	108.382	122.274	
41	1	1	1	1	1	1	69.6671	74.7954	69.9496	78.9572	83.1225	48.4034	52.1823	115.09	111.754	131.492	110.496	108.381	122.274	
42	1	1	1	1	1	1	69.667	74.7953	69.9495	78.9571	83.1224	48.4032	52.1822	115.09	111.754	131.491	110.496	108.381	122.274	
43	1	1	1	1	1	1	69.6668	74.7951	69.9494	78.957	83.1223	48.4029	52.1821	115.09	111.754	131.491	110.496	108.381	122.273	
44	1	1	1	1	1	1	69.6666	74.7949	69.9493	78.9569	83.1222	48.4027	52.182	115.089	111.754	131.49	110.496	108.381	122.273	
45	1	1	1	1	1	1	69.6664	74.7947	69.9492	78.9568	83.1222	48.4025	52.1819	115.089	111.753	131.49	110.496	108.381	122.273	
46	1	1	1	1	1	1	69.6662	74.7946	69.9491	78.9567	83.1221	48.4023	52.1818	115.089	111.753	131.489	110.495	108.38	122.273	
47	1	1	1	1	1	1	69.666	74.7944	69.949	78.9566	83.122	48.4021	52.1817	115.089	111.753	131.488	110.495	108.38	122.273	
48	1	1	1	1	1	1	69.6658	74.7942	69.9489	78.9565	83.1219	48.4019	52.1816	115.088	111.753	131.488	110.495	108.38	122.273	
49	1	1	1	1	1	1	69.6656	74.794	69.9488	78.9564	83.1219	48.4016	52.1815	115.088	111.753	131.487	110.495	108.38	122.272	
50	1	1	1	1	1	1	69.6655	74.7938	69.9487	78.9563	83.1218	48.4014	52.1814	115.088	111.753	131.487	110.495	108.38	122.272	
51	1	1	1	1	1	1	69.6653	74.7936	69.9486	78.9562	83.1217	48.4012	52.1813	115.088	111.752	131.486	110.495	108.379	122.272	
52	1	1	1	1	1	1	69.6651	74.7934	69.9484	78.9561	83.1216	48.401	52.1812	115.088	111.752	131.486	110.494	108.379	122.272	
53	1	1	1	1	1	1	69.6649	74.7932	69.9483	78.956	83.1215	48.4007	52.1811	115.087	111.752	131.485	110.494	108.379	122.272	
54	1	1	1	1	1	1	69.6646	74.7931	69.9482	78.9559	83.1215	48.4005	52.181	115.087	111.752	131.484	110.494	108.379	122.271	
55	1	1	1	1	1	1	69.6644	74.7929	69.9481	78.9558	83.1214	48.4002	52.1809	115.087	111.752	131.484	110.494	108.379	122.271	
56	1	1	1	1	1	1	69.6642	74.7927	69.948	78.9557	83.1213	48.4	52.1808	115.087	111.752	131.483	110.494	108.378	122.271	
57	1	1	1	1	1	1	69.664	74.7925	69.9479	78.9555	83.1212	48.3998	52.1807	115.086	111.751	131.483	110.494	108.378	122.271	
58	1	1	1	1	1	1	69.6638	74.7922	69.9478	78.9554	83.1211	48.3995	52.1806	115.086	111.751	131.482	110.493	108.378	122.271	
59	1	1	1	1	1	1	69.6636	74.792	69.9476	78.9553	83.121	48.3993	52.1805	115.086	111.751	131.481	110.493	108.378	122.27	
60	1	1	1	1	1	1	69.6634	74.7918	69.9475	78.9552	83.121	48.399	52.1803	115.086	111.751	131.481	110.493	108.378	122.27	
61	1	1	1	1	1	1	69.6632	74.7916	69.9474	78.9551	83.1209	48.3988	52.1802	115.085	111.751	131.48	110.493	108.377	122.27	
62	1	1	1	1	1	1	69.6629	74.7914	69.9473	78.955	83.1208	48.3985	52.1801	115.085	111.751	131.479	110.493	108.377	122.27	
63	1	1	1	1	1	1	69.6627	74.7912	69.9472	78.9549	83.1207	48.3982	52.18	115.085	111.75	131.479	110.493	108.377	122.27	
64	1	1	1	1	1	1	69.6625	74.791	69.947	78.9547	83.1206	48.398	52.1799	115.085	111.75	131.478	110.492	108.377	122.269	
65	1	1	1	1	1	1	69.6623	74.7908	69.9469	78.9546	83.1205	48.3977	52.1798	115.084	111.75	131.478	110.492	108.377	122.269	
66	1	1	1	1	1	1	69.662	74.7905	69.9468	78.9545	83.1204	48.3975	52.1796	115.084	111.75	131.477	110.492	108.376	122.269	
67	1	1	1	1	1	1	69.6618	74.7903	69.9466	78.9544	83.1203	48.3972	52.1795	115.084	111.75	131.476	110.492	108.376	122.269	
68	1	1	1	1	1	1	69.6616	74.7901	69.9465	78.9543	83.1202	48.3969	52.1794	115.084	111.75	131.476	110.492	108.376	122.268	
69	1	1	1	1	1	1	69.6613	74.7899	69.9464	78.9541	83.1201	48.3966	52.1793	115.083	111.749	131.475	110.491	108.376	122.268	
70	1	1	1	1	1	1	69.6611	74.7896	69.9463	78.954	83.12	48.3964	52.1791	115.083	111.749	131.474	110.491	108.375	122.268	
71	1	1	1	1	1	1	69.6608	74.7894	69.9461	78.9539	83.1199	48.3961	52.179	115.083	111.749	131.473	110.491	108.375	122.268	
72	1	1	1	1	1	1	69.6606	74.7892	69.946	78.9538	83.1198	48.3958	52.1789	115.083	111.749	131.473	110.491	108.375	122.268	
73	1	1	1	1	1	1	69.6603	74.7889	69.9458	78.9536	83.1198	48.3955	52.1788	115.082	111.749	131.472	110.491	108.375	122.267	
74	1	1	1	1	1	1	69.6601	74.7887	69.9457	78.9535	83.1197	48.3952	52.1786	115.082	111.748	131.471	110.49	108.374	122.267	
75	1	1	1	1	1	1	69.6598	74.7884	69.9456	78.9534	83.1195	48.3949	52.1785	115.082	111.748	131.471	110.49	108.374	122.267	
76	1	1	1	1	1	1	69.6596	74.7882	69.9454	78.9532	83.1194	48.3946	52.1784	115.081	111.748	131.47	110.49	108.374	122.267	
77	1	1	1	1	1	1	69.6593	74.788	69.9453	78.9531	83.1193	48.3943	52.1782	115.081	111.748	131.469	110.49	108.374	122.266	
78	1	1	1	1	1	1	69.6591	74.7877	69.9451	78.953	83.1192	48.394	52.1781	115.081	111.747	131.468	110.49	108.373	122.266	
79	1	1	1	1	1	1	69.6588	74.7875	69.945	78.9528	83.1191	48.3937	52.178	115.08	111.747	131.468	110.489	108.373	122.266	
80	1	1	1	1	1	1	69.6585	74.7872	69.9449	78.9527	83.119	48.3934	52.1778	115.08	111.747	131.467	110.489	108.373	122.266	
81	1	1	1	1	1	1	69.6583	74.7869	69.9447	78.9525	83.1189	48.3931	52.1777	115.08	111.747	131.466	110.489	108.373	122.265	
82	1	1	1	1	1	1	69.658	74.7867	69.9446	78.9524	83.1188	48.3928	52.1775	115.08	111.747	131.465	110.489	108.372	122.265	
83	1	1	1	1	1	1	69.6577	74.7864	69.9444	78.9523	83.1187	48.3925	52.1774	115.079	111.746	131.464	110.489	108.372	122.265	
84	1	1	1	1	1	1	69.6575	74.7862	69.9443	78.9521	83.1186	48.3922	52.1773	115.079	111.746	131.464	110.488	108.372	122.265	
85	1	1	1	1	1	1	69.6572	74.7859	69.9441	78.952	83.1185	48.3919	52.1771	115.079	111.746	131.463	110.488	108.372	122.264	
86	1	1	1	1	1	1	69.6569	74.7856	69.9439	78.9518	83.1184	48.3915	52.177	115.078	111.746	131.462	110.488	108.371	122.264	
87	1	1	1	1	1	1	69.6566	74.7853	69.9438	78.9517	83.1183	48.3912	52.1768	115.078	111.745	131.461	110.488	108.371	122.264	
88	1	1	1	1	1	1	69.6563	74.7851	69.9436	78.9515	83.1181	48.3909	52.1767	115.078	111.745	131.46	110.487	108.371	122.264	
89	1	1	1	1	1	1	69.656	74.7848	69.9435	78.9514	83.118	48.3905	52.1765	115.077	111.745	131.459	110.487	108.37	122.263	
90	1	1	1	1	1	1	69.6557	74.7845	69.9433	78.9512	83.1179	48.3902	52.1764	115.077	111.745	131.459	110.487	108.37	122.263	
91	1	1	1	1	1	1	69.6554	74.7842	69.9431	78.9511	83.1178	48.3898	52.1762	115.077	111.745	131.458	110.487	108.37	122.263	
92	1	1	1	1	1	1	69.6551	74.7839	69.943	78.9509	83.1177	48.3895	52.1761	115.076	111.744	131.457	110.487	108.37	122.262	
93	1	1	1	1	1	1	69.6548	74.7836	69.9428	78.9507	83.1176	48.3891	52.1759	115.076	111.744	131.456	110.486	108.369	122.262	
94	1	1	1	1	1	1	69.6545	74.7834	69.9426	78.9506	83.1174	48.3888	52.1757	115.076	111.744	131.455	110.486	108.369	122.262	
95	1	1	1	1	1	1	69.6542	74.7831	69.9425	78.9504	83.1173	48.3884	52.1756	115.075	111.744	131.454	110.486	108.369	122.262	
96	1	1	1	1	1	1	69.6539	74.7828	69.9423	78.9503	83.1172	48.3881	52.1754	115.075	111.743	131.453	110.486	108.368	122.261	
97	1	1	1	1	1	1	69.6536	74.7825	69.9421	78.9501	83.1171	48.3877	52.1753	115.075	111.743	131.452	110.485	108.368	122.261	
98	1	1	1	1	1	1	69.6533	74.7821	69.942	78.9499	83.1169	48.3873	52.1751	115.074	111.743	131.452	110.485	108.368	122.261	
99	1	1	1	1	1	1	69.653	74.7818	69.9418	78.9498	83.1168	48.387	52.1749	115.074	111.743	131.451	110.485	108.367	122.26	
100	1	1	1	1	1	1	69.6526	74.7815	69.9416	78.9496	83.1167	48.3866	52.1748	115.073	111.742	131.45	110.485	108.367	122.26	
101	1	1	1	1	1	1	69.6523	74.7812	69.9414	78.9494	83.1165	48.3862	52.1746	115.073	111.742	131.449	110.484	108.367	122.26	
102	1	1	1	1	1	1	69.652	74.7809	69.9412	78.9492	83.1164	48.3858	52.1744	115.073	111.742	131.448	110.484	108.366	122.259	
103	1	1	1	1	1	1	69.6516	74.7806	69.941	78.9491	83.1163	48.3854	52.1742	115.072	111.741	131.447	110.484	108.366	122.259	
104	1	1	1	1	1	1	69.6513	74.7802	69.9409	78.9489	83.1161	48.385	52.1741	115.072	111.741	131.446	110.483	108.366	122.259	
105	1	1	1	1	1	1	69.651	74.7799	69.9407	78.9487	83.116	48.3847	52.1739	115.072	111.741	131.445	110.483	108.365	122.258	
106	1	1	1	1	1	1	69.6506	74.7796	69.9405	78.9485	83.1159	48.3843	52.1737	115.071	111.741	131.444	110.483	108.365	122.258	
107	1	1	1	1	1	1	69.6503	74.7793	69.9403	78.9483	83.1157	48.3839	52.1735	115.071	111.74	131.443	110.483	108.365	122.258	
108	1	1	1	1	1	1	69.6499	74.7789	69.9401	78.9482	83.1156	48.3834	52.1733	115.07	111.74	131.442	110.482	108.364	122.257	
109	1	1	1	1	1	1	69.6496	74.7786	69.9399	78.948	83.1154	48.383	52.1732	115.07	111.74	131.441	110.482	108.364	122.257	
110	1	1	1	1	1	1	69.6492	74.7782	69.9397	78.9478	83.1153	48.3826	52.173	115.07	111.739	131.44	110.482	108.364	122.257	
111	1	1	1	1	1	1	69.6488	74.7779	69.9395	78.9476	83.1152	48.3822	52.1728	115.069	111.739	131.439	110.481	108.363	122.256	
112	1	1	1	1	1	1	69.6485	74.7775	69.9393	78.9474	83.115	48.3818	52.1726	115.069	111.739	131.438	110.481	108.363	122.256	
113	1	1	1	1	1	1	69.6481	74.7772	69.9391	78.9472	83.1149	48.3813	52.1724	115.068	111.739	131.436	110.481	108.363	122.256	
114	1	1	1	1	1	1	69.6477	74.7768	69.9389	78.947	83.1147	48.3809	52.1722	115.068	111.738	131.435	110.481	108.362	122.255	
115	1	1	1	1	1	1	69.6473	74.7764	69.9387	78.9468	83.1146	48.3805	52.172	115.068	111.738	131.434	110.48	108.362	122.255	
116	1	1	1	1	1	1	69.647	74.7761	69.9385	78.9466	83.1144	48.38	52.1718	115.067	111.738	131.433	110.48	108.362	122.255	
117	1	1	1	1	1	1	69.6466	74.7757	69.9383	78.9464	83.1143	48.3796	52.1716	115.067	111.737	131.432	110.48	108.361	122.254	
118	1	1	1	1	1	1	69.6462	74.7753	69.938	78.9462	83.1141	48.3791	52.1714	115.066	111.737	131.431	110.479	108.361	122.254	
119	1	1	1	1	1	1	69.6458	74.775	69.9378	78.946	83.1139	48.3787	52.1712	115.066	111.737	131.43	110.479	108.36	122.254	
120	1	1	1	1	1	1	69.6454	74.7746	69.9376	78.9458	83.1138	48.3782	52.171	115.065	111.736	131.429	110.479	108.36	122.253	
121	1	1	1	1	1	1	69.645	74.7742	69.9374	78.9456	83.1136	48.3777	52.1708	115.065	111.736	131.427	110.478	108.36	122.253	
122	1	1	1	1	1	1	69.6446	74.7738	69.9372	78.9454	83.1135	48.3773	52.1706	115.064	111.736	131.426	110.478	108.359	122.252	
123	1	1	1	1	1	1	69.6442	74.7734	69.9369	78.9452	83.1133	48.3768	52.1704	115.064	111.735	131.425	110.478	108.359	122.252	
124	1	1	1	1	1	1	69.6438	74.773	69.9367	78.9449	83.1131	48.3763	52.1701	115.063	111.735	131.424	110.477	108.358	122.252	
125	1	1	1	1	1	1	69.6433	74.7726	69.9365	78.9447	83.113	48.3758	52.1699	115.063	111.735	131.423	110.477	108.358	122.251	
126	1	1	1	1	1	1	69.6429	74.7722	69.9363	78.9445	83.1128	48.3753	52.1697	115.063	111.734	131.421	110.477	108.358	122.251	
127	1	1	1	1	1	1	69.6425	74.7718	69.936	78.9443	83.1126	48.3748	52.1695	115.062	111.734	131.42	110.476	108.357	122.25	
128	1	1	1	1	1	1	69.6421	74.7714	69.9358	78.9441	83.1125	48.3743	52.1693	115.062	111.734	131.419	110.476	108.357	122.25	
129	1	1	1	1	1	1	69.6416	74.771	69.9355	78.9438	83.1123	48.3738	52.169	115.061	111.733	131.418	110.476	108.356	122.25	
130	1	1	1	1	1	1	69.6412	74.7705	69.9353	78.9436	83.1121	48.3733	52.1688	115.061	111.733	131.416	110.475	108.356	122.249	
131	1	1	1	1	1	1	69.6407	74.7701	69.9351	78.9434	83.1119	48.3728	52.1686	115.06	111.733	131.415	110.475	108.355	122.249	
132	1	1	1	1	1	1	69.6403	74.7697	69.9348	78.9431	83.1118	48.3723	52.1683	115.06	111.732	131.414	110.475	108.355	122.248	
133	1	1	1	1	1	1	69.6398	74.7692	69.9346	78.9429	83.1116	48.3718	52.1681	115.059	111.732	131.413	110.474	108.355	122.248	
134	1	1	1	1	1	1	69.6394	74.7688	69.9343	78.9427	83.1114	48.3712	52.1679	115.058	111.732	131.411	110.474	108.354	122.248	
135	1	1	1	1	1	1	69.6389	74.7684	69.9341	78.9424	83.1112	48.3707	52.1676	115.058	111.731	131.41	110.474	108.354	122.247	
136	1	1	1	1	1	1	69.6384	74.7679	69.9338	78.9422	83.111	48.3702	52.1674	115.057	111.731	131.408	110.473	108.353	122.247	
137	1	1	1	1	1	1	69.638	74.7675	69.9335	78.9419	83.1108	48.3696	52.1671	115.057	111.73	131.407	110.473	108.353	122.246	
138	1	1	1	1	1	1	69.6375	74.767	69.9333	78.9417	83.1106	48.3691	52.1669	115.056	111.73	131.406	110.472	108.352	122.246	
139	1	1	1	1	1	1	69.637	74.7665	69.933	78.9414	83.1104	48.3685	52.1666	115.056	111.73	131.404	110.472	108.352	122.245	
140	1	1	1	1	1	1	69.6365	74.7661	69.9327	78.9412	83.1102	48.3679	52.1664	115.055	111.729	131.403	110.472	108.351	122.245	
141	1	1	1	1	1	1	69.636	74.7656	69.9325	78.9409	83.1101	48.3674	52.1661	115.055	111.729	131.401	110.471	108.351	122.244	
142	1	1	1	1	1	1	69.6355	74.7651	69.9322	78.9406	83.1099	48.3668	52.1659	115.054	111.728	131.4	110.471	108.35	122.244	
143	1	1	1	1	1	1	69.635	74.7646	69.9319	78.9404	83.1097	48.3662	52.1656	115.054	111.728	131.399	110.47	108.35	122.243	
144	1	1	1	1	1	1	69.6345	74.7641	69.9316	78.9401	83.1095	48.3656	52.1653	115.053	111.728	131.397	110.47	108.349	122.243	
145	1	1	1	1	1	1	69.634	74.7636	69.9314	78.9398	83.1092	48.365	52.1651	115.052	111.727	131.396	110.47	108.349	122.242	
146	1	1	1	1	1	1	69.6335	74.7632	69.9311	78.9396	83.109	48.3644	52.1648	115.052	111.727	131.394	110.469	108.348	122.242	
147	1	1	1	1	1	1	69.633	74.7626	69.9308	78.9393	83.1088	48.3638	52.1645	115.051	111.726	131.393	110.469	108.348	122.241	
148	1	1	1	1	1	1	69.6324	74.7621	69.9305	78.939	83.1086	48.3632	52.1643	115.051	111.726	131.391	110.468	108.347	122.241	
149	1	1	1	1	1	1	69.6319	74.7616	69.9302	78.9387	83.1084	48.3626	52.164	115.05	111.725	131.39	110.468	108.347	122.24	
150	1	1	1	1	1	1	69.6314	74.7611	69.9299	78.9385	83.1082	48.3619	52.1637	115.049	111.725	131.388	110.468	108.346	122.24	
151	1	1	1	1	1	1	69.6308	74.7606	69.9296	78.9382	83.108	48.3613	52.1634	115.049	111.725	131.386	110.467	108.346	122.239	
152	1	1	1	1	1	1	69.6303	74.7601	69.9293	78.9379	83.1078	48.3607	52.1631	115.048	111.724	131.385	110.467	108.345	122.239	
153	1	1	1	1	1	1	69.6297	74.7595	69.929	78.9376	83.1075	48.36	52.1628	115.048	111.724	131.383	110.466	108.345	122.238	
154	1	1	1	1	1	1	69.6292	74.759	69.9287	78.9373	83.1073	48.3594	52.1625	115.047	111.723	131.382	110.466	108.344	122.238	
155	1	1	1	1	1	1	69.6286	74.7584	69.9284	78.937	83.1071	48.3587	52.1622	115.046	111.723	131.38	110.465	108.343	122.237	
156	1	1	1	1	1	1	69.628	74.7579	69.9281	78.9367	83.1069	48.358	52.162	115.046	111.722	131.378	110.465	108.343	122.237	
157	1	1	1	1	1	1	69.6274	74.7573	69.9278	78.9364	83.1066	48.3574	52.1616	115.045	111.722	131.377	110.464	108.342	122.236	
158	1	1	1	1	1	1	69.6269	74.7568	69.9274	78.9361	83.1064	48.3567	52.1613	115.044	111.721	131.375	110.464	108.342	122.236	
159	1	1	1	1	1	1	69.6263	74.7562	69.9271	78.9358	83.1062	48.356	52.161	115.044	111.721	131.373	110.463	108.341	122.235	
160	1	1	1	1	1	1	69.6257	74.7556	69.9268	78.9355	83.1059	48.3553	52.1607	115.043	111.72	131.371	110.463	108.341	122.235	
161	1	1	1	1	1	1	69.6251	74.755	69.9265	78.9352	83.1057	48.3546	52.1604	115.042	111.72	131.37	110.463	108.34	122.234	
162	1	1	1	1	1	1	69.6245	74.7545	69.9261	78.9349	83.1054	48.3539	52.1601	115.042	111.719	131.368	110.462	108.339	122.233	
163	1	1	1	1	1	1	69.6238	74.7539	69.9258	78.9345	83.1052	48.3532	52.1598	115.041	111.719	131.366	110.462	108.339	122.233	
164	1	1	1	1	1	1	69.6232	74.7533	69.9254	78.9342	83.1049	48.3525	52.1595	115.04	111.718	131.364	110.461	108.338	122.232	
165	1	1	1	1	1	1	69.6226	74.7527	69.9251	78.9339	83.1047	48.3517	52.1591	115.039	111.718	131.362	110.461	108.338	122.232	
166	1	1	1	1	1	1	69.622	74.7521	69.9248	78.9335	83.1044	48.351	52.1588	115.039	111.717	131.361	110.46	108.337	122.231	
167	1	1	1	1	1	1	69.6213	74.7514	69.9244	78.9332	83.1042	48.3502	52.1585	115.038	111.717	131.359	110.46	108.336	122.23	
168	1	1	1	1	1	1	69.6207	74.7508	69.924	78.9329	83.1039	48.3495	52.1581	115.037	111.716	131.357	110.459	108.336	122.23	
169	1	1	1	1	1	1	69.62	74.7502	69.9237	78.9325	83.1037	48.3487	52.1578	115.037	111.716	131.355	110.458	108.335	122.229	
170	1	1	1	1	1	1	69.6194	74.7496	69.9233	78.9322	83.1034	48.348	52.1574	115.036	111.715	131.353	110.458	108.334	122.229	
171	1	1	1	1	1	1	69.6187	74.7489	69.923	78.9318	83.1031	48.3472	52.1571	115.035	111.715	131.351	110.457	108.334	122.228	
172	1	1	1	1	1	1	69.618	74.7483	69.9226	78.9315	83.1029	48.3464	52.1567	115.034	111.714	131.349	110.457	108.333	122.227	
173	1	1	1	1	1	1	69.6173	74.7476	69.9222	78.9311	83.1026	48.3456	52.1564	115.034	111.714	131.347	110.456	108.332	122.227	
174	1	1	1	1	1	1	69.6167	74.7469	69.9218	78.9308	83.1023	48.3448	52.156	115.033	111.713	131.345	110.456	108.332	122.226	
175	1	1	1	1	1	1	69.616	74.7463	69.9215	78.9304	83.102	48.344	52.1557	115.032	111.713	131.343	110.455	108.331	122.225	
176	1	1	1	1	1	1	69.6153	74.7456	69.9211	78.93	83.1018	48.3432	52.1553	115.031	111.712	131.341	110.455	108.33	122.225	
177	1	1	1	1	1	1	69.6145	74.7449	69.9207	78.9297	83.1015	48.3423	52.1549	115.03	111.711	131.339	110.454	108.33	122.224	
178	1	1	1	1	1	1	69.6138	74.7442	69.9203	78.9293	83.1012	48.3415	52.1546	115.03	111.711	131.337	110.454	108.329	122.223	
179	1	1	1	1	1	1	69.6131	74.7435	69.9199	78.9289	83.1009	48.3407	52.1542	115.029	111.71	131.335	110.453	108.328	122.223	
180	1	1	1	1	1	1	69.6124	74.7428	69.9195	78.9285	83.1006	48.3398	52.1538	115.028	111.71	131.333	110.452	108.328	122.222	
181	1	1	1	1	1	1	69.6116	74.7421	69.9191	78.9281	83.1003	48.3389	52.1534	115.027	111.709	131.331	110.452	108.327	122.221	
182	1	1	1	1	1	1	69.6109	74.7414	69.9187	78.9278	83.1	48.3381	52.153	115.026	111.708	131.328	110.451	108.326	122.221	
183	1	1	1	1	1	1	69.6101	74.7407	69.9183	78.9274	83.0997	48.3372	52.1526	115.025	111.708	131.326	110.451	108.325	122.22	
184	1	1	1	1	1	1	69.6094	74.7399	69.9179	78.927	83.0994	48.3363	52.1522	115.024	111.707	131.324	110.45	108.325	122.219	
185	1	1	1	1	1	1	69.6086	74.7392	69.9174	78.9266	83.0991	48.3354	52.1518	115.024	111.707	131.322	110.449	108.324	122.218	
186	1	1	1	1	1	1	69.6078	74.7384	69.917	78.9262	83.0988	48.3345	52.1514	115.023	111.706	131.32	110.449	108.323	122.218	
187	1	1	1	1	1	1	69.607	74.7377	69.9166	78.9257	83.0985	48.3336	52.151	115.022	111.705	131.317	110.448	108.322	122.217	
188	1	1	1	1	1	1	69.6063	74.7369	69.9162	78.9253	83.0982	48.3327	52.1506	115.021	111.705	131.315	110.448	108.322	122.216	
189	1	1	1	1	1	1	69.6055	74.7361	69.9157	78.9249	83.0978	48.3317	52.1502	115.02	111.704	131.313	110.447	108.321	122.215	
190	1	1	1	1	1	1	69.6046	74.7354	69.9153	78.9245	83.0975	48.3308	52.1498	115.019	111.703	131.31	110.446	108.32	122.215	
191	1	1	1	1	1	1	69.6038	74.7346	69.9148	78.9241	83.0972	48.3298	52.1494	115.018	111.703	131.308	110.446	108.319	122.214	
192	1	1	1	1	1	1	69.603	74.7338	69.9144	78.9236	83.0968	48.3289	52.1489	115.017	111.702	131.305	110.445	108.318	122.213	
193	1	1	1	1	1	1	69.6022	74.733	69.9139	78.9232	83.0965	48.3279	52.1485	115.016	111.701	131.303	110.444	108.318	122.212	
194	1	1	1	1	1	1	69.6013	74.7322	69.9135	78.9228	83.0962	48.3269	52.1481	115.015	111.701	131.301	110.444	108.317	122.212	
195	1	1	1	1	1	1	69.6005	74.7313	69.913	78.9223	83.0958	48.3259	52.1476	115.014	111.7	131.298	110.443	108.316	122.211	
196	1	1	1	1	1	1	69.5996	74.7305	69.9125	78.9219	83.0955	48.3249	52.1472	115.013	111.699	131.296	110.442	108.315	122.21	
197	1	1	1	1	1	1	69.5987	74.7297	69.912	78.9214	83.0951	48.3239	52.1467	115.012	111.699	131.293	110.442	108.314	122.209	
198	1	1	1	1	1	1	69.5979	74.7288	69.9116	78.9209	83.0948	48.3228	52.1463	115.011	111.698	131.29	110.441	108.313	122.208	
199	1	1	1	1	1	1	69.597	74.728	69.9111	78.9205	83.0944	48.3218	52.1458	115.01	111.697	131.288	110.44	108.312	122.207	
200	1	1	1	1	1	1	69.5961	74.7271	69.9106	78.92	83.0941	48.3208	52.1453	115.009	111.696	131.285	110.439	108.312	122.207	
201	1	1	1	1	1	1	69.5952	74.7262	69.9101	78.9195	83.0937	48.3197	52.1449	115.008	111.696	131.283	110.439	108.311	122.206	
202	1	1	1	1	1	1	69.5943	74.7254	69.9096	78.9191	83.0933	48.3186	52.1444	115.007	111.695	131.28	110.438	108.31	122.205	
203	1	1	1	1	1	1	69.5933	74.7245	69.9091	78.9186	83.093	48.3175	52.1439	115.006	111.694	131.277	110.437	108.309	122.204	
204	1	1	1	1	1	1	69.5924	74.7236	69.9086	78.9181	83.0926	48.3164	52.1434	115.005	111.693	131.275	110.436	108.308	122.203	
205	1	1	1	1	1	1	69.5915	74.7226	69.9081	78.9176	83.0922	48.3153	52.1429	115.004	111.693	131.272	110.436	108.307	122.202	
206	1	1	1	1	1	1	69.5905	74.7217	69.9076	78.9171	83.0918	48.3142	52.1424	115.003	111.692	131.269	110.435	108.306	122.201	
207	1	1	1	1	1	1	69.5895	74.7208	69.907	78.9166	83.0915	48.3131	52.1419	115.002	111.691	131.266	110.434	108.305	122.2	
208	1	1	1	1	1	1	69.5886	74.7199	69.9065	78.9161	83.0911	48.312	52.1414	115.001	111.69	131.263	110.433	108.304	122.2	
209	1	1	1	1	1	1	69.5876	74.7189	69.906	78.9156	83.0907	48.3108	52.1409	115	111.69	131.261	110.433	108.303	122.199	
210	1	1	1	1	1	1	69.5866	74.718	69.9054	78.9151	83.0903	48.3096	52.1404	114.999	111.689	131.258	110.432	108.302	122.198	
211	1	1	1	1	1	1	69.5856	74.717	69.9049	78.9145	83.0899	48.3085	52.1399	114.997	111.688	131.255	110.431	108.301	122.197	
212	1	1	1	1	1	1	69.5846	74.716	69.9043	78.914	83.0895	48.3073	52.1393	114.996	111.687	131.252	110.43	108.3	122.196	
213	1	1	1	1	1	1	69.5836	74.715	69.9038	78.9135	83.0891	48.3061	52.1388	114.995	111.686	131.249	110.429	108.299	122.195	
214	1	1	1	1	1	1	69.5825	74.714	69.9032	78.9129	83.0886	48.3049	52.1383	114.994	111.685	131.246	110.429	108.298	122.194	
215	1	1	1	1	1	1	69.5815	74.713	69.9026	78.9124	83.0882	48.3036	52.1377	114.993	111.685	131.243	110.428	108.297	122.193	
216	1	1	1	1	1	1	69.5804	74.712	69.9021	78.9118	83.0878	48.3024	52.1372	114.992	111.684	131.24	110.427	108.296	122.192	
217	1	1	1	1	1	1	69.5794	74.711	69.9015	78.9113	83.0874	48.3011	52.1366	114.99	111.683	131.237	110.426	108.295	122.191	
218	1	1	1	1	1	1	69.5783	74.7099	69.9009	78.9107	83.0869	48.2999	52.1361	114.989	111.682	131.233	110.425	108.294	122.19	
219	1	1	1	1	1	1	69.5772	74.7089	69.9003	78.9102	83.0865	48.2986	52.1355	114.988	111.681	131.23	110.424	108.293	122.189	
220	1	1	1	1	1	1	69.5761	74.7078	69.8997	78.9096	83.0861	48.2973	52.1349	114.987	111.68	131.227	110.423	108.292	122.188	
221	1	1	1	1	1	1	69.575	74.7067	69.8991	78.909	83.0856	48.296	52.1343	114.985	111.679	131.224	110.423	108.291	122.187	
222	1	1	1	1	1	1	69.5739	74.7056	69.8985	78.9084	83.0852	48.2947	52.1338	114.984	111.678	131.221	110.422	108.29	122.186	
223	1	1	1	1	1	1	69.5727	74.7045	69.8979	78.9078	83.0847	48.2933	52.1332	114.983	111.677	131.217	110.421	108.289	122.185	
224	1	1	1	1	1	1	69.5716	74.7034	69.8972	78.9072	83.0843	48.292	52.1326	114.982	111.677	131.214	110.42	108.287	122.183	
225	1	1	1	1	1	1	69.5704	74.7023	69.8966	78.9066	83.0838	48.2906	52.132	114.98	111.676	131.211	110.419	108.286	122.182	
226	1	1	1	1	1	1	69.5693	74.7012	69.896	78.906	83.0833	48.2892	52.1314	114.979	111.675	131.207	110.418	108.285	122.181	
227	1	1	1	1	1	1	69.5681	74.7	69.8953	78.9054	83.0829	48.2879	52.1308	114.978	111.674	131.204	110.417	108.284	122.18	
228	1	1	1	1	1	1	69.5669	74.6989	69.8947	78.9048	83.0824	48.2864	52.1301	114.976	111.673	131.2	110.416	108.283	122.179	
229	1	1	1	1	1	1	69.5657	74.6977	69.894	78.9041	83.0819	48.285	52.1295	114.975	111.672	131.197	110.415	108.282	122.178	
230	1	1	1	1	1	1	69.5645	74.6965	69.8934	78.9035	83.0814	48.2836	52.1289	114.973	111.671	131.193	110.414	108.28	122.177	
231	1	1	1	1	1	1	69.5632	74.6954	69.8927	78.9029	83.0809	48.2821	52.1282	114.972	111.67	131.189	110.413	108.279	122.176	
232	1	1	1	1	1	1	69.562	74.6941	69.892	78.9022	83.0804	48.2807	52.1276	114.971	111.669	131.186	110.412	108.278	122.174	
233	1	1	1	1	1	1	69.5607	74.6929	69.8914	78.9016	83.0799	48.2792	52.1269	114.969	111.668	131.182	110.411	108.277	122.173	
234	1	1	1	1	1	1	69.5595	74.6917	69.8907	78.9009	83.0794	48.2777	52.1263	114.968	111.667	131.178	110.41	108.275	122.172	
235	1	1	1	1	1	1	69.5582	74.6905	69.89	78.9002	83.0789	48.2762	52.1256	114.966	111.666	131.175	110.409	108.274	122.171	
236	1	1	1	1	1	1	69.5569	74.6892	69.8893	78.8996	83.0784	48.2746	52.1249	114.965	111.665	131.171	110.408	108.273	122.17	
237	1	1	1	1	1	1	69.5556	74.6879	69.8886	78.8989	83.0778	48.2731	52.1242	114.963	111.663	131.167	110.407	108.272	122.168	
238	1	1	1	1	1	1	69.5543	74.6867	69.8878	78.8982	83.0773	48.2715	52.1236	114.962	111.662	131.163	110.406	108.27	122.167	
239	1	1	1	1	1	1	69.5529	74.6854	69.8871	78.8975	83.0768	48.27	52.1229	114.96	111.661	131.159	110.405	108.269	122.166	
240	1	1	1	1	1	1	69.5516	74.6841	69.8864	78.8968	83.0762	48.2684	52.1222	114.959	111.66	131.155	110.404	108.268	122.164	
241	1	1	1	1	1	1	69.5502	74.6827	69.8856	78.8961	83.0757	48.2668	52.1215	114.957	111.659	131.151	110.403	108.266	122.163	
242	1	1	1	1	1	1	69.5488	74.6814	69.8849	78.8954	83.0751	48.2651	52.1207	114.956	111.658	131.147	110.402	108.265	122.162	
243	1	1	1	1	1	1	69.5475	74.68	69.8841	78.8946	83.0746	48.2635	52.12	114.954	111.657	131.143	110.401	108.264	122.161	
244	1	1	1	1	1	1	69.5461	74.6787	69.8834	78.8939	83.074	48.2618	52.1193	114.952	111.656	131.139	110.4	108.262	122.159	
245	1	1	1	1	1	1	69.5446	74.6773	69.8826	78.8932	83.0734	48.2601	52.1185	114.951	111.655	131.135	110.398	108.261	122.158	
246	1	1	1	1	1	1	69.5432	74.6759	69.8818	78.8924	83.0729	48.2584	52.1178	114.949	111.653	131.131	110.397	108.259	122.157	
247	1	1	1	1	1	1	69.5417	74.6745	69.881	78.8917	83.0723	48.2567	52.117	114.948	111.652	131.127	110.396	108.258	122.155	
248	1	1	1	1	1	1	69.5403	74.6731	69.8803	78.8909	83.0717	48.255	52.1163	114.946	111.651	131.122	110.395	108.256	122.154	
249	1	1	1	1	1	1	69.5388	74.6716	69.8795	78.8901	83.0711	48.2532	52.1155	114.944	111.65	131.118	110.394	108.255	122.152	
250	1	1	1	1	1	1	69.5373	74.6702	69.8786	78.8893	83.0705	48.2514	52.1147	114.942	111.649	131.114	110.393	108.254	122.151	
251	1	1	1	1	1	1	69.5358	74.6687	69.8778	78.8885	83.0699	48.2497	52.1139	114.941	111.647	131.109	110.391	108.252	122.149	
252	1	1	1	1	1	1	69.5343	74.6672	69.877	78.8878	83.0693	48.2478	52.1131	114.939	111.646	131.105	110.39	108.251	122.148	
253	1	1	1	1	1	1	69.5327	74.6658	69.8762	78.8869	83.0686	48.246	52.1123	114.937	111.645	131.1	110.389	108.249	122.147	
254	1	1	1	1	1	1	69.5312	74.6642	69.8753	78.8861	83.068	48.2442	52.1115	114.935	111.644	131.096	110.388	108.247	122.145	
255	1	1	1	1	1	1	69.5296	74.6627	69.8745	78.8853	83.0674	48.2423	52.1107	114.934	111.642	131.091	110.386	108.246	122.144	
256	1	1	1	1	1	1	69.528	74.6612	69.8736	78.8845	83.0667	48.2404	52.1099	114.932	111.641	131.086	110.385	108.244	122.142	
257	1	1	1	1	1	1	69.5264	74.6596	69.8727	78.8836	83.0661	48.2385	52.109	114.93	111.64	131.082	110.384	108.243	122.141	
258	1	1	1	1	1	1	69.5248	74.658	69.8719	78.8828	83.0654	48.2366	52.1082	114.928	111.638	131.077	110.383	108.241	122.139	
259	1	1	1	1	1	1	69.5231	74.6564	69.871	78.8819	83.0648	48.2346	52.1073	114.926	111.637	131.072	110.381	108.24	122.137	
260	1	1	1	1	1	1	69.5215	74.6548	69.8701	78.8811	83.0641	48.2326	52.1065	114.924	111.636	131.067	110.38	108.238	122.136	
261	1	1	1	1	1	1	69.5198	74.6532	69.8692	78.8802	83.0634	48.2306	52.1056	114.922	111.634	131.062	110.379	108.236	122.134	
262	1	1	1	1	1	1	69.5181	74.6515	69.8683	78.8793	83.0628	48.2286	52.1047	114.921	111.633	131.057	110.377	108.235	122.133	
263	1	1	1	1	1	1	69.5164	74.6499	69.8674	78.8784	83.0621	48.2266	52.1038	114.919	111.632	131.052	110.376	108.233	122.131	
264	1	1	1	1	1	1	69.5147	74.6482	69.8664	78.8775	83.0614	48.2245	52.1029	114.917	111.63	131.047	110.375	108.231	122.129	
265	1	1	1	1	1	1	69.5129	74.6465	69.8655	78.8766	83.0607	48.2224	52.102	114.915	111.629	131.042	110.373	108.229	122.128	
266	1	1	1	1	1	1	69.5112	74.6448	69.8645	78.8757	83.06	48.2203	52.1011	114.913	111.627	131.037	110.372	108.228	122.126	
267	1	1	1	1	1	1	69.5094	74.643	69.8636	78.8748	83.0592	48.2182	52.1002	114.911	111.626	131.032	110.37	108.226	122.124	
268	1	1	1	1	1	1	69.5076	74.6413	69.8626	78.8738	83.0585	48.2161	52.0992	114.908	111.624	131.026	110.369	108.224	122.123	
269	1	1	1	1	1	1	69.5058	74.6395	69.8616	78.8729	83.0578	48.2139	52.0983	114.906	111.623	131.021	110.368	108.222	122.121	
270	1	1	1	1	1	1	69.5039	74.6377	69.8606	78.8719	83.057	48.2117	52.0973	114.904	111.621	131.016	110.366	108.221	122.119	
271	1	1	1	1	1	1	69.5021	74.6359	69.8596	78.871	83.0563	48.2095	52.0964	114.902	111.62	131.01	110.365	108.219	122.117	
272	1	1	1	1	1	1	69.5002	74.6341	69.8586	78.87	83.0555	48.2072	52.0954	114.9	111.618	131.005	110.363	108.217	122.116	
273	1	1	1	1	1	1	69.4983	74.6322	69.8576	78.869	83.0548	48.205	52.0944	114.898	111.617	130.999	110.362	108.215	122.114	
274	1	1	1	1	1	1	69.4964	74.6304	69.8566	78.868	83.054	48.2027	52.0934	114.896	111.615	130.994	110.36	108.213	122.112	
275	1	1	1	1	1	1	69.4945	74.6285	69.8555	78.867	83.0532	48.2004	52.0924	114.893	111.614	130.988	110.359	108.211	122.11	
276	1	1	1	1	1	1	69.4925	74.6266	69.8545	78.866	83.0524	48.198	52.0914	114.891	111.612	130.982	110.357	108.209	122.108	
277	1	1	1	1	1	1	69.4905	74.6246	69.8534	78.865	83.0516	48.1956	52.0903	114.889	111.61	130.976	110.355	108.207	122.106	
278	1	1	1	1	1	1	69.4885	74.6227	69.8523	78.8639	83.0508	48.1933	52.0893	114.887	111.609	130.97	110.354	108.205	122.105	
279	1	1	1	1	1	1	69.4865	74.6207	69.8513	78.8629	83.05	48.1908	52.0883	114.884	111.607	130.965	110.352	108.203	122.103	
280	1	1	1	1	1	1	69.4845	74.6187	69.8502	78.8618	83.0492	48.1884	52.0872	114.882	111.605	130.959	110.351	108.201	122.101	
281	1	1	1	1	1	1	69.4824	74.6167	69.8491	78.8607	83.0484	48.1859	52.0861	114.88	111.604	130.952	110.349	108.199	122.099	
282	1	1	1	1	1	1	69.4803	74.6147	69.8479	78.8596	83.0475	48.1834	52.085	114.877	111.602	130.946	110.347	108.197	122.097	
283	1	1	1	1	1	1	69.4782	74.6126	69.8468	78.8585	83.0467	48.1809	52.0839	114.875	111.6	130.94	110.346	108.195	122.095	
284	1	1	1	1	1	1	69.4761	74.6106	69.8457	78.8574	83.0458	48.1783	52.0828	114.872	111.599	130.934	110.344	108.193	122.093	
285	1	1	1	1	1	1	69.474	74.6085	69.8445	78.8563	83.0449	48.1758	52.0817	114.87	111.597	130.928	110.342	108.191	122.091	
286	1	1	1	1	1	1	69.4718	74.6063	69.8434	78.8552	83.0441	48.1731	52.0806	114.867	111.595	130.921	110.34	108.189	122.089	
287	1	1	1	1	1	1	69.4696	74.6042	69.8422	78.8541	83.0432	48.1705	52.0794	114.865	111.593	130.915	110.339	108.186	122.087	
288	1	1	1	1	1	1	69.4674	74.602	69.841	78.8529	83.0423	48.1678	52.0783	114.862	111.591	130.908	110.337	108.184	122.084	
289	1	1	1	1	1	1	69.4652	74.5998	69.8398	78.8517	83.0414	48.1651	52.0771	114.86	111.59	130.902	110.335	108.182	122.082	
290	1	1	1	1	1	1	69.4629	74.5976	69.8386	78.8506	83.0405	48.1624	52.0759	114.857	111.588	130.895	110.333	108.18	122.08	
291	1	1	1	1	1	1	69.4606	74.5954	69.8374	78.8494	83.0395	48.1597	52.0747	114.855	111.586	130.888	110.332	108.178	122.078	
292	1	1	1	1	1	1	69.4583	74.5931	69.8361	78.8482	83.0386	48.1569	52.0735	114.852	111.584	130.881	110.33	108.175	122.076	
293	1	1	1	1	1	1	69.456	74.5908	69.8349	78.847	83.0377	48.1541	52.0723	114.849	111.582	130.875	110.328	108.173	122.074	
294	1	1	1	1	1	1	69.4536	74.5885	69.8336	78.8457	83.0367	48.1512	52.0711	114.847	111.58	130.868	110.326	108.171	122.071	
295	1	1	1	1	1	1	69.4512	74.5862	69.8324	78.8445	83.0357	48.1483	52.0699	114.844	111.578	130.861	110.324	108.168	122.069	
296	1	1	1	1	1	1	69.4488	74.5838	69.8311	78.8432	83.0348	48.1454	52.0686	114.841	111.576	130.853	110.322	108.166	122.067	
297	1	1	1	1	1	1	69.4464	74.5815	69.8298	78.842	83.0338	48.1425	52.0673	114.838	111.574	130.846	110.32	108.163	122.064	
298	1	1	1	1	1	1	69.4439	74.579	69.8285	78.8407	83.0328	48.1395	52.0661	114.835	111.572	130.839	110.318	108.161	122.062	
299	1	1	1	1	1	1	69.4414	74.5766	69.8271	78.8394	83.0318	48.1365	52.0648	114.833	111.57	130.832	110.316	108.159	122.06	
300	1	1	1	1	1	1	69.4389	74.5741	69.8258	78.8381	83.0308	48.1334	52.0634	114.83	111.568	130.824	110.314	108.156	122.057	
301	1	1	1	1	1	1	69.4364	74.5717	69.8245	78.8368	83.0297	48.1304	52.0621	114.827	111.566	130.817	110.312	108.153	122.055	
302	1	1	1	1	1	1	69.4338	74.5691	69.8231	78.8354	83.0287	48.1273	52.0608	114.824	111.564	130.809	110.31	108.151	122.053	
303	1	1	1	1	1	1	69.4312	74.5666	69.8217	78.8341	83.0276	48.1241	52.0594	114.821	111.562	130.802	110.308	108.148	122.05	
304	1	1	1	1	1	1	69.4286	74.564	69.8203	78.8327	83.0266	48.1209	52.0581	114.818	111.56	130.794	110.306	108.146	122.048	
305	1	1	1	1	1	1	69.426	74.5614	69.8189	78.8314	83.0255	48.1177	52.0567	114.815	111.558	130.786	110.304	108.143	122.045	
306	1	1	1	1	1	1	69.4233	74.5588	69.8175	78.83	83.0244	48.1145	52.0553	114.812	111.555	130.778	110.302	108.14	122.042	
307	1	1	1	1	1	1	69.4206	74.5561	69.816	78.8286	83.0233	48.1112	52.0539	114.809	111.553	130.77	110.3	108.138	122.04	
308	1	1	1	1	1	1	69.4179	74.5535	69.8146	78.8271	83.0222	48.1079	52.0525	114.806	111.551	130.762	110.298	108.135	122.037	
309	1	1	1	1	1	1	69.4151	74.5508	69.8131	78.8257	83.0211	48.1045	52.051	114.802	111.549	130.754	110.295	108.132	122.035	
310	1	1	1	1	1	1	69.4123	74.548	69.8117	78.8243	83.02	48.1011	52.0496	114.799	111.546	130.746	110.293	108.13	122.032	
311	1	1	1	1	1	1	69.4095	74.5452	69.8102	78.8228	83.0188	48.0977	52.0481	114.796	111.544	130.737	110.291	108.127	122.029	
312	1	1	1	1	1	1	69.4067	74.5424	69.8086	78.8213	83.0177	48.0942	52.0466	114.793	111.542	130.729	110.289	108.124	122.027	
313	1	1	1	1	1	1	69.4038	74.5396	69.8071	78.8198	83.0165	48.0907	52.0451	114.789	111.539	130.72	110.287	108.121	122.024	
314	1	1	1	1	1	1	69.4009	74.5367	69.8056	78.8183	83.0153	48.0871	52.0436	114.786	111.537	130.712	110.284	108.118	122.021	
315	1	1	1	1	1	1	69.398	74.5338	69.804	78.8168	83.0141	48.0836	52.0421	114.783	111.535	130.703	110.282	108.115	122.018	
316	1	1	1	1	1	1	69.395	74.5309	69.8025	78.8153	83.0129	48.0799	52.0405	114.779	111.532	130.694	110.28	108.112	122.015	
317	1	1	1	1	1	1	69.392	74.528	69.8009	78.8137	83.0117	48.0763	52.039	114.776	111.53	130.685	110.277	108.109	122.013	
318	1	1	1	1	1	1	69.389	74.525	69.7993	78.8121	83.0105	48.0725	52.0374	114.772	111.527	130.676	110.275	108.106	122.01	
319	1	1	1	1	1	1	69.3859	74.5219	69.7976	78.8105	83.0092	48.0688	52.0358	114.769	111.525	130.667	110.272	108.103	122.007	
320	1	1	1	1	1	1	69.3828	74.5189	69.796	78.8089	83.008	48.065	52.0342	114.765	111.522	130.658	110.27	108.1	122.004	
321	1	1	1	1	1	1	69.3797	74.5158	69.7943	78.8073	83.0067	48.0612	52.0325	114.761	111.519	130.649	110.267	108.097	122.001	
322	1	1	1	1	1	1	69.3765	74.5127	69.7927	78.8057	83.0054	48.0573	52.0309	114.758	111.517	130.639	110.265	108.094	121.998	
323	1	1	1	1	1	1	69.3733	74.5095	69.791	78.804	83.0041	48.0533	52.0292	114.754	111.514	130.63	110.262	108.091	121.995	
324	1	1	1	1	1	1	69.3701	74.5063	69.7893	78.8023	83.0028	48.0494	52.0275	114.75	111.512	130.62	110.26	108.087	121.992	
325	1	1	1	1	1	1	69.3668	74.5031	69.7876	78.8006	83.0015	48.0454	52.0258	114.747	111.509	130.611	110.257	108.084	121.989	
326	1	1	1	1	1	1	69.3635	74.4998	69.7858	78.7989	83.0001	48.0413	52.0241	114.743	111.506	130.601	110.255	108.081	121.985	
327	1	1	1	1	1	1	69.3602	74.4965	69.7841	78.7972	82.9988	48.0372	52.0224	114.739	111.503	130.591	110.252	108.078	121.982	
328	1	1	1	1	1	1	69.3568	74.4932	69.7823	78.7954	82.9974	48.033	52.0206	114.735	111.501	130.581	110.249	108.074	121.979	
329	1	1	1	1	1	1	69.3534	74.4898	69.7805	78.7937	82.996	48.0288	52.0188	114.731	111.498	130.571	110.247	108.071	121.976	
330	1	1	1	1	1	1	69.35	74.4864	69.7787	78.7919	82.9946	48.0246	52.017	114.727	111.495	130.56	110.244	108.067	121.972	
331	1	1	1	1	1	1	69.3465	74.483	69.7769	78.7901	82.9932	48.0203	52.0152	114.723	111.492	130.55	110.241	108.064	121.969	
332	1	1	1	1	1	1	69.343	74.4795	69.775	78.7883	82.9917	48.0159	52.0134	114.719	111.489	130.54	110.238	108.06	121.966	
333	1	1	1	1	1	1	69.3394	74.476	69.7732	78.7864	82.9903	48.0115	52.0115	114.715	111.486	130.529	110.235	108.057	121.962	
334	1	1	1	1	1	1	69.3358	74.4724	69.7713	78.7846	82.9888	48.0071	52.0097	114.711	111.483	130.518	110.233	108.053	121.959	
335	1	1	1	1	1	1	69.3322	74.4688	69.7694	78.7827	82.9873	48.0026	52.0078	114.707	111.48	130.507	110.23	108.05	121.955	
336	1	1	1	1	1	1	69.3286	74.4652	69.7674	78.7808	82.9859	47.9981	52.0058	114.702	111.477	130.497	110.227	108.046	121.952	
337	1	1	1	1	1	1	69.3248	74.4615	69.7655	78.7788	82.9843	47.9935	52.0039	114.698	111.474	130.485	110.224	108.042	121.948	
338	1	1	1	1	1	1	69.3211	74.4578	69.7635	78.7769	82.9828	47.9888	52.002	114.694	111.471	130.474	110.221	108.038	121.945	
339	1	1	1	1	1	1	69.3173	74.454	69.7616	78.7749	82.9813	47.9841	52	114.689	111.468	130.463	110.218	108.035	121.941	
340	1	1	1	1	1	1	69.3135	74.4502	69.7596	78.773	82.9797	47.9793	51.998	114.685	111.465	130.452	110.215	108.031	121.937	
341	1	1	1	1	1	1	69.3096	74.4464	69.7575	78.771	82.9781	47.9745	51.996	114.68	111.462	130.44	110.212	108.027	121.934	
342	1	1	1	1	1	1	69.3057	74.4425	69.7555	78.7689	82.9765	47.9696	51.9939	114.676	111.458	130.428	110.209	108.023	121.93	
343	1	1	1	1	1	1	69.3018	74.4385	69.7534	78.7669	82.9749	47.9647	51.9919	114.671	111.455	130.417	110.206	108.019	121.926	
344	1	1	1	1	1	1	69.2978	74.4346	69.7513	78.7648	82.9733	47.9597	51.9898	114.667	111.452	130.405	110.203	108.015	121.922	
345	1	1	1	1	1	1	69.2937	74.4306	69.7492	78.7627	82.9716	47.9547	51.9877	114.662	111.449	130.392	110.199	108.011	121.918	
346	1	1	1	1	1	1	69.2897	74.4265	69.7471	78.7606	82.9699	47.9496	51.9855	114.657	111.445	130.38	110.196	108.007	121.915	
347	1	1	1	1	1	1	69.2855	74.4224	69.745	78.7585	82.9683	47.9444	51.9834	114.652	111.442	130.368	110.193	108.003	121.911	
348	1	1	1	1	1	1	69.2814	74.4182	69.7428	78.7563	82.9665	47.9392	51.9812	114.647	111.438	130.355	110.19	107.999	121.907	
349	1	1	1	1	1	1	69.2771	74.414	69.7406	78.7541	82.9648	47.9339	51.979	114.643	111.435	130.343	110.186	107.994	121.903	
350	1	1	1	1	1	1	69.2729	74.4098	69.7384	78.7519	82.9631	47.9286	51.9768	114.638	111.431	130.33	110.183	107.99	121.898	
351	1	1	1	1	1	1	69.2686	74.4055	69.7362	78.7497	82.9613	47.9232	51.9745	114.633	111.428	130.317	110.179	107.986	121.894	
352	1	1	1	1	1	1	69.2642	74.4011	69.7339	78.7474	82.9595	47.9177	51.9723	114.627	111.424	130.304	110.176	107.981	121.89	
353	1	1	1	1	1	1	69.2598	74.3967	69.7316	78.7452	82.9577	47.9122	51.97	114.622	111.42	130.291	110.173	107.977	121.886	
354	1	1	1	1	1	1	69.2554	74.3923	69.7293	78.7429	82.9559	47.9066	51.9676	114.617	111.417	130.278	110.169	107.972	121.882	
355	1	1	1	1	1	1	69.2509	74.3878	69.727	78.7405	82.9541	47.9009	51.9653	114.612	111.413	130.264	110.165	107.968	121.877	
356	1	1	1	1	1	1	69.2464	74.3832	69.7246	78.7382	82.9522	47.8952	51.9629	114.607	111.409	130.25	110.162	107.963	121.873	
357	1	1	1	1	1	1	69.2418	74.3786	69.7223	78.7358	82.9503	47.8894	51.9605	114.601	111.405	130.237	110.158	107.959	121.869	
358	1	1	1	1	1	1	69.2371	74.374	69.7199	78.7334	82.9484	47.8835	51.9581	114.596	111.402	130.223	110.155	107.954	121.864	
359	1	1	1	1	1	1	69.2324	74.3693	69.7174	78.731	82.9465	47.8776	51.9557	114.59	111.398	130.208	110.151	107.949	121.86	
360	1	1	1	1	1	1	69.2277	74.3645	69.715	78.7285	82.9445	47.8716	51.9532	114.585	111.394	130.194	110.147	107.945	121.855	
361	1	1	1	1	1	1	69.2229	74.3597	69.7125	78.7261	82.9425	47.8655	51.9507	114.579	111.39	130.18	110.143	107.94	121.85	
362	1	1	1	1	1	1	69.2181	74.3549	69.71	78.7236	82.9406	47.8593	51.9481	114.574	111.386	130.165	110.14	107.935	121.846	
363	1	1	1	1	1	1	69.2132	74.3499	69.7075	78.721	82.9385	47.8531	51.9456	114.568	111.382	130.15	110.136	107.93	121.841	
364	1	1	1	1	1	1	69.2082	74.345	69.705	78.7185	82.9365	47.8468	51.943	114.562	111.378	130.135	110.132	107.925	121.836	
365	1	1	1	1	1	1	69.2032	74.3399	69.7024	78.7159	82.9344	47.8404	51.9404	114.556	111.373	130.12	110.128	107.92	121.831	
366	1	1	1	1	1	1	69.1981	74.3348	69.6998	78.7133	82.9324	47.834	51.9377	114.55	111.369	130.105	110.124	107.915	121.827	
367	1	1	1	1	1	1	69.193	74.3297	69.6972	78.7106	82.9302	47.8275	51.9351	114.544	111.365	130.09	110.12	107.91	121.822	
368	1	1	1	1	1	1	69.1879	74.3245	69.6945	78.708	82.9281	47.8209	51.9324	114.538	111.361	130.074	110.116	107.904	121.817	
369	1	1	1	1	1	1	69.1826	74.3192	69.6918	78.7053	82.926	47.8142	51.9296	114.532	111.356	130.058	110.112	107.899	121.812	
370	1	1	1	1	1	1	69.1773	74.3139	69.6891	78.7025	82.9238	47.8074	51.9269	114.526	111.352	130.042	110.107	107.894	121.806	
371	1	1	1	1	1	1	69.172	74.3085	69.6864	78.6998	82.9216	47.8006	51.9241	114.52	111.347	130.026	110.103	107.888	121.801	
372	1	1	1	1	1	1	69.1666	74.3031	69.6836	78.697	82.9193	47.7937	51.9213	114.513	111.343	130.01	110.099	107.883	121.796	
373	1	1	1	1	1	1	69.1611	74.2975	69.6808	78.6942	82.9171	47.7866	51.9184	114.507	111.338	129.993	110.095	107.877	121.791	
374	1	1	1	1	1	1	69.1556	74.292	69.678	78.6913	82.9148	47.7795	51.9155	114.5	111.334	129.976	110.09	107.872	121.786	
375	1	1	1	1	1	1	69.15	74.2863	69.6752	78.6884	82.9125	47.7724	51.9126	114.494	111.329	129.96	110.086	107.866	121.78	
376	1	1	1	1	1	1	69.1444	74.2806	69.6723	78.6855	82.9102	47.7651	51.9097	114.487	111.324	129.942	110.082	107.86	121.775	
377	1	1	1	1	1	1	69.1387	74.2749	69.6694	78.6826	82.9078	47.7577	51.9067	114.48	111.32	129.925	110.077	107.855	121.769	
378	1	1	1	1	1	1	69.1329	74.269	69.6665	78.6796	82.9054	47.7503	51.9037	114.474	111.315	129.908	110.073	107.849	121.764	
379	1	1	1	1	1	1	69.1271	74.2631	69.6635	78.6766	82.903	47.7428	51.9006	114.467	111.31	129.89	110.068	107.843	121.758	
380	1	1	1	1	1	1	69.1212	74.2571	69.6605	78.6736	82.9006	47.7351	51.8975	114.46	111.305	129.872	110.063	107.837	121.752	
381	1	1	1	1	1	1	69.1152	74.2511	69.6575	78.6705	82.8981	47.7274	51.8944	114.453	111.3	129.854	110.059	107.831	121.747	
382	1	1	1	1	1	1	69.1092	74.245	69.6544	78.6674	82.8956	47.7196	51.8913	114.446	111.295	129.835	110.054	107.825	121.741	
383	1	1	1	1	1	1	69.1031	74.2388	69.6514	78.6643	82.8931	47.7117	51.8881	114.439	111.29	129.817	110.049	107.819	121.735	
384	1	1	1	1	1	1	69.097	74.2325	69.6482	78.6611	82.8905	47.7036	51.8849	114.431	111.285	129.798	110.044	107.812	121.729	
385	1	1	1	1	1	1	69.0907	74.2262	69.6451	78.6579	82.888	47.6955	51.8816	114.424	111.28	129.779	110.039	107.806	121.723	
386	1	1	1	1	1	1	69.0844	74.2198	69.6419	78.6546	82.8853	47.6873	51.8783	114.417	111.274	129.76	110.034	107.8	121.717	
387	1	1	1	1	1	1	69.0781	74.2133	69.6387	78.6514	82.8827	47.679	51.875	114.409	111.269	129.74	110.029	107.793	121.711	
388	1	1	1	1	1	1	69.0716	74.2068	69.6355	78.6481	82.88	47.6706	51.8717	114.401	111.264	129.721	110.024	107.787	121.704	
389	1	1	1	1	1	1	69.0651	74.2001	69.6322	78.6447	82.8773	47.6621	51.8682	114.394	111.258	129.701	110.019	107.78	121.698	
390	1	1	1	1	1	1	69.0586	74.1934	69.6289	78.6413	82.8746	47.6534	51.8648	114.386	111.253	129.681	110.014	107.773	121.692	
391	1	1	1	1	1	1	69.0519	74.1866	69.6256	78.6379	82.8718	47.6447	51.8613	114.378	111.247	129.66	110.009	107.766	121.685	
392	1	1	1	1	1	1	69.0452	74.1797	69.6222	78.6344	82.869	47.6359	51.8578	114.37	111.241	129.64	110.004	107.76	121.679	
393	1	1	1	1	1	1	69.0384	74.1728	69.6188	78.6309	82.8662	47.6269	51.8543	114.362	111.236	129.619	109.998	107.753	121.672	
394	1	1	1	1	1	1	69.0315	74.1657	69.6153	78.6274	82.8633	47.6178	51.8507	114.354	111.23	129.598	109.993	107.746	121.665	
395	1	1	1	1	1	1	69.0245	74.1586	69.6119	78.6238	82.8604	47.6087	51.847	114.346	111.224	129.577	109.988	107.739	121.659	
396	1	1	1	1	1	1	69.0175	74.1514	69.6083	78.6202	82.8575	47.5994	51.8434	114.337	111.218	129.555	109.982	107.731	121.652	
397	1	1	1	1	1	1	69.0104	74.1441	69.6048	78.6166	82.8545	47.5899	51.8396	114.329	111.212	129.533	109.976	107.724	121.645	
398	1	1	1	1	1	1	69.0032	74.1368	69.6012	78.6129	82.8516	47.5804	51.8359	114.32	111.206	129.511	109.971	107.717	121.638	
399	1	1	1	1	1	1	68.9959	74.1293	69.5976	78.6091	82.8485	47.5707	51.8321	114.312	111.2	129.489	109.965	107.709	121.631	
400	1	1	1	1	1	1	68.9886	74.1217	69.5939	78.6053	82.8455	47.561	51.8282	114.303	111.194	129.466	109.959	107.702	121.624	
401	1	1	1	1	1	1	68.9811	74.1141	69.5903	78.6015	82.8423	47.5511	51.8243	114.294	111.187	129.443	109.954	107.694	121.616	
402	1	1	1	1	1	1	68.9736	74.1064	69.5865	78.5977	82.8392	47.541	51.8204	114.285	111.181	129.42	109.948	107.686	121.609	
403	1	1	1	1	1	1	68.966	74.0985	69.5828	78.5938	82.836	47.5309	51.8164	114.276	111.175	129.396	109.942	107.679	121.602	
404	1	1	1	1	1	1	68.9583	74.0906	69.579	78.5898	82.8328	47.5206	51.8124	114.267	111.168	129.373	109.936	107.671	121.594	
405	1	1	1	1	1	1	68.9505	74.0826	69.5751	78.5858	82.8296	47.5102	51.8084	114.257	111.162	129.349	109.93	107.663	121.587	
406	1	1	1	1	1	1	68.9426	74.0745	69.5712	78.5818	82.8263	47.4996	51.8042	114.248	111.155	129.324	109.924	107.655	121.579	
407	1	1	1	1	1	1	68.9347	74.0662	69.5673	78.5777	82.8229	47.4889	51.8001	114.239	111.148	129.3	109.917	107.647	121.571	
408	1	1	1	1	1	1	68.9266	74.0579	69.5634	78.5736	82.8196	47.4781	51.7959	114.229	111.141	129.275	109.911	107.638	121.563	
409	1	1	1	1	1	1	68.9185	74.0495	69.5594	78.5694	82.8162	47.4671	51.7916	114.219	111.134	129.25	109.905	107.63	121.555	
410	1	1	1	1	1	1	68.9103	74.041	69.5553	78.5652	82.8127	47.456	51.7873	114.209	111.127	129.224	109.898	107.622	121.547	
411	1	1	1	1	1	1	68.9019	74.0324	69.5513	78.5609	82.8092	47.4447	51.783	114.199	111.12	129.198	109.892	107.613	121.539	
412	1	1	1	1	1	1	68.8935	74.0236	69.5471	78.5566	82.8057	47.4333	51.7786	114.189	111.113	129.172	109.885	107.604	121.531	
413	1	1	1	1	1	1	68.885	74.0148	69.543	78.5523	82.8021	47.4218	51.7741	114.179	111.106	129.145	109.879	107.596	121.523	
414	1	1	1	1	1	1	68.8764	74.0058	69.5388	78.5479	82.7985	47.4101	51.7696	114.169	111.099	129.119	109.872	107.587	121.514	
415	1	1	1	1	1	1	68.8677	73.9968	69.5345	78.5434	82.7949	47.3982	51.7651	114.158	111.091	129.092	109.865	107.578	121.506	
416	1	1	1	1	1	1	68.8589	73.9876	69.5303	78.5389	82.7912	47.3862	51.7605	114.148	111.084	129.064	109.858	107.569	121.497	
417	1	1	1	1	1	1	68.85	73.9783	69.5259	78.5343	82.7874	47.374	51.7558	114.137	111.076	129.036	109.851	107.559	121.488	
418	1	1	1	1	1	1	68.8409	73.969	69.5216	78.5297	82.7836	47.3617	51.7511	114.126	111.069	129.008	109.844	107.55	121.48	
419	1	1	1	1	1	1	68.8318	73.9594	69.5172	78.5251	82.7798	47.3492	51.7464	114.115	111.061	128.98	109.837	107.541	121.471	
420	1	1	1	1	1	1	68.8226	73.9498	69.5127	78.5204	82.7759	47.3365	51.7415	114.104	111.053	128.951	109.83	107.531	121.462	
421	1	1	1	1	1	1	68.8133	73.9401	69.5082	78.5156	82.772	47.3236	51.7367	114.093	111.045	128.922	109.823	107.522	121.453	
422	1	1	1	1	1	1	68.8038	73.9302	69.5037	78.5108	82.768	47.3106	51.7317	114.081	111.037	128.892	109.816	107.512	121.443	
423	1	1	1	1	1	1	68.7943	73.9202	69.4991	78.5059	82.764	47.2974	51.7268	114.07	111.029	128.862	109.808	107.502	121.434	
424	1	1	1	1	1	1	68.7846	73.9101	69.4944	78.501	82.7599	47.2841	51.7217	114.058	111.021	128.832	109.801	107.492	121.425	
425	1	1	1	1	1	1	68.7748	73.8998	69.4898	78.496	82.7558	47.2705	51.7166	114.046	111.012	128.801	109.793	107.482	121.415	
426	1	1	1	1	1	1	68.765	73.8895	69.485	78.4909	82.7516	47.2568	51.7115	114.034	111.004	128.77	109.786	107.472	121.405	
427	1	1	1	1	1	1	68.755	73.879	69.4802	78.4858	82.7474	47.2429	51.7062	114.022	110.995	128.738	109.778	107.461	121.395	
428	1	1	1	1	1	1	68.7448	73.8683	69.4754	78.4807	82.7431	47.2288	51.701	114.01	110.987	128.707	109.77	107.451	121.385	
429	1	1	1	1	1	1	68.7346	73.8575	69.4706	78.4755	82.7388	47.2145	51.6956	113.998	110.978	128.674	109.762	107.44	121.375	
430	1	1	1	1	1	1	68.7242	73.8466	69.4656	78.4702	82.7344	47.2	51.6902	113.985	110.969	128.642	109.754	107.429	121.365	
431	1	1	1	1	1	1	68.7138	73.8356	69.4607	78.4649	82.73	47.1853	51.6847	113.972	110.96	128.609	109.746	107.418	121.355	
432	1	1	1	1	1	1	68.7032	73.8244	69.4557	78.4595	82.7255	47.1704	51.6792	113.959	110.951	128.575	109.738	107.407	121.345	
433	1	1	1	1	1	1	68.6925	73.8131	69.4506	78.454	82.721	47.1553	51.6736	113.946	110.942	128.541	109.73	107.396	121.334	
434	1	1	1	1	1	1	68.6816	73.8016	69.4455	78.4485	82.7164	47.14	51.668	113.933	110.932	128.507	109.721	107.385	121.323	
435	1	1	1	1	1	1	68.6706	73.79	69.4403	78.4429	82.7117	47.1245	51.6622	113.92	110.923	128.472	109.713	107.374	121.313	
436	1	1	1	1	1	1	68.6595	73.7782	69.4351	78.4373	82.707	47.1087	51.6565	113.906	110.913	128.437	109.704	107.362	121.302	
437	1	1	1	1	1	1	68.6483	73.7663	69.4298	78.4316	82.7022	47.0928	51.6506	113.892	110.904	128.401	109.696	107.35	121.291	
438	1	1	1	1	1	1	68.6369	73.7542	69.4245	78.4258	82.6974	47.0766	51.6447	113.878	110.894	128.365	109.687	107.338	121.279	
439	1	1	1	1	1	1	68.6254	73.742	69.4191	78.4199	82.6925	47.0602	51.6387	113.864	110.884	128.328	109.678	107.326	121.268	
440	1	1	1	1	1	1	68.6138	73.7296	69.4137	78.414	82.6876	47.0435	51.6326	113.85	110.874	128.291	109.669	107.314	121.256	
441	1	1	1	1	1	1	68.602	73.717	69.4083	78.4081	82.6826	47.0267	51.6265	113.836	110.864	128.253	109.66	107.302	121.245	
442	1	1	1	1	1	1	68.5901	73.7043	69.4027	78.402	82.6775	47.0095	51.6203	113.821	110.854	128.215	109.651	107.289	121.233	
443	1	1	1	1	1	1	68.578	73.6914	69.3971	78.3959	82.6724	46.9922	51.614	113.806	110.843	128.176	109.642	107.277	121.221	
444	1	1	1	1	1	1	68.5658	73.6784	69.3915	78.3897	82.6672	46.9746	51.6076	113.791	110.833	128.137	109.633	107.264	121.209	
445	1	1	1	1	1	1	68.5534	73.6651	69.3858	78.3834	82.6619	46.9567	51.6012	113.776	110.822	128.098	109.623	107.251	121.197	
446	1	1	1	1	1	1	68.5409	73.6517	69.3801	78.3771	82.6566	46.9386	51.5947	113.761	110.811	128.057	109.614	107.238	121.185	
447	1	1	1	1	1	1	68.5283	73.6382	69.3743	78.3707	82.6512	46.9202	51.5881	113.745	110.8	128.017	109.604	107.225	121.172	
448	1	1	1	1	1	1	68.5155	73.6244	69.3684	78.3642	82.6458	46.9016	51.5814	113.729	110.789	127.975	109.594	107.211	121.159	
449	1	1	1	1	1	1	68.5025	73.6105	69.3625	78.3577	82.6402	46.8827	51.5747	113.713	110.778	127.934	109.584	107.198	121.147	
450	1	1	1	1	1	1	68.4894	73.5964	69.3565	78.3511	82.6346	46.8635	51.5679	113.697	110.766	127.891	109.574	107.184	121.134	
451	1	1	1	1	1	1	68.4761	73.5821	69.3505	78.3443	82.629	46.844	51.561	113.681	110.755	127.848	109.564	107.17	121.12	
452	1	1	1	1	1	1	68.4627	73.5676	69.3444	78.3376	82.6232	46.8243	51.554	113.664	110.743	127.805	109.554	107.156	121.107	
453	1	1	1	1	1	1	68.4491	73.5529	69.3383	78.3307	82.6174	46.8042	51.5469	113.647	110.731	127.761	109.544	107.141	121.094	
454	1	1	1	1	1	1	68.4353	73.538	69.332	78.3237	82.6115	46.7839	51.5398	113.63	110.719	127.716	109.533	107.127	121.08	
455	1	1	1	1	1	1	68.4214	73.5229	69.3258	78.3167	82.6056	46.7633	51.5325	113.613	110.707	127.671	109.523	107.112	121.066	
456	1	1	1	1	1	1	68.4073	73.5076	69.3195	78.3096	82.5995	46.7423	51.5252	113.595	110.695	127.625	109.512	107.097	121.052	
457	1	1	1	1	1	1	68.393	73.4921	69.3131	78.3024	82.5934	46.7211	51.5178	113.577	110.682	127.578	109.501	107.082	121.038	
458	1	1	1	1	1	1	68.3785	73.4764	69.3066	78.2951	82.5872	46.6995	51.5103	113.559	110.67	127.531	109.49	107.067	121.024	
459	1	1	1	1	1	1	68.3639	73.4604	69.3001	78.2878	82.581	46.6776	51.5027	113.541	110.657	127.483	109.479	107.051	121.009	
460	1	1	1	1	1	1	68.3491	73.4443	69.2936	78.2803	82.5746	46.6554	51.495	113.523	110.644	127.434	109.468	107.036	120.994	
461	1	1	1	1	1	1	68.3341	73.4279	69.2869	78.2728	82.5682	46.6328	51.4873	113.504	110.631	127.385	109.457	107.02	120.979	
462	1	1	1	1	1	1	68.3189	73.4114	69.2802	78.2652	82.5617	46.6099	51.4794	113.485	110.618	127.335	109.446	107.004	120.964	
463	1	1	1	1	1	1	68.3036	73.3945	69.2735	78.2574	82.5551	46.5866	51.4714	113.465	110.604	127.285	109.434	106.987	120.949	
464	1	1	1	1	1	1	68.288	73.3775	69.2667	78.2496	82.5484	46.563	51.4634	113.446	110.59	127.233	109.422	106.971	120.933	
465	1	1	1	1	1	1	68.2722	73.3602	69.2598	78.2417	82.5416	46.5391	51.4552	113.426	110.577	127.181	109.411	106.954	120.918	
466	1	1	1	1	1	1	68.2563	73.3427	69.2528	78.2337	82.5348	46.5147	51.447	113.406	110.563	127.129	109.399	106.937	120.902	
467	1	1	1	1	1	1	68.2401	73.3249	69.2458	78.2256	82.5279	46.49	51.4386	113.386	110.548	127.075	109.387	106.92	120.886	
468	1	1	1	1	1	1	68.2238	73.3069	69.2387	78.2174	82.5208	46.4649	51.4302	113.365	110.534	127.021	109.375	106.902	120.869	
469	1	1	1	1	1	1	68.2072	73.2886	69.2316	78.2092	82.5137	46.4394	51.4216	113.344	110.519	126.966	109.362	106.885	120.853	
470	1	1	1	1	1	1	68.1905	73.2701	69.2244	78.2008	82.5065	46.4135	51.413	113.323	110.504	126.91	109.35	106.867	120.836	
471	1	1	1	1	1	1	68.1735	73.2513	69.2171	78.1923	82.4992	46.3872	51.4042	113.301	110.489	126.853	109.337	106.849	120.819	
472	1	1	1	1	1	1	68.1563	73.2323	69.2098	78.1837	82.4918	46.3605	51.3953	113.28	110.474	126.796	109.324	106.83	120.802	
473	1	1	1	1	1	1	68.1389	73.213	69.2024	78.175	82.4843	46.3334	51.3864	113.257	110.459	126.738	109.312	106.812	120.784	
474	1	1	1	1	1	1	68.1212	73.1934	69.1949	78.1662	82.4767	46.3058	51.3773	113.235	110.443	126.679	109.299	106.793	120.767	
475	1	1	1	1	1	1	68.1034	73.1735	69.1873	78.1573	82.469	46.2778	51.3681	113.212	110.427	126.619	109.285	106.774	120.749	
476	1	1	1	1	1	1	68.0853	73.1534	69.1797	78.1483	82.4612	46.2494	51.3588	113.189	110.411	126.558	109.272	106.754	120.731	
477	1	1	1	1	1	1	68.067	73.1329	69.172	78.1392	82.4533	46.2205	51.3494	113.166	110.395	126.496	109.259	106.734	120.712	
478	1	1	1	1	1	1	68.0484	73.1122	69.1643	78.1299	82.4453	46.1911	51.3398	113.142	110.378	126.433	109.245	106.714	120.694	
479	1	1	1	1	1	1	68.0296	73.0912	69.1565	78.1206	82.4372	46.1613	51.3302	113.118	110.362	126.37	109.231	106.694	120.675	
480	1	1	1	1	1	1	68.0105	73.0698	69.1486	78.1111	82.429	46.131	51.3204	113.093	110.345	126.305	109.217	106.674	120.656	
481	1	1	1	1	1	1	67.9913	73.0482	69.1406	78.1016	82.4207	46.1001	51.3105	113.069	110.327	126.239	109.203	106.653	120.637	
482	1	1	1	1	1	1	67.9717	73.0262	69.1326	78.0919	82.4122	46.0688	51.3005	113.044	110.31	126.173	109.189	106.632	120.617	
483	1	1	1	1	1	1	67.9519	73.0039	69.1245	78.0821	82.4037	46.037	51.2904	113.018	110.292	126.105	109.175	106.61	120.597	
484	1	1	1	1	1	1	67.9319	72.9813	69.1163	78.0721	82.395	46.0046	51.2801	112.992	110.274	126.037	109.16	106.589	120.577	
485	1	1	1	1	1	1	67.9115	72.9584	69.1081	78.0621	82.3863	45.9717	51.2697	112.966	110.256	125.967	109.146	106.567	120.556	
486	1	1	1	1	1	1	67.891	72.9351	69.0998	78.0519	82.3774	45.9382	51.2592	112.939	110.237	125.896	109.131	106.544	120.536	
487	1	1	1	1	1	1	67.8701	72.9115	69.0914	78.0416	82.3684	45.9042	51.2486	112.912	110.219	125.825	109.116	106.522	120.515	
488	1	1	1	1	1	1	67.849	72.8875	69.083	78.0312	82.3593	45.8696	51.2378	112.885	110.2	125.752	109.101	106.499	120.494	
489	1	1	1	1	1	1	67.8275	72.8632	69.0744	78.0206	82.35	45.8344	51.2269	112.857	110.18	125.678	109.085	106.476	120.472	
490	1	1	1	1	1	1	67.8058	72.8385	69.0658	78.0099	82.3407	45.7986	51.2159	112.829	110.161	125.603	109.07	106.452	120.45	
491	1	1	1	1	1	1	67.7838	72.8134	69.0572	77.9991	82.3312	45.7623	51.2047	112.8	110.141	125.526	109.054	106.428	120.428	
492	1	1	1	1	1	1	67.7616	72.788	69.0484	77.9882	82.3216	45.7253	51.1934	112.771	110.121	125.449	109.038	106.404	120.406	
493	1	1	1	1	1	1	68.0692	73.1224	69.3701	78.3023	82.6728	46.0243	51.5496	112.771	110.136	125.365	109.062	106.426	120.392	
494	1	1	1	1	1	1	68.045	73.0956	69.3603	78.2899	82.6619	45.9865	51.5361	112.738	110.114	125.288	109.043	106.399	120.367	
495	1	1	1	1	1	1	68.0212	73.0686	69.3509	78.278	82.6514	45.9473	51.5238	112.707	110.092	125.207	109.026	106.373	120.344	
496	1	1	1	1	1	1	67.9971	73.0412	69.3414	78.266	82.6408	45.9073	51.5114	112.676	110.071	125.125	109.009	106.347	120.32	
497	1	1	1	1	1	1	67.9728	73.0133	69.3319	78.2539	82.6301	45.8665	51.4988	112.644	110.049	125.041	108.992	106.321	120.296	
498	1	1	1	1	1	1	67.9482	72.985	69.3223	78.2416	82.6192	45.825	51.486	112.612	110.027	124.956	108.975	106.294	120.271	
499	1	1	1	1	1	1	67.9232	72.9562	69.3126	78.2292	82.6081	45.7827	51.4731	112.58	110.004	124.869	108.958	106.267	120.247	
500	1	1	1	1	1	1	67.8979	72.927	69.3029	78.2167	82.5969	45.7397	51.46	112.547	109.982	124.781	108.941	106.24	120.222	
501	1	1	1	1	1	1	67.8723	72.8974	69.2931	78.204	82.5856	45.6959	51.4468	112.513	109.958	124.692	108.923	106.212	120.196	
502	1	1	1	1	1	1	67.8462	72.8673	69.2832	78.1911	82.5741	45.6513	51.4334	112.479	109.935	124.601	108.906	106.184	120.17	
503	1	1	1	1	1	1	67.8198	72.8367	69.2732	78.178	82.5625	45.606	51.4198	112.444	109.911	124.508	108.888	106.156	120.144	
504	1	1	1	1	1	1	67.7931	72.8056	69.2631	78.1648	82.5507	45.5597	51.4061	112.409	109.887	124.414	108.87	106.127	120.117	
505	1	1	1	1	1	1	67.766	72.7741	69.253	78.1514	82.5387	45.5127	51.3922	112.373	109.862	124.319	108.851	106.097	120.09	
506	1	1	1	1	1	1	67.7384	72.7421	69.2428	78.1379	82.5266	45.4648	51.3781	112.337	109.837	124.221	108.833	106.067	120.063	
507	1	1	1	1	1	1	67.7105	72.7095	69.2325	78.1242	82.5143	45.416	51.3639	112.3	109.812	124.122	108.814	106.037	120.035	
508	1	1	1	1	1	1	67.6822	72.6765	69.2222	78.1103	82.5019	45.3663	51.3495	112.262	109.786	124.022	108.795	106.006	120.007	
509	1	1	1	1	1	1	67.6535	72.6429	69.2118	78.0962	82.4893	45.3156	51.3349	112.224	109.76	123.919	108.776	105.975	119.979	
510	1	1	1	1	1	1	67.6244	72.6088	69.2013	78.082	82.4765	45.264	51.3202	112.185	109.733	123.815	108.757	105.943	119.95	
511	1	1	1	1	1	1	67.5948	72.5742	69.1907	78.0675	82.4635	45.2115	51.3053	112.146	109.706	123.709	108.738	105.911	119.921	
512	1	1	1	1	1	1	67.5648	72.539	69.1801	78.0529	82.4504	45.1579	51.2902	112.106	109.678	123.601	108.718	105.878	119.891	
513	1	1	1	1	1	1	67.5344	72.5032	69.1694	78.0381	82.4372	45.1033	51.2749	112.065	109.651	123.491	108.699	105.845	119.861	
514	1	1	1	1	1	1	67.5035	72.4669	69.1586	78.0231	82.4237	45.0477	51.2594	112.023	109.622	123.379	108.679	105.811	119.83	
515	1	1	1	1	1	1	67.4722	72.43	69.1478	78.008	82.4101	44.9909	51.2438	111.981	109.593	123.265	108.659	105.777	119.799	
516	1	1	1	1	1	1	67.4404	72.3925	69.1369	77.9926	82.3963	44.9331	51.228	111.938	109.564	123.149	108.639	105.742	119.768	
517	1	1	1	1	1	1	67.4082	72.3544	69.1259	77.977	82.3823	44.8741	51.212	111.895	109.534	123.031	108.618	105.707	119.736	
518	1	1	1	1	1	1	67.3754	72.3156	69.1149	77.9612	82.3681	44.814	51.1958	111.85	109.504	122.91	108.598	105.671	119.703	
519	1	1	1	1	1	1	67.3422	72.2763	69.1038	77.9452	82.3538	44.7527	51.1794	111.805	109.473	122.788	108.577	105.635	119.67	
520	1	1	1	1	1	1	67.3084	72.2363	69.0927	77.9291	82.3392	44.6902	51.1628	111.759	109.442	122.663	108.556	105.598	119.637	
521	1	1	1	1	1	1	67.2741	72.1956	69.0815	77.9127	82.3245	44.6264	51.1461	111.712	109.41	122.535	108.535	105.56	119.603	
522	1	1	1	1	1	1	67.2394	72.1543	69.0703	77.8961	82.3096	44.5613	51.1291	111.664	109.378	122.405	108.513	105.522	119.569	
523	1	1	1	1	1	1	67.204	72.1123	69.059	77.8793	82.2945	44.4949	51.112	111.616	109.345	122.273	108.492	105.484	119.534	
524	1	1	1	1	1	1	67.1681	72.0696	69.0476	77.8622	82.2793	44.4271	51.0947	111.566	109.311	122.138	108.471	105.444	119.498	
525	1	1	1	1	1	1	67.1317	72.0263	69.0362	77.845	82.2638	44.3579	51.0772	111.516	109.277	122	108.449	105.404	119.463	
526	1	1	1	1	1	1	67.0946	71.9822	69.0248	77.8275	82.2481	44.2873	51.0595	111.464	109.243	121.86	108.427	105.364	119.426	
527	1	1	1	1	1	1	67.057	71.9373	69.0134	77.8098	82.2323	44.2152	51.0417	111.412	109.208	121.717	108.405	105.323	119.389	
528	1	1	1	1	1	1	67.0188	71.8918	69.0019	77.7919	82.2163	44.1415	51.0236	111.359	109.172	121.571	108.383	105.281	119.352	
529	1	1	1	1	1	1	66.98	71.8454	68.9903	77.7737	82.2	44.0664	51.0054	111.305	109.135	121.421	108.361	105.238	119.314	
530	1	1	1	1	1	1	66.9405	71.7984	68.9788	77.7553	82.1836	43.9896	50.987	111.249	109.098	121.269	108.338	105.195	119.275	
531	1	1	1	1	1	1	66.9004	71.7505	68.9672	77.7367	82.167	43.9111	50.9684	111.193	109.061	121.114	108.316	105.151	119.236	
532	1	1	1	1	1	1	66.8596	71.7018	68.9556	77.7179	82.1502	43.8309	50.9496	111.135	109.022	120.955	108.293	105.106	119.196	
533	1	1	1	1	1	1	66.8181	71.6524	68.944	77.6988	82.1333	43.749	50.9306	111.077	108.983	120.793	108.27	105.061	119.156	
534	1	1	1	1	1	1	66.7759	71.6021	68.9324	77.6794	82.1161	43.6653	50.9115	111.017	108.943	120.627	108.248	105.015	119.115	
535	1	1	1	1	1	1	66.733	71.551	68.9208	77.6598	82.0988	43.5797	50.8922	110.956	108.903	120.457	108.225	104.968	119.074	
536	1	1	1	1	1	1	66.6894	71.499	68.9092	77.64	82.0812	43.4921	50.8728	110.894	108.861	120.284	108.202	104.921	119.032	
537	1	1	1	1	1	1	66.645	71.4462	68.8976	77.6199	82.0635	43.4026	50.8532	110.83	108.819	120.107	108.179	104.872	118.989	
538	1	1	1	1	1	1	66.5998	71.3925	68.886	77.5995	82.0457	43.3111	50.8334	110.766	108.777	119.926	108.156	104.823	118.946	
539	1	1	1	1	1	1	66.5538	71.3379	68.8745	77.5789	82.0276	43.2174	50.8135	110.699	108.733	119.74	108.133	104.773	118.902	
540	1	1	1	1	1	1	66.507	71.2824	68.863	77.5581	82.0094	43.1215	50.7935	110.632	108.688	119.551	108.11	104.723	118.857	
541	1	1	1	1	1	1	66.4593	71.226	68.8516	77.5369	81.991	43.0234	50.7734	110.563	108.643	119.356	108.087	104.671	118.812	
542	1	1	1	1	1	1	66.4107	71.1687	68.8402	77.5156	81.9725	42.9229	50.7531	110.493	108.597	119.157	108.065	104.619	118.766	
543	1	1	1	1	1	1	66.3612	71.1105	68.8288	77.4939	81.9538	42.82	50.7327	110.421	108.55	118.954	108.042	104.566	118.72	
544	1	1	1	1	1	1	66.3108	71.0513	68.8176	77.472	81.935	42.7146	50.7122	110.347	108.502	118.745	108.019	104.512	118.673	
545	1	1	1	1	1	1	66.2594	70.9912	68.8065	77.4498	81.916	42.6067	50.6917	110.272	108.453	118.53	107.997	104.457	118.625	
546	1	1	1	1	1	1	65.5594	70.5856	68.2583	77.1224	82.0136	43.9517	50.9096	110.224	107.593	124.807	106.646	103.648	114.548	
547	1	1	1	1	1	1	65.8406	71.0561	68.5022	77.1904	81.8963	43.3188	50.8245	110.266	108.125	120.663	107.354	104.012	117.186	
548	1	1	1	1	1	1	65.97	70.8902	68.6654	77.2803	81.8565	42.7973	50.692	110.14	108.25	118.981	107.656	104.145	118.001	
549	1	1	1	1	1	1	65.9928	70.7663	68.7234	77.3125	81.8282	42.4344	50.6201	110.014	108.242	118.146	107.775	104.165	118.252	
550	1	1	1	1	1	1	65.2703	70.2694	68.167	76.9912	81.9473	43.7082	50.8694	109.939	107.356	124.405	106.428	103.349	114.063	
551	1	1	1	1	1	1	65.579	70.7974	68.4296	77.0701	81.8131	42.9936	50.7474	109.968	107.895	120.066	107.169	103.724	116.818	
552	1	1	1	1	1	1	65.721	70.627	68.6081	77.169	81.7713	42.4134	50.6059	109.824	108.027	118.224	107.508	103.873	117.71	
553	1	1	1	1	1	1	65.7487	70.496	68.6749	77.2071	81.743	42.0013	50.5301	109.682	108.019	117.274	107.651	103.902	118.001	
554	1	1	1	1	1	1	64.9577	69.9364	68.0723	76.856	81.8733	43.4202	50.8056	109.605	107.102	123.802	106.251	103.046	113.6	
555	1	1	1	1	1	1	65.2961	70.5208	68.3598	76.9476	81.7294	42.5968	50.665	109.631	107.645	119.337	106.997	103.418	116.439	
556	1	1	1	1	1	1	65.4489	70.3459	68.5533	77.0536	81.6854	41.9709	50.5164	109.473	107.784	117.359	107.364	103.58	117.399	
557	1	1	1	1	1	1	64.6876	69.6205	68.0023	76.7431	81.8359	43.2145	50.8048	109.365	106.877	123.599	106.015	102.753	113.046	
558	1	1	1	1	1	1	65.0539	70.2913	68.3001	76.8397	81.6639	42.3423	50.6112	109.375	107.437	118.891	106.817	103.15	116.058	
559	1	1	1	1	1	1	65.2221	70.1178	68.5102	76.9566	81.6166	41.6549	50.4501	109.198	107.587	116.735	107.229	103.333	117.116	
560	1	1	1	1	1	1	64.4117	69.3195	67.9311	76.6298	81.7802	42.9803	50.7625	109.08	106.657	123.12	105.853	102.484	112.612	
561	1	1	1	1	1	1	65.258	70.5975	67.1729	76.6045	80.9344	40.8726	46.4508	108.429	106.384	117.231	105.532	102.341	114.853	
562	1	1	1	1	1	1	64.8876	70.3264	67.7819	76.6956	81.0906	41.1189	48.8016	108.722	107.143	115.438	106.72	103.013	116.386	
563	1	1	1	1	1	1	64.1067	69.1759	67.5393	76.4013	81.4912	42.7286	49.986	108.725	106.339	122.313	105.527	102.193	112.057	
564	1	1	1	1	1	1	64.5387	69.9201	68.0458	76.5768	81.4237	41.6524	50.1182	108.78	106.97	117.497	106.445	102.606	115.264	
565	1	1	1	1	1	1	64.7337	69.7042	68.363	76.7322	81.4302	40.8829	50.1139	108.584	107.152	115.143	106.96	102.816	116.489	
566	1	1	1	1	1	1	63.8056	68.6854	67.7541	76.3696	81.6417	42.4728	50.5705	108.449	106.176	121.939	105.522	101.9	111.667	
567	1	1	1	1	1	1	64.7766	70.1618	66.971	76.3482	80.7273	40.07	46.0296	107.783	105.85	115.739	105.126	101.753	114.021	
568	1	1	1	1	1	1	64.3646	69.8962	67.5999	76.4449	80.8709	40.2419	48.4353	108.033	106.641	113.682	106.416	102.456	115.683	
569	1	1	1	1	1	1	63.4547	68.5035	67.3199	76.1061	81.315	42.1716	49.7306	108.022	105.798	120.98	105.166	101.566	111.017	
570	1	1	1	1	1	1	63.939	69.4026	67.9034	76.3218	81.2531	40.8301	49.8784	108.074	106.444	115.926	106.107	101.97	114.399	
571	1	1	1	1	1	1	64.1468	69.1876	68.2737	76.5016	81.2734	39.9646	49.8962	107.842	106.643	113.287	106.699	102.211	115.785	
572	1	1	1	1	1	1	63.7891	68.8673	66.4748	75.8964	80.6842	40.3369	46.0412	107.07	104.684	119.396	103.812	100.642	109.794	
573	1	1	1	1	1	1	63.5841	69.638	67.1862	76.0229	80.6949	40.0737	48.3167	107.513	105.886	114.455	105.517	101.564	113.446	
574	1	1	1	1	1	1	63.8322	69.2583	67.8603	76.2725	80.9323	39.3048	49.0339	107.39	106.267	111.895	106.403	101.912	115.09	
575	1	1	1	1	1	1	62.711	67.6122	67.3409	75.8588	81.3048	41.5648	49.9701	107.254	105.263	119.507	104.936	100.881	109.844	
576	1	1	1	1	1	1	63.222	68.7554	67.901	76.087	81.1722	39.8655	49.8832	107.242	105.859	114.087	105.816	101.24	113.412	
577	1	1	1	1	1	1	64.2396	69.5202	67.0321	76.0695	80.3001	37.3312	45.2269	106.401	105.142	109.659	105.125	101.054	114.038	
578	1	1	1	1	1	1	62.2998	67.5609	66.5528	75.4635	80.673	40.9934	48.1929	106.515	104.561	118.167	104.266	100.376	108.988	
579	1	1	1	1	1	1	62.8053	68.6721	67.4228	75.7884	80.7739	39.17	48.993	106.673	105.371	112.688	105.412	100.832	112.635	
580	1	1	1	1	1	1	63.0365	68.4337	68.0099	76.044	80.9205	38.17	49.2822	106.415	105.658	109.567	106.238	101.144	114.339	
581	1	1	1	1	1	1	61.6909	66.5764	67.3167	75.5621	81.2524	40.9051	49.9658	106.189	104.55	117.535	104.617	100.011	108.452	
582	1	1	1	1	1	1	63.1052	68.8228	66.4811	75.5417	80.1635	37.3282	44.9226	105.61	104.064	110.311	104.019	99.8816	111.162	
583	1	1	1	1	1	1	61.3089	66.2377	66.3375	75.0999	80.5728	40.4624	47.9912	105.704	103.683	117.676	103.354	99.3006	106.327	
584	1	1	1	1	1	1	61.8683	67.9759	67.2367	75.4168	80.5928	38.4474	48.6776	105.817	104.586	111.406	104.708	99.8272	110.705	
585	1	1	1	1	1	1	62.1253	67.8581	67.9257	75.7283	80.7588	37.2574	48.9713	105.469	104.945	107.639	105.75	100.245	112.867	
586	1	1	1	1	1	1	63.2801	65.893	67.7987	76.024	81.7814	41.838	47.2279	106.271	104.314	116.272	104.47	100.139	106.981	
587	1	1	1	1	1	1	62.518	67.4962	67.8562	75.8962	81.1044	38.6979	48.3349	105.823	104.752	109.634	105.219	100.238	110.579	
588	1	1	1	1	1	1	61.7911	65.4486	65.8913	75.0247	80.2605	38.8807	44.6677	104.735	102.422	115.012	102.033	98.2998	103.556	
589	1	1	1	1	1	1	61.4095	67.8164	66.5738	75.0386	80.0565	37.2492	47.0024	104.98	103.643	108.423	103.981	99.1057	108.319	
590	1	1	1	1	1	1	61.585	67.7642	67.4686	75.3441	80.3589	35.8784	47.8763	104.571	104.11	104.312	105.366	99.5704	110.824	
591	1	1	1	1	1	1	59.8467	64.3193	66.9192	74.8036	80.8355	39.711	49.0648	104.075	102.874	112.886	103.729	98.2143	104.038	
592	1	1	1	1	1	1	63.065	67.2124	68.1982	75.9695	81.4713	37.9034	46.2976	105.142	103.894	106.511	105.099	99.6982	108.778	
593	1	1	1	1	1	1	60.3019	62.9208	67.2747	75.1074	81.3161	40.7481	48.2811	104.25	102.66	113.554	103.329	98.1846	101.412	
594	1	1	1	1	1	1	61.4249	66.9051	66.1337	74.8119	79.8152	34.9749	43.5891	103.447	101.882	104.124	102.708	97.7772	105.243	
595	1	1	1	1	1	1	59.1218	62.3696	65.9761	74.2058	80.1631	39.1894	46.9289	103.124	101.325	111.908	101.997	96.8489	98.5148	
596	1	1	1	1	1	1	59.4643	66.1865	67	74.5007	80.1979	35.3084	47.7127	102.936	102.126	103.926	103.418	97.1635	104.076	
597	1	1	1	1	1	1	60.8568	61.212	67.5101	75.1303	81.5417	40.5406	46.2355	103.8	101.553	111.754	102.509	97.2467	96.5869	
598	1	1	1	1	1	1	59.9383	65.5025	67.7077	74.9332	80.8284	35.8571	47.3275	103.019	102.048	102.906	103.554	97.2537	102.102	
599	1	1	1	1	1	1	58.7981	66.9035	65.5413	73.9585	79.3849	37.075	42.4515	103.343	101.382	110.941	81.7378	96.6156	103.254	
600	1	1	1	1	1	1	58.3879	66.9614	66.2281	73.81	79.5526	34.9162	46.2158	102.721	102.083	102.619	92.8746	96.6117	105.263	
601	1	1	1	1	1	1	59.8519	61.3198	66.8254	74.3973	80.8738	40.1888	44.991	103.155	100.947	110.08	96.3231	96.0911	96.389	
602	1	1	1	1	1	1	59.0606	65.4906	67.6594	74.6232	80.7309	35.1136	46.829	102.071	101.285	100.421	99.7396	95.8685	100.923	
603	1	1	1	1	1	1	55.2346	65.0054	67.1636	74.5289	80.9263	39.1531	46.695	80.5478	101.355	107.157	102.138	94.2767	103.137	
604	1	1	1	1	1	1	57.8115	66.7434	66.0764	73.4892	79.2109	31.1244	43.0201	87.7794	99.882	94.6862	102.445	93.9208	103.707	
605	1	1	1	1	1	1	54.9514	60.1117	66.2323	73.0625	79.7189	37.4619	45.9359	89.8152	98.4613	102.378	101.657	92.355	93.0403	
606	1	1	1	1	1	1	57.5492	64.8469	67.7024	73.9154	80.5882	32.1422	44.0251	93.1869	98.8161	92.0585	103.515	93.5661	97.5415	
607	1	1	1	1	1	1	53.8094	64.9112	67.362	73.2313	80.2121	38.0168	44.2052	93.7051	99.1763	101.965	82.5443	92.3585	97.6313	
608	1	1	1	1	1	1	53.1098	64.837	67.5302	74.6019	81.5241	29.1393	46.679	94.6139	99.2749	89.0775	91.936	92.3395	97.7264	
609	1	1	1	1	1	1	52.5904	64.0886	66.9329	72.7116	80.1994	36.4984	45.6997	92.0083	89.6865	96.7607	96.0839	89.562	96.1143	
610	1	1	1	1	1	1	54.3834	66.3778	66.8904	72.8337	79.374	26.4563	42.6756	91.8239	91.2693	81.5471	97.6387	88.5542	95.8491	
611	1	1	1	1	1	1	53.4029	66.3587	67.0305	72.3827	79.7072	36.5503	38.531	93.1265	93.538	94.5481	76.6842	87.3729	94.0063	
612	1	1	1	1	1	1	51.782	66.6977	68.3961	72.4297	80.1364	27.8721	44.7337	88.8902	95.2696	80.5469	87.0435	86.0548	93.0155	
613	1	1	1	1	1	1	49.7145	65.558	68.8239	71.2291	80.0398	34.1069	43.9366	85.6303	87.6618	87.4242	88.9474	83.9591	89.033	
614	1	1	1	1	1	1	51.8206	51.143	69.3152	72.765	80.9538	38.4412	42.676	85.031	91.2174	91.1109	87.0029	82.8155	69.6602	
615	1	1	1	1	1	1	51.5441	60.2261	68.5397	68.2021	76.392	36.2699	36.8587	81.1986	83.2642	87.5502	81.6993	80.5185	77.5733	
616	1	1	1	1	1	1	49.5192	64.9784	69.9898	71.5287	79.0537	23.1674	42.4538	77.2263	90.7915	70.2273	83.8628	81.0172	81.0598	
617	1	1	1	1	1	1	51.7885	61.4913	66.3045	69.4921	75.8883	33.0726	40.0811	75.5422	86.7021	81.2649	79.3327	77.3131	77.0544	
618	1	1	1	1	1	1	52.9467	64.8633	67.4514	68.3242	76.267	37.0075	37.7795	74.3874	85.8699	84.011	74.1009	77.5791	79.0372	
619	1	1	1	1	1	1	52.2904	58.8503	69.1045	67.8809	76.2597	38.9	36.374	72.3111	86.176	84.7928	70.1151	78.859	73.2116	
620	1	1	1	1	1	1	51.2023	62.2172	68.332	65.3829	72.3035	36.5005	34.7893	69.8525	83.8791	81.4934	65.0787	77.4175	75.2316	
621	1	1	1	1	1	1	47.0688	63.5614	69.4495	65.0744	74.0065	35.2435	38.2822	65.7003	84.3987	80.0257	65.8407	78.4744	76.142	
622	1	1	1	1	1	1	49.4266	64.9209	69.9548	64.2044	74.9535	37.2838	37.5811	67.2556	83.8516	81.3487	62.9651	78.6641	76.8325	
623	1	1	1	1	1	1	49.1635	62.2567	68.6619	64.2167	73.2979	37.9689	38.9394	66.4565	83.5083	81.435	62.6057	77.3664	74.0839	
624	1	1	1	1	1	1	44.8136	63.2769	72.0534	63.3998	75.3338	35.0407	40.1743	62.1417	82.9234	78.522	62.6126	80.3091	74.6026	
625	1	1	1	1	1	1	44.9576	64.2505	72.0678	61.4998	71.0055	32.0301	34.7252	61.4029	80.7771	75.0571	56.2132	79.8523	74.6948	
626	1	1	1	1	1	1	44.0869	63.1482	72.2491	61.5291	70.3481	32.2437	34.8687	59.98	80.5246	74.821	55.8004	79.7584	73.3157	
627	1	1	1	1	1	1	42.5359	63.2538	75.5097	60.1073	71.6271	31.3221	31.8875	57.98	79.199	73.6687	52.1679	82.7569	72.9322	
628	1	1	1	1	1	1	40.3466	60.9965	74.4309	62.6141	72.1371	26.4728	32.8209	55.121	83.1718	68.7607	52.2583	78.8391	70.1367	
629	1	1	1	1	1	1	40.8006	58.5918	79.0875	59.5004	72.6623	23.669	30.5187	55.0148	78.5872	65.7036	49.829	85.2964	67.6497	
630	1	1	1	1	1	1	40.498	57.7966	77.6592	62.0032	72.2314	20.7112	28.7411	53.966	82.8173	62.5595	47.4978	81.746	66.538	
631	1	1	1	1	1	1	38.7581	45.8212	86.1575	58.3412	75.2851	16.8009	25.8658	51.6268	77.3947	58.2141	44.0501	91.8351	53.9611	
632	1	1	1	1	1	1	39.1003	45.0134	85.7347	59.8894	75.7988	14.6984	26.074	51.3643	80.4311	55.9679	43.8351	89.2321	53.3207	
633	1	1	1	1	1	1	38.7285	47.2149	86.8733	59.8427	76.4183	13.2845	25.9801	50.7112	80.4193	54.3937	43.4424	90.2498	55.2031	
634	1	1	1	1	1	1	37.6884	47.0357	88.9218	58.5325	76.3474	12.2711	25.2947	49.2599	78.7451	52.9611	42.2069	92.3932	54.1489	
635	1	1	1	1	1	1	36.9071	50.5252	87.9551	58.0549	74.544	11.7466	25.0559	48.1451	78.153	52.0273	41.5922	91.4863	57.2365	