
1	129.089
2	129.09
3	129.089
4	129.089
5	129.089
6	129.088
7	129.088
8	129.088
9	129.087
10	129.087
11	129.087
12	129.086
13	129.086
14	129.086
15	129.085
16	129.085
17	129.085
18	129.084
19	129.084
20	129.083
21	129.083
22	129.083
23	129.082
24	129.082
25	129.082
26	129.081
27	129.081
28	129.08
29	129.08
30	129.08
31	129.079
32	129.079
33	129.078
34	129.078
35	129.077
36	129.077
37	129.077
38	129.076
39	129.076
40	129.075
41	129.075
42	129.074
43	129.074
44	129.073
45	129.073
46	129.072
47	129.072
48	129.071
49	129.071
50	129.07
51	129.07
52	129.069
53	129.069
54	129.068
55	129.068
56	129.067
57	129.067
58	129.066
59	129.066
60	129.065
61	129.065
62	129.064
63	129.063
64	129.063
65	129.062
66	129.062
67	129.061
68	129.06
69	129.06
70	129.059
71	129.059
72	129.058
73	129.057
74	129.057
75	129.056
76	129.055
77	129.055
78	129.054
79	129.053
80	129.053
81	129.052
82	129.051
83	129.051
84	129.05
85	129.049
86	129.049
87	129.048
88	129.047
89	129.046
90	129.046
91	129.045
92	129.044
93	129.043
94	129.042
95	129.042
96	129.041
97	129.04
98	129.039
99	129.038
100	129.038
101	129.037
102	129.036
103	129.035
104	129.034
105	129.033
106	129.032
107	129.032
108	129.031
109	129.03
110	129.029
111	129.028
112	129.027
113	129.026
114	129.025
115	129.024
116	129.023
117	129.022
118	129.021
119	129.02
120	129.019
121	129.018
122	129.017
123	129.016
124	129.015
125	129.014
126	129.013
127	129.012
128	129.011
129	129.009
130	129.008
131	129.007
132	129.006
133	129.005
134	129.004
135	129.003
136	129.001
137	129
138	128.999
139	128.998
140	128.996
141	128.995
142	128.994
143	128.993
144	128.991
145	128.99
146	128.989
147	128.987
148	128.986
149	128.985
150	128.983
151	128.982
152	128.98
153	128.979
154	128.978
155	128.976
156	128.975
157	128.973
158	128.972
159	128.97
160	128.969
161	128.967
162	128.966
163	128.964
164	128.962
165	128.961
166	128.959
167	128.957
168	128.956
169	128.954
170	128.952
171	128.951
172	128.949
173	128.947
174	128.946
175	128.944
176	128.942
177	128.94
178	128.938
179	128.936
180	128.935
181	128.933
182	128.931
183	128.929
184	128.927
185	128.925
186	128.923
187	128.921
188	128.919
189	128.917
190	128.915
191	128.913
192	128.911
193	128.908
194	128.906
195	128.904
196	128.902
197	128.9
198	128.897
199	128.895
200	128.893
201	128.89
202	128.888
203	128.886
204	128.883
205	128.881
206	128.878
207	128.876
208	128.873
209	128.871
210	128.868
211	128.866
212	128.863
213	128.861
214	128.858
215	128.855
216	128.853
217	128.85
218	128.847
219	128.844
220	128.841
221	128.839
222	128.836
223	128.833
224	128.83
225	128.827
226	128.824
227	128.821
228	128.818
229	128.815
230	128.812
231	128.808
232	128.805
233	128.802
234	128.799
235	128.795
236	128.792
237	128.789
238	128.785
239	128.782
240	128.778
241	128.775
242	128.771
243	128.768
244	128.764
245	128.761
246	128.757
247	128.753
248	128.749
249	128.746
250	128.742
251	128.738
252	128.734
253	128.73
254	128.726
255	128.722
256	128.718
257	128.714
258	128.709
259	128.705
260	128.701
261	128.697
262	128.692
263	128.688
264	128.683
265	128.679
266	128.674
267	128.67
268	128.665
269	128.66
270	128.656
271	128.651
272	128.646
273	128.641
274	128.636
275	128.631
276	128.626
277	128.621
278	128.616
279	128.611
280	128.605
281	128.6
282	128.595
283	128.589
284	128.584
285	128.578
286	128.573
287	128.567
288	128.561
289	128.555
290	128.55
291	128.544
292	128.538
293	128.532
294	128.526
295	128.519
296	128.513
297	128.507
298	128.5
299	128.494
300	128.488
301	128.481
302	128.474
303	128.468
304	128.461
305	128.454
306	128.447
307	128.44
308	128.433
309	128.426
310	128.419
311	128.411
312	128.404
313	128.396
314	128.389
315	128.381
316	128.374
317	128.366
318	128.358
319	128.35
320	128.342
321	128.334
322	128.325
323	128.317
324	128.309
325	128.3
326	128.292
327	128.283
328	128.274
329	128.265
330	128.256
331	128.247
332	128.238
333	128.229
334	128.22
335	128.21
336	128.201
337	128.191
338	128.181
339	128.171
340	128.161
341	128.151
342	128.141
343	128.131
344	128.12
345	128.11
346	128.099
347	128.088
348	128.077
349	128.066
350	128.055
351	128.044
352	128.032
353	128.021
354	128.009
355	127.997
356	127.986
357	127.974
358	127.961
359	127.949
360	127.937
361	127.924
362	127.911
363	127.898
364	127.885
365	127.872
366	127.859
367	127.846
368	127.832
369	127.818
370	127.804
371	127.79
372	127.776
373	127.762
374	127.747
375	127.732
376	127.717
377	127.702
378	127.687
379	127.672
380	127.656
381	127.64
382	127.624
383	127.608
384	127.592
385	127.576
386	127.559
387	127.542
388	127.525
389	127.508
390	127.49
391	127.473
392	127.455
393	127.437
394	127.418
395	127.4
396	127.381
397	127.362
398	127.343
399	127.324
400	127.304
401	127.284
402	127.264
403	127.244
404	127.223
405	127.203
406	127.182
407	127.16
408	127.139
409	127.117
410	127.095
411	127.073
412	127.05
413	127.027
414	127.004
415	126.981
416	126.957
417	126.933
418	126.909
419	126.885
420	126.86
421	126.835
422	126.809
423	126.783
424	126.757
425	126.731
426	126.704
427	126.677
428	126.65
429	126.622
430	126.594
431	126.566
432	126.537
433	126.508
434	126.478
435	126.449
436	126.418
437	126.388
438	126.357
439	126.326
440	126.294
441	126.262
442	126.229
443	126.196
444	126.163
445	126.129
446	126.095
447	126.06
448	126.025
449	125.989
450	125.953
451	125.917
452	125.88
453	125.842
454	125.804
455	125.766
456	125.727
457	125.688
458	125.648
459	125.607
460	125.566
461	125.525
462	125.482
463	125.44
464	125.396
465	125.353
466	125.308
467	125.263
468	125.217
469	125.171
470	125.124
471	125.077
472	125.028
473	124.979
474	124.93
475	124.88
476	124.829
477	124.777
478	124.725
479	124.672
480	124.618
481	124.563
482	124.508
483	124.452
484	124.395
485	124.337
486	124.278
487	124.219
488	124.158
489	124.097
490	124.035
491	123.972
492	123.908
493	124.033
494	123.966
495	123.899
496	123.831
497	123.762
498	123.691
499	123.62
500	123.548
501	123.474
502	123.4
503	123.324
504	123.247
505	123.169
506	123.09
507	123.009
508	122.927
509	122.844
510	122.76
511	122.674
512	122.587
513	122.498
514	122.408
515	122.317
516	122.224
517	122.129
518	122.033
519	121.935
520	121.836
521	121.735
522	121.632
523	121.527
524	121.421
525	121.313
526	121.203
527	121.091
528	120.977
529	120.861
530	120.743
531	120.623
532	120.5
533	120.375
534	120.249
535	120.119
536	119.987
537	119.853
538	119.716
539	119.577
540	119.435
541	119.29
542	119.142
543	118.991
544	118.838
545	118.681
546	118.461
547	118.41
548	118.261
549	118.074
550	117.813
551	117.745
552	117.578
553	117.373
554	117.093
555	117.01
556	116.829
557	116.519
558	116.425
559	116.23
560	116.055
561	120.815
562	117.615
563	116.173
564	115.567
565	115.12
566	115.13
567	119.788
568	116.457
569	114.881
570	114.169
571	113.878
572	118.732
573	115.361
574	113.788
575	112.731
576	112.897
577	117.695
578	113.975
579	112.312
580	111.267
581	111.755
582	116.159
583	112.329
584	110.537
585	109.474
586	115.343
587	111.762
588	115.377
589	111.029
590	108.704
591	107.969
592	113.027
593	109.879
594	112.707
595	107.816
596	106.388
597	110.533
598	106.085
599	109.41
600	104.968
601	109.036
602	103.396
603	101.718
604	103.216
605	102.815
606	101.31
607	99.2195
608	98.6161
609	98.0472
610	99.354
611	94.5734
612	92.7394
613	90.749
614	91.1662
615	86.7662
616	85.011
617	84.287
618	84.6329
619	85.9691
620	85.2906
621	81.5181
622	80.7893
623	82.5948
624	79.219
625	77.1918
626	78.0399
627	78.0936
628	76.9162
629	74.3034
630	76.8645
631	78.6725
632	75.261
633	75.9367
634	78.3883
635	87.8083