
1	209.64
2	209.621
3	209.62
4	209.62
5	209.62
6	209.619
7	209.619
8	209.618
9	209.618
10	209.618
11	209.617
12	209.617
13	209.616
14	209.616
15	209.616
16	209.615
17	209.615
18	209.614
19	209.614
20	209.613
21	209.613
22	209.612
23	209.612
24	209.611
25	209.611
26	209.61
27	209.61
28	209.609
29	209.609
30	209.608
31	209.608
32	209.607
33	209.607
34	209.606
35	209.606
36	209.605
37	209.605
38	209.604
39	209.604
40	209.603
41	209.602
42	209.602
43	209.601
44	209.601
45	209.6
46	209.6
47	209.599
48	209.598
49	209.598
50	209.597
51	209.596
52	209.596
53	209.595
54	209.595
55	209.594
56	209.593
57	209.593
58	209.592
59	209.591
60	209.591
61	209.59
62	209.589
63	209.588
64	209.588
65	209.587
66	209.586
67	209.586
68	209.585
69	209.584
70	209.583
71	209.583
72	209.582
73	209.581
74	209.58
75	209.579
76	209.579
77	209.578
78	209.577
79	209.576
80	209.575
81	209.574
82	209.574
83	209.573
84	209.572
85	209.571
86	209.57
87	209.569
88	209.568
89	209.567
90	209.566
91	209.565
92	209.564
93	209.564
94	209.563
95	209.562
96	209.561
97	209.56
98	209.559
99	209.558
100	209.557
101	209.556
102	209.554
103	209.553
104	209.552
105	209.551
106	209.55
107	209.549
108	209.548
109	209.547
110	209.546
111	209.545
112	209.543
113	209.542
114	209.541
115	209.54
116	209.539
117	209.537
118	209.536
119	209.535
120	209.534
121	209.532
122	209.531
123	209.53
124	209.529
125	209.527
126	209.526
127	209.525
128	209.523
129	209.522
130	209.52
131	209.519
132	209.518
133	209.516
134	209.515
135	209.513
136	209.512
137	209.51
138	209.509
139	209.507
140	209.506
141	209.504
142	209.503
143	209.501
144	209.499
145	209.498
146	209.496
147	209.494
148	209.493
149	209.491
150	209.489
151	209.488
152	209.486
153	209.484
154	209.482
155	209.481
156	209.479
157	209.477
158	209.475
159	209.473
160	209.471
161	209.469
162	209.468
163	209.466
164	209.464
165	209.462
166	209.46
167	209.458
168	209.456
169	209.454
170	209.451
171	209.449
172	209.447
173	209.445
174	209.443
175	209.441
176	209.439
177	209.436
178	209.434
179	209.432
180	209.429
181	209.427
182	209.425
183	209.422
184	209.42
185	209.418
186	209.415
187	209.413
188	209.41
189	209.408
190	209.405
191	209.402
192	209.4
193	209.397
194	209.395
195	209.392
196	209.389
197	209.386
198	209.384
199	209.381
200	209.378
201	209.375
202	209.372
203	209.369
204	209.366
205	209.364
206	209.361
207	209.357
208	209.354
209	209.351
210	209.348
211	209.345
212	209.342
213	209.339
214	209.335
215	209.332
216	209.329
217	209.325
218	209.322
219	209.319
220	209.315
221	209.312
222	209.308
223	209.305
224	209.301
225	209.297
226	209.294
227	209.29
228	209.286
229	209.282
230	209.279
231	209.275
232	209.271
233	209.267
234	209.263
235	209.259
236	209.255
237	209.251
238	209.246
239	209.242
240	209.238
241	209.234
242	209.229
243	209.225
244	209.221
245	209.216
246	209.212
247	209.207
248	209.203
249	209.198
250	209.193
251	209.188
252	209.184
253	209.179
254	209.174
255	209.169
256	209.164
257	209.159
258	209.154
259	209.149
260	209.144
261	209.138
262	209.133
263	209.128
264	209.122
265	209.117
266	209.111
267	209.106
268	209.1
269	209.094
270	209.088
271	209.083
272	209.077
273	209.071
274	209.065
275	209.059
276	209.053
277	209.046
278	209.04
279	209.034
280	209.028
281	209.021
282	209.015
283	209.008
284	209.001
285	208.995
286	208.988
287	208.981
288	208.974
289	208.967
290	208.96
291	208.953
292	208.946
293	208.938
294	208.931
295	208.924
296	208.916
297	208.908
298	208.901
299	208.894
300	209.275
301	208.883
302	209.267
303	208.875
304	209.258
305	208.867
306	209.25
307	208.859
308	209.242
309	208.85
310	209.233
311	208.842
312	209.224
313	208.833
314	209.215
315	208.824
316	209.206
317	208.815
318	209.196
319	208.805
320	209.187
321	208.796
322	209.177
323	208.786
324	209.167
325	208.776
326	209.157
327	208.766
328	209.146
329	208.756
330	209.135
331	208.745
332	209.125
333	208.734
334	209.113
335	208.723
336	209.102
337	208.712
338	209.09
339	208.7
340	209.078
341	208.689
342	209.066
343	208.676
344	209.054
345	208.664
346	209.041
347	208.652
348	209.028
349	208.639
350	209.015
351	208.626
352	209.001
353	208.612
354	208.988
355	208.599
356	208.973
357	208.585
358	208.959
359	208.57
360	208.944
361	208.556
362	208.929
363	208.541
364	208.914
365	208.526
366	208.898
367	208.51
368	208.882
369	208.494
370	208.866
371	208.478
372	208.849
373	208.461
374	208.832
375	208.444
376	208.814
377	208.427
378	208.796
379	208.409
380	208.778
381	208.391
382	208.759
383	208.373
384	208.74
385	208.354
386	208.72
387	208.335
388	208.7
389	208.315
390	208.68
391	208.295
392	208.659
393	208.274
394	208.638
395	208.253
396	208.616
397	208.231
398	208.593
399	208.209
400	208.571
401	208.187
402	208.547
403	208.164
404	208.523
405	208.14
406	208.499
407	208.116
408	208.474
409	208.091
410	208.448
411	208.066
412	208.422
413	208.041
414	208.396
415	208.014
416	208.368
417	207.987
418	208.34
419	207.96
420	208.312
421	207.932
422	208.282
423	207.903
424	208.252
425	207.873
426	208.222
427	207.843
428	208.191
429	207.812
430	208.158
431	207.781
432	208.126
433	207.749
434	208.092
435	207.716
436	208.058
437	207.682
438	208.023
439	207.647
440	207.987
441	207.612
442	207.95
443	207.576
444	207.912
445	207.539
446	207.873
447	207.501
448	207.834
449	207.462
450	207.793
451	207.423
452	207.752
453	207.382
454	207.71
455	207.34
456	207.666
457	207.298
458	207.622
459	207.254
460	207.576
461	207.21
462	207.53
463	207.164
464	207.482
465	207.117
466	207.433
467	207.007
468	207.31
469	206.954
470	207.261
471	206.906
472	207.211
473	206.857
474	207.159
475	206.807
476	207.107
477	206.756
478	207.053
479	206.703
480	206.997
481	206.649
482	206.941
483	206.594
484	206.883
485	206.538
486	206.823
487	206.48
488	206.763
489	206.421
490	206.7
491	206.36
492	206.636
493	206.298
494	206.57
495	206.234
496	206.503
497	206.169
498	206.434
499	206.102
500	206.363
501	206.034
502	206.291
503	205.964
504	206.216
505	205.892
506	206.14
507	205.818
508	206.062
509	205.742
510	205.981
511	205.665
512	205.899
513	205.585
514	205.814
515	205.503
516	205.727
517	205.42
518	205.638
519	205.334
520	205.547
521	205.246
522	205.453
523	205.155
524	205.356
525	205.063
526	205.257
527	204.968
528	205.155
529	204.87
530	205.051
531	204.77
532	204.943
533	204.667
534	204.833
535	204.561
536	204.719
537	204.453
538	204.602
539	204.341
540	204.482
541	204.227
542	204.359
543	204.109
544	204.133
545	203.867
546	203.982
547	203.731
548	203.838
549	203.594
550	203.69
551	203.452
552	203.538
553	203.307
554	203.381
555	203.158
556	203.219
557	203.004
558	203.053
559	202.845
560	202.881
561	202.682
562	202.705
563	202.514
564	202.522
565	202.341
566	202.334
567	202.162
568	202.141
569	201.979
570	201.94
571	201.789
572	201.734
573	201.594
574	201.521
575	201.393
576	201.301
577	201.186
578	201.073
579	200.972
580	200.839
581	200.751
582	200.596
583	200.523
584	200.345
585	200.288
586	200.085
587	200.045
588	199.817
589	199.794
590	199.601
591	200.417
592	200.367
593	199.162
594	199.1
595	199.03
596	199.81
597	199.515
598	198.478
599	198.556
600	198.994
601	199.333
602	197.996
603	197.737
604	198.773
605	198.643
606	197.116
607	197.427
608	198.051
609	198.048
610	196.757
611	197.578
612	197.573
613	196.28
614	197.074
615	197.048
616	195.781
617	196.542
618	196.491
619	195.252
620	195.977
621	195.901
622	194.655
623	195.294
624	195.173
625	194.021
626	194.645
627	194.493
628	193.38
629	193.961
630	193.771
631	192.699
632	192.989
633	193.131
634	191.69
635	192.389
636	192.302
637	191.265
638	191.413
639	191.284
640	190.443
641	190.411
642	190.212
643	189.319
644	189.834
645	189.396
646	188.467
647	187.772
648	187.994
649	187.09
650	187.482
651	187.079
652	186.366
653	186.112
654	185.51
655	184.893
656	185.054
657	184.284
658	183.639
659	182.885
660	183.767
661	183.519
662	181.544
663	180.902
664	179.849
665	179.324
666	178.92
667	178.65
668	177.941
669	175.418
670	172.387
671	170.578
672	168.039
673	164.366
674	164.035
675	163.888
676	162.872
677	155.043
678	150.959
679	144.783
680	139.204
681	129.92
682	119.475
683	103.532
684	93.8638
685	72.5087
686	75.0388
687	78.1632
688	87.4587