0 0 0 0 0 0 0 0 0 1 0 0 0 0 0 0 0 0 0
0 0 0 0 0 0 0 0 0 0 0 0 1 0 0 0 0 0 0
0 0 0 0 0 0 1 0 0 0 0 0 0 0 0 0 0 0 0
0 0 0 0 0 0 0 1 0 0 0 0 0 0 0 0 0 0 0
0 0 0 0 0 0 0 0 0 0 0 1 0 0 0 0 0 0 0
0 0 0 0 0 0 0 0 0 0 1 0 0 0 0 0 0 0 0
0 0 0 0 0 0 0 0 0 0 0 0 0 1 0 0 0 0 0
0 0 0 0 0 0 0 0 0 0 0 0 0 0 0 0 0 0 1
0 0 0 0 0 0 0 0 0 0 0 0 0 0 0 0 0 1 0
0 0 0 0 0 0 0 0 0 0 0 0 0 0 1 0 0 0 0
0 0 0 0 0 0 0 0 1 0 0 0 0 0 0 0 0 0 0
0 0 0 0 0 0 0 0 0 0 0 0 0 0 0 1 0 0 0
0 0 0 0 0 0 0 0 0 0 0 0 0 0 0 0 1 0 0
0 0 0 0 0 0 0 0 0 0 0 0 0 0 0 0 0 0 0
0 0 0 0 0 0 0 0 0 0 0 0 0 0 0 0 0 0 0
0 0 0 0 0 0 0 0 0 0 0 0 0 0 0 0 0 0 0
0 0 0 0 0 0 0 0 0 0 0 0 0 0 0 0 0 0 0
0 0 0 0 0 0 0 0 0 0 0 0 0 0 0 0 0 0 0
0 0 0 0 0 0 0 0 0 0 0 0 0 0 0 0 0 0 0
SA -> d -> EB & SB -> g -> ED & SC -> a -> EA & SD -> b -> EF & SE -> f -> EC & SF -> e -> c -> EE
max(1.000000 + 59.341900 + 1.000000 + 18.772500 + 1.000000 = 81.114400, 1.000000 + 21.989600 + 1.000000 + 14.029400 + 1.000000 = 39.019000, 1.000000 + 32.819400 + 1.000000 + 8.784730 + 1.000000 = 44.604130, 1.000000 + 26.897500 + 1.000000 + 4.439980 + 1.000000 = 34.337480, 1.000000 + 8.439130 + 1.000000 + 37.498000 + 1.000000 = 48.937130, 1.000000 + 55.897500 + 1.000000 + 14.113200 + 1.000000 + 3.772910 + 1.000000 = 77.783610)
81.1144

The input parameters are for : 6 vehicles 7 tasks taken for -read values to find the -max cost with gamma = 1 and eta = 1 and Tkappa as 1 with kT_fac as 0.9 and kT_start as 100 and kT_stop as 0.001

Total computational time taken:3.10778
