      1e+20  7.2896e+21 7.34024e+20  1.3898e+21 6.95578e+21 8.04054e+21     88.9803     18.8134     65.3503     59.3419     71.2799     34.3719     12.0201       1e+20 1.22758e+21 1.32491e+21 7.84326e+21 1.52919e+21 2.41072e+21
9.01962e+21       1e+20 5.34415e+21 3.06492e+20 5.48134e+21 4.10407e+21     55.5199     86.8149     48.1131     71.2725     62.9208     28.1661     21.9896 3.75798e+21       1e+20 5.89155e+21 3.06192e+21 5.76837e+21  5.4896e+21
4.13897e+21 1.69711e+20       1e+20 2.55536e+20 9.72124e+21  2.3707e+21     32.8194     96.3198     42.5181     89.4816     59.2007     97.0731     54.1898 6.40743e+21 2.61838e+21       1e+20  2.3074e+21 3.96158e+21 7.19704e+21
8.93143e+21   1.502e+21 3.95278e+21       1e+20 5.92098e+21 5.43951e+21     69.6223     26.8975      32.249      54.923     84.3931      22.929     59.1561 8.93152e+21 3.86327e+21 3.47698e+21       1e+20 4.87498e+21 1.88684e+21
2.79464e+21 7.49267e+20 2.09414e+21 2.04579e+21       1e+20 3.37557e+21     89.4046     50.0054     86.6719     84.8055     95.7538     8.43913     11.8708  8.3366e+21 6.97869e+21 9.44837e+21 6.24041e+21       1e+20 9.66162e+21
3.79664e+21  8.6755e+20 8.56033e+21  6.6139e+20 2.67698e+21       1e+20     13.0468     93.0766     76.4175     56.5542     55.8975     7.95313     46.7862 4.16389e+21 3.39685e+21 1.90692e+21  1.0563e+21 6.24227e+21       1e+20
1.35545e+20 2.29602e+21 2.28209e+21 7.21777e+21 1.05233e+21 8.08263e+21       1e+10     88.7951     39.1883     6.02402     84.3211     58.5991     77.5646     8.78473     58.0165      87.489     23.8069     95.1022     48.7773
5.65583e+20 5.60918e+21 2.31852e+21 7.82406e+21 9.96831e+21 7.81183e+21     25.8447       1e+10     48.9378     31.1579     25.9066     30.2302     90.2337     14.9571      64.443     53.2114      76.404     53.6767     4.43998
5.76925e+21  2.2106e+21 2.48475e+21 9.89867e+21 6.93472e+21 2.26396e+21     89.7139     49.0431       1e+10      92.249     78.4919     49.0821     93.3057     63.4548     72.6478     95.8591     69.7841     3.77291     58.9658
5.89192e+21 3.70178e+21 5.66614e+21 7.38621e+21 6.73295e+21 2.81989e+21      54.494     78.0923     78.8834       1e+10     34.2546     80.9411     80.7787     93.8982     18.7725     76.8042     61.4396      29.872     42.8416
3.31875e+21 8.45418e+21  8.9652e+21 7.39897e+21  8.0642e+21 9.08415e+20     66.8986     95.5811     14.1132      88.557       1e+10     28.4389     26.1508     57.4548     14.3183     36.5774     46.1909     48.1604      65.844
6.74999e+21  1.8393e+21 7.25863e+21  9.2715e+21 3.48847e+21 6.31905e+21     39.5589      14.533      33.833      80.273     89.8812       1e+10     45.8491       83.39     67.3264      37.498     3.75258     21.8421     68.5289
3.39558e+21 5.05854e+20 2.95574e+21 8.02024e+21 8.02274e+21 9.67567e+21     34.8995     67.0725     96.6968       10.88     92.5965      52.221       1e+10      5.9182     8.75868      56.353     14.0294     28.0847     89.1173
      1e+20 1.22758e+21 1.32491e+21 7.84326e+21 1.52919e+21 2.41072e+21 7.93935e+20  5.1101e+21 9.99281e+21 3.66701e+21 1.94085e+21 9.03596e+21 5.33168e+21       1e+20 1.22758e+21 1.32491e+21 7.84326e+21 1.52919e+21 2.41072e+21
3.75798e+21       1e+20 5.89155e+21 3.06192e+21 5.76837e+21  5.4896e+21 6.22659e+21 4.63524e+21 3.01528e+21 2.27911e+21 7.93629e+21 8.76002e+21 4.29222e+21 3.75798e+21       1e+20 5.89155e+21 3.06192e+21 5.76837e+21  5.4896e+21
6.40743e+21 2.61838e+21       1e+20  2.3074e+21 3.96158e+21 7.19704e+21 8.82946e+21 3.66948e+21 2.35943e+21  4.2129e+21 4.75194e+21 3.66141e+21 3.70796e+21 6.40743e+21 2.61838e+21       1e+20  2.3074e+21 3.96158e+21 7.19704e+21
8.93152e+21 3.86327e+21 3.47698e+21       1e+20 4.87498e+21 1.88684e+21 4.06951e+21 4.05057e+21 4.99335e+21  2.3342e+21 4.21406e+20 8.61134e+21  6.0756e+21 8.93152e+21 3.86327e+21 3.47698e+21       1e+20 4.87498e+21 1.88684e+21
 8.3366e+21 6.97869e+21 9.44837e+21 6.24041e+21       1e+20 9.66162e+21 6.51753e+21 5.83991e+21 2.32294e+21 9.82086e+21 3.59171e+21 4.34977e+21 4.98754e+21  8.3366e+21 6.97869e+21 9.44837e+21 6.24041e+21       1e+20 9.66162e+21
4.16389e+21 3.39685e+21 1.90692e+21  1.0563e+21 6.24227e+21       1e+20 6.91209e+21  8.8024e+21 1.23894e+21 8.03173e+21 5.25434e+21 2.09352e+21 9.46786e+21 4.16389e+21 3.39685e+21 1.90692e+21  1.0563e+21 6.24227e+21       1e+20
