
1	1	1	1	1	1	1	69.6738	74.8004	69.9529	78.9591	83.1255	48.4119	52.1853	115.098	111.759	131.51	110.499	108.388	122.279	
2	1	1	1	1	1	1	69.673	74.8011	69.9529	78.9603	83.1248	48.4102	52.1854	115.097	111.759	131.509	110.501	108.387	122.279	
3	1	1	1	1	1	1	69.6729	74.801	69.9528	78.9602	83.1248	48.41	52.1853	115.096	111.759	131.508	110.501	108.387	122.279	
4	1	1	1	1	1	1	69.6728	74.8009	69.9527	78.9601	83.1247	48.4099	52.1852	115.096	111.759	131.508	110.501	108.387	122.279	
5	1	1	1	1	1	1	69.6727	74.8007	69.9527	78.9601	83.1247	48.4097	52.1852	115.096	111.759	131.508	110.501	108.387	122.279	
6	1	1	1	1	1	1	69.6726	74.8006	69.9526	78.96	83.1246	48.4096	52.1851	115.096	111.758	131.507	110.5	108.387	122.279	
7	1	1	1	1	1	1	69.6724	74.8005	69.9525	78.96	83.1246	48.4095	52.185	115.096	111.758	131.507	110.5	108.387	122.279	
8	1	1	1	1	1	1	69.6723	74.8004	69.9524	78.9599	83.1245	48.4093	52.185	115.096	111.758	131.507	110.5	108.386	122.279	
9	1	1	1	1	1	1	69.6722	74.8003	69.9524	78.9598	83.1245	48.4092	52.1849	115.096	111.758	131.506	110.5	108.386	122.278	
10	1	1	1	1	1	1	69.672	74.8001	69.9523	78.9597	83.1244	48.409	52.1848	115.095	111.758	131.506	110.5	108.386	122.278	
11	1	1	1	1	1	1	69.6719	74.8	69.9522	78.9597	83.1244	48.4089	52.1848	115.095	111.758	131.505	110.5	108.386	122.278	
12	1	1	1	1	1	1	69.6718	74.7999	69.9522	78.9596	83.1243	48.4087	52.1847	115.095	111.758	131.505	110.5	108.386	122.278	
13	1	1	1	1	1	1	69.6716	74.7998	69.9521	78.9595	83.1242	48.4086	52.1846	115.095	111.758	131.505	110.5	108.386	122.278	
14	1	1	1	1	1	1	69.6715	74.7996	69.952	78.9595	83.1242	48.4084	52.1846	115.095	111.758	131.504	110.5	108.386	122.278	
15	1	1	1	1	1	1	69.6714	74.7995	69.9519	78.9594	83.1241	48.4082	52.1845	115.095	111.757	131.504	110.499	108.385	122.278	
16	1	1	1	1	1	1	69.6712	74.7994	69.9519	78.9593	83.1241	48.4081	52.1844	115.095	111.757	131.504	110.499	108.385	122.278	
17	1	1	1	1	1	1	69.6711	74.7992	69.9518	78.9593	83.124	48.4079	52.1844	115.094	111.757	131.503	110.499	108.385	122.277	
18	1	1	1	1	1	1	69.671	74.7991	69.9517	78.9592	83.124	48.4078	52.1843	115.094	111.757	131.503	110.499	108.385	122.277	
19	1	1	1	1	1	1	69.6708	74.799	69.9516	78.9591	83.1239	48.4076	52.1842	115.094	111.757	131.502	110.499	108.385	122.277	
20	1	1	1	1	1	1	69.6707	74.7988	69.9515	78.959	83.1239	48.4074	52.1841	115.094	111.757	131.502	110.499	108.385	122.277	
21	1	1	1	1	1	1	69.6705	74.7987	69.9515	78.959	83.1238	48.4073	52.1841	115.094	111.757	131.501	110.499	108.385	122.277	
22	1	1	1	1	1	1	69.6704	74.7985	69.9514	78.9589	83.1237	48.4071	52.184	115.094	111.757	131.501	110.499	108.384	122.277	
23	1	1	1	1	1	1	69.6702	74.7984	69.9513	78.9588	83.1237	48.4069	52.1839	115.093	111.757	131.501	110.499	108.384	122.277	
24	1	1	1	1	1	1	69.6701	74.7983	69.9512	78.9587	83.1236	48.4067	52.1838	115.093	111.756	131.5	110.498	108.384	122.277	
25	1	1	1	1	1	1	69.6699	74.7981	69.9511	78.9586	83.1236	48.4066	52.1837	115.093	111.756	131.5	110.498	108.384	122.276	
26	1	1	1	1	1	1	69.6698	74.798	69.951	78.9586	83.1235	48.4064	52.1837	115.093	111.756	131.499	110.498	108.384	122.276	
27	1	1	1	1	1	1	69.6696	74.7978	69.951	78.9585	83.1234	48.4062	52.1836	115.093	111.756	131.499	110.498	108.384	122.276	
28	1	1	1	1	1	1	69.6695	74.7977	69.9509	78.9584	83.1234	48.406	52.1835	115.093	111.756	131.498	110.498	108.384	122.276	
29	1	1	1	1	1	1	69.6693	74.7975	69.9508	78.9583	83.1233	48.4059	52.1834	115.092	111.756	131.498	110.498	108.383	122.276	
30	1	1	1	1	1	1	69.6691	74.7974	69.9507	78.9582	83.1233	48.4057	52.1833	115.092	111.756	131.497	110.498	108.383	122.276	
31	1	1	1	1	1	1	69.669	74.7972	69.9506	78.9581	83.1232	48.4055	52.1833	115.092	111.756	131.497	110.498	108.383	122.275	
32	1	1	1	1	1	1	69.6688	74.797	69.9505	78.9581	83.1231	48.4053	52.1832	115.092	111.755	131.497	110.497	108.383	122.275	
33	1	1	1	1	1	1	69.6687	74.7969	69.9504	78.958	83.1231	48.4051	52.1831	115.092	111.755	131.496	110.497	108.383	122.275	
34	1	1	1	1	1	1	69.6685	74.7967	69.9503	78.9579	83.123	48.4049	52.183	115.091	111.755	131.496	110.497	108.383	122.275	
35	1	1	1	1	1	1	69.6683	74.7966	69.9502	78.9578	83.1229	48.4047	52.1829	115.091	111.755	131.495	110.497	108.382	122.275	
36	1	1	1	1	1	1	69.6682	74.7964	69.9502	78.9577	83.1229	48.4045	52.1828	115.091	111.755	131.495	110.497	108.382	122.275	
37	1	1	1	1	1	1	69.668	74.7962	69.9501	78.9576	83.1228	48.4043	52.1827	115.091	111.755	131.494	110.497	108.382	122.275	
38	1	1	1	1	1	1	69.6678	74.7961	69.95	78.9575	83.1227	48.4041	52.1826	115.091	111.755	131.494	110.497	108.382	122.274	
39	1	1	1	1	1	1	69.6676	74.7959	69.9499	78.9574	83.1227	48.4039	52.1826	115.09	111.754	131.493	110.496	108.382	122.274	
40	1	1	1	1	1	1	69.6675	74.7957	69.9498	78.9573	83.1226	48.4037	52.1825	115.09	111.754	131.493	110.496	108.382	122.274	
41	1	1	1	1	1	1	69.6673	74.7956	69.9497	78.9573	83.1225	48.4035	52.1824	115.09	111.754	131.492	110.496	108.381	122.274	
42	1	1	1	1	1	1	69.6671	74.7954	69.9496	78.9572	83.1224	48.4033	52.1823	115.09	111.754	131.492	110.496	108.381	122.274	
43	1	1	1	1	1	1	69.6669	74.7952	69.9495	78.9571	83.1224	48.4031	52.1822	115.09	111.754	131.491	110.496	108.381	122.274	
44	1	1	1	1	1	1	69.6667	74.7951	69.9494	78.957	83.1223	48.4029	52.1821	115.089	111.754	131.491	110.496	108.381	122.273	
45	1	1	1	1	1	1	69.6666	74.7949	69.9493	78.9569	83.1222	48.4027	52.182	115.089	111.754	131.49	110.496	108.381	122.273	
46	1	1	1	1	1	1	69.6664	74.7947	69.9492	78.9568	83.1221	48.4025	52.1819	115.089	111.753	131.489	110.495	108.381	122.273	
47	1	1	1	1	1	1	69.6662	74.7945	69.9491	78.9567	83.1221	48.4022	52.1818	115.089	111.753	131.489	110.495	108.38	122.273	
48	1	1	1	1	1	1	69.666	74.7943	69.949	78.9566	83.122	48.402	52.1817	115.089	111.753	131.488	110.495	108.38	122.273	
49	1	1	1	1	1	1	69.6658	74.7941	69.9488	78.9565	83.1219	48.4018	52.1816	115.088	111.753	131.488	110.495	108.38	122.272	
50	1	1	1	1	1	1	69.6656	74.794	69.9487	78.9564	83.1218	48.4016	52.1815	115.088	111.753	131.487	110.495	108.38	122.272	
51	1	1	1	1	1	1	69.6654	74.7938	69.9486	78.9563	83.1218	48.4014	52.1814	115.088	111.753	131.487	110.495	108.38	122.272	
52	1	1	1	1	1	1	69.6652	74.7936	69.9485	78.9562	83.1217	48.4011	52.1813	115.088	111.752	131.486	110.495	108.379	122.272	
53	1	1	1	1	1	1	69.665	74.7934	69.9484	78.9561	83.1216	48.4009	52.1812	115.087	111.752	131.485	110.494	108.379	122.272	
54	1	1	1	1	1	1	69.6648	74.7932	69.9483	78.956	83.1215	48.4007	52.1811	115.087	111.752	131.485	110.494	108.379	122.272	
55	1	1	1	1	1	1	69.6646	74.793	69.9482	78.9558	83.1214	48.4004	52.181	115.087	111.752	131.484	110.494	108.379	122.271	
56	1	1	1	1	1	1	69.6644	74.7928	69.9481	78.9557	83.1214	48.4002	52.1809	115.087	111.752	131.484	110.494	108.379	122.271	
57	1	1	1	1	1	1	69.6642	74.7926	69.948	78.9556	83.1213	48.3999	52.1808	115.087	111.752	131.483	110.494	108.378	122.271	
58	1	1	1	1	1	1	69.664	74.7924	69.9478	78.9555	83.1212	48.3997	52.1806	115.086	111.751	131.482	110.494	108.378	122.271	
59	1	1	1	1	1	1	69.6638	74.7922	69.9477	78.9554	83.1211	48.3995	52.1805	115.086	111.751	131.482	110.493	108.378	122.271	
60	1	1	1	1	1	1	69.6635	74.792	69.9476	78.9553	83.121	48.3992	52.1804	115.086	111.751	131.481	110.493	108.378	122.27	
61	1	1	1	1	1	1	69.6633	74.7918	69.9475	78.9552	83.1209	48.399	52.1803	115.086	111.751	131.481	110.493	108.378	122.27	
62	1	1	1	1	1	1	69.6631	74.7916	69.9474	78.9551	83.1208	48.3987	52.1802	115.085	111.751	131.48	110.493	108.377	122.27	
63	1	1	1	1	1	1	69.6629	74.7914	69.9472	78.955	83.1208	48.3984	52.1801	115.085	111.751	131.479	110.493	108.377	122.27	
64	1	1	1	1	1	1	69.6627	74.7911	69.9471	78.9548	83.1207	48.3982	52.18	115.085	111.75	131.479	110.493	108.377	122.27	
65	1	1	1	1	1	1	69.6624	74.7909	69.947	78.9547	83.1206	48.3979	52.1798	115.085	111.75	131.478	110.492	108.377	122.269	
66	1	1	1	1	1	1	69.6622	74.7907	69.9469	78.9546	83.1205	48.3977	52.1797	115.084	111.75	131.477	110.492	108.376	122.269	
67	1	1	1	1	1	1	69.662	74.7905	69.9467	78.9545	83.1204	48.3974	52.1796	115.084	111.75	131.477	110.492	108.376	122.269	
68	1	1	1	1	1	1	69.6617	74.7903	69.9466	78.9544	83.1203	48.3971	52.1795	115.084	111.75	131.476	110.492	108.376	122.269	
69	1	1	1	1	1	1	69.6615	74.79	69.9465	78.9542	83.1202	48.3968	52.1794	115.084	111.749	131.475	110.492	108.376	122.268	
70	1	1	1	1	1	1	69.6613	74.7898	69.9463	78.9541	83.1201	48.3966	52.1792	115.083	111.749	131.475	110.491	108.376	122.268	
71	1	1	1	1	1	1	69.661	74.7896	69.9462	78.954	83.12	48.3963	52.1791	115.083	111.749	131.474	110.491	108.375	122.268	
72	1	1	1	1	1	1	69.6608	74.7893	69.9461	78.9538	83.1199	48.396	52.179	115.083	111.749	131.473	110.491	108.375	122.268	
73	1	1	1	1	1	1	69.6605	74.7891	69.9459	78.9537	83.1198	48.3957	52.1789	115.082	111.749	131.473	110.491	108.375	122.268	
74	1	1	1	1	1	1	69.6603	74.7889	69.9458	78.9536	83.1197	48.3954	52.1787	115.082	111.748	131.472	110.491	108.375	122.267	
75	1	1	1	1	1	1	69.66	74.7886	69.9457	78.9535	83.1196	48.3952	52.1786	115.082	111.748	131.471	110.49	108.374	122.267	
76	1	1	1	1	1	1	69.6598	74.7884	69.9455	78.9533	83.1195	48.3949	52.1785	115.082	111.748	131.47	110.49	108.374	122.267	
77	1	1	1	1	1	1	69.6595	74.7881	69.9454	78.9532	83.1194	48.3946	52.1783	115.081	111.748	131.47	110.49	108.374	122.267	
78	1	1	1	1	1	1	69.6593	74.7879	69.9452	78.9531	83.1193	48.3943	52.1782	115.081	111.748	131.469	110.49	108.374	122.266	
79	1	1	1	1	1	1	69.659	74.7876	69.9451	78.9529	83.1192	48.394	52.1781	115.081	111.747	131.468	110.49	108.373	122.266	
80	1	1	1	1	1	1	69.6587	74.7874	69.945	78.9528	83.1191	48.3937	52.1779	115.08	111.747	131.467	110.489	108.373	122.266	
81	1	1	1	1	1	1	69.6585	74.7871	69.9448	78.9526	83.119	48.3934	52.1778	115.08	111.747	131.467	110.489	108.373	122.266	
82	1	1	1	1	1	1	69.6582	74.7869	69.9447	78.9525	83.1189	48.393	52.1776	115.08	111.747	131.466	110.489	108.373	122.265	
83	1	1	1	1	1	1	69.6579	74.7866	69.9445	78.9524	83.1188	48.3927	52.1775	115.08	111.747	131.465	110.489	108.372	122.265	
84	1	1	1	1	1	1	69.6577	74.7864	69.9444	78.9522	83.1187	48.3924	52.1774	115.079	111.746	131.464	110.489	108.372	122.265	
85	1	1	1	1	1	1	69.6574	74.7861	69.9442	78.9521	83.1186	48.3921	52.1772	115.079	111.746	131.463	110.488	108.372	122.265	
86	1	1	1	1	1	1	69.6571	74.7858	69.9441	78.9519	83.1185	48.3918	52.1771	115.079	111.746	131.463	110.488	108.371	122.264	
87	1	1	1	1	1	1	69.6568	74.7855	69.9439	78.9518	83.1183	48.3914	52.1769	115.078	111.746	131.462	110.488	108.371	122.264	
88	1	1	1	1	1	1	69.6565	74.7853	69.9437	78.9516	83.1182	48.3911	52.1768	115.078	111.745	131.461	110.488	108.371	122.264	
89	1	1	1	1	1	1	69.6562	74.785	69.9436	78.9515	83.1181	48.3908	52.1766	115.078	111.745	131.46	110.487	108.371	122.263	
90	1	1	1	1	1	1	69.656	74.7847	69.9434	78.9513	83.118	48.3904	52.1765	115.077	111.745	131.459	110.487	108.37	122.263	
91	1	1	1	1	1	1	69.6557	74.7844	69.9433	78.9512	83.1179	48.3901	52.1763	115.077	111.745	131.458	110.487	108.37	122.263	
92	1	1	1	1	1	1	69.6554	74.7841	69.9431	78.951	83.1178	48.3898	52.1762	115.077	111.744	131.458	110.487	108.37	122.263	
93	1	1	1	1	1	1	69.6551	74.7839	69.9429	78.9509	83.1176	48.3894	52.176	115.076	111.744	131.457	110.486	108.369	122.262	
94	1	1	1	1	1	1	69.6548	74.7836	69.9428	78.9507	83.1175	48.3891	52.1759	115.076	111.744	131.456	110.486	108.369	122.262	
95	1	1	1	1	1	1	69.6545	74.7833	69.9426	78.9505	83.1174	48.3887	52.1757	115.076	111.744	131.455	110.486	108.369	122.262	
96	1	1	1	1	1	1	69.6541	74.783	69.9424	78.9504	83.1173	48.3883	52.1755	115.075	111.744	131.454	110.486	108.369	122.261	
97	1	1	1	1	1	1	69.6538	74.7827	69.9423	78.9502	83.1171	48.388	52.1754	115.075	111.743	131.453	110.485	108.368	122.261	
98	1	1	1	1	1	1	69.6535	74.7824	69.9421	78.95	83.117	48.3876	52.1752	115.075	111.743	131.452	110.485	108.368	122.261	
99	1	1	1	1	1	1	69.6532	74.7821	69.9419	78.9499	83.1169	48.3872	52.175	115.074	111.743	131.451	110.485	108.368	122.261	
100	1	1	1	1	1	1	69.6529	74.7818	69.9417	78.9497	83.1168	48.3869	52.1749	115.074	111.742	131.45	110.485	108.367	122.26	
101	1	1	1	1	1	1	69.6525	74.7814	69.9415	78.9495	83.1166	48.3865	52.1747	115.073	111.742	131.449	110.484	108.367	122.26	
102	1	1	1	1	1	1	69.6522	74.7811	69.9414	78.9494	83.1165	48.3861	52.1745	115.073	111.742	131.448	110.484	108.367	122.26	
103	1	1	1	1	1	1	69.6519	74.7808	69.9412	78.9492	83.1164	48.3857	52.1744	115.073	111.742	131.447	110.484	108.366	122.259	
104	1	1	1	1	1	1	69.6515	74.7805	69.941	78.949	83.1162	48.3853	52.1742	115.072	111.741	131.447	110.484	108.366	122.259	
105	1	1	1	1	1	1	69.6512	74.7802	69.9408	78.9488	83.1161	48.385	52.174	115.072	111.741	131.446	110.483	108.366	122.259	
106	1	1	1	1	1	1	69.6509	74.7798	69.9406	78.9487	83.116	48.3846	52.1738	115.072	111.741	131.445	110.483	108.365	122.258	
107	1	1	1	1	1	1	69.6505	74.7795	69.9404	78.9485	83.1158	48.3842	52.1737	115.071	111.741	131.444	110.483	108.365	122.258	
108	1	1	1	1	1	1	69.6502	74.7792	69.9402	78.9483	83.1157	48.3837	52.1735	115.071	111.74	131.443	110.483	108.365	122.258	
109	1	1	1	1	1	1	69.6498	74.7788	69.94	78.9481	83.1155	48.3833	52.1733	115.07	111.74	131.441	110.482	108.364	122.257	
110	1	1	1	1	1	1	69.6495	74.7785	69.9398	78.9479	83.1154	48.3829	52.1731	115.07	111.74	131.44	110.482	108.364	122.257	
111	1	1	1	1	1	1	69.6491	74.7781	69.9397	78.9477	83.1153	48.3825	52.1729	115.07	111.739	131.439	110.482	108.364	122.257	
112	1	1	1	1	1	1	69.6487	74.7778	69.9394	78.9475	83.1151	48.3821	52.1727	115.069	111.739	131.438	110.481	108.363	122.256	
113	1	1	1	1	1	1	69.6484	74.7774	69.9392	78.9474	83.115	48.3817	52.1725	115.069	111.739	131.437	110.481	108.363	122.256	
114	1	1	1	1	1	1	69.648	74.7771	69.939	78.9472	83.1148	48.3812	52.1723	115.068	111.739	131.436	110.481	108.363	122.256	
115	1	1	1	1	1	1	69.6476	74.7767	69.9388	78.947	83.1147	48.3808	52.1721	115.068	111.738	131.435	110.481	108.362	122.255	
116	1	1	1	1	1	1	69.6472	74.7764	69.9386	78.9468	83.1145	48.3804	52.1719	115.067	111.738	131.434	110.48	108.362	122.255	
117	1	1	1	1	1	1	69.6469	74.776	69.9384	78.9466	83.1144	48.3799	52.1717	115.067	111.738	131.433	110.48	108.361	122.255	
118	1	1	1	1	1	1	69.6465	74.7756	69.9382	78.9464	83.1142	48.3795	52.1715	115.067	111.737	131.432	110.48	108.361	122.254	
119	1	1	1	1	1	1	69.6461	74.7752	69.938	78.9462	83.1141	48.379	52.1713	115.066	111.737	131.431	110.479	108.361	122.254	
120	1	1	1	1	1	1	69.6457	74.7749	69.9378	78.946	83.1139	48.3786	52.1711	115.066	111.737	131.43	110.479	108.36	122.254	
121	1	1	1	1	1	1	69.6453	74.7745	69.9376	78.9457	83.1137	48.3781	52.1709	115.065	111.736	131.428	110.479	108.36	122.253	
122	1	1	1	1	1	1	69.6449	74.7741	69.9373	78.9455	83.1136	48.3776	52.1707	115.065	111.736	131.427	110.478	108.359	122.253	
123	1	1	1	1	1	1	69.6445	74.7737	69.9371	78.9453	83.1134	48.3772	52.1705	115.064	111.736	131.426	110.478	108.359	122.252	
124	1	1	1	1	1	1	69.6441	74.7733	69.9369	78.9451	83.1133	48.3767	52.1703	115.064	111.735	131.425	110.478	108.359	122.252	
125	1	1	1	1	1	1	69.6437	74.7729	69.9367	78.9449	83.1131	48.3762	52.1701	115.063	111.735	131.424	110.477	108.358	122.252	
126	1	1	1	1	1	1	69.6432	74.7725	69.9364	78.9447	83.1129	48.3757	52.1699	115.063	111.735	131.422	110.477	108.358	122.251	
127	1	1	1	1	1	1	69.6428	74.7721	69.9362	78.9444	83.1128	48.3752	52.1696	115.062	111.734	131.421	110.477	108.357	122.251	
128	1	1	1	1	1	1	69.6424	74.7717	69.936	78.9442	83.1126	48.3747	52.1694	115.062	111.734	131.42	110.476	108.357	122.25	
129	1	1	1	1	1	1	69.6419	74.7713	69.9357	78.944	83.1124	48.3742	52.1692	115.061	111.734	131.419	110.476	108.357	122.25	
130	1	1	1	1	1	1	69.6415	74.7709	69.9355	78.9438	83.1122	48.3737	52.169	115.061	111.733	131.417	110.476	108.356	122.25	
131	1	1	1	1	1	1	69.6411	74.7704	69.9352	78.9435	83.1121	48.3732	52.1687	115.06	111.733	131.416	110.475	108.356	122.249	
132	1	1	1	1	1	1	69.6406	74.77	69.935	78.9433	83.1119	48.3727	52.1685	115.06	111.733	131.415	110.475	108.355	122.249	
133	1	1	1	1	1	1	69.6402	74.7696	69.9347	78.9431	83.1117	48.3722	52.1683	115.059	111.732	131.414	110.475	108.355	122.248	
134	1	1	1	1	1	1	69.6397	74.7691	69.9345	78.9428	83.1115	48.3716	52.168	115.059	111.732	131.412	110.474	108.354	122.248	
135	1	1	1	1	1	1	69.6393	74.7687	69.9342	78.9426	83.1113	48.3711	52.1678	115.058	111.731	131.411	110.474	108.354	122.247	
136	1	1	1	1	1	1	69.6388	74.7682	69.934	78.9423	83.1111	48.3706	52.1676	115.058	111.731	131.41	110.473	108.354	122.247	
137	1	1	1	1	1	1	69.6383	74.7678	69.9337	78.9421	83.111	48.37	52.1673	115.057	111.731	131.408	110.473	108.353	122.247	
138	1	1	1	1	1	1	69.6379	74.7673	69.9335	78.9419	83.1108	48.3695	52.1671	115.057	111.73	131.407	110.473	108.353	122.246	
139	1	1	1	1	1	1	69.6374	74.7669	69.9332	78.9416	83.1106	48.3689	52.1668	115.056	111.73	131.405	110.472	108.352	122.246	
140	1	1	1	1	1	1	69.6369	74.7664	69.9329	78.9413	83.1104	48.3684	52.1666	115.056	111.73	131.404	110.472	108.352	122.245	
141	1	1	1	1	1	1	69.6364	74.7659	69.9327	78.9411	83.1102	48.3678	52.1663	115.055	111.729	131.403	110.472	108.351	122.245	
142	1	1	1	1	1	1	69.6359	74.7655	69.9324	78.9408	83.11	48.3672	52.166	115.055	111.729	131.401	110.471	108.351	122.244	
143	1	1	1	1	1	1	69.6354	74.765	69.9321	78.9406	83.1098	48.3666	52.1658	115.054	111.728	131.4	110.471	108.35	122.244	
144	1	1	1	1	1	1	69.6349	74.7645	69.9318	78.9403	83.1096	48.366	52.1655	115.053	111.728	131.398	110.47	108.35	122.243	
145	1	1	1	1	1	1	69.6344	74.764	69.9316	78.94	83.1094	48.3655	52.1653	115.053	111.728	131.397	110.47	108.349	122.243	
146	1	1	1	1	1	1	69.6339	74.7635	69.9313	78.9398	83.1092	48.3649	52.165	115.052	111.727	131.395	110.47	108.349	122.242	
147	1	1	1	1	1	1	69.6334	74.763	69.931	78.9395	83.109	48.3643	52.1647	115.052	111.727	131.394	110.469	108.348	122.242	
148	1	1	1	1	1	1	69.6328	74.7625	69.9307	78.9392	83.1088	48.3636	52.1645	115.051	111.726	131.392	110.469	108.348	122.241	
149	1	1	1	1	1	1	69.6323	74.762	69.9304	78.939	83.1086	48.363	52.1642	115.051	111.726	131.391	110.468	108.347	122.241	
150	1	1	1	1	1	1	69.6318	74.7615	69.9301	78.9387	83.1083	48.3624	52.1639	115.05	111.725	131.389	110.468	108.347	122.24	
151	1	1	1	1	1	1	69.6312	74.761	69.9298	78.9384	83.1081	48.3618	52.1636	115.049	111.725	131.388	110.467	108.346	122.24	
152	1	1	1	1	1	1	69.6307	74.7605	69.9295	78.9381	83.1079	48.3611	52.1633	115.049	111.725	131.386	110.467	108.346	122.239	
153	1	1	1	1	1	1	69.6301	74.7599	69.9292	78.9378	83.1077	48.3605	52.163	115.048	111.724	131.384	110.467	108.345	122.239	
154	1	1	1	1	1	1	69.6296	74.7594	69.9289	78.9375	83.1075	48.3599	52.1628	115.047	111.724	131.383	110.466	108.344	122.238	
155	1	1	1	1	1	1	69.629	74.7588	69.9286	78.9372	83.1072	48.3592	52.1625	115.047	111.723	131.381	110.466	108.344	122.238	
156	1	1	1	1	1	1	69.6285	74.7583	69.9283	78.9369	83.107	48.3585	52.1622	115.046	111.723	131.379	110.465	108.343	122.237	
157	1	1	1	1	1	1	69.6279	74.7577	69.928	78.9366	83.1068	48.3579	52.1619	115.045	111.722	131.378	110.465	108.343	122.237	
158	1	1	1	1	1	1	69.6273	74.7572	69.9277	78.9363	83.1066	48.3572	52.1616	115.045	111.722	131.376	110.464	108.342	122.236	
159	1	1	1	1	1	1	69.6267	74.7566	69.9273	78.936	83.1063	48.3565	52.1613	115.044	111.721	131.374	110.464	108.342	122.236	
160	1	1	1	1	1	1	69.6261	74.7561	69.927	78.9357	83.1061	48.3558	52.161	115.043	111.721	131.373	110.463	108.341	122.235	
161	1	1	1	1	1	1	69.6255	74.7555	69.9267	78.9354	83.1058	48.3551	52.1606	115.043	111.72	131.371	110.463	108.34	122.234	
162	1	1	1	1	1	1	69.6249	74.7549	69.9264	78.9351	83.1056	48.3544	52.1603	115.042	111.72	131.369	110.462	108.34	122.234	
163	1	1	1	1	1	1	69.6243	74.7543	69.926	78.9348	83.1054	48.3537	52.16	115.041	111.719	131.367	110.462	108.339	122.233	
164	1	1	1	1	1	1	69.6237	74.7537	69.9257	78.9344	83.1051	48.353	52.1597	115.041	111.719	131.366	110.461	108.339	122.233	
165	1	1	1	1	1	1	69.6231	74.7531	69.9254	78.9341	83.1049	48.3523	52.1594	115.04	111.718	131.364	110.461	108.338	122.232	
166	1	1	1	1	1	1	69.6224	74.7525	69.925	78.9338	83.1046	48.3515	52.159	115.039	111.718	131.362	110.46	108.337	122.232	
167	1	1	1	1	1	1	69.6218	74.7519	69.9247	78.9335	83.1044	48.3508	52.1587	115.039	111.717	131.36	110.46	108.337	122.231	
168	1	1	1	1	1	1	69.6212	74.7513	69.9243	78.9331	83.1041	48.3501	52.1584	115.038	111.717	131.358	110.459	108.336	122.23	
169	1	1	1	1	1	1	69.6205	74.7507	69.9239	78.9328	83.1038	48.3493	52.158	115.037	111.716	131.356	110.459	108.336	122.23	
170	1	1	1	1	1	1	69.6199	74.75	69.9236	78.9324	83.1036	48.3485	52.1577	115.036	111.716	131.355	110.458	108.335	122.229	
171	1	1	1	1	1	1	69.6192	74.7494	69.9232	78.9321	83.1033	48.3478	52.1573	115.036	111.715	131.353	110.458	108.334	122.228	
172	1	1	1	1	1	1	69.6185	74.7487	69.9229	78.9317	83.103	48.347	52.157	115.035	111.715	131.351	110.457	108.334	122.228	
173	1	1	1	1	1	1	69.6178	74.7481	69.9225	78.9314	83.1028	48.3462	52.1567	115.034	111.714	131.349	110.457	108.333	122.227	
174	1	1	1	1	1	1	69.6172	74.7474	69.9221	78.931	83.1025	48.3454	52.1563	115.033	111.714	131.347	110.456	108.332	122.227	
175	1	1	1	1	1	1	69.6165	74.7468	69.9217	78.9307	83.1022	48.3446	52.1559	115.033	111.713	131.345	110.456	108.332	122.226	
176	1	1	1	1	1	1	69.6158	74.7461	69.9214	78.9303	83.102	48.3438	52.1556	115.032	111.712	131.343	110.455	108.331	122.225	
177	1	1	1	1	1	1	69.6151	74.7454	69.921	78.9299	83.1017	48.343	52.1552	115.031	111.712	131.341	110.455	108.33	122.225	
178	1	1	1	1	1	1	69.6144	74.7447	69.9206	78.9296	83.1014	48.3421	52.1548	115.03	111.711	131.339	110.454	108.33	122.224	
179	1	1	1	1	1	1	69.6136	74.744	69.9202	78.9292	83.1011	48.3413	52.1545	115.029	111.711	131.336	110.453	108.329	122.223	
180	1	1	1	1	1	1	69.6129	74.7433	69.9198	78.9288	83.1008	48.3404	52.1541	115.029	111.71	131.334	110.453	108.328	122.223	
181	1	1	1	1	1	1	69.6122	74.7426	69.9194	78.9284	83.1005	48.3396	52.1537	115.028	111.71	131.332	110.452	108.327	122.222	
182	1	1	1	1	1	1	69.6114	74.7419	69.919	78.928	83.1002	48.3387	52.1533	115.027	111.709	131.33	110.452	108.327	122.221	
183	1	1	1	1	1	1	69.6107	74.7412	69.9186	78.9277	83.0999	48.3379	52.1529	115.026	111.708	131.328	110.451	108.326	122.22	
184	1	1	1	1	1	1	69.6099	74.7405	69.9182	78.9273	83.0996	48.337	52.1525	115.025	111.708	131.326	110.45	108.325	122.22	
185	1	1	1	1	1	1	69.6092	74.7397	69.9177	78.9269	83.0993	48.3361	52.1521	115.024	111.707	131.323	110.45	108.324	122.219	
186	1	1	1	1	1	1	69.6084	74.739	69.9173	78.9265	83.099	48.3352	52.1517	115.023	111.706	131.321	110.449	108.324	122.218	
187	1	1	1	1	1	1	69.6076	74.7382	69.9169	78.926	83.0987	48.3343	52.1513	115.023	111.706	131.319	110.449	108.323	122.218	
188	1	1	1	1	1	1	69.6068	74.7375	69.9165	78.9256	83.0984	48.3333	52.1509	115.022	111.705	131.317	110.448	108.322	122.217	
189	1	1	1	1	1	1	69.6061	74.7367	69.916	78.9252	83.0981	48.3324	52.1505	115.021	111.705	131.314	110.447	108.321	122.216	
190	1	1	1	1	1	1	69.6052	74.7359	69.9156	78.9248	83.0977	48.3315	52.1501	115.02	111.704	131.312	110.447	108.321	122.215	
191	1	1	1	1	1	1	69.6044	74.7352	69.9152	78.9244	83.0974	48.3305	52.1497	115.019	111.703	131.31	110.446	108.32	122.215	
192	1	1	1	1	1	1	69.6036	74.7344	69.9147	78.9239	83.0971	48.3296	52.1492	115.018	111.703	131.307	110.445	108.319	122.214	
193	1	1	1	1	1	1	69.6028	74.7336	69.9143	78.9235	83.0968	48.3286	52.1488	115.017	111.702	131.305	110.445	108.318	122.213	
194	1	1	1	1	1	1	69.602	74.7328	69.9138	78.9231	83.0964	48.3276	52.1484	115.016	111.701	131.302	110.444	108.317	122.212	
195	1	1	1	1	1	1	69.6011	74.732	69.9133	78.9226	83.0961	48.3266	52.1479	115.015	111.701	131.3	110.443	108.316	122.211	
196	1	1	1	1	1	1	69.6003	74.7311	69.9129	78.9222	83.0957	48.3256	52.1475	115.014	111.7	131.297	110.443	108.316	122.211	
197	1	1	1	1	1	1	69.5994	74.7303	69.9124	78.9217	83.0954	48.3246	52.147	115.013	111.699	131.295	110.442	108.315	122.21	
198	1	1	1	1	1	1	69.5985	74.7295	69.9119	78.9213	83.095	48.3236	52.1466	115.012	111.698	131.292	110.441	108.314	122.209	
199	1	1	1	1	1	1	69.5976	74.7286	69.9114	78.9208	83.0947	48.3226	52.1461	115.011	111.698	131.29	110.441	108.313	122.208	
200	1	1	1	1	1	1	69.5968	74.7277	69.911	78.9204	83.0943	48.3215	52.1457	115.01	111.697	131.287	110.44	108.312	122.207	
201	1	1	1	1	1	1	69.5959	74.7269	69.9105	78.9199	83.094	48.3205	52.1452	115.009	111.696	131.285	110.439	108.311	122.206	
202	1	1	1	1	1	1	69.5949	74.726	69.91	78.9194	83.0936	48.3194	52.1447	115.008	111.696	131.282	110.439	108.31	122.206	
203	1	1	1	1	1	1	69.594	74.7251	69.9095	78.9189	83.0932	48.3183	52.1443	115.007	111.695	131.279	110.438	108.31	122.205	
204	1	1	1	1	1	1	69.5931	74.7242	69.909	78.9185	83.0929	48.3173	52.1438	115.006	111.694	131.277	110.437	108.309	122.204	
205	1	1	1	1	1	1	69.5922	74.7233	69.9084	78.918	83.0925	48.3162	52.1433	115.005	111.693	131.274	110.436	108.308	122.203	
206	1	1	1	1	1	1	69.5912	74.7224	69.9079	78.9175	83.0921	48.3151	52.1428	115.004	111.692	131.271	110.436	108.307	122.202	
207	1	1	1	1	1	1	69.5903	74.7215	69.9074	78.917	83.0917	48.3139	52.1423	115.003	111.692	131.268	110.435	108.306	122.201	
208	1	1	1	1	1	1	69.5893	74.7206	69.9069	78.9165	83.0913	48.3128	52.1418	115.002	111.691	131.266	110.434	108.305	122.2	
209	1	1	1	1	1	1	69.5883	74.7196	69.9064	78.916	83.091	48.3117	52.1413	115.001	111.69	131.263	110.433	108.304	122.199	
210	1	1	1	1	1	1	69.5873	74.7187	69.9058	78.9154	83.0906	48.3105	52.1408	114.999	111.689	131.26	110.432	108.303	122.198	
211	1	1	1	1	1	1	69.5863	74.7177	69.9053	78.9149	83.0902	48.3093	52.1403	114.998	111.689	131.257	110.432	108.302	122.197	
212	1	1	1	1	1	1	69.5853	74.7167	69.9047	78.9144	83.0898	48.3082	52.1397	114.997	111.688	131.254	110.431	108.301	122.196	
213	1	1	1	1	1	1	69.5843	74.7157	69.9042	78.9139	83.0894	48.307	52.1392	114.996	111.687	131.251	110.43	108.3	122.196	
214	1	1	1	1	1	1	69.5833	74.7148	69.9036	78.9133	83.0889	48.3058	52.1387	114.995	111.686	131.248	110.429	108.299	122.195	
215	1	1	1	1	1	1	69.5823	74.7138	69.903	78.9128	83.0885	48.3045	52.1381	114.994	111.685	131.245	110.428	108.298	122.194	
216	1	1	1	1	1	1	69.5812	74.7127	69.9025	78.9122	83.0881	48.3033	52.1376	114.992	111.684	131.242	110.428	108.297	122.193	
217	1	1	1	1	1	1	69.5802	74.7117	69.9019	78.9117	83.0877	48.3021	52.137	114.991	111.684	131.239	110.427	108.296	122.192	
218	1	1	1	1	1	1	69.5791	74.7107	69.9013	78.9111	83.0873	48.3008	52.1365	114.99	111.683	131.236	110.426	108.295	122.191	
219	1	1	1	1	1	1	69.578	74.7096	69.9007	78.9106	83.0868	48.2995	52.1359	114.989	111.682	131.233	110.425	108.294	122.19	
220	1	1	1	1	1	1	69.5769	74.7086	69.9001	78.91	83.0864	48.2983	52.1353	114.988	111.681	131.229	110.424	108.293	122.188	
221	1	1	1	1	1	1	69.5758	74.7075	69.8995	78.9094	83.0859	48.297	52.1348	114.986	111.68	131.226	110.423	108.292	122.187	
222	1	1	1	1	1	1	69.5747	74.7064	69.8989	78.9088	83.0855	48.2956	52.1342	114.985	111.679	131.223	110.422	108.29	122.186	
223	1	1	1	1	1	1	69.5736	74.7054	69.8983	78.9083	83.085	48.2943	52.1336	114.984	111.678	131.22	110.421	108.289	122.185	
224	1	1	1	1	1	1	69.5724	74.7043	69.8977	78.9077	83.0846	48.293	52.133	114.983	111.677	131.216	110.421	108.288	122.184	
225	1	1	1	1	1	1	69.5713	74.7031	69.8971	78.9071	83.0841	48.2916	52.1324	114.981	111.676	131.213	110.42	108.287	122.183	
226	1	1	1	1	1	1	69.5701	74.702	69.8964	78.9065	83.0837	48.2903	52.1318	114.98	111.675	131.21	110.419	108.286	122.182	
227	1	1	1	1	1	1	69.569	74.7009	69.8958	78.9058	83.0832	48.2889	52.1312	114.979	111.674	131.206	110.418	108.285	122.181	
228	1	1	1	1	1	1	69.5678	74.6997	69.8952	78.9052	83.0827	48.2875	52.1306	114.977	111.673	131.203	110.417	108.284	122.18	
229	1	1	1	1	1	1	69.5666	74.6986	69.8945	78.9046	83.0822	48.2861	52.13	114.976	111.672	131.199	110.416	108.282	122.179	
230	1	1	1	1	1	1	69.5654	74.6974	69.8939	78.904	83.0818	48.2847	52.1293	114.974	111.671	131.196	110.415	108.281	122.178	
231	1	1	1	1	1	1	69.5642	74.6962	69.8932	78.9033	83.0813	48.2832	52.1287	114.973	111.67	131.192	110.414	108.28	122.176	
232	1	1	1	1	1	1	69.5629	74.695	69.8925	78.9027	83.0808	48.2818	52.1281	114.972	111.669	131.189	110.413	108.279	122.175	
233	1	1	1	1	1	1	69.5617	74.6938	69.8918	78.902	83.0803	48.2803	52.1274	114.97	111.668	131.185	110.412	108.278	122.174	
234	1	1	1	1	1	1	69.5604	74.6926	69.8912	78.9014	83.0798	48.2788	52.1267	114.969	111.667	131.181	110.411	108.276	122.173	
235	1	1	1	1	1	1	69.5591	74.6914	69.8905	78.9007	83.0792	48.2773	52.1261	114.967	111.666	131.178	110.41	108.275	122.172	
236	1	1	1	1	1	1	69.5579	74.6901	69.8898	78.9	83.0787	48.2758	52.1254	114.966	111.665	131.174	110.409	108.274	122.17	
237	1	1	1	1	1	1	69.5566	74.6889	69.8891	78.8994	83.0782	48.2742	52.1247	114.964	111.664	131.17	110.408	108.273	122.169	
238	1	1	1	1	1	1	69.5553	74.6876	69.8884	78.8987	83.0777	48.2727	52.1241	114.963	111.663	131.166	110.407	108.271	122.168	
239	1	1	1	1	1	1	69.5539	74.6863	69.8876	78.898	83.0772	48.2711	52.1234	114.961	111.662	131.162	110.406	108.27	122.167	
240	1	1	1	1	1	1	69.5526	74.685	69.8869	78.8973	83.0766	48.2695	52.1227	114.96	111.661	131.158	110.405	108.269	122.165	
241	1	1	1	1	1	1	69.5512	74.6837	69.8862	78.8966	83.0761	48.2679	52.122	114.958	111.66	131.154	110.404	108.267	122.164	
242	1	1	1	1	1	1	69.5499	74.6824	69.8854	78.8959	83.0755	48.2663	52.1213	114.957	111.659	131.15	110.403	108.266	122.163	
243	1	1	1	1	1	1	69.5485	74.681	69.8847	78.8952	83.075	48.2647	52.1205	114.955	111.658	131.146	110.402	108.265	122.162	
244	1	1	1	1	1	1	69.5471	74.6797	69.8839	78.8944	83.0744	48.263	52.1198	114.954	111.657	131.142	110.4	108.263	122.16	
245	1	1	1	1	1	1	69.5457	74.6783	69.8832	78.8937	83.0738	48.2614	52.1191	114.952	111.655	131.138	110.399	108.262	122.159	
246	1	1	1	1	1	1	69.5443	74.6769	69.8824	78.8929	83.0733	48.2597	52.1183	114.95	111.654	131.134	110.398	108.26	122.158	
247	1	1	1	1	1	1	69.5428	74.6755	69.8816	78.8922	83.0727	48.258	52.1176	114.949	111.653	131.13	110.397	108.259	122.156	
248	1	1	1	1	1	1	69.5414	74.6741	69.8808	78.8914	83.0721	48.2563	52.1168	114.947	111.652	131.126	110.396	108.258	122.155	
249	1	1	1	1	1	1	69.5399	74.6727	69.88	78.8907	83.0715	48.2545	52.1161	114.945	111.651	131.121	110.395	108.256	122.153	
250	1	1	1	1	1	1	69.5384	74.6713	69.8792	78.8899	83.0709	48.2528	52.1153	114.944	111.65	131.117	110.393	108.255	122.152	
251	1	1	1	1	1	1	69.5369	74.6698	69.8784	78.8891	83.0703	48.251	52.1145	114.942	111.648	131.113	110.392	108.253	122.151	
252	1	1	1	1	1	1	69.5354	74.6683	69.8776	78.8883	83.0697	48.2492	52.1137	114.94	111.647	131.108	110.391	108.252	122.149	
253	1	1	1	1	1	1	69.5339	74.6669	69.8768	78.8875	83.0691	48.2474	52.1129	114.939	111.646	131.104	110.39	108.25	122.148	
254	1	1	1	1	1	1	69.5323	74.6654	69.8759	78.8867	83.0685	48.2455	52.1121	114.937	111.645	131.099	110.389	108.249	122.146	
255	1	1	1	1	1	1	69.5308	74.6638	69.8751	78.8859	83.0678	48.2437	52.1113	114.935	111.643	131.095	110.387	108.247	122.145	
256	1	1	1	1	1	1	69.5292	74.6623	69.8742	78.8851	83.0672	48.2418	52.1105	114.933	111.642	131.09	110.386	108.246	122.143	
257	1	1	1	1	1	1	69.5276	74.6607	69.8734	78.8843	83.0666	48.2399	52.1096	114.931	111.641	131.085	110.385	108.244	122.142	
258	1	1	1	1	1	1	69.526	74.6592	69.8725	78.8834	83.0659	48.238	52.1088	114.93	111.639	131.081	110.384	108.242	122.14	
259	1	1	1	1	1	1	69.5244	74.6576	69.8716	78.8826	83.0653	48.236	52.108	114.928	111.638	131.076	110.382	108.241	122.139	
260	1	1	1	1	1	1	69.5227	74.656	69.8707	78.8817	83.0646	48.2341	52.1071	114.926	111.637	131.071	110.381	108.239	122.137	
261	1	1	1	1	1	1	69.521	74.6544	69.8698	78.8808	83.0639	48.2321	52.1062	114.924	111.635	131.066	110.38	108.237	122.136	
262	1	1	1	1	1	1	69.5194	74.6527	69.8689	78.88	83.0632	48.2301	52.1054	114.922	111.634	131.061	110.378	108.236	122.134	
263	1	1	1	1	1	1	69.5177	74.6511	69.868	78.8791	83.0626	48.2281	52.1045	114.92	111.633	131.056	110.377	108.234	122.132	
264	1	1	1	1	1	1	69.516	74.6494	69.8671	78.8782	83.0619	48.226	52.1036	114.918	111.631	131.051	110.376	108.232	122.131	
265	1	1	1	1	1	1	69.5142	74.6477	69.8662	78.8773	83.0612	48.224	52.1027	114.916	111.63	131.046	110.374	108.231	122.129	
266	1	1	1	1	1	1	69.5125	74.646	69.8652	78.8764	83.0605	48.2219	52.1018	114.914	111.628	131.041	110.373	108.229	122.127	
267	1	1	1	1	1	1	69.5107	74.6443	69.8643	78.8755	83.0598	48.2198	52.1009	114.912	111.627	131.036	110.371	108.227	122.126	
268	1	1	1	1	1	1	69.5089	74.6426	69.8633	78.8745	83.059	48.2177	52.0999	114.91	111.625	131.03	110.37	108.225	122.124	
269	1	1	1	1	1	1	69.5071	74.6408	69.8623	78.8736	83.0583	48.2155	52.099	114.908	111.624	131.025	110.369	108.224	122.122	
270	1	1	1	1	1	1	69.5053	74.639	69.8613	78.8726	83.0576	48.2133	52.098	114.906	111.622	131.02	110.367	108.222	122.121	
271	1	1	1	1	1	1	69.5034	74.6372	69.8604	78.8717	83.0568	48.2111	52.0971	114.904	111.621	131.014	110.366	108.22	122.119	
272	1	1	1	1	1	1	69.5016	74.6354	69.8594	78.8707	83.0561	48.2089	52.0961	114.902	111.619	131.009	110.364	108.218	122.117	
273	1	1	1	1	1	1	69.4997	74.6336	69.8583	78.8697	83.0553	48.2066	52.0951	114.899	111.618	131.003	110.363	108.216	122.115	
274	1	1	1	1	1	1	69.4978	74.6317	69.8573	78.8687	83.0545	48.2044	52.0941	114.897	111.616	130.998	110.361	108.214	122.113	
275	1	1	1	1	1	1	69.4959	74.6299	69.8563	78.8677	83.0538	48.2021	52.0931	114.895	111.615	130.992	110.36	108.213	122.112	
276	1	1	1	1	1	1	69.4939	74.628	69.8552	78.8667	83.053	48.1997	52.0921	114.893	111.613	130.986	110.358	108.211	122.11	
277	1	1	1	1	1	1	69.492	74.6261	69.8542	78.8657	83.0522	48.1974	52.0911	114.891	111.612	130.981	110.357	108.209	122.108	
278	1	1	1	1	1	1	69.49	74.6241	69.8531	78.8647	83.0514	48.195	52.0901	114.888	111.61	130.975	110.355	108.207	122.106	
279	1	1	1	1	1	1	69.488	74.6222	69.852	78.8636	83.0506	48.1926	52.089	114.886	111.608	130.969	110.353	108.205	122.104	
280	1	1	1	1	1	1	69.486	74.6202	69.851	78.8626	83.0498	48.1902	52.088	114.884	111.607	130.963	110.352	108.203	122.102	
281	1	1	1	1	1	1	69.4839	74.6182	69.8499	78.8615	83.0489	48.1877	52.0869	114.881	111.605	130.957	110.35	108.201	122.1	
282	1	1	1	1	1	1	69.4819	74.6162	69.8488	78.8604	83.0481	48.1853	52.0858	114.879	111.603	130.951	110.349	108.199	122.098	
283	1	1	1	1	1	1	69.4798	74.6141	69.8476	78.8593	83.0473	48.1827	52.0847	114.877	111.602	130.945	110.347	108.197	122.096	
284	1	1	1	1	1	1	69.4777	74.6121	69.8465	78.8582	83.0464	48.1802	52.0836	114.874	111.6	130.939	110.345	108.195	122.094	
285	1	1	1	1	1	1	69.4755	74.61	69.8454	78.8571	83.0456	48.1777	52.0825	114.872	111.598	130.932	110.343	108.192	122.092	
286	1	1	1	1	1	1	69.4734	74.6079	69.8442	78.856	83.0447	48.1751	52.0814	114.869	111.596	130.926	110.342	108.19	122.09	
287	1	1	1	1	1	1	69.4712	74.6058	69.843	78.8549	83.0438	48.1724	52.0803	114.867	111.595	130.92	110.34	108.188	122.088	
288	1	1	1	1	1	1	69.469	74.6036	69.8419	78.8537	83.0429	48.1698	52.0791	114.864	111.593	130.913	110.338	108.186	122.086	
289	1	1	1	1	1	1	69.4668	74.6014	69.8407	78.8526	83.042	48.1671	52.078	114.862	111.591	130.907	110.337	108.184	122.084	
290	1	1	1	1	1	1	69.4646	74.5992	69.8395	78.8514	83.0411	48.1644	52.0768	114.859	111.589	130.9	110.335	108.182	122.082	
291	1	1	1	1	1	1	69.4623	74.597	69.8383	78.8502	83.0402	48.1617	52.0756	114.857	111.587	130.893	110.333	108.179	122.08	
292	1	1	1	1	1	1	69.46	74.5948	69.837	78.849	83.0393	48.1589	52.0744	114.854	111.585	130.887	110.331	108.177	122.077	
293	1	1	1	1	1	1	69.4577	74.5925	69.8358	78.8478	83.0383	48.1561	52.0732	114.851	111.584	130.88	110.329	108.175	122.075	
294	1	1	1	1	1	1	69.4553	74.5902	69.8345	78.8466	83.0374	48.1533	52.072	114.849	111.582	130.873	110.327	108.172	122.073	
295	1	1	1	1	1	1	69.453	74.5879	69.8333	78.8454	83.0364	48.1504	52.0708	114.846	111.58	130.866	110.326	108.17	122.071	
296	1	1	1	1	1	1	69.4506	74.5856	69.832	78.8441	83.0355	48.1476	52.0695	114.843	111.578	130.859	110.324	108.168	122.069	
297	1	1	1	1	1	1	69.4482	74.5832	69.8307	78.8429	83.0345	48.1446	52.0682	114.84	111.576	130.852	110.322	108.165	122.066	
298	1	1	1	1	1	1	69.4457	74.5808	69.8294	78.8416	83.0335	48.1417	52.067	114.838	111.574	130.844	110.32	108.163	122.064	
299	1	1	1	1	1	1	69.4433	74.5784	69.8281	78.8403	83.0325	48.1387	52.0657	114.835	111.572	130.837	110.318	108.16	122.062	
300	1	1	1	1	1	1	69.4408	74.5759	69.8268	78.839	83.0315	48.1357	52.0644	114.832	111.57	130.83	110.316	108.158	122.059	
301	1	1	1	1	1	1	69.4383	74.5735	69.8254	78.8377	83.0305	48.1326	52.0631	114.829	111.568	130.822	110.314	108.155	122.057	
302	1	1	1	1	1	1	69.4357	74.571	69.8241	78.8364	83.0294	48.1295	52.0618	114.826	111.566	130.815	110.312	108.153	122.054	
303	1	1	1	1	1	1	69.4331	74.5685	69.8227	78.8351	83.0284	48.1264	52.0604	114.823	111.563	130.807	110.31	108.15	122.052	
304	1	1	1	1	1	1	69.4305	74.5659	69.8213	78.8337	83.0273	48.1233	52.0591	114.82	111.561	130.8	110.308	108.148	122.049	
305	1	1	1	1	1	1	69.4279	74.5633	69.8199	78.8323	83.0263	48.1201	52.0577	114.817	111.559	130.792	110.306	108.145	122.047	
306	1	1	1	1	1	1	69.4253	74.5607	69.8185	78.831	83.0252	48.1169	52.0563	114.814	111.557	130.784	110.304	108.142	122.044	
307	1	1	1	1	1	1	69.4226	74.5581	69.8171	78.8296	83.0241	48.1136	52.0549	114.811	111.555	130.776	110.301	108.14	122.042	
308	1	1	1	1	1	1	69.4199	74.5554	69.8156	78.8282	83.023	48.1103	52.0535	114.808	111.553	130.768	110.299	108.137	122.039	
309	1	1	1	1	1	1	69.4171	74.5527	69.8142	78.8267	83.0219	48.107	52.0521	114.805	111.55	130.76	110.297	108.134	122.037	
310	1	1	1	1	1	1	69.4144	74.55	69.8127	78.8253	83.0208	48.1036	52.0506	114.802	111.548	130.752	110.295	108.132	122.034	
311	1	1	1	1	1	1	69.4116	74.5473	69.8112	78.8238	83.0196	48.1002	52.0492	114.798	111.546	130.744	110.293	108.129	122.031	
312	1	1	1	1	1	1	69.4088	74.5445	69.8097	78.8224	83.0185	48.0967	52.0477	114.795	111.543	130.735	110.29	108.126	122.029	
313	1	1	1	1	1	1	69.4059	74.5417	69.8082	78.8209	83.0173	48.0933	52.0462	114.792	111.541	130.727	110.288	108.123	122.026	
314	1	1	1	1	1	1	69.403	74.5388	69.8067	78.8194	83.0162	48.0897	52.0447	114.788	111.539	130.718	110.286	108.12	122.023	
315	1	1	1	1	1	1	69.4001	74.5359	69.8051	78.8179	83.015	48.0862	52.0432	114.785	111.536	130.709	110.284	108.117	122.02	
316	1	1	1	1	1	1	69.3972	74.533	69.8036	78.8164	83.0138	48.0826	52.0416	114.782	111.534	130.701	110.281	108.114	122.018	
317	1	1	1	1	1	1	69.3942	74.5301	69.802	78.8148	83.0126	48.0789	52.0401	114.778	111.531	130.692	110.279	108.111	122.015	
318	1	1	1	1	1	1	69.3912	74.5271	69.8004	78.8132	83.0113	48.0752	52.0385	114.775	111.529	130.683	110.277	108.108	122.012	
319	1	1	1	1	1	1	69.3881	74.5241	69.7988	78.8117	83.0101	48.0715	52.0369	114.771	111.526	130.674	110.274	108.105	122.009	
320	1	1	1	1	1	1	69.3851	74.5211	69.7972	78.8101	83.0089	48.0678	52.0353	114.768	111.524	130.665	110.272	108.102	122.006	
321	1	1	1	1	1	1	69.382	74.518	69.7955	78.8085	83.0076	48.0639	52.0337	114.764	111.521	130.656	110.269	108.099	122.003	
322	1	1	1	1	1	1	69.3788	74.5149	69.7939	78.8068	83.0063	48.0601	52.0321	114.76	111.519	130.646	110.267	108.096	122	
323	1	1	1	1	1	1	69.3756	74.5118	69.7922	78.8052	83.005	48.0562	52.0304	114.757	111.516	130.637	110.264	108.093	121.997	
324	1	1	1	1	1	1	69.3724	74.5086	69.7905	78.8035	83.0037	48.0523	52.0287	114.753	111.514	130.627	110.262	108.09	121.994	
325	1	1	1	1	1	1	69.3692	74.5054	69.7888	78.8018	83.0024	48.0483	52.0271	114.749	111.511	130.618	110.259	108.087	121.991	
326	1	1	1	1	1	1	69.3659	74.5022	69.7871	78.8001	83.0011	48.0442	52.0253	114.746	111.508	130.608	110.257	108.083	121.988	
327	1	1	1	1	1	1	69.3626	74.4989	69.7853	78.7984	82.9997	48.0402	52.0236	114.742	111.505	130.598	110.254	108.08	121.985	
328	1	1	1	1	1	1	69.3593	74.4956	69.7836	78.7967	82.9983	48.0361	52.0219	114.738	111.503	130.588	110.251	108.077	121.981	
329	1	1	1	1	1	1	69.3559	74.4923	69.7818	78.7949	82.997	48.0319	52.0201	114.734	111.5	130.578	110.249	108.073	121.978	
330	1	1	1	1	1	1	69.3525	74.4889	69.78	78.7932	82.9956	48.0277	52.0183	114.73	111.497	130.568	110.246	108.07	121.975	
331	1	1	1	1	1	1	69.349	74.4855	69.7782	78.7914	82.9942	48.0234	52.0165	114.726	111.494	130.558	110.243	108.066	121.972	
332	1	1	1	1	1	1	69.3455	74.482	69.7763	78.7896	82.9927	48.0191	52.0147	114.722	111.491	130.547	110.24	108.063	121.968	
333	1	1	1	1	1	1	69.342	74.4785	69.7745	78.7877	82.9913	48.0147	52.0129	114.718	111.488	130.537	110.238	108.059	121.965	
334	1	1	1	1	1	1	69.3384	74.475	69.7726	78.7859	82.9899	48.0103	52.011	114.714	111.486	130.526	110.235	108.056	121.961	
335	1	1	1	1	1	1	69.3348	74.4714	69.7707	78.784	82.9884	48.0059	52.0091	114.71	111.483	130.515	110.232	108.052	121.958	
336	1	1	1	1	1	1	69.3312	74.4678	69.7688	78.7821	82.9869	48.0013	52.0072	114.705	111.48	130.505	110.229	108.049	121.954	
337	1	1	1	1	1	1	69.3275	74.4642	69.7669	78.7802	82.9854	47.9968	52.0053	114.701	111.477	130.494	110.226	108.045	121.951	
338	1	1	1	1	1	1	69.3238	74.4605	69.7649	78.7783	82.9839	47.9922	52.0034	114.697	111.473	130.483	110.223	108.041	121.947	
339	1	1	1	1	1	1	69.32	74.4567	69.763	78.7763	82.9823	47.9875	52.0014	114.692	111.47	130.471	110.22	108.037	121.944	
340	1	1	1	1	1	1	69.3163	74.453	69.761	78.7744	82.9808	47.9828	51.9994	114.688	111.467	130.46	110.217	108.034	121.94	
341	1	1	1	1	1	1	69.3124	74.4491	69.759	78.7724	82.9792	47.978	51.9974	114.684	111.464	130.449	110.214	108.03	121.936	
342	1	1	1	1	1	1	69.3085	74.4453	69.7569	78.7704	82.9776	47.9732	51.9954	114.679	111.461	130.437	110.211	108.026	121.933	
343	1	1	1	1	1	1	69.3046	74.4414	69.7549	78.7683	82.976	47.9683	51.9933	114.675	111.458	130.425	110.208	108.022	121.929	
344	1	1	1	1	1	1	69.3006	74.4374	69.7528	78.7663	82.9744	47.9633	51.9913	114.67	111.454	130.413	110.205	108.018	121.925	
345	1	1	1	1	1	1	69.2966	74.4334	69.7507	78.7642	82.9728	47.9583	51.9892	114.665	111.451	130.401	110.202	108.014	121.921	
346	1	1	1	1	1	1	69.2926	74.4294	69.7486	78.7621	82.9711	47.9533	51.9871	114.661	111.448	130.389	110.198	108.01	121.917	
347	1	1	1	1	1	1	69.2885	74.4253	69.7465	78.76	82.9694	47.9481	51.9849	114.656	111.444	130.377	110.195	108.006	121.914	
348	1	1	1	1	1	1	69.2844	74.4212	69.7443	78.7578	82.9677	47.943	51.9828	114.651	111.441	130.365	110.192	108.002	121.91	
349	1	1	1	1	1	1	69.2802	74.417	69.7422	78.7557	82.966	47.9377	51.9806	114.646	111.437	130.352	110.189	107.997	121.906	
350	1	1	1	1	1	1	69.276	74.4128	69.74	78.7535	82.9643	47.9324	51.9784	114.641	111.434	130.339	110.185	107.993	121.901	
351	1	1	1	1	1	1	69.2717	74.4085	69.7377	78.7513	82.9625	47.9271	51.9762	114.636	111.43	130.327	110.182	107.989	121.897	
352	1	1	1	1	1	1	69.2674	74.4042	69.7355	78.749	82.9608	47.9216	51.9739	114.631	111.427	130.314	110.179	107.985	121.893	
353	1	1	1	1	1	1	69.263	74.3999	69.7332	78.7468	82.959	47.9161	51.9716	114.626	111.423	130.301	110.175	107.98	121.889	
354	1	1	1	1	1	1	69.2586	74.3955	69.7309	78.7445	82.9572	47.9106	51.9693	114.621	111.419	130.287	110.172	107.976	121.885	
355	1	1	1	1	1	1	69.2541	74.391	69.7286	78.7422	82.9553	47.905	51.967	114.616	111.416	130.274	110.168	107.971	121.881	
356	1	1	1	1	1	1	69.2496	74.3865	69.7263	78.7399	82.9535	47.8993	51.9646	114.611	111.412	130.26	110.165	107.967	121.876	
357	1	1	1	1	1	1	69.2451	74.3819	69.7239	78.7375	82.9516	47.8935	51.9623	114.605	111.408	130.247	110.161	107.962	121.872	
358	1	1	1	1	1	1	69.2405	74.3773	69.7216	78.7351	82.9497	47.8877	51.9599	114.6	111.404	130.233	110.157	107.957	121.867	
359	1	1	1	1	1	1	69.2358	74.3726	69.7191	78.7327	82.9478	47.8818	51.9574	114.594	111.401	130.219	110.154	107.953	121.863	
360	1	1	1	1	1	1	69.2311	74.3679	69.7167	78.7303	82.9459	47.8759	51.955	114.589	111.397	130.205	110.15	107.948	121.858	
361	1	1	1	1	1	1	69.2263	74.3632	69.7143	78.7278	82.9439	47.8698	51.9525	114.583	111.393	130.19	110.146	107.943	121.854	
362	1	1	1	1	1	1	69.2215	74.3583	69.7118	78.7253	82.9419	47.8637	51.95	114.578	111.389	130.176	110.142	107.938	121.849	
363	1	1	1	1	1	1	69.2167	74.3534	69.7093	78.7228	82.9399	47.8576	51.9474	114.572	111.385	130.161	110.139	107.933	121.844	
364	1	1	1	1	1	1	69.2117	74.3485	69.7067	78.7203	82.9379	47.8513	51.9449	114.566	111.381	130.146	110.135	107.929	121.84	
365	1	1	1	1	1	1	69.2068	74.3435	69.7042	78.7177	82.9359	47.845	51.9423	114.56	111.376	130.131	110.131	107.924	121.835	
366	1	1	1	1	1	1	69.2018	74.3385	69.7016	78.7151	82.9338	47.8386	51.9396	114.555	111.372	130.116	110.127	107.918	121.83	
367	1	1	1	1	1	1	69.1967	74.3334	69.699	78.7125	82.9317	47.8321	51.937	114.549	111.368	130.101	110.123	107.913	121.825	
368	1	1	1	1	1	1	69.1915	74.3282	69.6964	78.7098	82.9296	47.8256	51.9343	114.543	111.364	130.085	110.119	107.908	121.82	
369	1	1	1	1	1	1	69.1864	74.323	69.6937	78.7072	82.9274	47.8189	51.9316	114.537	111.359	130.07	110.115	107.903	121.815	
370	1	1	1	1	1	1	69.1811	74.3177	69.691	78.7044	82.9253	47.8122	51.9289	114.53	111.355	130.054	110.111	107.898	121.81	
371	1	1	1	1	1	1	69.1758	74.3123	69.6883	78.7017	82.9231	47.8054	51.9261	114.524	111.351	130.038	110.106	107.892	121.805	
372	1	1	1	1	1	1	69.1704	74.3069	69.6856	78.6989	82.9209	47.7986	51.9233	114.518	111.346	130.022	110.102	107.887	121.8	
373	1	1	1	1	1	1	69.165	74.3015	69.6828	78.6961	82.9186	47.7916	51.9205	114.512	111.342	130.005	110.098	107.881	121.795	
374	1	1	1	1	1	1	69.1595	74.2959	69.68	78.6933	82.9164	47.7846	51.9176	114.505	111.337	129.989	110.094	107.876	121.789	
375	1	1	1	1	1	1	69.154	74.2903	69.6772	78.6905	82.9141	47.7775	51.9147	114.499	111.333	129.972	110.089	107.87	121.784	
376	1	1	1	1	1	1	69.1484	74.2847	69.6743	78.6876	82.9118	47.7702	51.9118	114.492	111.328	129.955	110.085	107.865	121.779	
377	1	1	1	1	1	1	69.1427	74.2789	69.6714	78.6846	82.9094	47.763	51.9088	114.485	111.323	129.938	110.08	107.859	121.773	
378	1	1	1	1	1	1	69.137	74.2731	69.6685	78.6817	82.9071	47.7556	51.9058	114.479	111.318	129.92	110.076	107.853	121.768	
379	1	1	1	1	1	1	69.1312	74.2673	69.6656	78.6787	82.9047	47.7481	51.9028	114.472	111.313	129.903	110.071	107.847	121.762	
380	1	1	1	1	1	1	69.1254	74.2613	69.6626	78.6757	82.9023	47.7405	51.8998	114.465	111.309	129.885	110.067	107.841	121.756	
381	1	1	1	1	1	1	69.1195	74.2553	69.6596	78.6726	82.8998	47.7329	51.8967	114.458	111.304	129.867	110.062	107.835	121.751	
382	1	1	1	1	1	1	69.1135	74.2493	69.6566	78.6696	82.8973	47.7251	51.8935	114.451	111.299	129.849	110.057	107.829	121.745	
383	1	1	1	1	1	1	69.1074	74.2431	69.6535	78.6664	82.8948	47.7172	51.8904	114.444	111.294	129.83	110.053	107.823	121.739	
384	1	1	1	1	1	1	69.1013	74.2369	69.6504	78.6633	82.8923	47.7093	51.8872	114.437	111.288	129.812	110.048	107.817	121.733	
385	1	1	1	1	1	1	69.0951	74.2306	69.6473	78.6601	82.8897	47.7013	51.884	114.429	111.283	129.793	110.043	107.811	121.727	
386	1	1	1	1	1	1	69.0889	74.2243	69.6441	78.6569	82.8871	47.6931	51.8807	114.422	111.278	129.774	110.038	107.804	121.721	
387	1	1	1	1	1	1	69.0826	74.2179	69.6409	78.6536	82.8845	47.6849	51.8774	114.414	111.273	129.754	110.033	107.798	121.715	
388	1	1	1	1	1	1	69.0762	74.2114	69.6377	78.6504	82.8819	47.6765	51.8741	114.407	111.267	129.735	110.028	107.791	121.709	
389	1	1	1	1	1	1	69.0697	74.2048	69.6345	78.647	82.8792	47.6681	51.8707	114.399	111.262	129.715	110.023	107.785	121.703	
390	1	1	1	1	1	1	69.0632	74.1981	69.6312	78.6437	82.8765	47.6595	51.8673	114.391	111.257	129.695	110.018	107.778	121.696	
391	1	1	1	1	1	1	69.0566	74.1914	69.6279	78.6403	82.8737	47.6508	51.8638	114.384	111.251	129.675	110.013	107.771	121.69	
392	1	1	1	1	1	1	69.0499	74.1845	69.6245	78.6368	82.8709	47.6421	51.8603	114.376	111.245	129.655	110.007	107.764	121.683	
393	1	1	1	1	1	1	69.0431	74.1776	69.6211	78.6334	82.8681	47.6332	51.8568	114.368	111.24	129.634	110.002	107.758	121.677	
394	1	1	1	1	1	1	69.0363	74.1707	69.6177	78.6298	82.8653	47.6242	51.8532	114.36	111.234	129.613	109.997	107.751	121.67	
395	1	1	1	1	1	1	69.0294	74.1636	69.6143	78.6263	82.8624	47.6151	51.8496	114.351	111.228	129.592	109.991	107.744	121.663	
396	1	1	1	1	1	1	69.0224	74.1565	69.6108	78.6227	82.8595	47.6059	51.846	114.343	111.222	129.57	109.986	107.736	121.657	
397	1	1	1	1	1	1	69.0154	74.1492	69.6073	78.6191	82.8566	47.5965	51.8423	114.335	111.216	129.549	109.98	107.729	121.65	
398	1	1	1	1	1	1	69.0082	74.1419	69.6037	78.6154	82.8536	47.5871	51.8386	114.326	111.21	129.527	109.975	107.722	121.643	
399	1	1	1	1	1	1	69.001	74.1345	69.6001	78.6117	82.8506	47.5775	51.8348	114.318	111.204	129.505	109.969	107.715	121.636	
400	1	1	1	1	1	1	68.9937	74.127	69.5965	78.6079	82.8475	47.5678	51.831	114.309	111.198	129.482	109.964	107.707	121.629	
401	1	1	1	1	1	1	68.9863	74.1194	69.5928	78.6042	82.8445	47.558	51.8271	114.3	111.192	129.459	109.958	107.7	121.622	
402	1	1	1	1	1	1	68.9788	74.1117	69.5891	78.6003	82.8413	47.548	51.8232	114.291	111.186	129.436	109.952	107.692	121.614	
403	1	1	1	1	1	1	68.9713	74.104	69.5854	78.5964	82.8382	47.5379	51.8193	114.282	111.179	129.413	109.946	107.684	121.607	
404	1	1	1	1	1	1	68.9637	74.0961	69.5816	78.5925	82.835	47.5277	51.8153	114.273	111.173	129.39	109.94	107.676	121.6	
405	1	1	1	1	1	1	68.9559	74.0881	69.5778	78.5886	82.8318	47.5174	51.8113	114.264	111.166	129.366	109.934	107.668	121.592	
406	1	1	1	1	1	1	68.9481	74.0801	69.5739	78.5846	82.8285	47.5069	51.8072	114.255	111.16	129.342	109.928	107.66	121.584	
407	1	1	1	1	1	1	68.9402	74.0719	69.57	78.5805	82.8252	47.4963	51.803	114.245	111.153	129.317	109.922	107.652	121.577	
408	1	1	1	1	1	1	68.9322	74.0637	69.5661	78.5764	82.8219	47.4856	51.7989	114.236	111.146	129.292	109.916	107.644	121.569	
409	1	1	1	1	1	1	68.9241	74.0553	69.5621	78.5723	82.8185	47.4747	51.7947	114.226	111.139	129.267	109.909	107.636	121.561	
410	1	1	1	1	1	1	68.916	74.0469	69.5581	78.5681	82.8151	47.4637	51.7904	114.216	111.132	129.242	109.903	107.628	121.553	
411	1	1	1	1	1	1	68.9077	74.0383	69.5541	78.5638	82.8116	47.4525	51.7861	114.206	111.125	129.216	109.896	107.619	121.545	
412	1	1	1	1	1	1	68.8994	74.0296	69.55	78.5596	82.8081	47.4412	51.7817	114.196	111.118	129.19	109.89	107.61	121.537	
413	1	1	1	1	1	1	68.8909	74.0209	69.5458	78.5552	82.8045	47.4297	51.7773	114.186	111.111	129.164	109.883	107.602	121.529	
414	1	1	1	1	1	1	68.8823	74.012	69.5417	78.5509	82.801	47.4181	51.7728	114.176	111.104	129.138	109.877	107.593	121.52	
415	1	1	1	1	1	1	68.8737	74.003	69.5374	78.5464	82.7973	47.4064	51.7683	114.166	111.097	129.111	109.87	107.584	121.512	
416	1	1	1	1	1	1	68.8649	73.9939	69.5332	78.542	82.7937	47.3944	51.7637	114.155	111.089	129.083	109.863	107.575	121.503	
417	1	1	1	1	1	1	68.8561	73.9847	69.5289	78.5374	82.7899	47.3824	51.7591	114.144	111.082	129.056	109.856	107.566	121.495	
418	1	1	1	1	1	1	68.8471	73.9754	69.5245	78.5329	82.7862	47.3701	51.7545	114.134	111.074	129.028	109.849	107.557	121.486	
419	1	1	1	1	1	1	68.8381	73.9659	69.5202	78.5282	82.7824	47.3577	51.7497	114.123	111.066	129	109.842	107.547	121.477	
420	1	1	1	1	1	1	68.8289	73.9564	69.5157	78.5235	82.7785	47.3452	51.745	114.112	111.059	128.971	109.835	107.538	121.468	
421	1	1	1	1	1	1	68.8197	73.9467	69.5113	78.5188	82.7746	47.3324	51.7401	114.101	111.051	128.942	109.828	107.528	121.459	
422	1	1	1	1	1	1	68.8103	73.9369	69.5067	78.514	82.7707	47.3195	51.7352	114.089	111.043	128.913	109.821	107.519	121.45	
423	1	1	1	1	1	1	68.8008	73.927	69.5022	78.5092	82.7667	47.3065	51.7303	114.078	111.035	128.883	109.813	107.509	121.441	
424	1	1	1	1	1	1	68.7912	73.917	69.4976	78.5043	82.7626	47.2932	51.7253	114.066	111.026	128.853	109.806	107.499	121.431	
425	1	1	1	1	1	1	68.7815	73.9068	69.4929	78.4993	82.7585	47.2798	51.7202	114.055	111.018	128.822	109.799	107.489	121.422	
426	1	1	1	1	1	1	68.7717	73.8965	69.4882	78.4943	82.7544	47.2662	51.7151	114.043	111.01	128.792	109.791	107.479	121.412	
427	1	1	1	1	1	1	68.7618	73.8861	69.4835	78.4893	82.7502	47.2524	51.7099	114.031	111.001	128.76	109.783	107.468	121.402	
428	1	1	1	1	1	1	68.7517	73.8755	69.4787	78.4842	82.746	47.2384	51.7047	114.018	110.993	128.729	109.776	107.458	121.392	
429	1	1	1	1	1	1	68.7416	73.8648	69.4738	78.479	82.7417	47.2242	51.6994	114.006	110.984	128.697	109.768	107.448	121.382	
430	1	1	1	1	1	1	68.7313	73.854	69.469	78.4737	82.7373	47.2098	51.694	113.994	110.975	128.664	109.76	107.437	121.372	
431	1	1	1	1	1	1	68.7209	73.8431	69.464	78.4684	82.7329	47.1953	51.6886	113.981	110.966	128.631	109.752	107.426	121.362	
432	1	1	1	1	1	1	68.7104	73.832	69.459	78.4631	82.7285	47.1805	51.6831	113.968	110.957	128.598	109.744	107.415	121.352	
433	1	1	1	1	1	1	68.6997	73.8207	69.454	78.4577	82.724	47.1655	51.6776	113.955	110.948	128.564	109.735	107.404	121.341	
434	1	1	1	1	1	1	68.6889	73.8093	69.4489	78.4522	82.7194	47.1503	51.672	113.942	110.939	128.53	109.727	107.393	121.331	
435	1	1	1	1	1	1	68.678	73.7978	69.4438	78.4466	82.7148	47.1349	51.6663	113.929	110.93	128.496	109.719	107.382	121.32	
436	1	1	1	1	1	1	68.667	73.7861	69.4386	78.441	82.7101	47.1193	51.6605	113.915	110.92	128.461	109.71	107.37	121.309	
437	1	1	1	1	1	1	68.6559	73.7743	69.4334	78.4354	82.7054	47.1035	51.6547	113.902	110.911	128.425	109.702	107.358	121.298	
438	1	1	1	1	1	1	68.6446	73.7623	69.4281	78.4296	82.7006	47.0875	51.6488	113.888	110.901	128.389	109.693	107.347	121.287	
439	1	1	1	1	1	1	68.6331	73.7502	69.4227	78.4238	82.6958	47.0712	51.6429	113.874	110.891	128.353	109.684	107.335	121.276	
440	1	1	1	1	1	1	68.6216	73.7379	69.4173	78.418	82.6909	47.0547	51.6369	113.86	110.881	128.316	109.675	107.323	121.264	
441	1	1	1	1	1	1	68.6099	73.7254	69.4119	78.412	82.6859	47.038	51.6308	113.846	110.871	128.279	109.666	107.31	121.253	
442	1	1	1	1	1	1	68.5981	73.7128	69.4064	78.406	82.6809	47.021	51.6246	113.831	110.861	128.241	109.657	107.298	121.241	
443	1	1	1	1	1	1	68.5861	73.7	69.4009	78.3999	82.6758	47.0038	51.6184	113.816	110.85	128.203	109.648	107.286	121.229	
444	1	1	1	1	1	1	68.574	73.6871	69.3953	78.3938	82.6706	46.9863	51.6121	113.802	110.84	128.164	109.639	107.273	121.217	
445	1	1	1	1	1	1	68.5617	73.6739	69.3896	78.3876	82.6654	46.9686	51.6057	113.786	110.829	128.124	109.63	107.26	121.205	
446	1	1	1	1	1	1	68.5493	73.6606	69.3839	78.3813	82.6601	46.9507	51.5992	113.771	110.819	128.085	109.62	107.247	121.193	
447	1	1	1	1	1	1	68.5367	73.6472	69.3781	78.3749	82.6548	46.9325	51.5927	113.756	110.808	128.044	109.611	107.234	121.181	
448	1	1	1	1	1	1	68.524	73.6335	69.3723	78.3685	82.6493	46.914	51.5861	113.74	110.797	128.003	109.601	107.22	121.168	
449	1	1	1	1	1	1	68.5111	73.6197	69.3664	78.362	82.6439	46.8952	51.5794	113.724	110.786	127.962	109.591	107.207	121.155	
450	1	1	1	1	1	1	68.4981	73.6057	69.3605	78.3554	82.6383	46.8762	51.5726	113.708	110.774	127.92	109.581	107.193	121.142	
451	1	1	1	1	1	1	68.4849	73.5915	69.3545	78.3487	82.6327	46.8569	51.5658	113.692	110.763	127.877	109.571	107.179	121.129	
452	1	1	1	1	1	1	68.4716	73.5771	69.3484	78.342	82.627	46.8373	51.5589	113.675	110.751	127.834	109.561	107.165	121.116	
453	1	1	1	1	1	1	68.4581	73.5625	69.3423	78.3352	82.6212	46.8175	51.5519	113.658	110.739	127.79	109.551	107.151	121.103	
454	1	1	1	1	1	1	68.4444	73.5478	69.3361	78.3283	82.6154	46.7973	51.5448	113.642	110.728	127.746	109.54	107.137	121.089	
455	1	1	1	1	1	1	68.4306	73.5328	69.3299	78.3213	82.6095	46.7768	51.5376	113.624	110.715	127.701	109.53	107.122	121.075	
456	1	1	1	1	1	1	68.4166	73.5176	69.3236	78.3142	82.6035	46.7561	51.5303	113.607	110.703	127.655	109.519	107.107	121.062	
457	1	1	1	1	1	1	68.4024	73.5022	69.3173	78.3071	82.5974	46.735	51.523	113.589	110.691	127.609	109.509	107.092	121.047	
458	1	1	1	1	1	1	68.388	73.4866	69.3108	78.2999	82.5913	46.7136	51.5155	113.571	110.678	127.562	109.498	107.077	121.033	
459	1	1	1	1	1	1	68.3735	73.4708	69.3044	78.2926	82.5851	46.6919	51.508	113.553	110.666	127.515	109.487	107.062	121.019	
460	1	1	1	1	1	1	68.3588	73.4548	69.2978	78.2852	82.5788	46.6699	51.5004	113.535	110.653	127.467	109.476	107.046	121.004	
461	1	1	1	1	1	1	68.3439	73.4386	69.2912	78.2777	82.5724	46.6475	51.4927	113.516	110.64	127.418	109.465	107.03	120.989	
462	1	1	1	1	1	1	68.3288	73.4221	69.2846	78.2701	82.5659	46.6248	51.4849	113.497	110.627	127.368	109.453	107.014	120.974	
463	1	1	1	1	1	1	68.3136	73.4054	69.2779	78.2624	82.5594	46.6018	51.477	113.478	110.613	127.318	109.442	106.998	120.959	
464	1	1	1	1	1	1	68.2981	73.3885	69.2711	78.2547	82.5527	46.5784	51.469	113.459	110.6	127.267	109.43	106.982	120.944	
465	1	1	1	1	1	1	68.2825	73.3714	69.2642	78.2468	82.546	46.5546	51.4609	113.439	110.586	127.216	109.419	106.965	120.928	
466	1	1	1	1	1	1	68.2666	73.354	69.2573	78.2389	82.5392	46.5305	51.4527	113.419	110.572	127.163	109.407	106.948	120.912	
467	1	1	1	1	1	1	68.2506	73.3364	69.2503	78.2308	82.5323	46.506	51.4444	113.399	110.558	127.11	109.395	106.931	120.896	
468	1	1	1	1	1	1	68.2343	73.3185	69.2433	78.2227	82.5254	46.4811	51.436	113.379	110.543	127.057	109.383	106.914	120.88	
469	1	1	1	1	1	1	68.2179	73.3004	69.2362	78.2145	82.5183	46.4558	51.4275	113.358	110.529	127.002	109.37	106.896	120.864	
470	1	1	1	1	1	1	68.2012	73.282	69.229	78.2061	82.5111	46.4302	51.419	113.337	110.514	126.947	109.358	106.879	120.847	
471	1	1	1	1	1	1	68.1844	73.2634	69.2218	78.1977	82.5039	46.4041	51.4103	113.316	110.499	126.89	109.346	106.861	120.83	
472	1	1	1	1	1	1	68.1673	73.2445	69.2145	78.1892	82.4965	46.3777	51.4015	113.294	110.484	126.833	109.333	106.842	120.813	
473	1	1	1	1	1	1	68.15	73.2253	69.2071	78.1805	82.4891	46.3508	51.3926	113.272	110.469	126.776	109.32	106.824	120.796	
474	1	1	1	1	1	1	68.1325	73.2059	69.1997	78.1718	82.4816	46.3235	51.3836	113.25	110.453	126.717	109.307	106.805	120.778	
475	1	1	1	1	1	1	68.1148	73.1861	69.1922	78.1629	82.4739	46.2957	51.3744	113.227	110.438	126.657	109.294	106.786	120.761	
476	1	1	1	1	1	1	68.0968	73.1662	69.1846	78.154	82.4662	46.2675	51.3652	113.204	110.422	126.597	109.281	106.767	120.743	
477	1	1	1	1	1	1	68.0786	73.1459	69.1769	78.1449	82.4583	46.2389	51.3558	113.181	110.406	126.536	109.268	106.747	120.724	
478	1	1	1	1	1	1	68.0602	73.1253	69.1692	78.1357	82.4504	46.2098	51.3464	113.157	110.389	126.474	109.254	106.728	120.706	
479	1	1	1	1	1	1	68.0415	73.1044	69.1614	78.1265	82.4424	46.1802	51.3368	113.134	110.372	126.41	109.24	106.707	120.687	
480	1	1	1	1	1	1	68.0226	73.0833	69.1536	78.1171	82.4342	46.1501	51.3271	113.109	110.356	126.346	109.227	106.687	120.668	
481	1	1	1	1	1	1	68.0034	73.0618	69.1457	78.1076	82.4259	46.1196	51.3173	113.085	110.339	126.281	109.213	106.666	120.649	
482	1	1	1	1	1	1	67.984	73.04	69.1377	78.0979	82.4176	46.0886	51.3074	113.06	110.321	126.215	109.198	106.646	120.63	
483	1	1	1	1	1	1	67.9643	73.0179	69.1296	78.0882	82.4091	46.057	51.2973	113.034	110.304	126.148	109.184	106.624	120.61	
484	1	1	1	1	1	1	67.9444	72.9955	69.1215	78.0783	82.4005	46.0249	51.2871	113.009	110.286	126.08	109.17	106.603	120.59	
485	1	1	1	1	1	1	67.9242	72.9727	69.1133	78.0683	82.3918	45.9923	51.2768	112.983	110.268	126.011	109.155	106.581	120.57	
486	1	1	1	1	1	1	67.9038	72.9496	69.105	78.0582	82.383	45.9592	51.2664	112.956	110.249	125.941	109.14	106.559	120.549	
487	1	1	1	1	1	1	67.8831	72.9262	69.0966	78.048	82.3741	45.9254	51.2559	112.929	110.231	125.87	109.126	106.536	120.528	
488	1	1	1	1	1	1	67.8621	72.9024	69.0882	78.0376	82.365	45.8912	51.2452	112.902	110.212	125.798	109.11	106.514	120.507	
489	1	1	1	1	1	1	67.8408	72.8782	69.0797	78.0271	82.3558	45.8563	51.2344	112.874	110.193	125.724	109.095	106.491	120.486	
490	1	1	1	1	1	1	67.8193	72.8537	69.0712	78.0165	82.3465	45.8209	51.2234	112.846	110.173	125.65	109.08	106.467	120.464	
491	1	1	1	1	1	1	67.7974	72.8289	69.0625	78.0058	82.3371	45.7848	51.2123	112.818	110.153	125.574	109.064	106.443	120.442	
492	1	1	1	1	1	1	67.7753	72.8036	69.0538	77.9949	82.3276	45.7481	51.2011	112.789	110.133	125.497	109.049	106.419	120.42	
493	1	1	1	1	1	1	68.0832	73.1384	69.3756	78.3093	82.6791	46.0477	51.5576	112.79	110.149	125.414	109.072	106.442	120.406	
494	1	1	1	1	1	1	68.0592	73.1118	69.3659	78.2969	82.6682	46.0102	51.5442	112.757	110.127	125.337	109.053	106.415	120.382	
495	1	1	1	1	1	1	68.0355	73.0851	69.3565	78.2851	82.6578	45.9714	51.532	112.726	110.106	125.257	109.037	106.389	120.359	
496	1	1	1	1	1	1	68.0116	73.0578	69.3471	78.2732	82.6473	45.9317	51.5197	112.695	110.084	125.176	109.02	106.363	120.335	
497	1	1	1	1	1	1	67.9875	73.0302	69.3376	78.2611	82.6366	45.8913	51.5072	112.664	110.063	125.093	109.003	106.337	120.311	
498	1	1	1	1	1	1	67.963	73.002	69.3281	78.249	82.6258	45.8502	51.4945	112.632	110.041	125.008	108.986	106.311	120.287	
499	1	1	1	1	1	1	67.9382	72.9735	69.3184	78.2366	82.6148	45.8083	51.4817	112.6	110.018	124.922	108.969	106.284	120.262	
500	1	1	1	1	1	1	67.9131	72.9445	69.3087	78.2241	82.6037	45.7657	51.4687	112.567	109.996	124.835	108.952	106.257	120.237	
501	1	1	1	1	1	1	67.8876	72.9151	69.2989	78.2115	82.5924	45.7224	51.4556	112.534	109.973	124.746	108.934	106.23	120.212	
502	1	1	1	1	1	1	67.8617	72.8852	69.2891	78.1987	82.581	45.6782	51.4423	112.5	109.949	124.656	108.917	106.202	120.186	
503	1	1	1	1	1	1	67.8355	72.8549	69.2791	78.1857	82.5695	45.6332	51.4288	112.466	109.926	124.564	108.899	106.173	120.16	
504	1	1	1	1	1	1	67.8089	72.8241	69.2691	78.1726	82.5577	45.5875	51.4152	112.431	109.902	124.471	108.881	106.145	120.134	
505	1	1	1	1	1	1	67.782	72.7928	69.259	78.1593	82.5459	45.5409	51.4014	112.395	109.877	124.376	108.863	106.115	120.107	
506	1	1	1	1	1	1	67.7546	72.761	69.2488	78.1458	82.5338	45.4934	51.3874	112.359	109.852	124.28	108.845	106.086	120.08	
507	1	1	1	1	1	1	67.7269	72.7287	69.2386	78.1322	82.5216	45.445	51.3733	112.322	109.827	124.182	108.826	106.056	120.052	
508	1	1	1	1	1	1	67.6988	72.6959	69.2283	78.1184	82.5093	45.3958	51.359	112.285	109.802	124.082	108.807	106.025	120.024	
509	1	1	1	1	1	1	67.6703	72.6626	69.2179	78.1044	82.4968	45.3456	51.3446	112.247	109.776	123.98	108.788	105.994	119.996	
510	1	1	1	1	1	1	67.6413	72.6288	69.2074	78.0902	82.4841	45.2945	51.3299	112.209	109.749	123.877	108.769	105.963	119.967	
511	1	1	1	1	1	1	67.612	72.5944	69.1969	78.0759	82.4712	45.2425	51.3151	112.17	109.722	123.772	108.75	105.931	119.938	
512	1	1	1	1	1	1	67.5822	72.5595	69.1863	78.0614	82.4582	45.1894	51.3001	112.13	109.695	123.665	108.731	105.898	119.909	
513	1	1	1	1	1	1	67.552	72.524	69.1756	78.0466	82.445	45.1353	51.2849	112.089	109.667	123.556	108.711	105.865	119.879	
514	1	1	1	1	1	1	67.5213	72.4879	69.1648	78.0317	82.4316	45.0802	51.2696	112.048	109.639	123.445	108.691	105.832	119.848	
515	1	1	1	1	1	1	67.4902	72.4513	69.154	78.0166	82.4181	45.0241	51.2541	112.006	109.611	123.332	108.671	105.798	119.818	
516	1	1	1	1	1	1	67.4586	72.4141	69.1432	78.0013	82.4044	44.9668	51.2383	111.964	109.582	123.217	108.651	105.763	119.786	
517	1	1	1	1	1	1	67.4265	72.3763	69.1322	77.9859	82.3905	44.9084	51.2224	111.92	109.552	123.1	108.631	105.728	119.755	
518	1	1	1	1	1	1	67.394	72.3378	69.1212	77.9702	82.3764	44.8488	51.2064	111.876	109.522	122.98	108.61	105.693	119.722	
519	1	1	1	1	1	1	67.361	72.2987	69.1102	77.9543	82.3622	44.7881	51.1901	111.831	109.492	122.859	108.59	105.657	119.69	
520	1	1	1	1	1	1	67.3274	72.259	69.099	77.9382	82.3477	44.7262	51.1737	111.786	109.46	122.735	108.569	105.62	119.657	
521	1	1	1	1	1	1	67.2934	72.2187	69.0879	77.9219	82.3331	44.663	51.157	111.739	109.429	122.608	108.548	105.583	119.623	
522	1	1	1	1	1	1	67.2588	72.1777	69.0766	77.9054	82.3183	44.5985	51.1402	111.692	109.397	122.48	108.527	105.545	119.589	
523	1	1	1	1	1	1	67.2237	72.136	69.0654	77.8887	82.3033	44.5328	51.1232	111.644	109.364	122.348	108.505	105.506	119.554	
524	1	1	1	1	1	1	67.1881	72.0936	69.054	77.8717	82.2881	44.4657	51.106	111.595	109.331	122.215	108.484	105.467	119.519	
525	1	1	1	1	1	1	67.1518	72.0506	69.0427	77.8546	82.2727	44.3972	51.0886	111.545	109.297	122.078	108.462	105.428	119.483	
526	1	1	1	1	1	1	67.115	72.0068	69.0312	77.8372	82.2572	44.3272	51.071	111.494	109.263	121.939	108.44	105.387	119.447	
527	1	1	1	1	1	1	67.0777	71.9623	69.0198	77.8196	82.2414	44.2559	51.0533	111.442	109.228	121.797	108.418	105.347	119.411	
528	1	1	1	1	1	1	67.0397	71.9171	69.0083	77.8017	82.2255	44.183	51.0354	111.389	109.193	121.652	108.396	105.305	119.373	
529	1	1	1	1	1	1	67.0011	71.8711	68.9968	77.7837	82.2094	44.1085	51.0172	111.335	109.156	121.504	108.374	105.263	119.336	
530	1	1	1	1	1	1	66.9619	71.8243	68.9852	77.7654	82.193	44.0325	50.9989	111.28	109.12	121.353	108.352	105.22	119.297	
531	1	1	1	1	1	1	66.922	71.7768	68.9736	77.7469	82.1765	43.9548	50.9804	111.224	109.082	121.199	108.329	105.176	119.258	
532	1	1	1	1	1	1	66.8815	71.7285	68.962	77.7281	82.1598	43.8755	50.9618	111.167	109.044	121.042	108.307	105.132	119.219	
533	1	1	1	1	1	1	66.8403	71.6794	68.9504	77.7091	82.143	43.7944	50.9429	111.109	109.005	120.881	108.284	105.087	119.179	
534	1	1	1	1	1	1	66.7984	71.6294	68.9388	77.6898	82.1259	43.7115	50.9239	111.05	108.966	120.717	108.262	105.041	119.138	
535	1	1	1	1	1	1	66.7558	71.5787	68.9272	77.6703	82.1086	43.6267	50.9048	110.99	108.925	120.549	108.239	104.995	119.097	
536	1	1	1	1	1	1	66.7124	71.5271	68.9156	77.6506	82.0912	43.5401	50.8854	110.928	108.885	120.377	108.216	104.948	119.055	
537	1	1	1	1	1	1	66.6683	71.4746	68.9039	77.6306	82.0736	43.4515	50.8659	110.865	108.843	120.202	108.193	104.9	119.013	
538	1	1	1	1	1	1	66.6234	71.4213	68.8924	77.6104	82.0558	43.3608	50.8463	110.801	108.8	120.022	108.17	104.851	118.97	
539	1	1	1	1	1	1	66.5777	71.3671	68.8808	77.5898	82.0378	43.2681	50.8265	110.735	108.757	119.839	108.147	104.801	118.926	
540	1	1	1	1	1	1	66.5312	71.312	68.8693	77.5691	82.0197	43.1732	50.8065	110.668	108.713	119.651	108.124	104.751	118.882	
541	1	1	1	1	1	1	66.4838	71.256	68.8578	77.548	82.0014	43.0761	50.7864	110.6	108.668	119.458	108.102	104.7	118.837	
542	1	1	1	1	1	1	66.4356	71.199	68.8463	77.5268	81.9829	42.9767	50.7663	110.53	108.622	119.261	108.079	104.648	118.791	
543	1	1	1	1	1	1	66.3864	71.1412	68.835	77.5052	81.9643	42.8749	50.746	110.459	108.575	119.059	108.056	104.595	118.745	
544	1	1	1	1	1	1	66.3364	71.0824	68.8237	77.4834	81.9455	42.7706	50.7256	110.386	108.528	118.852	108.033	104.541	118.698	
545	1	1	1	1	1	1	66.2853	71.0226	68.8125	77.4613	81.9266	42.6638	50.7051	110.311	108.479	118.64	108.011	104.487	118.651	
546	1	1	1	1	1	1	65.5952	70.6232	68.2717	77.1387	82.023	43.9847	50.9195	110.263	107.626	124.861	106.671	103.685	114.611	
547	1	1	1	1	1	1	65.8718	71.0862	68.5122	77.2054	81.9072	43.3627	50.8361	110.304	108.153	120.75	107.374	104.047	117.225	
548	1	1	1	1	1	1	65.9988	70.9222	68.6728	77.2936	81.8677	42.8487	50.7055	110.18	108.277	119.083	107.674	104.178	118.033	
549	1	1	1	1	1	1	66.0209	70.7995	68.7296	77.325	81.8395	42.4908	50.6342	110.055	108.27	118.256	107.791	104.198	118.281	
550	1	1	1	1	1	1	65.3085	70.3099	68.1807	77.0085	81.957	43.7424	50.8793	109.98	107.39	124.461	106.454	103.388	114.13	
551	1	1	1	1	1	1	65.6123	70.8293	68.4397	77.0859	81.8244	43.0398	50.7595	110.009	107.925	120.157	107.191	103.761	116.86	
552	1	1	1	1	1	1	65.7516	70.6609	68.6153	77.183	81.783	42.4679	50.62	109.867	108.057	118.332	107.526	103.908	117.743	
553	1	1	1	1	1	1	65.7785	70.5309	68.6809	77.2202	81.7547	42.0617	50.5447	109.726	108.049	117.392	107.668	103.937	118.032	
554	1	1	1	1	1	1	64.9986	69.9797	68.0863	76.8741	81.8833	43.4558	50.8158	109.648	107.138	123.863	106.278	103.088	113.671	
555	1	1	1	1	1	1	65.3317	70.5546	68.3698	76.9641	81.7411	42.6464	50.6775	109.674	107.677	119.434	107.019	103.458	116.483	
556	1	1	1	1	1	1	65.4816	70.3816	68.5602	77.0681	81.6974	42.0294	50.531	109.519	107.815	117.475	107.382	103.617	117.435	
557	1	1	1	1	1	1	65.5126	70.2442	68.6351	77.1103	81.6687	41.58	50.4529	109.361	107.808	116.424	107.547	103.655	117.764	
558	1	1	1	1	1	1	64.6568	69.6203	67.9905	76.7307	81.8073	43.1483	50.7479	109.281	106.864	123.185	106.099	102.765	113.176	
559	1	1	1	1	1	1	65.0222	70.2584	68.3012	76.8352	81.6559	42.2114	50.5925	109.305	107.407	118.63	106.841	103.128	116.072	
560	1	1	1	1	1	1	65.183	70.0818	68.5078	76.9467	81.61	41.5459	50.439	109.134	107.552	116.525	107.235	103.301	117.097	
561	1	1	1	1	1	1	64.359	69.2733	67.9203	76.611	81.7711	42.9292	50.7498	109.02	106.62	122.971	105.844	102.443	112.564	
562	1	1	1	1	1	1	65.2167	70.5598	67.1622	76.5856	80.9221	40.7956	46.4343	108.375	106.341	117.096	105.51	102.296	114.79	
563	1	1	1	1	1	1	64.8419	70.2913	67.7662	76.6753	81.0735	41.0402	48.7755	108.661	107.099	115.287	106.698	102.967	116.326	
564	1	1	1	1	1	1	64.052	69.1225	67.5213	76.3772	81.4759	42.6775	49.9644	108.665	106.296	122.178	105.503	102.143	111.982	
565	1	1	1	1	1	1	64.487	69.8756	68.0337	76.556	81.4099	41.5801	50.0994	108.72	106.925	117.366	106.417	102.553	115.186	
566	1	1	1	1	1	1	64.6816	69.6611	68.3543	76.7122	81.4179	40.8074	50.0987	108.522	107.109	114.992	106.938	102.765	116.424	
567	1	1	1	1	1	1	63.7441	68.6229	67.743	76.3468	81.6314	42.422	50.5592	108.384	106.132	121.798	105.498	101.846	111.586	
568	1	1	1	1	1	1	64.7254	70.1147	66.9589	76.3247	80.7125	39.9914	46.0106	107.722	105.8	115.594	105.094	101.697	113.935	
569	1	1	1	1	1	1	64.3089	69.8548	67.583	76.4203	80.8512	40.1558	48.4051	107.963	106.589	113.51	106.387	102.4	115.605	
570	1	1	1	1	1	1	63.3883	68.4381	67.3009	76.0778	81.2977	42.1142	49.705	107.949	105.745	120.817	105.137	101.506	110.923	
571	1	1	1	1	1	1	63.875	69.3506	67.891	76.2974	81.238	40.7443	49.856	108.001	106.389	115.763	106.075	101.906	114.302	
572	1	1	1	1	1	1	64.0813	69.1386	68.2656	76.4784	81.2605	39.8735	49.8781	107.766	106.591	113.098	106.675	102.15	115.703	
573	1	1	1	1	1	1	63.7219	68.7969	66.4594	75.8659	80.6677	40.2735	46.0211	106.996	104.627	119.21	103.782	100.58	109.692	
574	1	1	1	1	1	1	63.5158	69.5874	67.1682	75.9943	80.6735	39.9735	48.2836	107.431	105.822	114.265	105.48	101.494	113.334	
575	1	1	1	1	1	1	63.7615	69.2118	67.8453	76.2441	80.9133	39.1974	49.0053	107.303	106.205	111.673	106.376	101.846	114.992	
576	1	1	1	1	1	1	62.6266	67.531	67.3256	75.8271	81.2889	41.4997	49.9454	107.163	105.199	119.297	104.909	100.809	109.724	
577	1	1	1	1	1	1	63.1384	68.6945	67.8934	76.0602	81.1595	39.7589	49.8625	107.149	105.792	113.87	105.784	101.164	113.291	
578	1	1	1	1	1	1	64.1663	69.4699	67.0225	76.039	80.2838	37.2116	45.2074	106.312	105.073	109.401	105.099	100.985	113.933	
579	1	1	1	1	1	1	62.2083	67.4734	66.5321	75.426	80.6499	40.9189	48.1558	106.41	104.485	117.919	104.234	100.298	108.85	
580	1	1	1	1	1	1	62.7134	68.6104	67.4082	75.7551	80.7545	39.043	48.9612	106.565	105.291	112.427	105.377	100.747	112.494	
581	1	1	1	1	1	1	61.729	66.3376	67.185	75.522	81.2339	40.9097	49.8888	106.397	104.427	118.956	104.099	99.8197	107.407	
582	1	1	1	1	1	1	62.2757	67.9982	67.7722	75.7437	81.0246	39.0763	49.7018	106.344	105.094	112.757	105.164	100.25	111.635	
583	1	1	1	1	1	1	63.4559	68.9233	66.8751	75.7094	80.077	36.3131	44.8297	105.501	104.363	107.573	104.585	100.182	112.644	
584	1	1	1	1	1	1	61.3383	66.5027	66.3364	75.0675	80.4475	40.3087	47.819	105.48	103.74	116.227	103.732	99.4464	107.18	
585	1	1	1	1	1	1	61.8557	67.9957	67.2805	75.435	80.5637	38.0075	48.6418	105.597	104.565	110.286	104.943	99.8978	111.098	
586	1	1	1	1	1	1	60.7079	65.2451	67.0651	75.1877	81.0973	40.2806	49.6295	105.358	103.66	117.097	103.624	98.9053	105.522	
587	1	1	1	1	1	1	63.7966	67.7419	68.2086	76.2435	81.5648	39.6568	46.7569	106.371	104.815	110.998	105.088	100.421	110.384	
588	1	1	1	1	1	1	62.6991	67.5233	68.1872	76.0753	81.0561	37.6939	48.023	105.53	104.959	106.589	105.864	100.53	112.19	
589	1	1	1	1	1	1	61.8171	65.8397	65.9262	74.9774	80.1152	38.6601	44.4404	104.466	102.478	113.149	102.518	98.4662	104.62	
590	1	1	1	1	1	1	61.3903	67.8939	66.6471	75.0604	80.0372	36.674	46.9571	104.698	103.618	106.877	104.332	99.2023	108.86	
591	1	1	1	1	1	1	59.9825	64.0794	66.5795	74.7158	80.6748	39.7011	48.6166	104.353	102.691	114.287	103.086	98.0604	102.755	
592	1	1	1	1	1	1	60.4676	66.7947	67.4443	75.0289	80.6132	36.6104	48.7561	104.196	103.371	107.178	104.262	98.3926	107.652	
593	1	1	1	1	1	1	61.7935	63.2164	67.7181	75.5602	81.7906	41.0907	46.9791	105.032	102.816	114.67	103.197	98.4465	101.297	
594	1	1	1	1	1	1	60.9941	66.2512	67.7876	75.3736	80.988	37.3635	47.8705	104.385	103.31	106.75	104.146	98.5342	106.091	
595	1	1	1	1	1	1	61.9766	67.6286	66.7099	75.1007	79.7286	33.3484	43.4062	103.235	102.335	99.7401	103.797	98.3647	107.709	
596	1	1	1	1	1	1	59.1445	63.0792	66.004	74.1442	79.9693	38.9036	46.6669	102.64	101.366	109.201	102.797	97.1455	100.315	
597	1	1	1	1	1	1	59.4268	66.4176	67.1246	74.5492	80.203	34.4574	47.7528	102.483	102.108	101.366	104.067	97.4178	105.143	
598	1	1	1	1	1	1	60.6267	61.4859	67.4844	75.0083	81.4635	40.3046	46.0898	103.292	101.352	109.776	102.981	97.3229	97.3597	
599	1	1	1	1	1	1	59.7303	65.5631	67.7864	74.913	80.8832	35.1486	47.4325	102.563	101.877	100.793	103.984	97.3317	102.472	
600	1	1	1	1	1	1	58.5059	66.7995	65.5888	73.8635	79.3374	36.9059	42.3995	102.962	101.171	109.118	82.1149	96.5763	103.35	
601	1	1	1	1	1	1	58.0939	66.9431	66.3141	73.7667	79.594	34.164	46.3901	102.35	101.888	100.581	93.2226	96.5355	105.237	
602	1	1	1	1	1	1	59.463	61.1352	66.844	74.2588	80.8393	39.9186	44.9499	102.746	100.636	108.298	96.5375	95.9165	96.0221	
603	1	1	1	1	1	1	58.6693	65.4313	67.7616	74.5494	80.7909	34.3461	46.9666	101.626	100.992	98.2837	99.8885	95.6975	100.471	
604	1	1	1	1	1	1	54.6495	64.8889	67.2631	74.4062	80.9095	38.972	46.5892	79.8694	100.984	105.22	102.239	94.0249	102.486	
605	1	1	1	1	1	1	57.2833	66.7784	66.2562	73.3818	79.2803	30.3519	43.2182	87.1169	99.5096	92.2621	102.654	93.6447	103.007	
606	1	1	1	1	1	1	57.7156	59.8828	66.8242	73.6607	80.4049	38.613	43.293	90.9757	98.2529	101.229	102.267	93.2007	91.9102	
607	1	1	1	1	1	1	54.7244	63.7403	66.8027	73.1178	79.7516	38.8254	43.6872	93.5256	99.0199	105.879	82.1518	92.1792	95.0488	
608	1	1	1	1	1	1	54.0212	64.7639	67.0616	74.6656	81.3945	30.5108	46.7305	94.8949	99.2838	92.6259	91.2494	92.1634	96.0341	
609	1	1	1	1	1	1	53.4487	64.2478	66.3815	72.6905	79.9642	36.7096	45.7784	93.0299	89.9628	99.2147	95.5797	89.5511	95.0325	
610	1	1	1	1	1	1	56.554	65.7489	68.1752	74.1623	81.5108	30.3995	44.4811	94.1454	93.1206	86.9344	99.1635	90.1232	95.691	
611	1	1	1	1	1	1	54.1124	66.1594	66.8025	72.3139	78.9534	34.9321	37.7173	93.8752	93.2951	94.8305	75.6511	87.4681	93.1576	
612	1	1	1	1	1	1	52.6169	67.2269	67.64	72.0117	79.3648	27.713	44.2214	90.3714	94.9379	81.5464	87.0319	85.9385	92.8608	
613	1	1	1	1	1	1	53.943	66.9573	68.3286	70.3922	79.2232	37.217	41.2777	88.8431	86.2738	90.548	88.902	83.9723	89.7522	
614	1	1	1	1	1	1	50.9504	66.9151	69.6156	72.6549	80.8497	24.8112	44.8092	85.4984	91.9903	74.4119	91.2686	84.1257	88.4473	
615	1	1	1	1	1	1	52.8079	62.7238	66.995	71.1007	77.9721	35.2394	41.6435	82.8065	85.8803	85.6599	88.7227	80.2979	82.405	
616	1	1	1	1	1	1	51.8802	65.3791	67.0451	71.2455	75.0932	35.3524	32.6276	80.555	89.7029	86.0221	63.9158	79.3507	82.5053	
617	1	1	1	1	1	1	51.3753	59.5438	67.2099	68.7825	74.2975	37.9441	35.924	77.1222	86.3822	86.759	69.2814	78.1921	75.8613	
618	1	1	1	1	1	1	49.1537	63.2326	68.8259	73.2661	76.6101	23.2406	43.4553	72.5176	92.9905	68.4838	72.968	79.1811	78.3343	
619	1	1	1	1	1	1	51.846	63.8198	67.8182	68.3919	75.5983	32.8807	41.7731	72.6578	88.1877	79.4537	69.1116	77.7696	77.7016	
620	1	1	1	1	1	1	48.7981	64.4867	69.2272	67.3824	76.272	32.9928	43.7649	68.6881	87.4853	79.0362	68.9816	78.8369	77.7398	
621	1	1	1	1	1	1	50.7093	66.3226	68.561	64.9524	72.5681	32.2202	39.7996	69.0017	84.7458	77.2554	63.8051	77.5524	78.3828	
622	1	1	1	1	1	1	50.9702	64.3756	66.4849	65.085	71.2177	34.2682	41.8636	68.3309	84.5777	78.4318	64.693	75.4057	76.1576	
623	1	1	1	1	1	1	50.0639	66.3868	68.3833	63.9898	72.5562	35.4353	40.3226	67.0714	83.6583	79.1454	62.4392	76.9703	77.5937	
624	1	1	1	1	1	1	45.2527	66.2622	71.3411	63.3068	74.2767	32.6657	41.8291	62.3889	82.9746	76.4129	63.3364	79.6129	77.1617	
625	1	1	1	1	1	1	45.5855	56.8337	73.9079	62.372	74.0532	32.6053	38.9919	62.1124	81.9176	75.8507	60.1258	81.7185	67.86	
626	1	1	1	1	1	1	41.6893	53.5176	76.9079	61.1663	74.8172	28.3022	40.2176	57.7373	80.6826	71.3979	60.4715	84.217	64.4009	
627	1	1	1	1	1	1	43.7788	48.7345	70.2013	65.6649	71.9617	27.1763	40.7084	58.7615	86.3296	69.906	60.0857	75.1357	59.6718	
628	1	1	1	1	1	1	41.0149	43.0734	73.6912	59.2413	66.3898	22.3202	35.4999	55.4613	78.2931	64.5833	54.3634	80.2917	53.4669	
629	1	1	1	1	1	1	37.912	34.4298	73.4474	60.1656	65.0611	18.3529	36.226	51.3022	80.3318	60.1667	54.0232	77.5772	44.1806	
630	1	1	1	1	1	1	37.9185	28.979	75.2206	58.1812	63.0841	16.1622	33.7396	50.4683	77.1166	57.3153	51.109	80.6819	38.345	
631	1	1	1	1	1	1	36.2671	25.0913	73.6628	58.3218	60.5915	13.4166	30.2062	47.9438	78.1938	54.0281	46.8514	77.5229	33.4126	
632	1	1	1	1	1	1	36.5804	23.6614	73.6482	57.4385	59.3315	12.4212	26.4585	47.7534	76.3315	52.5882	43.0008	78.5257	31.5607	