
1	131.51
2	131.509
3	131.508
4	131.508
5	131.508
6	131.507
7	131.507
8	131.507
9	131.506
10	131.506
11	131.505
12	131.505
13	131.505
14	131.504
15	131.504
16	131.504
17	131.503
18	131.503
19	131.502
20	131.502
21	131.501
22	131.501
23	131.501
24	131.5
25	131.5
26	131.499
27	131.499
28	131.498
29	131.498
30	131.497
31	131.497
32	131.497
33	131.496
34	131.496
35	131.495
36	131.495
37	131.494
38	131.494
39	131.493
40	131.493
41	131.492
42	131.492
43	131.491
44	131.491
45	131.49
46	131.489
47	131.489
48	131.488
49	131.488
50	131.487
51	131.487
52	131.486
53	131.485
54	131.485
55	131.484
56	131.484
57	131.483
58	131.482
59	131.482
60	131.481
61	131.481
62	131.48
63	131.479
64	131.479
65	131.478
66	131.477
67	131.477
68	131.476
69	131.475
70	131.475
71	131.474
72	131.473
73	131.473
74	131.472
75	131.471
76	131.47
77	131.47
78	131.469
79	131.468
80	131.467
81	131.467
82	131.466
83	131.465
84	131.464
85	131.463
86	131.463
87	131.462
88	131.461
89	131.46
90	131.459
91	131.458
92	131.458
93	131.457
94	131.456
95	131.455
96	131.454
97	131.453
98	131.452
99	131.451
100	131.45
101	131.449
102	131.448
103	131.447
104	131.447
105	131.446
106	131.445
107	131.444
108	131.443
109	131.441
110	131.44
111	131.439
112	131.438
113	131.437
114	131.436
115	131.435
116	131.434
117	131.433
118	131.432
119	131.431
120	131.43
121	131.428
122	131.427
123	131.426
124	131.425
125	131.424
126	131.422
127	131.421
128	131.42
129	131.419
130	131.417
131	131.416
132	131.415
133	131.414
134	131.412
135	131.411
136	131.41
137	131.408
138	131.407
139	131.405
140	131.404
141	131.403
142	131.401
143	131.4
144	131.398
145	131.397
146	131.395
147	131.394
148	131.392
149	131.391
150	131.389
151	131.388
152	131.386
153	131.384
154	131.383
155	131.381
156	131.379
157	131.378
158	131.376
159	131.374
160	131.373
161	131.371
162	131.369
163	131.367
164	131.366
165	131.364
166	131.362
167	131.36
168	131.358
169	131.356
170	131.355
171	131.353
172	131.351
173	131.349
174	131.347
175	131.345
176	131.343
177	131.341
178	131.339
179	131.336
180	131.334
181	131.332
182	131.33
183	131.328
184	131.326
185	131.323
186	131.321
187	131.319
188	131.317
189	131.314
190	131.312
191	131.31
192	131.307
193	131.305
194	131.302
195	131.3
196	131.297
197	131.295
198	131.292
199	131.29
200	131.287
201	131.285
202	131.282
203	131.279
204	131.277
205	131.274
206	131.271
207	131.268
208	131.266
209	131.263
210	131.26
211	131.257
212	131.254
213	131.251
214	131.248
215	131.245
216	131.242
217	131.239
218	131.236
219	131.233
220	131.229
221	131.226
222	131.223
223	131.22
224	131.216
225	131.213
226	131.21
227	131.206
228	131.203
229	131.199
230	131.196
231	131.192
232	131.189
233	131.185
234	131.181
235	131.178
236	131.174
237	131.17
238	131.166
239	131.162
240	131.158
241	131.154
242	131.15
243	131.146
244	131.142
245	131.138
246	131.134
247	131.13
248	131.126
249	131.121
250	131.117
251	131.113
252	131.108
253	131.104
254	131.099
255	131.095
256	131.09
257	131.085
258	131.081
259	131.076
260	131.071
261	131.066
262	131.061
263	131.056
264	131.051
265	131.046
266	131.041
267	131.036
268	131.03
269	131.025
270	131.02
271	131.014
272	131.009
273	131.003
274	130.998
275	130.992
276	130.986
277	130.981
278	130.975
279	130.969
280	130.963
281	130.957
282	130.951
283	130.945
284	130.939
285	130.932
286	130.926
287	130.92
288	130.913
289	130.907
290	130.9
291	130.893
292	130.887
293	130.88
294	130.873
295	130.866
296	130.859
297	130.852
298	130.844
299	130.837
300	130.83
301	130.822
302	130.815
303	130.807
304	130.8
305	130.792
306	130.784
307	130.776
308	130.768
309	130.76
310	130.752
311	130.744
312	130.735
313	130.727
314	130.718
315	130.709
316	130.701
317	130.692
318	130.683
319	130.674
320	130.665
321	130.656
322	130.646
323	130.637
324	130.627
325	130.618
326	130.608
327	130.598
328	130.588
329	130.578
330	130.568
331	130.558
332	130.547
333	130.537
334	130.526
335	130.515
336	130.505
337	130.494
338	130.483
339	130.471
340	130.46
341	130.449
342	130.437
343	130.425
344	130.413
345	130.401
346	130.389
347	130.377
348	130.365
349	130.352
350	130.339
351	130.327
352	130.314
353	130.301
354	130.287
355	130.274
356	130.26
357	130.247
358	130.233
359	130.219
360	130.205
361	130.19
362	130.176
363	130.161
364	130.146
365	130.131
366	130.116
367	130.101
368	130.085
369	130.07
370	130.054
371	130.038
372	130.022
373	130.005
374	129.989
375	129.972
376	129.955
377	129.938
378	129.92
379	129.903
380	129.885
381	129.867
382	129.849
383	129.83
384	129.812
385	129.793
386	129.774
387	129.754
388	129.735
389	129.715
390	129.695
391	129.675
392	129.655
393	129.634
394	129.613
395	129.592
396	129.57
397	129.549
398	129.527
399	129.505
400	129.482
401	129.459
402	129.436
403	129.413
404	129.39
405	129.366
406	129.342
407	129.317
408	129.292
409	129.267
410	129.242
411	129.216
412	129.19
413	129.164
414	129.138
415	129.111
416	129.083
417	129.056
418	129.028
419	129
420	128.971
421	128.942
422	128.913
423	128.883
424	128.853
425	128.822
426	128.792
427	128.76
428	128.729
429	128.697
430	128.664
431	128.631
432	128.598
433	128.564
434	128.53
435	128.496
436	128.461
437	128.425
438	128.389
439	128.353
440	128.316
441	128.279
442	128.241
443	128.203
444	128.164
445	128.124
446	128.085
447	128.044
448	128.003
449	127.962
450	127.92
451	127.877
452	127.834
453	127.79
454	127.746
455	127.701
456	127.655
457	127.609
458	127.562
459	127.515
460	127.467
461	127.418
462	127.368
463	127.318
464	127.267
465	127.216
466	127.163
467	127.11
468	127.057
469	127.002
470	126.947
471	126.89
472	126.833
473	126.776
474	126.717
475	126.657
476	126.597
477	126.536
478	126.474
479	126.41
480	126.346
481	126.281
482	126.215
483	126.148
484	126.08
485	126.011
486	125.941
487	125.87
488	125.798
489	125.724
490	125.65
491	125.574
492	125.497
493	125.414
494	125.337
495	125.257
496	125.176
497	125.093
498	125.008
499	124.922
500	124.835
501	124.746
502	124.656
503	124.564
504	124.471
505	124.376
506	124.28
507	124.182
508	124.082
509	123.98
510	123.877
511	123.772
512	123.665
513	123.556
514	123.445
515	123.332
516	123.217
517	123.1
518	122.98
519	122.859
520	122.735
521	122.608
522	122.48
523	122.348
524	122.215
525	122.078
526	121.939
527	121.797
528	121.652
529	121.504
530	121.353
531	121.199
532	121.042
533	120.881
534	120.717
535	120.549
536	120.377
537	120.202
538	120.022
539	119.839
540	119.651
541	119.458
542	119.261
543	119.059
544	118.852
545	118.651
546	124.861
547	120.75
548	119.083
549	118.281
550	124.461
551	120.157
552	118.332
553	118.032
554	123.863
555	119.434
556	117.475
557	117.764
558	123.185
559	118.63
560	117.097
561	122.971
562	117.096
563	116.326
564	122.178
565	117.366
566	116.424
567	121.798
568	115.594
569	115.605
570	120.817
571	115.763
572	115.703
573	119.21
574	114.265
575	114.992
576	119.297
577	113.87
578	113.933
579	117.919
580	112.494
581	118.956
582	112.757
583	112.644
584	116.227
585	111.098
586	117.097
587	110.998
588	112.19
589	113.149
590	108.86
591	114.287
592	107.652
593	114.67
594	106.75
595	107.709
596	109.201
597	105.143
598	109.776
599	103.984
600	109.118
601	105.237
602	108.298
603	101.626
604	105.22
605	103.007
606	102.267
607	105.879
608	99.2838
609	99.2147
610	99.1635
611	94.8305
612	94.9379
613	90.548
614	91.9903
615	88.7227
616	89.7029
617	86.759
618	92.9905
619	88.1877
620	87.4853
621	84.7458
622	84.5777
623	83.6583
624	82.9746
625	81.9176
626	84.217
627	86.3296
628	80.2917
629	80.3318
630	80.6819
631	78.1938
632	78.5257