0 0 0 0 0 0 0 1 0 0 0 0 0 0 0 0 0 0 0
0 0 0 0 0 0 0 0 0 0 0 0 1 0 0 0 0 0 0
0 0 0 0 0 0 1 0 0 0 0 0 0 0 0 0 0 0 0
0 0 0 0 0 0 0 0 0 1 0 0 0 0 0 0 0 0 0
0 0 0 0 0 0 0 0 0 0 0 1 0 0 0 0 0 0 0
0 0 0 0 0 0 0 0 0 0 1 0 0 0 0 0 0 0 0
0 0 0 0 0 0 0 0 0 0 0 0 0 1 0 0 0 0 0
0 0 0 0 0 0 0 0 0 0 0 0 0 0 0 0 0 0 1
0 0 0 0 0 0 0 0 0 0 0 0 0 0 0 0 0 1 0
0 0 0 0 0 0 0 0 0 0 0 0 0 0 1 0 0 0 0
0 0 0 0 0 0 0 0 1 0 0 0 0 0 0 0 0 0 0
0 0 0 0 0 0 0 0 0 0 0 0 0 0 0 1 0 0 0
0 0 0 0 0 0 0 0 0 0 0 0 0 0 0 0 1 0 0
0 0 0 0 0 0 0 0 0 0 0 0 0 0 0 0 0 0 0
0 0 0 0 0 0 0 0 0 0 0 0 0 0 0 0 0 0 0
0 0 0 0 0 0 0 0 0 0 0 0 0 0 0 0 0 0 0
0 0 0 0 0 0 0 0 0 0 0 0 0 0 0 0 0 0 0
0 0 0 0 0 0 0 0 0 0 0 0 0 0 0 0 0 0 0
0 0 0 0 0 0 0 0 0 0 0 0 0 0 0 0 0 0 0
SA -> b -> EF & SB -> g -> ED & SC -> a -> EA & SD -> d -> EB & SE -> f -> EC & SF -> e -> c -> EE
max(1.000000 + 18.813400 + 1.000000 + 4.439980 + 1.000000 = 26.253380, 1.000000 + 21.989600 + 1.000000 + 14.029400 + 1.000000 = 39.019000, 1.000000 + 32.819400 + 1.000000 + 8.784730 + 1.000000 = 44.604130, 1.000000 + 54.923000 + 1.000000 + 18.772500 + 1.000000 = 76.695500, 1.000000 + 8.439130 + 1.000000 + 37.498000 + 1.000000 = 48.937130, 1.000000 + 55.897500 + 1.000000 + 14.113200 + 1.000000 + 3.772910 + 1.000000 = 77.783610)
77.7836

The input parameters are for : 6 vehicles 7 tasks taken for -read values to find the -max cost with gamma = 1 and eta = 1 and Tkappa as 1 with kT_fac as 0.999 and kT_start as 100 and kT_stop as 0.001

Total computational time taken:21.3317
