1e+20     41.3983     71.6979     56.2345     58.5925       52.05     72.2279     11.1487      43.835     92.4292     51.1501     53.0007     92.7456     37.8121     28.7854     92.6974 2.80395e+21
3.29465e+11       1e+10      73.253     18.6442      16.008     72.3324     82.3822     28.4411     80.4687     17.4414     75.8025     15.4715     76.3731     59.6082     79.4157     34.7946     62.5981
6.99783e+11      29.011       1e+10     5.65034     49.7206      29.159     88.0189     36.0674     53.7235     48.7606     99.1839     45.3884      54.853     89.0511     90.2298     11.4039     90.8813
4.23105e+11     48.7519      8.0581       1e+10     5.65635     8.01722     2.54437     83.6007     45.7101     58.3307     9.84778     40.6354     3.03527      73.797     54.6288     89.9256     48.9193
 3.0839e+11     7.86261     33.9062     43.5758       1e+10     14.3645     89.3718     74.4818     8.88748     32.2624     10.2243     69.3164     48.3194     62.8344     18.8627     2.84873     65.2839
1.25017e+11     45.5819     82.2981     26.3932     31.5366       1e+10     85.6398      93.512     44.4669     51.2517     94.7323     65.7028     48.2652     17.3589     40.7358     60.5106      75.793
3.63602e+11     35.4773     47.0639     55.9673     30.3165      73.452       1e+10     65.9015     58.6977     87.6348     10.2897     36.9849     26.8434     97.2282     47.2399     78.5001     70.9795
6.06532e+11     25.9316     87.9635     42.0321     7.98956     47.0407     28.4188       1e+10     34.4218     54.8449     71.9463     4.22622      39.447     68.0541     3.68581     30.8396     46.9296
1.01741e+11     21.7428      81.816     50.4491     97.6209     58.4447     90.7434     3.49111       1e+10     21.3144     93.4122     28.3078      50.506     50.1067     84.9117     93.5151     57.8814
4.00058e+11     65.2554     25.6601     66.4348      1.3308     82.3008     13.9876     30.3041     1.44189       1e+10     24.8081     24.4312     92.6111     88.5745     23.0602     34.2233     83.3315
5.50573e+11     98.4564     5.01798     33.6761      39.047     41.3391     26.5343     23.5826      62.722     34.9098       1e+10     6.21972     84.8231     28.9909     81.6456     18.9512     51.9235
9.95179e+11      25.056     67.0843     79.8365     6.10359     9.97907     52.0815     70.0627     98.6799      62.605     3.24076       1e+10      45.176     34.0045     82.0884     20.2652     76.7818
7.85962e+11     11.4675     71.0143     9.84878     12.1124     64.4026     42.7442      9.7147     15.5185     87.4464     66.7677     91.3463       1e+10     55.7232      13.352     65.3197     55.2917
1.70544e+11      91.644     32.0575     94.2985     98.1155     8.76164     29.3002     80.0648     20.1812      2.9935     46.3761     60.9367     78.9598       1e+10     5.99388     60.9157     45.9684
8.52684e+11     30.3874     8.48265     51.5344     61.3381     67.5716     4.13146     42.2906     9.82855     6.43994       94.67     83.8978     97.1767     26.7501       1e+10     48.0506     69.4793
4.63542e+11      43.414     11.7816     82.1018     29.7566     79.4106     15.0766     91.0969     42.9596      67.915     83.2091     67.1488     90.2918     32.0963     71.9602       1e+10     89.0863
2.80395e+21 6.16223e+11 6.00685e+11 6.74225e+11 3.76586e+10 5.74823e+11 5.74592e+11 6.80837e+11 5.52486e+11  5.5717e+11 9.41367e+11 6.01207e+11 2.43483e+11 4.29646e+11  9.4045e+11 5.11455e+11       1e+20
