      0 14.8661 43.0174 33.4552 15.3379 45.2769 14.4222 29.5466 18.3576 24.5967 20.8087 18.0278 12.2066 31.7805 19.0263 36.2215      24      14   40.05   44.78 28.0179 4.12311      35 18.3848 25.0799 44.0114 9.84886 47.7598 32.8024      30
14.8661       0 45.5247 34.1211    28.5      41 3.60555 34.0588 4.47214 17.2627 31.7805 14.4222  21.587 26.9258 33.2415  32.573 23.6008       5      37 43.8321 34.9857 13.0384 33.1059 31.0644      30 36.0555 5.09902      50 39.9625 28.6531
43.0174 45.5247       0 11.7154    35.5 20.0125 41.9345 13.7295 43.8463  31.504 28.6094 31.1849 31.4086 23.5053 39.7555 19.0394 21.9659 49.5227 16.5076 10.3078 17.5642 39.6548 15.5081 33.5932 18.0693 30.5041 43.4108 4.74342 15.5081 17.9025
33.4552 34.1211 11.7154       0 29.4109 15.9452 30.5164  8.8459 32.2219 19.8305 23.9426 19.7041 23.0489  12.659 34.7311 9.96243 10.5475 38.3308 10.2591 11.5109    14.5 29.7195 5.85235 28.4297 10.9659 22.9401  32.423 15.9452 16.1012 6.26498
15.3379    28.5    35.5 29.4109       0    44.5 26.6693 22.1416 30.7612 30.6472 7.43303 23.7539 9.01388  33.738  6.0208 36.1006 23.9008 28.9353 38.6943 40.6263 18.0624 15.5322 33.3204 3.20156  18.554 47.1832 23.5213 40.0281 21.7083 28.9007
45.2769      41 20.0125 15.9452    44.5       0 37.6563 24.7588 37.6431 23.7697 39.6611 28.0179      37 14.1421 50.1199 9.05539  21.587 45.8912 5.83095 10.0125 30.4138 41.1947 11.1803  43.909 26.6271 11.7047 41.1947      21 31.4006 15.8114
14.4222 3.60555 41.9345 30.5164 26.6693 37.6563       0 30.6105 4.12311 14.0357 29.2746 10.8167  19.105 23.5372 31.7805 29.1204      20 8.24621 33.5261 40.2647 31.7648 11.7047 29.5466 29.0172 26.6271 33.2415       5 46.4004 36.7151 25.0599
29.5466 34.0588 13.7295  8.8459 22.1416 24.7588 30.6105       0 33.2866 23.5372 15.8114 20.5913   17.72 19.4165 26.9258 18.3576 12.3693 37.4833  19.105 18.8481 5.65685 26.4197 14.4222 20.6155 4.47214  31.305 31.1448 18.4391 8.06226 12.3693
18.3576 4.47214 43.8463 32.2219 30.7612 37.6431 4.12311 33.2866       0 13.9284 33.1361 12.8062 23.0217 23.7697 35.9026 29.5466 21.9317 9.21954 34.0147 41.2462 34.9285 15.8114 30.5287 33.0606 29.5296      32 8.60233 48.1664 39.8121 26.4008
24.5967 17.2627  31.504 19.8305 30.6472 23.7697 14.0357 23.5372 13.9284       0 29.7321 7.07107 21.6333 9.84886 36.6197 15.6525 11.1803 22.2036 20.1246 27.6089 27.0185 20.5913 17.0294 31.7648 21.0238 19.6469 18.1108 35.4683  31.257 13.6015
20.8087 31.7805 28.6094 23.9426 7.43303 39.6611 29.2746 15.8114 33.1361 29.7321       0 23.5372  10.198 30.6105 11.1803 31.8904 20.8087 33.2415 33.8378 34.6446 11.0454 19.6977 28.6007       5 13.0384 43.9318 27.2029 33.0151 14.3178 24.7588
18.0278 14.4222 31.1849 19.7041 23.7539 28.0179 10.8167 20.5913 12.8062 7.07107 23.5372       0 14.7648 14.0357 29.6816  19.105 9.21954 18.7883 23.3452 29.6184 22.8035 13.9284 18.9737 25.0799  17.088      26 13.3417  35.609 27.5136 14.3178
12.2066  21.587 31.4086 23.0489 9.01388      37  19.105   17.72 23.0217 21.6333  10.198 14.7648       0 25.2389      15 28.2312 15.6525 23.2594 31.3209 34.5579 15.8114      10 25.9615 10.4403 13.3417 38.6005  17.088 36.1386 20.6155 21.1896
31.7805 26.9258 23.5053  12.659  33.738 14.1421 23.5372 19.4165 23.7697 9.84886 30.6105 14.0357 25.2389       0 39.6989 5.83095 9.89949 31.7805 10.2956 18.0624 24.3516 27.6586 8.06226 33.9411 18.7883 13.4536  27.074 26.9258 27.4591 7.07107
19.0263 33.2415 39.7555 34.7311  6.0208 50.1199 31.7805 26.9258 35.9026 36.6197 11.1803 29.6816      15 39.6989       0 41.8808 29.8329 33.0151 44.2945 45.6974 22.2036 20.2237 38.9487 6.32456 23.7697 53.1507 28.1603 44.1022   25.02 34.6699
36.2215  32.573 19.0394 9.96243 36.1006 9.05539 29.1204 18.3576 29.5466 15.6525 31.8904  19.105 28.2312 5.83095 41.8808       0 12.6491 37.3631 4.47214 12.3794 23.8537 32.1403 4.12311  35.805  19.105      13 32.3883 21.9317      26  7.2111
     24 23.6008 21.9659 10.5475 23.9008  21.587      20 12.3693 21.9317 11.1803 20.8087 9.21954 15.6525 9.89949 29.8329 12.6491       0 27.7849 16.1245 21.1009 16.0312  20.025      11 24.0416 10.0499 23.3452 21.9317 26.4008 20.0998       6
     14       5 49.5227 38.3308 28.9353 45.8912 8.24621 37.4833 9.21954 22.2036 33.2415 18.7883 23.2594 31.7805 33.0151 37.3631 27.7849       0 41.7612 48.3865 37.8021 13.6015 37.6962 31.7805 33.2415 41.0488 6.40312 54.0833 42.8019 33.1059
  40.05      37 16.5076 10.2591 38.6943 5.83095 33.5261  19.105 34.0147 20.1246 33.8378 23.3452 31.3209 10.2956 44.2945 4.47214 16.1245 41.7612       0 8.32166 24.7588 36.0139 5.38516 38.0789 20.8087 14.0357 36.6742 18.6815 26.0768  10.198
  44.78 43.8321 10.3078 11.5109 40.6263 10.0125 40.2647 18.8481 41.2462 27.6089 34.6446 29.6184 34.5579 18.0624 45.6974 12.3794 21.1009 48.3865 8.32166       0 24.1506  40.942 10.7355 39.3732 22.0737 21.2897 42.8515 11.0114  23.817 15.3379
28.0179 34.9857 17.5642    14.5 18.0624 30.4138 31.7648 5.65685 34.9285 27.0185 11.0454 22.8035 15.8114 24.3516 22.2036 23.8537 16.0312 37.8021 24.7588 24.1506       0 25.4951      20 16.0312       6 36.7151 31.4006      22       5 17.4642
4.12311 13.0384 39.6548 29.7195 15.5322 41.1947 11.7047 26.4197 15.8114 20.5913 19.6977 13.9284      10 27.6586 20.2237 32.1403  20.025 13.6015 36.0139  40.942 25.4951       0 31.0161 18.2483 21.9545 39.9249       8 44.3847 30.4138 26.0192
     35 33.1059 15.5081 5.85235 33.3204 11.1803 29.5466 14.4222 30.5287 17.0294 28.6007 18.9737 25.9615 8.06226 38.9487 4.12311      11 37.6962 5.38516 10.7355      20 31.0161       0 32.7567 15.6205  17.088   32.28  18.868 21.9317       5
18.3848 31.0644 33.5932 28.4297 3.20156  43.909 29.0172 20.6155 33.0606 31.7648       5 25.0799 10.4403 33.9411 6.32456  35.805 24.0416 31.7805 38.0789 39.3732 16.0312 18.2483 32.7567       0 17.4642 47.3814 26.1725 38.0132 19.2354 28.6007
25.0799      30 18.0693 10.9659  18.554 26.6271 26.6271 4.47214 29.5296 21.0238 13.0384  17.088 13.3417 18.7883 23.7697  19.105 10.0499 33.2415 20.8087 22.0737       6 21.9545 15.6205 17.4642       0 31.6228 26.8701 22.8035 10.4403 12.2066
44.0114 36.0555 30.5041 22.9401 47.1832 11.7047 33.2415  31.305      32 19.6469 43.9318      26 38.6005 13.4536 53.1507      13 23.3452 41.0488 14.0357 21.2897 36.7151 39.9249  17.088 47.3814 31.6228       0 37.6563  32.249      39 19.4165
9.84886 5.09902 43.4108  32.423 23.5213 41.1947       5 31.1448 8.60233 18.1108 27.2029 13.3417  17.088  27.074 28.1603 32.3883 21.9317 6.40312 36.6742 42.8515 31.4006       8   32.28 26.1725 26.8701 37.6563       0 48.0208 36.4005 27.5136
47.7598      50 4.74342 15.9452 40.0281      21 46.4004 18.4391 48.1664 35.4683 33.0151  35.609 36.1386 26.9258 44.1022 21.9317 26.4008 54.0833 18.6815 11.0114      22 44.3847  18.868 38.0132 22.8035  32.249 48.0208       0 19.4165 21.9317
32.8024 39.9625 15.5081 16.1012 21.7083 31.4006 36.7151 8.06226 39.8121  31.257 14.3178 27.5136 20.6155 27.4591   25.02      26 20.0998 42.8019 26.0768  23.817       5 30.4138 21.9317 19.2354 10.4403      39 36.4005 19.4165       0 20.3961
     30 28.6531 17.9025 6.26498 28.9007 15.8114 25.0599 12.3693 26.4008 13.6015 24.7588 14.3178 21.1896 7.07107 34.6699  7.2111       6 33.1059  10.198 15.3379 17.4642 26.0192       5 28.6007 12.2066 19.4165 27.5136 21.9317 20.3961       0


