
1	111.759	115.283	129.09	111.762	122.725	111.699	65.2837	55.2189	73.5292	66.8018	57.0535	58.5727	48.7276	1	1	1	1	1	1	
2	111.758	115.282	129.09	111.761	122.726	111.699	65.2825	55.218	73.5285	66.8004	57.0527	58.572	48.7274	1	1	1	1	1	1	
3	111.757	115.282	129.089	111.761	122.726	111.699	65.2823	55.2179	73.5284	66.8003	57.0526	58.5719	48.7273	1	1	1	1	1	1	
4	111.757	115.282	129.089	111.761	122.726	111.699	65.2822	55.2179	73.5283	66.8002	57.0526	58.5718	48.7273	1	1	1	1	1	1	
5	111.757	115.282	129.089	111.761	122.726	111.698	65.2821	55.2178	73.5281	66.8001	57.0525	58.5717	48.7272	1	1	1	1	1	1	
6	111.757	115.282	129.088	111.761	122.725	111.698	65.282	55.2177	73.528	66.8	57.0524	58.5716	48.7271	1	1	1	1	1	1	
7	111.757	115.282	129.088	111.76	122.725	111.698	65.2819	55.2177	73.5279	66.7999	57.0524	58.5715	48.7271	1	1	1	1	1	1	
8	111.757	115.282	129.088	111.76	122.725	111.698	65.2818	55.2176	73.5278	66.7998	57.0523	58.5714	48.727	1	1	1	1	1	1	
9	111.757	115.282	129.087	111.76	122.725	111.698	65.2817	55.2175	73.5276	66.7997	57.0523	58.5713	48.7269	1	1	1	1	1	1	
10	111.756	115.281	129.087	111.76	122.725	111.698	65.2815	55.2175	73.5275	66.7996	57.0522	58.5712	48.7269	1	1	1	1	1	1	
11	111.756	115.281	129.087	111.76	122.725	111.698	65.2814	55.2174	73.5274	66.7996	57.0521	58.5711	48.7268	1	1	1	1	1	1	
12	111.756	115.281	129.086	111.76	122.724	111.698	65.2813	55.2174	73.5273	66.7995	57.052	58.571	48.7267	1	1	1	1	1	1	
13	111.756	115.281	129.086	111.76	122.724	111.697	65.2812	55.2173	73.5271	66.7994	57.052	58.5708	48.7267	1	1	1	1	1	1	
14	111.756	115.281	129.086	111.759	122.724	111.697	65.2811	55.2172	73.527	66.7993	57.0519	58.5707	48.7266	1	1	1	1	1	1	
15	111.756	115.281	129.085	111.759	122.724	111.697	65.2809	55.2172	73.5269	66.7992	57.0518	58.5706	48.7265	1	1	1	1	1	1	
16	111.755	115.281	129.085	111.759	122.724	111.697	65.2808	55.2171	73.5267	66.7991	57.0518	58.5705	48.7265	1	1	1	1	1	1	
17	111.755	115.281	129.085	111.759	122.724	111.697	65.2807	55.217	73.5266	66.799	57.0517	58.5704	48.7264	1	1	1	1	1	1	
18	111.755	115.281	129.084	111.759	122.723	111.697	65.2806	55.217	73.5265	66.7988	57.0516	58.5703	48.7263	1	1	1	1	1	1	
19	111.755	115.281	129.084	111.759	122.723	111.697	65.2804	55.2169	73.5263	66.7987	57.0516	58.5702	48.7262	1	1	1	1	1	1	
20	111.755	115.28	129.084	111.759	122.723	111.697	65.2803	55.2168	73.5262	66.7986	57.0515	58.57	48.7262	1	1	1	1	1	1	
21	111.755	115.28	129.083	111.758	122.723	111.696	65.2802	55.2167	73.526	66.7985	57.0514	58.5699	48.7261	1	1	1	1	1	1	
22	111.755	115.28	129.083	111.758	122.723	111.696	65.28	55.2167	73.5259	66.7984	57.0513	58.5698	48.726	1	1	1	1	1	1	
23	111.754	115.28	129.082	111.758	122.722	111.696	65.2799	55.2166	73.5257	66.7983	57.0513	58.5697	48.726	1	1	1	1	1	1	
24	111.754	115.28	129.082	111.758	122.722	111.696	65.2798	55.2165	73.5256	66.7982	57.0512	58.5696	48.7259	1	1	1	1	1	1	
25	111.754	115.28	129.082	111.758	122.722	111.696	65.2796	55.2164	73.5255	66.7981	57.0511	58.5694	48.7258	1	1	1	1	1	1	
26	111.754	115.28	129.081	111.758	122.722	111.696	65.2795	55.2164	73.5253	66.798	57.051	58.5693	48.7257	1	1	1	1	1	1	
27	111.754	115.28	129.081	111.758	122.722	111.695	65.2794	55.2163	73.5252	66.7979	57.0509	58.5692	48.7256	1	1	1	1	1	1	
28	111.753	115.28	129.081	111.757	122.721	111.695	65.2792	55.2162	73.525	66.7978	57.0509	58.5691	48.7256	1	1	1	1	1	1	
29	111.753	115.279	129.08	111.757	122.721	111.695	65.2791	55.2161	73.5248	66.7976	57.0508	58.5689	48.7255	1	1	1	1	1	1	
30	111.753	115.279	129.08	111.757	122.721	111.695	65.2789	55.2161	73.5247	66.7975	57.0507	58.5688	48.7254	1	1	1	1	1	1	
31	111.753	115.279	129.079	111.757	122.721	111.695	65.2788	55.216	73.5245	66.7974	57.0506	58.5687	48.7253	1	1	1	1	1	1	
32	111.753	115.279	129.079	111.757	122.721	111.695	65.2786	55.2159	73.5244	66.7973	57.0505	58.5685	48.7252	1	1	1	1	1	1	
33	111.753	115.279	129.078	111.757	122.72	111.695	65.2785	55.2158	73.5242	66.7972	57.0505	58.5684	48.7251	1	1	1	1	1	1	
34	111.752	115.279	129.078	111.756	122.72	111.694	65.2783	55.2157	73.5241	66.7971	57.0504	58.5683	48.7251	1	1	1	1	1	1	
35	111.752	115.279	129.078	111.756	122.72	111.694	65.2782	55.2157	73.5239	66.7969	57.0503	58.5681	48.725	1	1	1	1	1	1	
36	111.752	115.279	129.077	111.756	122.72	111.694	65.278	55.2156	73.5237	66.7968	57.0502	58.568	48.7249	1	1	1	1	1	1	
37	111.752	115.279	129.077	111.756	122.719	111.694	65.2779	55.2155	73.5236	66.7967	57.0501	58.5678	48.7248	1	1	1	1	1	1	
38	111.752	115.278	129.076	111.756	122.719	111.694	65.2777	55.2154	73.5234	66.7966	57.05	58.5677	48.7247	1	1	1	1	1	1	
39	111.751	115.278	129.076	111.756	122.719	111.694	65.2776	55.2153	73.5232	66.7964	57.0499	58.5676	48.7246	1	1	1	1	1	1	
40	111.751	115.278	129.075	111.755	122.719	111.693	65.2774	55.2152	73.5231	66.7963	57.0498	58.5674	48.7245	1	1	1	1	1	1	
41	111.751	115.278	129.075	111.755	122.719	111.693	65.2772	55.2152	73.5229	66.7962	57.0498	58.5673	48.7244	1	1	1	1	1	1	
42	111.751	115.278	129.074	111.755	122.718	111.693	65.2771	55.2151	73.5227	66.796	57.0497	58.5671	48.7244	1	1	1	1	1	1	
43	111.751	115.278	129.074	111.755	122.718	111.693	65.2769	55.215	73.5225	66.7959	57.0496	58.567	48.7243	1	1	1	1	1	1	
44	111.75	115.278	129.074	111.755	122.718	111.693	65.2767	55.2149	73.5224	66.7958	57.0495	58.5668	48.7242	1	1	1	1	1	1	
45	111.75	115.277	129.073	111.755	122.718	111.693	65.2766	55.2148	73.5222	66.7956	57.0494	58.5667	48.7241	1	1	1	1	1	1	
46	111.75	115.277	129.073	111.754	122.717	111.692	65.2764	55.2147	73.522	66.7955	57.0493	58.5665	48.724	1	1	1	1	1	1	
47	111.75	115.277	129.072	111.754	122.717	111.692	65.2762	55.2146	73.5218	66.7954	57.0492	58.5664	48.7239	1	1	1	1	1	1	
48	111.75	115.277	129.072	111.754	122.717	111.692	65.2761	55.2145	73.5216	66.7952	57.0491	58.5662	48.7238	1	1	1	1	1	1	
49	111.749	115.277	129.071	111.754	122.717	111.692	65.2759	55.2144	73.5214	66.7951	57.049	58.5661	48.7237	1	1	1	1	1	1	
50	111.749	115.277	129.071	111.754	122.716	111.692	65.2757	55.2143	73.5212	66.7949	57.0489	58.5659	48.7236	1	1	1	1	1	1	
51	111.749	115.277	129.07	111.753	122.716	111.691	65.2755	55.2142	73.521	66.7948	57.0488	58.5657	48.7235	1	1	1	1	1	1	
52	111.749	115.276	129.07	111.753	122.716	111.691	65.2754	55.2141	73.5209	66.7946	57.0487	58.5656	48.7234	1	1	1	1	1	1	
53	111.748	115.276	129.069	111.753	122.716	111.691	65.2752	55.214	73.5207	66.7945	57.0486	58.5654	48.7233	1	1	1	1	1	1	
54	111.748	115.276	129.069	111.753	122.715	111.691	65.275	55.2139	73.5205	66.7944	57.0485	58.5652	48.7232	1	1	1	1	1	1	
55	111.748	115.276	129.068	111.753	122.715	111.691	65.2748	55.2138	73.5203	66.7942	57.0484	58.5651	48.7231	1	1	1	1	1	1	
56	111.748	115.276	129.068	111.752	122.715	111.69	65.2746	55.2137	73.5201	66.7941	57.0483	58.5649	48.723	1	1	1	1	1	1	
57	111.747	115.276	129.067	111.752	122.715	111.69	65.2744	55.2136	73.5199	66.7939	57.0482	58.5647	48.7229	1	1	1	1	1	1	
58	111.747	115.276	129.066	111.752	122.714	111.69	65.2742	55.2135	73.5197	66.7937	57.0481	58.5646	48.7228	1	1	1	1	1	1	
59	111.747	115.275	129.066	111.752	122.714	111.69	65.274	55.2134	73.5194	66.7936	57.048	58.5644	48.7226	1	1	1	1	1	1	
60	111.747	115.275	129.065	111.752	122.714	111.69	65.2738	55.2133	73.5192	66.7934	57.0479	58.5642	48.7225	1	1	1	1	1	1	
61	111.746	115.275	129.065	111.751	122.713	111.689	65.2737	55.2132	73.519	66.7933	57.0477	58.564	48.7224	1	1	1	1	1	1	
62	111.746	115.275	129.064	111.751	122.713	111.689	65.2735	55.2131	73.5188	66.7931	57.0476	58.5638	48.7223	1	1	1	1	1	1	
63	111.746	115.275	129.064	111.751	122.713	111.689	65.2733	55.213	73.5186	66.7929	57.0475	58.5637	48.7222	1	1	1	1	1	1	
64	111.746	115.275	129.063	111.751	122.713	111.689	65.273	55.2129	73.5184	66.7928	57.0474	58.5635	48.7221	1	1	1	1	1	1	
65	111.745	115.274	129.063	111.75	122.712	111.689	65.2728	55.2128	73.5182	66.7926	57.0473	58.5633	48.722	1	1	1	1	1	1	
66	111.745	115.274	129.062	111.75	122.712	111.688	65.2726	55.2127	73.5179	66.7925	57.0472	58.5631	48.7218	1	1	1	1	1	1	
67	111.745	115.274	129.061	111.75	122.712	111.688	65.2724	55.2126	73.5177	66.7923	57.0471	58.5629	48.7217	1	1	1	1	1	1	
68	111.745	115.274	129.061	111.75	122.711	111.688	65.2722	55.2124	73.5175	66.7921	57.0469	58.5627	48.7216	1	1	1	1	1	1	
69	111.744	115.274	129.06	111.749	122.711	111.688	65.272	55.2123	73.5172	66.7919	57.0468	58.5625	48.7215	1	1	1	1	1	1	
70	111.744	115.274	129.06	111.749	122.711	111.687	65.2718	55.2122	73.517	66.7918	57.0467	58.5623	48.7214	1	1	1	1	1	1	
71	111.744	115.273	129.059	111.749	122.71	111.687	65.2716	55.2121	73.5168	66.7916	57.0466	58.5621	48.7212	1	1	1	1	1	1	
72	111.744	115.273	129.058	111.749	122.71	111.687	65.2713	55.212	73.5165	66.7914	57.0464	58.5619	48.7211	1	1	1	1	1	1	
73	111.743	115.273	129.058	111.749	122.71	111.687	65.2711	55.2119	73.5163	66.7912	57.0463	58.5617	48.721	1	1	1	1	1	1	
74	111.743	115.273	129.057	111.748	122.709	111.686	65.2709	55.2117	73.5161	66.7911	57.0462	58.5615	48.7209	1	1	1	1	1	1	
75	111.743	115.273	129.056	111.748	122.709	111.686	65.2707	55.2116	73.5158	66.7909	57.0461	58.5613	48.7207	1	1	1	1	1	1	
76	111.742	115.272	129.056	111.748	122.709	111.686	65.2704	55.2115	73.5156	66.7907	57.0459	58.5611	48.7206	1	1	1	1	1	1	
77	111.742	115.272	129.055	111.748	122.708	111.686	65.2702	55.2114	73.5153	66.7905	57.0458	58.5609	48.7205	1	1	1	1	1	1	
78	111.742	115.272	129.054	111.747	122.708	111.686	65.27	55.2112	73.5151	66.7903	57.0457	58.5607	48.7203	1	1	1	1	1	1	
79	111.742	115.272	129.054	111.747	122.708	111.685	65.2697	55.2111	73.5148	66.7901	57.0455	58.5605	48.7202	1	1	1	1	1	1	
80	111.741	115.272	129.053	111.747	122.707	111.685	65.2695	55.211	73.5146	66.7899	57.0454	58.5603	48.7201	1	1	1	1	1	1	
81	111.741	115.271	129.052	111.746	122.707	111.685	65.2693	55.2108	73.5143	66.7897	57.0453	58.5601	48.7199	1	1	1	1	1	1	
82	111.741	115.271	129.052	111.746	122.707	111.684	65.269	55.2107	73.514	66.7895	57.0451	58.5598	48.7198	1	1	1	1	1	1	
83	111.74	115.271	129.051	111.746	122.706	111.684	65.2688	55.2106	73.5138	66.7893	57.045	58.5596	48.7197	1	1	1	1	1	1	
84	111.74	115.271	129.05	111.746	122.706	111.684	65.2685	55.2104	73.5135	66.7891	57.0449	58.5594	48.7195	1	1	1	1	1	1	
85	111.74	115.271	129.05	111.745	122.706	111.684	65.2683	55.2103	73.5132	66.7889	57.0447	58.5592	48.7194	1	1	1	1	1	1	
86	111.739	115.27	129.049	111.745	122.705	111.683	65.268	55.2102	73.513	66.7887	57.0446	58.5589	48.7192	1	1	1	1	1	1	
87	111.739	115.27	129.048	111.745	122.705	111.683	65.2678	55.21	73.5127	66.7885	57.0444	58.5587	48.7191	1	1	1	1	1	1	
88	111.739	115.27	129.047	111.745	122.705	111.683	65.2675	55.2099	73.5124	66.7883	57.0443	58.5585	48.7189	1	1	1	1	1	1	
89	111.738	115.27	129.047	111.744	122.704	111.683	65.2672	55.2098	73.5121	66.7881	57.0441	58.5582	48.7188	1	1	1	1	1	1	
90	111.738	115.27	129.046	111.744	122.704	111.682	65.267	55.2096	73.5118	66.7879	57.044	58.558	48.7187	1	1	1	1	1	1	
91	111.738	115.269	129.045	111.744	122.703	111.682	65.2667	55.2095	73.5116	66.7877	57.0438	58.5578	48.7185	1	1	1	1	1	1	
92	111.737	115.269	129.044	111.743	122.703	111.682	65.2664	55.2093	73.5113	66.7875	57.0437	58.5575	48.7183	1	1	1	1	1	1	
93	111.737	115.269	129.044	111.743	122.703	111.681	65.2662	55.2092	73.511	66.7872	57.0435	58.5573	48.7182	1	1	1	1	1	1	
94	111.737	115.269	129.043	111.743	122.702	111.681	65.2659	55.209	73.5107	66.787	57.0434	58.557	48.718	1	1	1	1	1	1	
95	111.736	115.269	129.042	111.742	122.702	111.681	65.2656	55.2089	73.5104	66.7868	57.0432	58.5568	48.7179	1	1	1	1	1	1	
96	111.736	115.268	129.041	111.742	122.701	111.681	65.2653	55.2087	73.5101	66.7866	57.0431	58.5565	48.7177	1	1	1	1	1	1	
97	111.736	115.268	129.04	111.742	122.701	111.68	65.265	55.2086	73.5098	66.7863	57.0429	58.5563	48.7176	1	1	1	1	1	1	
98	111.735	115.268	129.04	111.742	122.701	111.68	65.2648	55.2084	73.5095	66.7861	57.0427	58.556	48.7174	1	1	1	1	1	1	
99	111.735	115.268	129.039	111.741	122.7	111.68	65.2645	55.2083	73.5091	66.7859	57.0426	58.5557	48.7172	1	1	1	1	1	1	
100	111.735	115.267	129.038	111.741	122.7	111.679	65.2642	55.2081	73.5088	66.7856	57.0424	58.5555	48.7171	1	1	1	1	1	1	
101	111.734	115.267	129.037	111.741	122.699	111.679	65.2639	55.2079	73.5085	66.7854	57.0423	58.5552	48.7169	1	1	1	1	1	1	
102	111.734	115.267	129.036	111.74	122.699	111.679	65.2636	55.2078	73.5082	66.7852	57.0421	58.5549	48.7167	1	1	1	1	1	1	
103	111.733	115.267	129.035	111.74	122.698	111.678	65.2633	55.2076	73.5079	66.7849	57.0419	58.5547	48.7166	1	1	1	1	1	1	
104	111.733	115.266	129.035	111.74	122.698	111.678	65.263	55.2075	73.5075	66.7847	57.0417	58.5544	48.7164	1	1	1	1	1	1	
105	111.733	115.266	129.034	111.739	122.698	111.678	65.2627	55.2073	73.5072	66.7844	57.0416	58.5541	48.7162	1	1	1	1	1	1	
106	111.732	115.266	129.033	111.739	122.697	111.677	65.2623	55.2071	73.5069	66.7842	57.0414	58.5538	48.716	1	1	1	1	1	1	
107	111.732	115.266	129.032	111.739	122.697	111.677	65.262	55.207	73.5065	66.7839	57.0412	58.5535	48.7159	1	1	1	1	1	1	
108	111.731	115.265	129.031	111.738	122.696	111.677	65.2617	55.2068	73.5062	66.7837	57.041	58.5533	48.7157	1	1	1	1	1	1	
109	111.731	115.265	129.03	111.738	122.696	111.676	65.2614	55.2066	73.5058	66.7834	57.0409	58.553	48.7155	1	1	1	1	1	1	
110	111.731	115.265	129.029	111.737	122.695	111.676	65.2611	55.2064	73.5055	66.7831	57.0407	58.5527	48.7153	1	1	1	1	1	1	
111	111.73	115.265	129.028	111.737	122.695	111.676	65.2607	55.2063	73.5051	66.7829	57.0405	58.5524	48.7151	1	1	1	1	1	1	
112	111.73	115.264	129.027	111.737	122.694	111.675	65.2604	55.2061	73.5048	66.7826	57.0403	58.5521	48.715	1	1	1	1	1	1	
113	111.729	115.264	129.026	111.736	122.694	111.675	65.2601	55.2059	73.5044	66.7823	57.0401	58.5518	48.7148	1	1	1	1	1	1	
114	111.729	115.264	129.025	111.736	122.693	111.675	65.2597	55.2057	73.5041	66.7821	57.0399	58.5515	48.7146	1	1	1	1	1	1	
115	111.729	115.263	129.025	111.736	122.693	111.674	65.2594	55.2055	73.5037	66.7818	57.0397	58.5512	48.7144	1	1	1	1	1	1	
116	111.728	115.263	129.024	111.735	122.692	111.674	65.2591	55.2054	73.5033	66.7815	57.0396	58.5509	48.7142	1	1	1	1	1	1	
117	111.728	115.263	129.023	111.735	122.692	111.674	65.2587	55.2052	73.503	66.7812	57.0394	58.5505	48.714	1	1	1	1	1	1	
118	111.727	115.263	129.022	111.734	122.691	111.673	65.2584	55.205	73.5026	66.781	57.0392	58.5502	48.7138	1	1	1	1	1	1	
119	111.727	115.262	129.021	111.734	122.691	111.673	65.258	55.2048	73.5022	66.7807	57.039	58.5499	48.7136	1	1	1	1	1	1	
120	111.726	115.262	129.02	111.734	122.69	111.672	65.2576	55.2046	73.5018	66.7804	57.0388	58.5496	48.7134	1	1	1	1	1	1	
121	111.726	115.262	129.019	111.733	122.69	111.672	65.2573	55.2044	73.5014	66.7801	57.0386	58.5493	48.7132	1	1	1	1	1	1	
122	111.725	115.261	129.017	111.733	122.689	111.672	65.2569	55.2042	73.501	66.7798	57.0383	58.5489	48.713	1	1	1	1	1	1	
123	111.725	115.261	129.016	111.733	122.689	111.671	65.2565	55.204	73.5006	66.7795	57.0381	58.5486	48.7128	1	1	1	1	1	1	
124	111.725	115.261	129.015	111.732	122.688	111.671	65.2562	55.2038	73.5002	66.7792	57.0379	58.5483	48.7126	1	1	1	1	1	1	
125	111.724	115.261	129.014	111.732	122.688	111.67	65.2558	55.2036	73.4998	66.7789	57.0377	58.5479	48.7124	1	1	1	1	1	1	
126	111.724	115.26	129.013	111.731	122.687	111.67	65.2554	55.2034	73.4994	66.7786	57.0375	58.5476	48.7121	1	1	1	1	1	1	
127	111.723	115.26	129.012	111.731	122.687	111.67	65.255	55.2032	73.499	66.7783	57.0373	58.5472	48.7119	1	1	1	1	1	1	
128	111.723	115.26	129.011	111.73	122.686	111.669	65.2546	55.203	73.4986	66.778	57.0371	58.5469	48.7117	1	1	1	1	1	1	
129	111.722	115.259	129.01	111.73	122.685	111.669	65.2542	55.2028	73.4982	66.7777	57.0369	58.5465	48.7115	1	1	1	1	1	1	
130	111.722	115.259	129.009	111.73	122.685	111.668	65.2538	55.2026	73.4977	66.7773	57.0366	58.5462	48.7113	1	1	1	1	1	1	
131	111.721	115.259	129.008	111.729	122.684	111.668	65.2534	55.2023	73.4973	66.777	57.0364	58.5458	48.711	1	1	1	1	1	1	
132	111.721	115.258	129.007	111.729	122.684	111.668	65.253	55.2021	73.4969	66.7767	57.0362	58.5454	48.7108	1	1	1	1	1	1	
133	111.72	115.258	129.005	111.728	122.683	111.667	65.2526	55.2019	73.4964	66.7764	57.0359	58.5451	48.7106	1	1	1	1	1	1	
134	111.72	115.258	129.004	111.728	122.683	111.667	65.2522	55.2017	73.496	66.776	57.0357	58.5447	48.7103	1	1	1	1	1	1	
135	111.719	115.257	129.003	111.727	122.682	111.666	65.2518	55.2015	73.4955	66.7757	57.0355	58.5443	48.7101	1	1	1	1	1	1	
136	111.718	115.257	129.002	111.727	122.681	111.666	65.2514	55.2012	73.4951	66.7754	57.0352	58.5439	48.7099	1	1	1	1	1	1	
137	111.718	115.257	129.001	111.726	122.681	111.665	65.2509	55.201	73.4946	66.775	57.035	58.5436	48.7096	1	1	1	1	1	1	
138	111.717	115.256	128.999	111.726	122.68	111.665	65.2505	55.2008	73.4942	66.7747	57.0348	58.5432	48.7094	1	1	1	1	1	1	
139	111.717	115.256	128.998	111.725	122.68	111.664	65.2501	55.2005	73.4937	66.7743	57.0345	58.5428	48.7091	1	1	1	1	1	1	
140	111.716	115.256	128.997	111.725	122.679	111.664	65.2496	55.2003	73.4932	66.774	57.0343	58.5424	48.7089	1	1	1	1	1	1	
141	111.716	115.255	128.996	111.724	122.678	111.663	65.2492	55.2001	73.4927	66.7736	57.034	58.542	48.7086	1	1	1	1	1	1	
142	111.715	115.255	128.994	111.724	122.678	111.663	65.2487	55.1998	73.4923	66.7732	57.0338	58.5416	48.7084	1	1	1	1	1	1	
143	111.715	115.254	128.993	111.723	122.677	111.662	65.2483	55.1996	73.4918	66.7729	57.0335	58.5412	48.7081	1	1	1	1	1	1	
144	111.714	115.254	128.992	111.723	122.676	111.662	65.2478	55.1993	73.4913	66.7725	57.0333	58.5408	48.7079	1	1	1	1	1	1	
145	111.713	115.254	128.991	111.722	122.676	111.662	65.2474	55.1991	73.4908	66.7721	57.033	58.5404	48.7076	1	1	1	1	1	1	
146	111.713	115.253	128.989	111.722	122.675	111.661	65.2469	55.1988	73.4903	66.7718	57.0327	58.5399	48.7073	1	1	1	1	1	1	
147	111.712	115.253	128.988	111.721	122.674	111.661	65.2464	55.1986	73.4898	66.7714	57.0325	58.5395	48.7071	1	1	1	1	1	1	
148	111.712	115.253	128.987	111.721	122.674	111.66	65.2459	55.1983	73.4893	66.771	57.0322	58.5391	48.7068	1	1	1	1	1	1	
149	111.711	115.252	128.985	111.72	122.673	111.659	65.2455	55.1981	73.4887	66.7706	57.0319	58.5386	48.7065	1	1	1	1	1	1	
150	111.71	115.252	128.984	111.72	122.672	111.659	65.245	55.1978	73.4882	66.7702	57.0317	58.5382	48.7063	1	1	1	1	1	1	
151	111.71	115.251	128.982	111.719	122.672	111.658	65.2445	55.1975	73.4877	66.7698	57.0314	58.5378	48.706	1	1	1	1	1	1	
152	111.709	115.251	128.981	111.719	122.671	111.658	65.244	55.1973	73.4872	66.7694	57.0311	58.5373	48.7057	1	1	1	1	1	1	
153	111.709	115.251	128.98	111.718	122.67	111.657	65.2435	55.197	73.4866	66.769	57.0308	58.5369	48.7054	1	1	1	1	1	1	
154	111.708	115.25	128.978	111.718	122.669	111.657	65.243	55.1967	73.4861	66.7686	57.0306	58.5364	48.7051	1	1	1	1	1	1	
155	111.707	115.25	128.977	111.717	122.669	111.656	65.2424	55.1965	73.4855	66.7682	57.0303	58.536	48.7049	1	1	1	1	1	1	
156	111.707	115.249	128.975	111.716	122.668	111.656	65.2419	55.1962	73.485	66.7678	57.03	58.5355	48.7046	1	1	1	1	1	1	
157	111.706	115.249	128.974	111.716	122.667	111.655	65.2414	55.1959	73.4844	66.7674	57.0297	58.535	48.7043	1	1	1	1	1	1	
158	111.705	115.248	128.972	111.715	122.666	111.655	65.2409	55.1956	73.4838	66.767	57.0294	58.5345	48.704	1	1	1	1	1	1	
159	111.705	115.248	128.971	111.715	122.666	111.654	65.2403	55.1953	73.4833	66.7665	57.0291	58.5341	48.7037	1	1	1	1	1	1	
160	111.704	115.248	128.969	111.714	122.665	111.654	65.2398	55.195	73.4827	66.7661	57.0288	58.5336	48.7034	1	1	1	1	1	1	
161	111.703	115.247	128.968	111.714	122.664	111.653	65.2392	55.1947	73.4821	66.7657	57.0285	58.5331	48.7031	1	1	1	1	1	1	
162	111.703	115.247	128.966	111.713	122.663	111.652	65.2387	55.1945	73.4815	66.7652	57.0282	58.5326	48.7027	1	1	1	1	1	1	
163	111.702	115.246	128.965	111.712	122.662	111.652	65.2381	55.1942	73.4809	66.7648	57.0279	58.5321	48.7024	1	1	1	1	1	1	
164	111.701	115.246	128.963	111.712	122.662	111.651	65.2376	55.1939	73.4803	66.7643	57.0276	58.5316	48.7021	1	1	1	1	1	1	
165	111.701	115.245	128.961	111.711	122.661	111.651	65.237	55.1936	73.4797	66.7639	57.0272	58.5311	48.7018	1	1	1	1	1	1	
166	111.7	115.245	128.96	111.71	122.66	111.65	65.2364	55.1932	73.4791	66.7634	57.0269	58.5306	48.7015	1	1	1	1	1	1	
167	111.699	115.244	128.958	111.71	122.659	111.649	65.2358	55.1929	73.4785	66.7629	57.0266	58.5301	48.7012	1	1	1	1	1	1	
168	111.698	115.244	128.957	111.709	122.658	111.649	65.2353	55.1926	73.4778	66.7625	57.0263	58.5295	48.7008	1	1	1	1	1	1	
169	111.698	115.243	128.955	111.709	122.657	111.648	65.2347	55.1923	73.4772	66.762	57.0259	58.529	48.7005	1	1	1	1	1	1	
170	111.697	115.243	128.953	111.708	122.657	111.647	65.2341	55.192	73.4765	66.7615	57.0256	58.5285	48.7002	1	1	1	1	1	1	
171	111.696	115.242	128.951	111.707	122.656	111.647	65.2335	55.1917	73.4759	66.761	57.0253	58.5279	48.6998	1	1	1	1	1	1	
172	111.695	115.242	128.95	111.707	122.655	111.646	65.2329	55.1913	73.4752	66.7606	57.0249	58.5274	48.6995	1	1	1	1	1	1	
173	111.695	115.241	128.948	111.706	122.654	111.646	65.2322	55.191	73.4746	66.7601	57.0246	58.5268	48.6991	1	1	1	1	1	1	
174	111.694	115.241	128.946	111.705	122.653	111.645	65.2316	55.1907	73.4739	66.7596	57.0242	58.5263	48.6988	1	1	1	1	1	1	
175	111.693	115.24	128.945	111.705	122.652	111.644	65.231	55.1903	73.4732	66.7591	57.0239	58.5257	48.6984	1	1	1	1	1	1	
176	111.692	115.24	128.943	111.704	122.651	111.644	65.2303	55.19	73.4726	66.7585	57.0235	58.5251	48.6981	1	1	1	1	1	1	
177	111.691	115.239	128.941	111.703	122.65	111.643	65.2297	55.1897	73.4719	66.758	57.0232	58.5246	48.6977	1	1	1	1	1	1	
178	111.691	115.239	128.939	111.702	122.649	111.642	65.229	55.1893	73.4712	66.7575	57.0228	58.524	48.6973	1	1	1	1	1	1	
179	111.69	115.238	128.937	111.702	122.648	111.641	65.2284	55.189	73.4705	66.757	57.0224	58.5234	48.697	1	1	1	1	1	1	
180	111.689	115.238	128.935	111.701	122.648	111.641	65.2277	55.1886	73.4698	66.7565	57.0221	58.5228	48.6966	1	1	1	1	1	1	
181	111.688	115.237	128.933	111.7	122.647	111.64	65.2271	55.1883	73.469	66.7559	57.0217	58.5222	48.6962	1	1	1	1	1	1	
182	111.687	115.237	128.932	111.699	122.646	111.639	65.2264	55.1879	73.4683	66.7554	57.0213	58.5216	48.6958	1	1	1	1	1	1	
183	111.686	115.236	128.93	111.699	122.645	111.639	65.2257	55.1875	73.4676	66.7548	57.0209	58.521	48.6955	1	1	1	1	1	1	
184	111.686	115.236	128.928	111.698	122.644	111.638	65.225	55.1872	73.4668	66.7543	57.0206	58.5204	48.6951	1	1	1	1	1	1	
185	111.685	115.235	128.926	111.697	122.643	111.637	65.2243	55.1868	73.4661	66.7537	57.0202	58.5198	48.6947	1	1	1	1	1	1	
186	111.684	115.235	128.924	111.696	122.642	111.636	65.2236	55.1864	73.4653	66.7532	57.0198	58.5191	48.6943	1	1	1	1	1	1	
187	111.683	115.234	128.922	111.696	122.641	111.636	65.2229	55.186	73.4646	66.7526	57.0194	58.5185	48.6939	1	1	1	1	1	1	
188	111.682	115.233	128.92	111.695	122.64	111.635	65.2222	55.1857	73.4638	66.752	57.019	58.5179	48.6935	1	1	1	1	1	1	
189	111.681	115.233	128.918	111.694	122.639	111.634	65.2214	55.1853	73.463	66.7514	57.0186	58.5172	48.6931	1	1	1	1	1	1	
190	111.68	115.232	128.916	111.693	122.637	111.633	65.2207	55.1849	73.4622	66.7509	57.0182	58.5165	48.6927	1	1	1	1	1	1	
191	111.679	115.232	128.914	111.692	122.636	111.633	65.2199	55.1845	73.4614	66.7503	57.0178	58.5159	48.6922	1	1	1	1	1	1	
192	111.678	115.231	128.911	111.692	122.635	111.632	65.2192	55.1841	73.4606	66.7497	57.0173	58.5152	48.6918	1	1	1	1	1	1	
193	111.677	115.23	128.909	111.691	122.634	111.631	65.2184	55.1837	73.4598	66.7491	57.0169	58.5145	48.6914	1	1	1	1	1	1	
194	111.676	115.23	128.907	111.69	122.633	111.63	65.2177	55.1833	73.459	66.7485	57.0165	58.5139	48.691	1	1	1	1	1	1	
195	111.675	115.229	128.905	111.689	122.632	111.629	65.2169	55.1829	73.4582	66.7478	57.0161	58.5132	48.6905	1	1	1	1	1	1	
196	111.674	115.228	128.903	111.688	122.631	111.628	65.2161	55.1824	73.4573	66.7472	57.0156	58.5125	48.6901	1	1	1	1	1	1	
197	111.673	115.228	128.901	111.687	122.63	111.628	65.2153	55.182	73.4565	66.7466	57.0152	58.5118	48.6897	1	1	1	1	1	1	
198	111.672	115.227	128.898	111.687	122.629	111.627	65.2145	55.1816	73.4556	66.746	57.0147	58.5111	48.6892	1	1	1	1	1	1	
199	111.671	115.227	128.896	111.686	122.628	111.626	65.2137	55.1812	73.4547	66.7453	57.0143	58.5103	48.6888	1	1	1	1	1	1	
200	111.67	115.226	128.894	111.685	122.626	111.625	65.2129	55.1807	73.4539	66.7447	57.0138	58.5096	48.6883	1	1	1	1	1	1	
201	111.669	115.225	128.891	111.684	122.625	111.624	65.2121	55.1803	73.453	66.744	57.0134	58.5089	48.6878	1	1	1	1	1	1	
202	111.668	115.225	128.889	111.683	122.624	111.623	65.2112	55.1799	73.4521	66.7433	57.0129	58.5081	48.6874	1	1	1	1	1	1	
203	111.667	115.224	128.887	111.682	122.623	111.622	65.2104	55.1794	73.4512	66.7427	57.0125	58.5074	48.6869	1	1	1	1	1	1	
204	111.666	115.223	128.884	111.681	122.622	111.622	65.2095	55.179	73.4503	66.742	57.012	58.5066	48.6864	1	1	1	1	1	1	
205	111.665	115.222	128.882	111.68	122.62	111.621	65.2087	55.1785	73.4494	66.7413	57.0115	58.5059	48.6859	1	1	1	1	1	1	
206	111.664	115.222	128.88	111.679	122.619	111.62	65.2078	55.1781	73.4484	66.7406	57.011	58.5051	48.6855	1	1	1	1	1	1	
207	111.663	115.221	128.877	111.678	122.618	111.619	65.2069	55.1776	73.4475	66.7399	57.0105	58.5043	48.685	1	1	1	1	1	1	
208	111.662	115.22	128.875	111.677	122.617	111.618	65.206	55.1771	73.4466	66.7392	57.01	58.5035	48.6845	1	1	1	1	1	1	
209	111.661	115.22	128.872	111.676	122.615	111.617	65.2051	55.1766	73.4456	66.7385	57.0096	58.5028	48.684	1	1	1	1	1	1	
210	111.66	115.219	128.87	111.675	122.614	111.616	65.2042	55.1762	73.4446	66.7378	57.0091	58.502	48.6835	1	1	1	1	1	1	
211	111.659	115.218	128.867	111.674	122.613	111.615	65.2033	55.1757	73.4436	66.7371	57.0085	58.5011	48.6829	1	1	1	1	1	1	
212	111.657	115.217	128.864	111.673	122.611	111.614	65.2024	55.1752	73.4427	66.7363	57.008	58.5003	48.6824	1	1	1	1	1	1	
213	111.656	115.217	128.862	111.672	122.61	111.613	65.2014	55.1747	73.4417	66.7356	57.0075	58.4995	48.6819	1	1	1	1	1	1	
214	111.655	115.216	128.859	111.671	122.609	111.612	65.2005	55.1742	73.4406	66.7348	57.007	58.4987	48.6814	1	1	1	1	1	1	
215	111.654	115.215	128.856	111.67	122.607	111.611	65.1995	55.1737	73.4396	66.7341	57.0065	58.4978	48.6808	1	1	1	1	1	1	
216	111.653	115.214	128.854	111.669	122.606	111.61	65.1986	55.1732	73.4386	66.7333	57.0059	58.497	48.6803	1	1	1	1	1	1	
217	111.651	115.214	128.851	111.668	122.605	111.609	65.1976	55.1727	73.4376	66.7326	57.0054	58.4961	48.6798	1	1	1	1	1	1	
218	111.65	115.213	128.848	111.667	122.603	111.608	65.1966	55.1722	73.4365	66.7318	57.0049	58.4952	48.6792	1	1	1	1	1	1	
219	111.649	115.212	128.845	111.666	122.602	111.607	65.1956	55.1716	73.4354	66.731	57.0043	58.4944	48.6787	1	1	1	1	1	1	
220	111.648	115.211	128.843	111.665	122.6	111.606	65.1946	55.1711	73.4344	66.7302	57.0037	58.4935	48.6781	1	1	1	1	1	1	
221	111.646	115.21	128.84	111.664	122.599	111.605	65.1936	55.1706	73.4333	66.7294	57.0032	58.4926	48.6775	1	1	1	1	1	1	
222	111.645	115.21	128.837	111.663	122.597	111.604	65.1926	55.17	73.4322	66.7286	57.0026	58.4917	48.677	1	1	1	1	1	1	
223	111.644	115.209	128.834	111.662	122.596	111.603	65.1915	55.1695	73.4311	66.7278	57.002	58.4907	48.6764	1	1	1	1	1	1	
224	111.643	115.208	128.831	111.66	122.594	111.602	65.1905	55.1689	73.43	66.7269	57.0015	58.4898	48.6758	1	1	1	1	1	1	
225	111.641	115.207	128.828	111.659	122.593	111.6	65.1894	55.1684	73.4288	66.7261	57.0009	58.4889	48.6752	1	1	1	1	1	1	
226	111.64	115.206	128.825	111.658	122.591	111.599	65.1883	55.1678	73.4277	66.7252	57.0003	58.4879	48.6746	1	1	1	1	1	1	
227	111.639	115.205	128.822	111.657	122.59	111.598	65.1873	55.1672	73.4265	66.7244	56.9997	58.487	48.674	1	1	1	1	1	1	
228	111.637	115.204	128.819	111.656	122.588	111.597	65.1862	55.1667	73.4254	66.7235	56.9991	58.486	48.6734	1	1	1	1	1	1	
229	111.636	115.204	128.816	111.655	122.587	111.596	65.1851	55.1661	73.4242	66.7227	56.9985	58.4851	48.6728	1	1	1	1	1	1	
230	111.634	115.203	128.813	111.653	122.585	111.595	65.1839	55.1655	73.423	66.7218	56.9979	58.4841	48.6722	1	1	1	1	1	1	
231	111.633	115.202	128.81	111.652	122.584	111.594	65.1828	55.1649	73.4218	66.7209	56.9973	58.4831	48.6715	1	1	1	1	1	1	
232	111.632	115.201	128.807	111.651	122.582	111.592	65.1817	55.1643	73.4206	66.72	56.9966	58.4821	48.6709	1	1	1	1	1	1	
233	111.63	115.2	128.803	111.65	122.58	111.591	65.1805	55.1637	73.4193	66.7191	56.996	58.4811	48.6703	1	1	1	1	1	1	
234	111.629	115.199	128.8	111.648	122.579	111.59	65.1794	55.1631	73.4181	66.7182	56.9954	58.48	48.6696	1	1	1	1	1	1	
235	111.627	115.198	128.797	111.647	122.577	111.589	65.1782	55.1625	73.4168	66.7172	56.9947	58.479	48.669	1	1	1	1	1	1	
236	111.626	115.197	128.794	111.646	122.575	111.587	65.177	55.1619	73.4156	66.7163	56.9941	58.478	48.6683	1	1	1	1	1	1	
237	111.624	115.196	128.79	111.644	122.574	111.586	65.1758	55.1612	73.4143	66.7154	56.9934	58.4769	48.6676	1	1	1	1	1	1	
238	111.623	115.195	128.787	111.643	122.572	111.585	65.1746	55.1606	73.413	66.7144	56.9927	58.4758	48.667	1	1	1	1	1	1	
239	111.621	115.194	128.783	111.642	122.57	111.584	65.1733	55.16	73.4117	66.7134	56.992	58.4748	48.6663	1	1	1	1	1	1	
240	111.62	115.193	128.78	111.64	122.568	111.582	65.1721	55.1593	73.4104	66.7125	56.9914	58.4737	48.6656	1	1	1	1	1	1	
241	111.618	115.192	128.776	111.639	122.567	111.581	65.1708	55.1587	73.409	66.7115	56.9907	58.4726	48.6649	1	1	1	1	1	1	
242	111.617	115.191	128.773	111.638	122.565	111.58	65.1696	55.158	73.4077	66.7105	56.99	58.4715	48.6642	1	1	1	1	1	1	
243	111.615	115.19	128.769	111.636	122.563	111.578	65.1683	55.1573	73.4063	66.7095	56.9893	58.4704	48.6635	1	1	1	1	1	1	
244	111.613	115.189	128.766	111.635	122.561	111.577	65.167	55.1567	73.4049	66.7085	56.9886	58.4692	48.6627	1	1	1	1	1	1	
245	111.612	115.188	128.762	111.634	122.559	111.576	65.1657	55.156	73.4035	66.7074	56.9879	58.4681	48.662	1	1	1	1	1	1	
246	111.61	115.187	128.758	111.632	122.557	111.574	65.1644	55.1553	73.4021	66.7064	56.9871	58.4669	48.6613	1	1	1	1	1	1	
247	111.609	115.186	128.755	111.631	122.556	111.573	65.163	55.1546	73.4007	66.7053	56.9864	58.4658	48.6605	1	1	1	1	1	1	
248	111.607	115.185	128.751	111.629	122.554	111.571	65.1617	55.1539	73.3993	66.7043	56.9857	58.4646	48.6598	1	1	1	1	1	1	
249	111.605	115.184	128.747	111.628	122.552	111.57	65.1603	55.1532	73.3978	66.7032	56.9849	58.4634	48.659	1	1	1	1	1	1	
250	111.604	115.183	128.743	111.626	122.55	111.569	65.1589	55.1525	73.3963	66.7021	56.9842	58.4622	48.6583	1	1	1	1	1	1	
251	111.602	115.181	128.739	111.625	122.548	111.567	65.1575	55.1517	73.3949	66.701	56.9834	58.461	48.6575	1	1	1	1	1	1	
252	111.6	115.18	128.736	111.623	122.546	111.566	65.1561	55.151	73.3934	66.6999	56.9826	58.4597	48.6567	1	1	1	1	1	1	
253	111.598	115.179	128.732	111.622	122.544	111.564	65.1547	55.1503	73.3918	66.6988	56.9818	58.4585	48.6559	1	1	1	1	1	1	
254	111.597	115.178	128.728	111.62	122.542	111.563	65.1533	55.1495	73.3903	66.6977	56.9811	58.4572	48.6551	1	1	1	1	1	1	
255	111.595	115.177	128.724	111.619	122.54	111.561	65.1518	55.1488	73.3888	66.6966	56.9803	58.456	48.6543	1	1	1	1	1	1	
256	111.593	115.176	128.719	111.617	122.538	111.56	65.1503	55.148	73.3872	66.6954	56.9795	58.4547	48.6535	1	1	1	1	1	1	
257	111.591	115.175	128.715	111.615	122.535	111.558	65.1488	55.1472	73.3856	66.6942	56.9787	58.4534	48.6527	1	1	1	1	1	1	
258	111.589	115.173	128.711	111.614	122.533	111.556	65.1473	55.1465	73.384	66.6931	56.9778	58.4521	48.6519	1	1	1	1	1	1	
259	111.587	115.172	128.707	111.612	122.531	111.555	65.1458	55.1457	73.3824	66.6919	56.977	58.4508	48.651	1	1	1	1	1	1	
260	111.585	115.171	128.703	111.61	122.529	111.553	65.1443	55.1449	73.3808	66.6907	56.9762	58.4494	48.6502	1	1	1	1	1	1	
261	111.584	115.17	128.698	111.609	122.527	111.552	65.1427	55.1441	73.3791	66.6895	56.9753	58.4481	48.6493	1	1	1	1	1	1	
262	111.582	115.168	128.694	111.607	122.525	111.55	65.1412	55.1433	73.3775	66.6883	56.9745	58.4467	48.6484	1	1	1	1	1	1	
263	111.58	115.167	128.69	111.605	122.522	111.548	65.1396	55.1424	73.3758	66.687	56.9736	58.4454	48.6476	1	1	1	1	1	1	
264	111.578	115.166	128.685	111.604	122.52	111.547	65.138	55.1416	73.3741	66.6858	56.9727	58.444	48.6467	1	1	1	1	1	1	
265	111.576	115.165	128.681	111.602	122.518	111.545	65.1364	55.1408	73.3724	66.6845	56.9719	58.4426	48.6458	1	1	1	1	1	1	
266	111.574	115.163	128.676	111.6	122.516	111.543	65.1347	55.1399	73.3706	66.6832	56.971	58.4411	48.6449	1	1	1	1	1	1	
267	111.572	115.162	128.672	111.598	122.513	111.542	65.1331	55.1391	73.3689	66.6819	56.9701	58.4397	48.644	1	1	1	1	1	1	
268	111.57	115.161	128.667	111.597	122.511	111.54	65.1314	55.1382	73.3671	66.6806	56.9692	58.4383	48.6431	1	1	1	1	1	1	
269	111.568	115.159	128.662	111.595	122.508	111.538	65.1297	55.1374	73.3653	66.6793	56.9682	58.4368	48.6421	1	1	1	1	1	1	
270	111.565	115.158	128.658	111.593	122.506	111.536	65.128	55.1365	73.3635	66.678	56.9673	58.4353	48.6412	1	1	1	1	1	1	
271	111.563	115.157	128.653	111.591	122.504	111.535	65.1263	55.1356	73.3617	66.6767	56.9664	58.4338	48.6402	1	1	1	1	1	1	
272	111.561	115.155	128.648	111.589	122.501	111.533	65.1245	55.1347	73.3598	66.6753	56.9654	58.4323	48.6393	1	1	1	1	1	1	
273	111.559	115.154	128.643	111.587	122.499	111.531	65.1227	55.1338	73.3579	66.6739	56.9645	58.4308	48.6383	1	1	1	1	1	1	
274	111.557	115.152	128.638	111.585	122.496	111.529	65.121	55.1329	73.356	66.6726	56.9635	58.4293	48.6373	1	1	1	1	1	1	
275	111.555	115.151	128.633	111.583	122.494	111.527	65.1192	55.132	73.3541	66.6712	56.9625	58.4277	48.6363	1	1	1	1	1	1	
276	111.552	115.15	128.628	111.581	122.491	111.525	65.1173	55.131	73.3522	66.6697	56.9616	58.4262	48.6353	1	1	1	1	1	1	
277	111.55	115.148	128.623	111.579	122.488	111.523	65.1155	55.1301	73.3503	66.6683	56.9606	58.4246	48.6343	1	1	1	1	1	1	
278	111.548	115.147	128.618	111.577	122.486	111.522	65.1136	55.1291	73.3483	66.6669	56.9595	58.423	48.6333	1	1	1	1	1	1	
279	111.546	115.145	128.613	111.575	122.483	111.52	65.1118	55.1282	73.3463	66.6654	56.9585	58.4213	48.6322	1	1	1	1	1	1	
280	111.543	115.144	128.608	111.573	122.481	111.518	65.1098	55.1272	73.3443	66.6639	56.9575	58.4197	48.6312	1	1	1	1	1	1	
281	111.541	115.142	128.602	111.571	122.478	111.516	65.1079	55.1262	73.3422	66.6625	56.9565	58.4181	48.6301	1	1	1	1	1	1	
282	111.538	115.141	128.597	111.569	122.475	111.514	65.106	55.1252	73.3402	66.661	56.9554	58.4164	48.6291	1	1	1	1	1	1	
283	111.536	115.139	128.592	111.567	122.472	111.512	65.104	55.1242	73.3381	66.6594	56.9544	58.4147	48.628	1	1	1	1	1	1	
284	111.534	115.137	128.586	111.565	122.47	111.51	65.102	55.1232	73.336	66.6579	56.9533	58.413	48.6269	1	1	1	1	1	1	
285	111.531	115.136	128.581	111.563	122.467	111.507	65.1	55.1222	73.3339	66.6564	56.9522	58.4113	48.6258	1	1	1	1	1	1	
286	111.529	115.134	128.575	111.561	122.464	111.505	65.098	55.1211	73.3317	66.6548	56.9511	58.4095	48.6247	1	1	1	1	1	1	
287	111.526	115.133	128.569	111.559	122.461	111.503	65.0959	55.1201	73.3296	66.6532	56.95	58.4078	48.6236	1	1	1	1	1	1	
288	111.524	115.131	128.564	111.556	122.458	111.501	65.0939	55.119	73.3274	66.6516	56.9489	58.406	48.6224	1	1	1	1	1	1	
289	111.521	115.129	128.558	111.554	122.455	111.499	65.0918	55.118	73.3251	66.65	56.9478	58.4042	48.6213	1	1	1	1	1	1	
290	111.518	115.128	128.552	111.552	122.452	111.497	65.0896	55.1169	73.3229	66.6484	56.9466	58.4024	48.6201	1	1	1	1	1	1	
291	111.516	115.126	128.546	111.549	122.449	111.495	65.0875	55.1158	73.3206	66.6467	56.9455	58.4006	48.6189	1	1	1	1	1	1	
292	111.513	115.124	128.54	111.547	122.446	111.492	65.0853	55.1147	73.3183	66.645	56.9443	58.3987	48.6177	1	1	1	1	1	1	
293	111.511	115.122	128.534	111.545	122.443	111.49	65.0831	55.1136	73.316	66.6434	56.9431	58.3969	48.6165	1	1	1	1	1	1	
294	111.508	115.121	128.528	111.542	122.44	111.488	65.0809	55.1125	73.3137	66.6417	56.9419	58.395	48.6153	1	1	1	1	1	1	
295	111.505	115.119	128.522	111.54	122.437	111.485	65.0787	55.1113	73.3113	66.6399	56.9407	58.3931	48.6141	1	1	1	1	1	1	
296	111.502	115.117	128.516	111.538	122.434	111.483	65.0764	55.1102	73.3089	66.6382	56.9395	58.3912	48.6129	1	1	1	1	1	1	
297	111.5	115.115	128.51	111.535	122.43	111.481	65.0741	55.109	73.3065	66.6364	56.9383	58.3892	48.6116	1	1	1	1	1	1	
298	111.497	115.114	128.503	111.533	122.427	111.478	65.0718	55.1079	73.3041	66.6347	56.9371	58.3872	48.6104	1	1	1	1	1	1	
299	111.494	115.112	128.497	111.53	122.424	111.476	65.0695	55.1067	73.3016	66.6329	56.9358	58.3853	48.6091	1	1	1	1	1	1	
300	111.491	115.11	128.49	111.528	122.421	111.474	65.0671	55.1055	73.2991	66.6311	56.9345	58.3833	48.6078	1	1	1	1	1	1	
301	111.488	115.108	128.484	111.525	122.417	111.471	65.0647	55.1043	73.2966	66.6292	56.9333	58.3812	48.6065	1	1	1	1	1	1	
302	111.485	115.106	128.477	111.523	122.414	111.469	65.0623	55.1031	73.294	66.6274	56.932	58.3792	48.6052	1	1	1	1	1	1	
303	111.482	115.104	128.47	111.52	122.411	111.466	65.0599	55.1019	73.2915	66.6255	56.9307	58.3771	48.6038	1	1	1	1	1	1	
304	111.479	115.102	128.464	111.517	122.407	111.464	65.0574	55.1006	73.2889	66.6236	56.9293	58.375	48.6025	1	1	1	1	1	1	
305	111.476	115.1	128.457	111.515	122.404	111.461	65.0549	55.0994	73.2862	66.6217	56.928	58.3729	48.6011	1	1	1	1	1	1	
306	111.473	115.098	128.45	111.512	122.4	111.458	65.0524	55.0981	73.2836	66.6198	56.9267	58.3708	48.5997	1	1	1	1	1	1	
307	111.47	115.096	128.443	111.509	122.396	111.456	65.0498	55.0968	73.2809	66.6178	56.9253	58.3686	48.5983	1	1	1	1	1	1	
308	111.467	115.094	128.436	111.507	122.393	111.453	65.0472	55.0955	73.2781	66.6159	56.9239	58.3664	48.5969	1	1	1	1	1	1	
309	111.464	115.092	128.429	111.504	122.389	111.45	65.0446	55.0942	73.2754	66.6139	56.9225	58.3642	48.5955	1	1	1	1	1	1	
310	111.46	115.09	128.422	111.501	122.386	111.448	65.042	55.0929	73.2726	66.6119	56.9211	58.362	48.5941	1	1	1	1	1	1	
311	111.457	115.088	128.414	111.498	122.382	111.445	65.0393	55.0916	73.2698	66.6098	56.9197	58.3598	48.5926	1	1	1	1	1	1	
312	111.454	115.086	128.407	111.495	122.378	111.442	65.0366	55.0902	73.267	66.6078	56.9183	58.3575	48.5912	1	1	1	1	1	1	
313	111.451	115.084	128.4	111.492	122.374	111.44	65.0339	55.0889	73.2641	66.6057	56.9168	58.3552	48.5897	1	1	1	1	1	1	
314	111.447	115.082	128.392	111.489	122.37	111.437	65.0311	55.0875	73.2612	66.6036	56.9154	58.3529	48.5882	1	1	1	1	1	1	
315	111.444	115.079	128.384	111.486	122.367	111.434	65.0283	55.0861	73.2583	66.6015	56.9139	58.3506	48.5867	1	1	1	1	1	1	
316	111.441	115.077	128.377	111.483	122.363	111.431	65.0255	55.0847	73.2553	66.5994	56.9124	58.3482	48.5851	1	1	1	1	1	1	
317	111.437	115.075	128.369	111.48	122.359	111.428	65.0226	55.0833	73.2523	66.5972	56.9109	58.3458	48.5836	1	1	1	1	1	1	
318	111.434	115.073	128.361	111.477	122.355	111.425	65.0197	55.0818	73.2493	66.595	56.9094	58.3434	48.582	1	1	1	1	1	1	
319	111.43	115.07	128.353	111.474	122.351	111.422	65.0168	55.0804	73.2462	66.5928	56.9078	58.341	48.5804	1	1	1	1	1	1	
320	111.426	115.068	128.345	111.471	122.347	111.419	65.0139	55.0789	73.2431	66.5906	56.9063	58.3385	48.5788	1	1	1	1	1	1	
321	111.423	115.066	128.337	111.468	122.342	111.416	65.0109	55.0775	73.24	66.5883	56.9047	58.336	48.5772	1	1	1	1	1	1	
322	111.419	115.063	128.329	111.465	122.338	111.413	65.0079	55.076	73.2368	66.586	56.9031	58.3335	48.5756	1	1	1	1	1	1	
323	111.416	115.061	128.321	111.462	122.334	111.41	65.0048	55.0745	73.2336	66.5837	56.9015	58.3309	48.5739	1	1	1	1	1	1	
324	111.412	115.059	128.312	111.458	122.33	111.407	65.0017	55.0729	73.2304	66.5814	56.8999	58.3284	48.5723	1	1	1	1	1	1	
325	111.408	115.056	128.304	111.455	122.325	111.404	64.9986	55.0714	73.2271	66.5791	56.8982	58.3258	48.5706	1	1	1	1	1	1	
326	111.404	115.054	128.295	111.452	122.321	111.4	64.9954	55.0698	73.2238	66.5767	56.8966	58.3232	48.5689	1	1	1	1	1	1	
327	111.4	115.051	128.287	111.448	122.317	111.397	64.9923	55.0683	73.2204	66.5743	56.8949	58.3205	48.5671	1	1	1	1	1	1	
328	111.397	115.049	128.278	111.445	122.312	111.394	64.989	55.0667	73.217	66.5719	56.8932	58.3178	48.5654	1	1	1	1	1	1	
329	111.393	115.046	128.269	111.442	122.308	111.391	64.9858	55.0651	73.2136	66.5694	56.8915	58.3151	48.5636	1	1	1	1	1	1	
330	111.389	115.044	128.26	111.438	122.303	111.387	64.9825	55.0635	73.2102	66.5669	56.8897	58.3124	48.5619	1	1	1	1	1	1	
331	111.385	115.041	128.251	111.435	122.298	111.384	64.9791	55.0618	73.2067	66.5644	56.888	58.3096	48.5601	1	1	1	1	1	1	
332	111.381	115.038	128.242	111.431	122.294	111.38	64.9757	55.0602	73.2031	66.5619	56.8862	58.3069	48.5582	1	1	1	1	1	1	
333	111.376	115.036	128.233	111.427	122.289	111.377	64.9723	55.0585	73.1996	66.5593	56.8844	58.304	48.5564	1	1	1	1	1	1	
334	111.372	115.033	128.224	111.424	122.284	111.373	64.9689	55.0568	73.1959	66.5568	56.8826	58.3012	48.5545	1	1	1	1	1	1	
335	111.368	115.03	128.214	111.42	122.279	111.37	64.9654	55.0551	73.1923	66.5541	56.8808	58.2983	48.5527	1	1	1	1	1	1	
336	111.364	115.028	128.205	111.416	122.275	111.366	64.9618	55.0534	73.1886	66.5515	56.879	58.2954	48.5508	1	1	1	1	1	1	
337	111.36	115.025	128.195	111.413	122.27	111.363	64.9583	55.0517	73.1848	66.5488	56.8771	58.2925	48.5488	1	1	1	1	1	1	
338	111.355	115.022	128.185	111.409	122.265	111.359	64.9546	55.0499	73.1811	66.5461	56.8752	58.2895	48.5469	1	1	1	1	1	1	
339	111.351	115.019	128.175	111.405	122.26	111.355	64.951	55.0481	73.1772	66.5434	56.8733	58.2865	48.5449	1	1	1	1	1	1	
340	111.346	115.016	128.165	111.401	122.255	111.352	64.9473	55.0463	73.1734	66.5407	56.8714	58.2835	48.5429	1	1	1	1	1	1	
341	111.342	115.013	128.155	111.397	122.249	111.348	64.9435	55.0445	73.1695	66.5379	56.8694	58.2804	48.5409	1	1	1	1	1	1	
342	111.337	115.011	128.145	111.393	122.244	111.344	64.9397	55.0427	73.1655	66.5351	56.8675	58.2773	48.5389	1	1	1	1	1	1	
343	111.333	115.008	128.135	111.389	122.239	111.34	64.9359	55.0408	73.1615	66.5322	56.8655	58.2742	48.5369	1	1	1	1	1	1	
344	111.328	115.005	128.125	111.385	122.234	111.336	64.932	55.039	73.1575	66.5293	56.8635	58.271	48.5348	1	1	1	1	1	1	
345	111.324	115.002	128.114	111.381	122.228	111.332	64.9281	55.0371	73.1534	66.5264	56.8614	58.2679	48.5327	1	1	1	1	1	1	
346	111.319	114.999	128.103	111.377	122.223	111.328	64.9242	55.0352	73.1493	66.5235	56.8594	58.2646	48.5306	1	1	1	1	1	1	
347	111.314	114.995	128.093	111.373	122.217	111.324	64.9201	55.0332	73.1451	66.5205	56.8573	58.2614	48.5284	1	1	1	1	1	1	
348	111.309	114.992	128.082	111.369	122.212	111.32	64.9161	55.0313	73.1409	66.5175	56.8552	58.2581	48.5263	1	1	1	1	1	1	
349	111.304	114.989	128.071	111.364	122.206	111.316	64.912	55.0293	73.1366	66.5145	56.8531	58.2548	48.5241	1	1	1	1	1	1	
350	111.299	114.986	128.06	111.36	122.2	111.312	64.9078	55.0273	73.1323	66.5114	56.851	58.2514	48.5218	1	1	1	1	1	1	
351	111.294	114.983	128.049	111.356	122.195	111.308	64.9036	55.0253	73.1279	66.5083	56.8488	58.248	48.5196	1	1	1	1	1	1	
352	111.289	114.979	128.037	111.351	122.189	111.304	64.8994	55.0233	73.1235	66.5052	56.8466	58.2446	48.5173	1	1	1	1	1	1	
353	111.284	114.976	128.026	111.347	122.183	111.299	64.8951	55.0213	73.119	66.5021	56.8444	58.2411	48.5151	1	1	1	1	1	1	
354	111.279	114.973	128.014	111.342	122.177	111.295	64.8907	55.0192	73.1145	66.4989	56.8422	58.2376	48.5127	1	1	1	1	1	1	
355	111.274	114.969	128.002	111.338	122.171	111.291	64.8863	55.0171	73.1099	66.4956	56.8399	58.2341	48.5104	1	1	1	1	1	1	
356	111.269	114.966	127.991	111.333	122.165	111.286	64.8819	55.015	73.1053	66.4924	56.8376	58.2305	48.508	1	1	1	1	1	1	
357	111.263	114.963	127.979	111.328	122.159	111.282	64.8774	55.0129	73.1006	66.4891	56.8353	58.2269	48.5056	1	1	1	1	1	1	
358	111.258	114.959	127.966	111.324	122.153	111.277	64.8728	55.0107	73.0959	66.4857	56.833	58.2232	48.5032	1	1	1	1	1	1	
359	111.253	114.956	127.954	111.319	122.146	111.273	64.8682	55.0085	73.0911	66.4824	56.8306	58.2195	48.5008	1	1	1	1	1	1	
360	111.247	114.952	127.942	111.314	122.14	111.268	64.8635	55.0063	73.0863	66.4789	56.8283	58.2158	48.4983	1	1	1	1	1	1	
361	111.241	114.948	127.929	111.309	122.134	111.263	64.8588	55.0041	73.0814	66.4755	56.8259	58.2121	48.4958	1	1	1	1	1	1	
362	111.236	114.945	127.917	111.304	122.127	111.259	64.854	55.0018	73.0764	66.472	56.8234	58.2082	48.4933	1	1	1	1	1	1	
363	111.23	114.941	127.904	111.299	122.121	111.254	64.8492	54.9996	73.0714	66.4685	56.821	58.2044	48.4907	1	1	1	1	1	1	
364	111.224	114.937	127.891	111.294	122.114	111.249	64.8443	54.9973	73.0664	66.4649	56.8185	58.2005	48.4881	1	1	1	1	1	1	
365	111.219	114.934	127.878	111.289	122.107	111.244	64.8393	54.995	73.0613	66.4613	56.816	58.1966	48.4855	1	1	1	1	1	1	
366	111.213	114.93	127.864	111.284	122.1	111.239	64.8343	54.9926	73.0561	66.4577	56.8134	58.1926	48.4829	1	1	1	1	1	1	
367	111.207	114.926	127.851	111.279	122.093	111.234	64.8293	54.9903	73.0508	66.454	56.8109	58.1886	48.4802	1	1	1	1	1	1	
368	111.201	114.922	127.838	111.273	122.087	111.229	64.8241	54.9879	73.0455	66.4503	56.8083	58.1846	48.4775	1	1	1	1	1	1	
369	111.195	114.918	127.824	111.268	122.08	111.224	64.8189	54.9854	73.0402	66.4466	56.8056	58.1805	48.4748	1	1	1	1	1	1	
370	111.188	114.914	127.81	111.263	122.072	111.219	64.8137	54.983	73.0347	66.4428	56.803	58.1763	48.472	1	1	1	1	1	1	
371	111.182	114.91	127.796	111.257	122.065	111.213	64.8084	54.9805	73.0293	66.4389	56.8003	58.1721	48.4692	1	1	1	1	1	1	
372	111.176	114.906	127.782	111.252	122.058	111.208	64.803	54.9781	73.0237	66.4351	56.7976	58.1679	48.4664	1	1	1	1	1	1	
373	111.169	114.902	127.768	111.246	122.051	111.203	64.7975	54.9755	73.0181	66.4311	56.7949	58.1636	48.4635	1	1	1	1	1	1	
374	111.163	114.898	127.753	111.24	122.043	111.197	64.792	54.973	73.0124	66.4272	56.7921	58.1593	48.4606	1	1	1	1	1	1	
375	111.156	114.893	127.738	111.235	122.036	111.192	64.7864	54.9704	73.0067	66.4232	56.7893	58.155	48.4577	1	1	1	1	1	1	
376	111.15	114.889	127.724	111.229	122.028	111.186	64.7808	54.9678	73.0008	66.4191	56.7865	58.1506	48.4547	1	1	1	1	1	1	
377	111.143	114.885	127.709	111.223	122.02	111.181	64.7751	54.9652	72.995	66.415	56.7836	58.1461	48.4517	1	1	1	1	1	1	
378	111.136	114.881	127.693	111.217	122.013	111.175	64.7693	54.9626	72.989	66.4109	56.7807	58.1416	48.4487	1	1	1	1	1	1	
379	111.13	114.876	127.678	111.211	122.005	111.169	64.7634	54.9599	72.983	66.4067	56.7778	58.1371	48.4456	1	1	1	1	1	1	
380	111.123	114.872	127.663	111.205	121.997	111.164	64.7575	54.9572	72.9769	66.4025	56.7748	58.1325	48.4425	1	1	1	1	1	1	
381	111.116	114.867	127.647	111.199	121.989	111.158	64.7515	54.9544	72.9707	66.3982	56.7719	58.1278	48.4394	1	1	1	1	1	1	
382	111.109	114.863	127.631	111.193	121.981	111.152	64.7454	54.9517	72.9645	66.3939	56.7688	58.1231	48.4362	1	1	1	1	1	1	
383	111.102	114.858	127.615	111.186	121.972	111.146	64.7393	54.9489	72.9582	66.3895	56.7658	58.1184	48.433	1	1	1	1	1	1	
384	111.094	114.853	127.599	111.18	121.964	111.14	64.7331	54.9461	72.9518	66.3851	56.7627	58.1136	48.4298	1	1	1	1	1	1	
385	111.087	114.849	127.582	111.174	121.956	111.134	64.7267	54.9432	72.9453	66.3806	56.7596	58.1088	48.4265	1	1	1	1	1	1	
386	111.08	114.844	127.566	111.167	121.947	111.127	64.7204	54.9404	72.9388	66.3761	56.7564	58.1039	48.4232	1	1	1	1	1	1	
387	111.072	114.839	127.549	111.161	121.938	111.121	64.7139	54.9374	72.9322	66.3716	56.7533	58.0989	48.4199	1	1	1	1	1	1	
388	111.065	114.834	127.532	111.154	121.93	111.115	64.7074	54.9345	72.9255	66.3669	56.75	58.0939	48.4165	1	1	1	1	1	1	
389	111.057	114.829	127.515	111.147	121.921	111.108	64.7008	54.9315	72.9187	66.3623	56.7468	58.0889	48.413	1	1	1	1	1	1	
390	111.049	114.824	127.497	111.141	121.912	111.102	64.694	54.9285	72.9119	66.3576	56.7435	58.0838	48.4096	1	1	1	1	1	1	
391	111.042	114.819	127.48	111.134	121.903	111.095	64.6873	54.9255	72.9049	66.3528	56.7402	58.0786	48.4061	1	1	1	1	1	1	
392	111.034	114.814	127.462	111.127	121.894	111.089	64.6804	54.9225	72.8979	66.348	56.7368	58.0734	48.4025	1	1	1	1	1	1	
393	111.026	114.809	127.444	111.12	121.884	111.082	64.6734	54.9194	72.8908	66.3431	56.7334	58.0681	48.3989	1	1	1	1	1	1	
394	111.017	114.804	127.426	111.113	121.875	111.075	64.6664	54.9162	72.8836	66.3382	56.7299	58.0628	48.3953	1	1	1	1	1	1	
395	111.009	114.798	127.407	111.105	121.866	111.068	64.6593	54.9131	72.8764	66.3332	56.7265	58.0574	48.3916	1	1	1	1	1	1	
396	111.001	114.793	127.389	111.098	121.856	111.061	64.652	54.9099	72.869	66.3281	56.723	58.052	48.3879	1	1	1	1	1	1	
397	110.993	114.787	127.37	111.091	121.846	111.054	64.6447	54.9067	72.8615	66.323	56.7194	58.0465	48.3841	1	1	1	1	1	1	
398	110.984	114.782	127.351	111.083	121.837	111.047	64.6373	54.9034	72.854	66.3179	56.7158	58.0409	48.3803	1	1	1	1	1	1	
399	110.976	114.776	127.332	111.076	121.827	111.04	64.6298	54.9001	72.8464	66.3127	56.7122	58.0353	48.3765	1	1	1	1	1	1	
400	110.967	114.771	127.312	111.068	121.817	111.033	64.6222	54.8968	72.8386	66.3074	56.7085	58.0296	48.3726	1	1	1	1	1	1	
401	110.958	114.765	127.292	111.061	121.806	111.025	64.6145	54.8935	72.8308	66.3021	56.7048	58.0239	48.3686	1	1	1	1	1	1	
402	110.949	114.759	127.272	111.053	121.796	111.018	64.6067	54.8901	72.8229	66.2967	56.701	58.0181	48.3646	1	1	1	1	1	1	
403	110.94	114.754	127.252	111.045	121.786	111.01	64.5988	54.8866	72.8149	66.2913	56.6972	58.0122	48.3606	1	1	1	1	1	1	
404	110.931	114.748	127.232	111.037	121.775	111.003	64.5908	54.8832	72.8068	66.2857	56.6934	58.0063	48.3565	1	1	1	1	1	1	
405	110.922	114.742	127.211	111.029	121.765	110.995	64.5827	54.8797	72.7986	66.2802	56.6895	58.0003	48.3524	1	1	1	1	1	1	
406	110.913	114.736	127.19	111.021	121.754	110.987	64.5745	54.8761	72.7903	66.2746	56.6856	57.9943	48.3482	1	1	1	1	1	1	
407	110.903	114.73	127.169	111.012	121.743	110.979	64.5662	54.8726	72.7819	66.2689	56.6816	57.9882	48.344	1	1	1	1	1	1	
408	110.894	114.723	127.148	111.004	121.732	110.971	64.5578	54.869	72.7733	66.2631	56.6776	57.982	48.3397	1	1	1	1	1	1	
409	110.884	114.717	127.126	110.996	121.721	110.963	64.5493	54.8653	72.7647	66.2573	56.6735	57.9758	48.3353	1	1	1	1	1	1	
410	110.874	114.711	127.104	110.987	121.709	110.955	64.5406	54.8616	72.756	66.2514	56.6694	57.9694	48.331	1	1	1	1	1	1	
411	110.864	114.705	127.082	110.978	121.698	110.947	64.5319	54.8579	72.7472	66.2454	56.6653	57.9631	48.3265	1	1	1	1	1	1	
412	110.854	114.698	127.059	110.97	121.686	110.938	64.523	54.8541	72.7382	66.2394	56.6611	57.9566	48.322	1	1	1	1	1	1	
413	110.844	114.692	127.037	110.961	121.675	110.93	64.514	54.8503	72.7292	66.2333	56.6568	57.9501	48.3175	1	1	1	1	1	1	
414	110.834	114.685	127.014	110.952	121.663	110.921	64.5049	54.8465	72.72	66.2272	56.6525	57.9435	48.3129	1	1	1	1	1	1	
415	110.824	114.678	126.99	110.943	121.651	110.913	64.4957	54.8426	72.7107	66.2209	56.6482	57.9369	48.3082	1	1	1	1	1	1	
416	110.813	114.671	126.967	110.933	121.639	110.904	64.4864	54.8387	72.7013	66.2146	56.6438	57.9301	48.3035	1	1	1	1	1	1	
417	110.803	114.665	126.943	110.924	121.626	110.895	64.4769	54.8347	72.6918	66.2083	56.6394	57.9233	48.2988	1	1	1	1	1	1	
418	110.792	114.658	126.919	110.915	121.614	110.886	64.4673	54.8307	72.6822	66.2018	56.6349	57.9165	48.2939	1	1	1	1	1	1	
419	110.781	114.651	126.894	110.905	121.601	110.877	64.4576	54.8267	72.6724	66.1953	56.6304	57.9095	48.2891	1	1	1	1	1	1	
420	110.77	114.644	126.87	110.895	121.589	110.868	64.4478	54.8226	72.6625	66.1887	56.6258	57.9025	48.2841	1	1	1	1	1	1	
421	110.759	114.636	126.845	110.886	121.576	110.858	64.4378	54.8185	72.6525	66.182	56.6211	57.8954	48.2791	1	1	1	1	1	1	
422	110.748	114.629	126.819	110.876	121.563	110.849	64.4277	54.8143	72.6424	66.1753	56.6164	57.8882	48.2741	1	1	1	1	1	1	
423	110.736	114.622	126.794	110.866	121.549	110.839	64.4174	54.8101	72.6321	66.1685	56.6117	57.8809	48.2689	1	1	1	1	1	1	
424	110.725	114.614	126.768	110.856	121.536	110.83	64.407	54.8058	72.6217	66.1616	56.6069	57.8736	48.2637	1	1	1	1	1	1	
425	110.713	114.607	126.741	110.845	121.522	110.82	64.3965	54.8015	72.6112	66.1546	56.602	57.8662	48.2585	1	1	1	1	1	1	
426	110.701	114.599	126.715	110.835	121.509	110.81	64.3858	54.7972	72.6005	66.1475	56.5971	57.8587	48.2532	1	1	1	1	1	1	
427	110.689	114.591	126.688	110.825	121.495	110.8	64.375	54.7928	72.5897	66.1404	56.5922	57.8511	48.2478	1	1	1	1	1	1	
428	110.677	114.583	126.661	110.814	121.481	110.79	64.364	54.7884	72.5788	66.1332	56.5872	57.8435	48.2423	1	1	1	1	1	1	
429	110.665	114.575	126.633	110.803	121.466	110.78	64.3529	54.7839	72.5677	66.1258	56.5821	57.8357	48.2368	1	1	1	1	1	1	
430	110.653	114.567	126.605	110.792	121.452	110.769	64.3416	54.7793	72.5565	66.1185	56.5769	57.8279	48.2312	1	1	1	1	1	1	
431	110.64	114.559	126.577	110.781	121.437	110.759	64.3302	54.7748	72.5451	66.111	56.5718	57.82	48.2256	1	1	1	1	1	1	
432	110.627	114.551	126.548	110.77	121.423	110.748	64.3186	54.7702	72.5336	66.1034	56.5665	57.812	48.2199	1	1	1	1	1	1	
433	110.615	114.543	126.519	110.759	121.408	110.737	64.3069	54.7655	72.522	66.0958	56.5612	57.8039	48.2141	1	1	1	1	1	1	
434	110.601	114.534	126.49	110.747	121.392	110.726	64.295	54.7608	72.5101	66.088	56.5558	57.7958	48.2082	1	1	1	1	1	1	
435	110.588	114.526	126.46	110.736	121.377	110.715	64.2829	54.756	72.4982	66.0802	56.5504	57.7875	48.2023	1	1	1	1	1	1	
436	110.575	114.517	126.43	110.724	121.362	110.704	64.2707	54.7512	72.486	66.0723	56.5449	57.7792	48.1963	1	1	1	1	1	1	
437	110.561	114.508	126.4	110.712	121.346	110.693	64.2583	54.7463	72.4738	66.0642	56.5393	57.7707	48.1902	1	1	1	1	1	1	
438	110.548	114.499	126.369	110.7	121.33	110.682	64.2457	54.7414	72.4613	66.0561	56.5337	57.7622	48.184	1	1	1	1	1	1	
439	110.534	114.491	126.338	110.688	121.314	110.67	64.2329	54.7364	72.4487	66.0479	56.528	57.7536	48.1777	1	1	1	1	1	1	
440	110.52	114.481	126.306	110.675	121.297	110.658	64.2199	54.7314	72.4359	66.0396	56.5223	57.7448	48.1714	1	1	1	1	1	1	
441	110.506	114.472	126.274	110.663	121.281	110.646	64.2068	54.7263	72.423	66.0312	56.5164	57.736	48.165	1	1	1	1	1	1	
442	110.491	114.463	126.242	110.65	121.264	110.634	64.1935	54.7212	72.4098	66.0227	56.5106	57.7271	48.1585	1	1	1	1	1	1	
443	110.477	114.453	126.209	110.637	121.247	110.622	64.18	54.716	72.3965	66.0141	56.5046	57.7181	48.152	1	1	1	1	1	1	
444	110.462	114.444	126.176	110.624	121.23	110.61	64.1663	54.7108	72.3831	66.0054	56.4986	57.709	48.1453	1	1	1	1	1	1	
445	110.447	114.434	126.142	110.611	121.212	110.597	64.1524	54.7055	72.3694	65.9966	56.4925	57.6998	48.1386	1	1	1	1	1	1	
446	110.432	114.424	126.108	110.598	121.195	110.585	64.1383	54.7002	72.3556	65.9877	56.4863	57.6905	48.1317	1	1	1	1	1	1	
447	110.416	114.414	126.074	110.584	121.177	110.572	64.124	54.6948	72.3415	65.9786	56.4801	57.6811	48.1248	1	1	1	1	1	1	
448	110.401	114.404	126.039	110.571	121.159	110.559	64.1094	54.6893	72.3273	65.9695	56.4738	57.6715	48.1178	1	1	1	1	1	1	
449	110.385	114.394	126.003	110.557	121.14	110.546	64.0947	54.6838	72.3129	65.9603	56.4674	57.6619	48.1107	1	1	1	1	1	1	
450	110.369	114.384	125.967	110.543	121.122	110.532	64.0798	54.6783	72.2983	65.9509	56.461	57.6522	48.1035	1	1	1	1	1	1	
451	110.353	114.373	125.931	110.529	121.103	110.519	64.0646	54.6726	72.2835	65.9415	56.4544	57.6423	48.0963	1	1	1	1	1	1	
452	110.337	114.363	125.894	110.514	121.084	110.505	64.0492	54.667	72.2685	65.9319	56.4478	57.6324	48.0889	1	1	1	1	1	1	
453	110.32	114.352	125.857	110.5	121.065	110.492	64.0336	54.6612	72.2532	65.9222	56.4412	57.6223	48.0814	1	1	1	1	1	1	
454	110.304	114.341	125.819	110.485	121.045	110.478	64.0177	54.6554	72.2378	65.9124	56.4344	57.6122	48.0738	1	1	1	1	1	1	
455	110.287	114.33	125.781	110.47	121.025	110.463	64.0017	54.6496	72.2222	65.9025	56.4276	57.6019	48.0662	1	1	1	1	1	1	
456	110.269	114.319	125.742	110.455	121.005	110.449	63.9853	54.6437	72.2063	65.8924	56.4207	57.5915	48.0584	1	1	1	1	1	1	
457	110.252	114.308	125.703	110.439	120.985	110.435	63.9688	54.6377	72.1902	65.8822	56.4137	57.581	48.0505	1	1	1	1	1	1	
458	110.234	114.296	125.663	110.424	120.964	110.42	63.9519	54.6316	72.1739	65.8719	56.4066	57.5703	48.0425	1	1	1	1	1	1	
459	110.216	114.285	125.623	110.408	120.943	110.405	63.9349	54.6255	72.1574	65.8615	56.3994	57.5596	48.0345	1	1	1	1	1	1	
460	110.198	114.273	125.582	110.392	120.922	110.39	63.9175	54.6194	72.1406	65.851	56.3922	57.5487	48.0263	1	1	1	1	1	1	
461	110.18	114.261	125.54	110.376	120.9	110.374	63.8999	54.6132	72.1236	65.8403	56.3849	57.5377	48.018	1	1	1	1	1	1	
462	110.161	114.249	125.498	110.36	120.878	110.359	63.882	54.6069	72.1064	65.8295	56.3774	57.5266	48.0095	1	1	1	1	1	1	
463	110.142	114.237	125.456	110.343	120.856	110.343	63.8639	54.6005	72.0889	65.8185	56.3699	57.5154	48.001	1	1	1	1	1	1	
464	110.123	114.224	125.413	110.326	120.834	110.327	63.8455	54.5941	72.0712	65.8074	56.3623	57.504	47.9924	1	1	1	1	1	1	
465	110.104	114.212	125.369	110.309	120.811	110.311	63.8267	54.5876	72.0532	65.7962	56.3547	57.4925	47.9836	1	1	1	1	1	1	
466	110.084	114.199	125.325	110.292	120.788	110.295	63.8077	54.5811	72.0349	65.7848	56.3469	57.4809	47.9747	1	1	1	1	1	1	
467	110.065	114.186	125.28	110.274	120.765	110.278	63.7884	54.5745	72.0164	65.7733	56.339	57.4691	47.9657	1	1	1	1	1	1	
468	110.044	114.173	125.235	110.256	120.741	110.261	63.7688	54.5678	71.9976	65.7617	56.3311	57.4572	47.9566	1	1	1	1	1	1	
469	110.024	114.16	125.188	110.238	120.717	110.244	63.7489	54.561	71.9786	65.7499	56.323	57.4452	47.9473	1	1	1	1	1	1	
470	110.003	114.146	125.142	110.22	120.693	110.227	63.7287	54.5542	71.9593	65.7379	56.3149	57.433	47.9379	1	1	1	1	1	1	
471	109.982	114.133	125.094	110.202	120.668	110.21	63.7081	54.5473	71.9397	65.7259	56.3067	57.4207	47.9284	1	1	1	1	1	1	
472	109.961	114.119	125.046	110.183	120.643	110.192	63.6872	54.5404	71.9198	65.7136	56.2983	57.4083	47.9188	1	1	1	1	1	1	
473	109.94	114.105	124.998	110.164	120.618	110.174	63.666	54.5333	71.8996	65.7012	56.2899	57.3957	47.909	1	1	1	1	1	1	
474	109.918	114.091	124.948	110.144	120.592	110.156	63.6444	54.5263	71.8791	65.6886	56.2814	57.3829	47.8991	1	1	1	1	1	1	
475	109.896	114.076	124.898	110.125	120.566	110.137	63.6225	54.5191	71.8583	65.6759	56.2727	57.3701	47.889	1	1	1	1	1	1	
476	109.873	114.062	124.848	110.105	120.54	110.119	63.6003	54.5118	71.8372	65.663	56.264	57.357	47.8788	1	1	1	1	1	1	
477	109.85	114.047	124.796	110.085	120.513	110.1	63.5776	54.5045	71.8158	65.65	56.2552	57.3439	47.8685	1	1	1	1	1	1	
478	109.827	114.032	124.744	110.065	120.486	110.081	63.5546	54.4971	71.7941	65.6368	56.2462	57.3305	47.858	1	1	1	1	1	1	
479	109.804	114.017	124.691	110.044	120.458	110.061	63.5312	54.4897	71.772	65.6234	56.2372	57.317	47.8473	1	1	1	1	1	1	
480	109.78	114.001	124.638	110.023	120.43	110.041	63.5075	54.4821	71.7496	65.6098	56.228	57.3034	47.8365	1	1	1	1	1	1	
481	109.756	113.986	124.583	110.002	120.402	110.021	63.4833	54.4745	71.7269	65.596	56.2187	57.2896	47.8256	1	1	1	1	1	1	
482	109.732	113.97	124.528	109.98	120.373	110.001	63.4587	54.4669	71.7038	65.5821	56.2094	57.2756	47.8145	1	1	1	1	1	1	
483	109.707	113.954	124.472	109.958	120.344	109.981	63.4337	54.4591	71.6804	65.568	56.1999	57.2615	47.8032	1	1	1	1	1	1	
484	109.682	113.937	124.415	109.936	120.314	109.96	63.4083	54.4512	71.6566	65.5537	56.1903	57.2472	47.7918	1	1	1	1	1	1	
485	109.657	113.921	124.358	109.913	120.284	109.939	63.3825	54.4433	71.6325	65.5392	56.1806	57.2327	47.7802	1	1	1	1	1	1	
486	109.631	113.904	124.299	109.891	120.253	109.917	63.3562	54.4353	71.6079	65.5246	56.1708	57.2181	47.7684	1	1	1	1	1	1	
487	109.605	113.887	124.24	109.867	120.222	109.895	63.3294	54.4273	71.583	65.5097	56.1608	57.2033	47.7565	1	1	1	1	1	1	
488	109.578	113.87	124.18	109.844	120.191	109.873	63.3022	54.4191	71.5578	65.4946	56.1507	57.1883	47.7443	1	1	1	1	1	1	
489	109.551	113.852	124.119	109.82	120.159	109.851	63.2746	54.4109	71.5321	65.4794	56.1406	57.1732	47.732	1	1	1	1	1	1	
490	109.524	113.834	124.057	109.796	120.127	109.828	63.2464	54.4026	71.506	65.4639	56.1303	57.1578	47.7195	1	1	1	1	1	1	
491	109.496	113.816	123.994	109.771	120.094	109.805	63.2178	54.3942	71.4795	65.4482	56.1198	57.1423	47.7069	1	1	1	1	1	1	
492	109.468	113.798	123.931	109.746	120.061	109.782	63.1886	54.3857	71.4526	65.4323	56.1093	57.1266	47.694	1	1	1	1	1	1	
493	109.629	113.968	124.056	109.911	120.215	109.947	63.3416	54.543	71.6256	65.6155	56.2821	57.287	47.9045	1	1	1	1	1	1	
494	109.598	113.947	123.99	109.884	120.179	109.921	63.3101	54.5328	71.5968	65.5979	56.2697	57.2693	47.8878	1	1	1	1	1	1	
495	109.568	113.928	123.923	109.857	120.144	109.896	63.279	54.5235	71.5683	65.581	56.2582	57.2525	47.8737	1	1	1	1	1	1	
496	109.538	113.908	123.855	109.831	120.108	109.871	63.2474	54.5144	71.5394	65.564	56.2468	57.2357	47.8596	1	1	1	1	1	1	
497	109.508	113.888	123.786	109.804	120.072	109.846	63.2154	54.5053	71.5101	65.5468	56.2353	57.2187	47.8454	1	1	1	1	1	1	
498	109.477	113.867	123.716	109.776	120.035	109.82	63.1827	54.4961	71.4802	65.5293	56.2237	57.2016	47.8309	1	1	1	1	1	1	
499	109.445	113.847	123.645	109.748	119.998	109.794	63.1495	54.4868	71.4499	65.5116	56.2119	57.1842	47.8161	1	1	1	1	1	1	
500	109.413	113.826	123.573	109.72	119.96	109.768	63.1156	54.4775	71.4191	65.4936	56.2	57.1667	47.8012	1	1	1	1	1	1	
501	109.381	113.805	123.5	109.691	119.921	109.741	63.0812	54.468	71.3877	65.4754	56.188	57.1489	47.786	1	1	1	1	1	1	
502	109.348	113.783	123.426	109.662	119.882	109.713	63.046	54.4585	71.3559	65.4569	56.1758	57.1308	47.7706	1	1	1	1	1	1	
503	109.315	113.761	123.35	109.632	119.842	109.686	63.0103	54.4489	71.3235	65.4381	56.1634	57.1126	47.7549	1	1	1	1	1	1	
504	109.281	113.739	123.274	109.602	119.802	109.657	62.9738	54.4392	71.2906	65.4191	56.151	57.0941	47.739	1	1	1	1	1	1	
505	109.247	113.716	123.196	109.572	119.761	109.629	62.9367	54.4293	71.2571	65.3998	56.1383	57.0754	47.7228	1	1	1	1	1	1	
506	109.212	113.693	123.117	109.541	119.719	109.6	62.8988	54.4195	71.2231	65.3803	56.1256	57.0564	47.7063	1	1	1	1	1	1	
507	109.176	113.67	123.037	109.509	119.677	109.57	62.8602	54.4095	71.1885	65.3604	56.1127	57.0372	47.6896	1	1	1	1	1	1	
508	109.14	113.646	122.956	109.477	119.633	109.54	62.8209	54.3994	71.1533	65.3403	56.0996	57.0178	47.6726	1	1	1	1	1	1	
509	109.104	113.622	122.873	109.444	119.59	109.51	62.7808	54.3892	71.1174	65.3198	56.0864	56.998	47.6554	1	1	1	1	1	1	
510	109.067	113.598	122.789	109.411	119.545	109.479	62.7399	54.3789	71.081	65.2991	56.073	56.9781	47.6378	1	1	1	1	1	1	
511	109.029	113.573	122.703	109.378	119.5	109.448	62.6982	54.3686	71.044	65.2781	56.0595	56.9578	47.62	1	1	1	1	1	1	
512	108.991	113.548	122.617	109.344	119.454	109.416	62.6557	54.3581	71.0063	65.2567	56.0458	56.9373	47.6018	1	1	1	1	1	1	
513	108.952	113.522	122.528	109.309	119.407	109.383	62.6124	54.3476	70.9679	65.235	56.032	56.9165	47.5834	1	1	1	1	1	1	
514	108.913	113.496	122.439	109.274	119.36	109.35	62.5682	54.3369	70.9289	65.213	56.018	56.8954	47.5646	1	1	1	1	1	1	
515	108.873	113.469	122.348	109.238	119.312	109.317	62.523	54.3262	70.8891	65.1907	56.0039	56.874	47.5456	1	1	1	1	1	1	
516	108.832	113.443	122.255	109.202	119.262	109.283	62.477	54.3154	70.8487	65.1681	55.9896	56.8523	47.5262	1	1	1	1	1	1	
517	108.79	113.415	122.161	109.165	119.212	109.249	62.43	54.3044	70.8075	65.145	55.9751	56.8303	47.5064	1	1	1	1	1	1	
518	108.748	113.387	122.065	109.127	119.162	109.214	62.3821	54.2934	70.7656	65.1217	55.9605	56.808	47.4863	1	1	1	1	1	1	
519	108.706	113.359	121.968	109.089	119.11	109.178	62.3331	54.2823	70.723	65.098	55.9457	56.7854	47.4659	1	1	1	1	1	1	
520	108.662	113.33	121.869	109.05	119.057	109.142	62.2831	54.2711	70.6795	65.0739	55.9308	56.7624	47.4451	1	1	1	1	1	1	
521	108.618	113.301	121.768	109.01	119.004	109.105	62.2321	54.2598	70.6353	65.0494	55.9157	56.7391	47.4239	1	1	1	1	1	1	
522	108.573	113.271	121.666	108.97	118.95	109.067	62.1799	54.2483	70.5902	65.0245	55.9005	56.7154	47.4023	1	1	1	1	1	1	
523	108.528	113.241	121.562	108.929	118.894	109.029	62.1267	54.2368	70.5444	64.9993	55.8851	56.6914	47.3804	1	1	1	1	1	1	
524	108.481	113.21	121.456	108.888	118.838	108.991	62.0723	54.2252	70.4976	64.9736	55.8695	56.667	47.358	1	1	1	1	1	1	
525	108.434	113.179	121.348	108.845	118.78	108.951	62.0167	54.2135	70.45	64.9475	55.8538	56.6422	47.3352	1	1	1	1	1	1	
526	108.386	113.147	121.239	108.802	118.722	108.911	61.9599	54.2017	70.4015	64.921	55.8379	56.617	47.3121	1	1	1	1	1	1	
527	108.337	113.115	121.127	108.759	118.663	108.87	61.9018	54.1898	70.3521	64.8941	55.8219	56.5914	47.2884	1	1	1	1	1	1	
528	108.288	113.082	121.014	108.714	118.602	108.829	61.8425	54.1778	70.3017	64.8667	55.8057	56.5654	47.2643	1	1	1	1	1	1	
529	108.238	113.048	120.898	108.669	118.54	108.787	61.7817	54.1657	70.2503	64.8389	55.7893	56.5389	47.2398	1	1	1	1	1	1	
530	108.186	113.014	120.781	108.623	118.478	108.744	61.7197	54.1536	70.198	64.8106	55.7728	56.512	47.2148	1	1	1	1	1	1	
531	108.134	112.979	120.661	108.576	118.414	108.7	61.6561	54.1413	70.1446	64.7818	55.7561	56.4846	47.1893	1	1	1	1	1	1	
532	108.081	112.943	120.539	108.528	118.348	108.656	61.5912	54.1289	70.0902	64.7526	55.7393	56.4568	47.1633	1	1	1	1	1	1	
533	108.027	112.907	120.415	108.479	118.282	108.61	61.5247	54.1164	70.0347	64.7228	55.7224	56.4284	47.1368	1	1	1	1	1	1	
534	107.972	112.871	120.289	108.43	118.214	108.564	61.4566	54.1038	69.9781	64.6926	55.7053	56.3995	47.1097	1	1	1	1	1	1	
535	107.916	112.833	120.16	108.379	118.145	108.517	61.3869	54.0911	69.9203	64.6618	55.6881	56.37	47.0821	1	1	1	1	1	1	
536	107.859	112.795	120.029	108.328	118.075	108.469	61.3156	54.0783	69.8614	64.6304	55.6707	56.34	47.0539	1	1	1	1	1	1	
537	107.801	112.756	119.895	108.276	118.003	108.421	61.2425	54.0655	69.8013	64.5985	55.6532	56.3093	47.0251	1	1	1	1	1	1	
538	107.742	112.716	119.759	108.222	117.93	108.371	61.1676	54.0525	69.7399	64.566	55.6356	56.2781	46.9958	1	1	1	1	1	1	
539	107.682	112.676	119.62	108.168	117.855	108.32	61.0908	54.0394	69.6773	64.533	55.6179	56.2462	46.9658	1	1	1	1	1	1	
540	107.621	112.635	119.479	108.113	117.779	108.269	61.0122	54.0262	69.6134	64.4993	55.6	56.2136	46.9351	1	1	1	1	1	1	
541	107.559	112.593	119.334	108.056	117.702	108.216	60.9315	54.0129	69.5481	64.465	55.582	56.1802	46.9038	1	1	1	1	1	1	
542	107.495	112.55	119.187	107.999	117.622	108.163	60.8488	53.9996	69.4814	64.4301	55.564	56.1461	46.8717	1	1	1	1	1	1	
543	107.431	112.506	119.037	107.94	117.541	108.108	60.764	53.9861	69.4134	64.3945	55.5459	56.1112	46.839	1	1	1	1	1	1	
544	107.365	112.462	118.884	107.881	117.459	108.052	60.6769	53.9725	69.3438	64.3582	55.5276	56.0755	46.8055	1	1	1	1	1	1	
545	107.298	112.416	118.728	107.82	117.374	107.995	60.5876	53.9588	69.2727	64.3212	55.5094	56.0389	46.7712	1	1	1	1	1	1	
546	107.016	112.323	118.509	107.637	117.374	107.889	61.3623	50.8027	70.2651	64.8343	54.9506	57.3947	45.3338	1	1	1	1	1	1	
547	107.16	112.33	118.458	107.714	117.338	107.885	60.855	52.9019	69.5269	64.6055	55.1418	56.2942	46.1114	1	1	1	1	1	1	
548	107.111	112.297	118.309	107.661	117.212	107.855	60.514	53.5376	69.2119	64.3907	55.3079	56.0386	46.4672	1	1	1	1	1	1	
549	107.033	112.243	118.124	107.587	117.081	107.791	60.3059	53.761	69.0436	64.257	55.3717	55.9332	46.5655	1	1	1	1	1	1	
550	106.713	112.132	117.864	107.371	117.05	107.659	61.0572	50.5325	70.0327	64.7471	54.8032	57.3235	45.1131	1	1	1	1	1	1	
551	106.864	112.132	117.796	107.451	116.995	107.649	60.5144	52.7208	69.2568	64.4979	55.0188	56.1804	45.9126	1	1	1	1	1	1	
552	106.814	112.097	117.63	107.395	116.855	107.614	60.1384	53.4164	68.9159	64.2603	55.2041	55.9019	46.2934	1	1	1	1	1	1	
553	106.731	112.038	117.426	107.314	116.709	107.543	59.9035	53.6731	68.73	64.1096	55.2807	55.7802	46.4014	1	1	1	1	1	1	
554	106.38	111.921	117.147	107.082	116.683	107.409	60.6764	50.2949	69.7405	64.6236	54.6625	57.2445	44.8934	1	1	1	1	1	1	
555	106.539	111.913	117.065	107.163	116.609	107.389	60.1143	52.5438	68.9478	64.3688	54.8979	56.0535	45.7075	1	1	1	1	1	1	
556	106.49	111.876	116.884	107.103	116.459	107.351	59.7083	53.2908	68.5854	64.1138	55.0994	55.7514	46.1076	1	1	1	1	1	1	
557	106.401	111.814	116.66	107.017	116.299	107.273	59.4476	53.58	68.3834	63.9478	55.1888	55.6106	46.2232	1	1	1	1	1	1	
558	106.014	111.689	116.362	106.765	116.281	107.138	60.2425	50.0419	69.4141	64.4887	54.5141	57.1554	44.657	1	1	1	1	1	1	
559	106.184	111.672	116.264	106.847	116.186	107.106	59.6609	52.3506	68.6058	64.2286	54.7717	55.9133	45.4861	1	1	1	1	1	1	
560	106.134	111.633	116.066	106.785	116.023	107.065	59.2222	53.152	68.221	63.9553	54.9911	55.5853	45.9053	1	1	1	1	1	1	
561	105.702	111.492	115.736	106.493	115.969	106.905	59.9464	49.6692	69.2185	64.4438	54.3476	57.1091	44.4067	1	1	1	1	1	1	
562	107.986	112.528	120.682	107.908	100.571	107.575	60.7127	51.3252	69.0275	63.3827	54.9311	55.0381	45.9327	1	1	1	1	1	1	
563	106.783	111.951	117.479	107.111	109.398	107.138	59.5323	52.4973	68.1301	63.1653	54.9184	55.1073	46.75	1	1	1	1	1	1	
564	105.757	111.527	116.024	106.478	112.956	106.817	59.9853	49.1714	69.0067	63.9973	54.1997	56.8443	44.8629	1	1	1	1	1	1	
565	105.726	111.359	115.407	106.433	114.334	106.694	59.1563	51.7766	68.0657	63.8699	54.5188	55.6172	45.4436	1	1	1	1	1	1	
566	105.592	111.263	114.95	106.308	114.789	106.62	58.5394	52.78	67.6082	63.6384	54.7845	55.2846	45.76	1	1	1	1	1	1	
567	105.047	111.078	114.461	105.94	115.022	106.435	59.2083	49.1146	68.6157	64.1941	54.0601	56.9336	44.107	1	1	1	1	1	1	
568	107.446	112.163	119.635	107.404	98.8198	107.123	60.1823	50.7757	68.4905	63.0542	54.7347	54.6399	45.598	1	1	1	1	1	1	
569	106.249	111.585	116.298	106.601	107.77	106.673	58.7862	52.1022	67.4987	62.8087	54.7324	54.7461	46.5183	1	1	1	1	1	1	
570	105.093	111.116	114.707	105.897	111.617	106.335	59.1952	48.5623	68.3665	63.7	53.9097	56.629	44.5407	1	1	1	1	1	1	
571	105.057	110.906	113.98	105.84	113.159	106.175	58.281	51.2955	67.377	63.5786	54.2831	55.3216	45.1126	1	1	1	1	1	1	
572	104.909	110.793	113.432	105.701	113.728	106.085	57.5625	52.4266	66.8694	63.3258	54.5909	54.9397	45.4371	1	1	1	1	1	1	
573	106.541	111.803	118.555	106.694	97.2445	106.69	60.1139	47.5296	68.7262	63.0531	54.194	55.471	44.3423	1	1	1	1	1	1	
574	105.61	111.19	115.175	106.047	106.242	106.186	58.4737	50.4519	67.2579	62.814	54.2124	54.7332	45.6437	1	1	1	1	1	1	
575	104.951	110.81	113.586	105.624	110.085	105.948	57.479	51.8152	66.6013	62.7952	54.5028	54.5355	45.7554	1	1	1	1	1	1	
576	103.986	110.432	112.51	105.015	112.05	105.676	57.9405	47.9468	67.5148	63.594	53.5743	56.4815	43.7901	1	1	1	1	1	1	
577	104.118	110.265	111.947	105.042	112.711	105.524	57.0113	50.7738	66.5107	63.3671	54.0353	55.0045	44.5024	1	1	1	1	1	1	
578	106.412	111.465	117.481	106.404	95.302	106.321	58.5408	50.9614	66.9301	62.0869	54.8305	53.2014	45.5383	1	1	1	1	1	1	
579	104.535	110.767	113.749	105.232	104.637	105.784	58.161	47.1722	67.3358	62.7968	53.4645	55.916	44.4658	1	1	1	1	1	1	
580	104.135	110.292	112.064	104.934	108.583	105.388	56.8973	50.128	66.1883	62.7957	53.9089	54.5736	44.8583	1	1	1	1	1	1	
581	102.969	109.828	110.872	104.173	110.68	105.037	57.0629	46.4333	66.967	63.5175	53.0753	56.3867	43.1355	1	1	1	1	1	1	
582	103.205	109.642	110.198	104.269	111.458	104.908	55.9306	49.663	65.7402	63.1911	53.6751	54.7545	43.9698	1	1	1	1	1	1	
583	105.617	110.931	116.005	105.688	93.3046	105.774	57.7725	50.0292	66.1509	61.7583	54.586	52.6674	45.0568	1	1	1	1	1	1	
584	103.589	110.2	112.099	104.415	102.664	105.22	57.0738	46.0873	66.509	62.4657	53.1189	55.5437	44.0505	1	1	1	1	1	1	
585	103.225	109.687	110.245	104.135	106.676	104.784	55.6407	49.2084	65.2724	62.438	53.6565	54.1074	44.473	1	1	1	1	1	1	
586	101.83	109.136	108.883	103.236	108.986	104.408	55.6676	45.242	66.0074	63.2041	52.7052	56.0321	42.6939	1	1	1	1	1	1	
587	103.293	101.642	115.065	103.964	111.766	104.682	57.4247	47.4864	65.3647	61.5824	53.5684	53.1078	44.1563	1	1	1	1	1	1	
588	102.859	104.91	110.921	103.619	111.422	104.233	55.1019	49.3568	64.4693	61.3531	54.0057	52.9934	45.2494	1	1	1	1	1	1	
589	103.858	107.905	115.053	104.263	92.0463	104.82	57.8497	43.6438	66.2502	61.4646	53.2334	53.6468	43.3481	1	1	1	1	1	1	
590	103.013	108.214	110.648	103.629	100.191	104.113	55.3354	47.0596	64.4203	61.2649	53.4391	52.9135	44.7268	1	1	1	1	1	1	
591	100.838	107.925	108.083	102.297	104.587	103.65	54.9285	42.9703	64.9124	62.3604	52.2552	55.1719	42.7101	1	1	1	1	1	1	
592	100.975	107.752	106.469	102.317	106.341	103.318	53.2329	46.5377	63.3674	62.1613	53.0649	53.3838	43.3227	1	1	1	1	1	1	
593	100.386	99.8143	112.465	101.741	109.704	103.435	56.5816	40.9605	64.7643	61.5311	52.1573	53.8465	42.0769	1	1	1	1	1	1	
594	100.624	102.778	107.988	101.776	109.299	102.795	53.6929	44.5397	63.1266	61.2642	52.928	52.569	43.6047	1	1	1	1	1	1	
595	103.12	106.276	112.478	103.301	88.4305	103.689	55.3917	45.445	63.2951	60.1277	54.0096	50.4117	44.1036	1	1	1	1	1	1	
596	100	106.446	107.38	101.346	97.1676	103.058	53.614	40.8169	63.2431	60.9951	52.0377	53.6204	42.9779	1	1	1	1	1	1	
597	99.7362	106.328	104.471	101.08	100.507	102.371	51.4128	44.1999	61.5872	61.003	52.9086	51.8076	43.2465	1	1	1	1	1	1	
598	98.2918	98.0393	109.953	99.9718	105.264	102.39	54.841	38.0047	62.68	60.6291	51.6678	52.4497	41.2023	1	1	1	1	1	1	
599	98.5715	100.719	104.777	99.9491	105.356	101.43	51.3216	41.3402	60.8417	60.3895	52.5822	50.9909	42.8268	1	1	1	1	1	1	
600	99.8983	103.32	108.691	100.744	82.4876	101.818	53.8315	40.1279	61.4534	60.0925	52.9269	44.4308	39.7915	1	1	1	1	1	1	
601	99.2788	104.675	103.606	100.173	92.0689	101.724	50.3028	42.82	59.3153	59.5052	52.6459	48.1385	42.9903	1	1	1	1	1	1	
602	97.2706	96.3119	108.131	98.8401	99.3352	101.875	53.5566	36.5288	60.0063	59.5446	51.13	50.6692	40.4672	1	1	1	1	1	1	
603	97.3636	99.1422	102.275	98.7788	100.779	100.957	49.553	39.6134	58.1809	59.5705	52.217	49.9909	42.6421	1	1	1	1	1	1	
604	94.8816	99.1471	95.4752	97.1832	100.757	99.4754	42.6718	40.2542	57.1837	57.2421	51.2144	51.158	38.0043	1	1	1	1	1	1	
605	97.5305	102.232	101.759	98.304	79.2234	100.604	47.7801	40.8939	56.3085	56.458	51.9345	47.1695	39.773	1	1	1	1	1	1	
606	94.7392	93.7137	104.122	96.3298	90.0828	100.702	49.6094	34.1077	55.5187	57.5867	49.9015	49.444	38.6908	1	1	1	1	1	1	
607	92.8519	94.7094	95.5859	95.0004	91.9319	99.2816	44.2369	34.2509	53.441	58.5374	50.3473	44.8328	37.8752	1	1	1	1	1	1	
608	93.0918	97.5234	100.339	94.9393	95.9782	86.1154	46.8568	34.6265	51.006	56.3942	50.0732	45.8405	40.202	1	1	1	1	1	1	
609	91.7461	97.5604	92.4311	94.1408	96.9873	90.7481	41.7595	34.0503	47.4688	57.4194	49.6962	48.7732	37.0731	1	1	1	1	1	1	
610	92.1168	88.4602	96.2961	93.4228	98.0549	91.5814	43.7175	32.9414	44.3074	56.7	50.7736	46.1566	37.2449	1	1	1	1	1	1	
611	92.0367	90.993	96.1551	92.9693	73.832	93.0181	43.4372	29.3978	41.4364	56.7856	50.3947	41.3427	34.716	1	1	1	1	1	1	
612	90.329	92.8328	84.957	91.2634	80.7596	92.8896	36.0688	29.6149	36.9694	55.3024	50.0746	44.5514	38.5678	1	1	1	1	1	1	
613	87.776	92.2953	88.9931	89.5444	84.9762	82.0351	37.7217	26.5195	32.557	54.3041	48.1294	44.7653	34.4212	1	1	1	1	1	1	
614	85.5738	79.9901	89.1393	87.6476	86.667	84.5628	36.5111	22.6155	28.0419	53.8066	48.6766	42.5535	29.9892	1	1	1	1	1	1	
615	84.3531	82.4616	74.8447	85.832	86.5882	84.2002	27.8074	21.7246	24.2693	50.4413	48.506	43.7029	32.6601	1	1	1	1	1	1	
616	84.3319	82.9141	76.7526	84.9798	66.0643	86.5601	27.7865	18.1823	20.4089	48.1148	46.7845	42.9484	27.6755	1	1	1	1	1	1	
617	82.5011	83.2963	76.6885	83.5079	72.5239	77.0741	25.0671	16.2687	17.6341	45.3641	46.4701	42.4569	26.8634	1	1	1	1	1	1	
618	83.4014	83.7504	75.6387	69.1883	76.0817	80.8978	23.1497	14.6465	15.8299	40.7161	48.717	42.8819	25.6667	1	1	1	1	1	1	
619	84.2538	73.0527	74.5009	72.296	78.949	83.7908	21.5898	13.7978	14.6878	38.3167	50.0487	42.38	23.4084	1	1	1	1	1	1	
620	65.9577	75.9873	72.2349	75.6298	82.3708	85.2434	20.3358	12.975	14.1058	34.1138	50.8989	42.1205	23.4748	1	1	1	1	1	1	
621	68.2883	77.5671	71.4426	77.1163	83.5162	75.966	19.4125	12.6942	13.1934	31.5316	50.839	41.4196	22.9038	1	1	1	1	1	1	
622	71.561	80.147	69.023	79.2644	61.7107	81.0297	18.8841	11.9344	12.3566	29.8457	51.1433	41.1975	21.6978	1	1	1	1	1	1	
623	70.7704	81.9133	68.0169	79.5626	67.3361	72.2932	18.0305	11.6201	11.7041	28.2338	49.7825	40.9982	21.4327	1	1	1	1	1	1	
624	70.9152	71.1482	66.5525	80.7773	71.9165	76.8436	17.8392	10.9654	10.9342	27.6992	48.5256	41.2521	20.2057	1	1	1	1	1	1	
625	71.5561	72.3881	63.9743	70.9967	74.5661	78.6551	17.2833	10.8135	10.9979	25.3192	48.5009	41.1625	20.5331	1	1	1	1	1	1	
626	68.9674	71.8378	62.1158	76.3856	75.9843	68.741	16.5396	10.2777	10.1767	25.7129	44.5336	40.4314	19.8212	1	1	1	1	1	1	
627	69.8969	71.6258	59.8658	70.0108	76.5285	71.4448	16.0587	10.2544	10.4571	23.6281	48.2879	40.8521	19.3487	1	1	1	1	1	1	
628	68.84	71.5547	57.0681	77.523	55.088	70.8517	15.514	9.35842	9.3973	24.9296	40.585	40.3617	18.6769	1	1	1	1	1	1	
629	67.7022	71.7379	55.265	72.728	57.2982	69.7041	14.837	9.52885	9.73033	22.7204	41.1541	40.4702	18.6487	1	1	1	1	1	1	
630	63.6539	70.2865	53.8957	74.4706	58.4766	65.476	14.5051	9.1409	8.99195	22.6519	35.8266	40.4174	18.5675	1	1	1	1	1	1	
631	59.9943	71.3646	52.4346	73.8166	56.2161	61.3902	13.8234	8.86249	9.1835	21.9868	34.6238	40.1867	18.0217	1	1	1	1	1	1	
632	53.4829	75.5578	51.2544	74.1236	51.8644	56.7399	13.379	8.60667	8.89656	21.7872	32.3598	40.1262	17.7607	1	1	1	1	1	1	
633	43.0098	76.2932	49.9977	77.6713	46.482	53.0638	12.9321	8.12422	7.86837	22.744	27.2314	40.1111	17.0925	1	1	1	1	1	1	
634	33.3823	87.1424	48.3896	75.8143	36.3379	50.6476	12.476	8.08857	8.41449	21.5031	27.1614	39.9429	17.1868	1	1	1	1	1	1	