
1	128.256	132.472	125.28	120.774	140.638	132.023	122.965	70.6372	71.5031	67.1643	84.1208	63.6516	80.2415	67.5529	78.3334	79.7661	70.1319	1	1	1	1	1	1	1	
2	128.255	132.472	125.28	120.774	140.638	132.023	122.963	70.6376	71.5041	67.1635	84.1211	63.6506	80.2416	67.5533	78.3319	79.7651	70.1323	1	1	1	1	1	1	1	
3	128.254	132.472	125.28	120.774	140.638	132.023	122.963	70.6374	71.5041	67.1632	84.121	63.6505	80.2415	67.5532	78.3318	79.765	70.1322	1	1	1	1	1	1	1	
4	128.254	132.472	125.279	120.774	140.637	132.023	122.963	70.6372	71.504	67.163	84.1209	63.6504	80.2415	67.553	78.3317	79.765	70.1322	1	1	1	1	1	1	1	
5	128.254	132.472	125.279	120.774	140.637	132.023	122.963	70.637	71.5039	67.1627	84.1208	63.6502	80.2415	67.5529	78.3316	79.7649	70.1321	1	1	1	1	1	1	1	
6	128.254	132.472	125.279	120.774	140.637	132.023	122.962	70.6368	71.5039	67.1624	84.1207	63.6501	80.2414	67.5528	78.3316	79.7648	70.132	1	1	1	1	1	1	1	
7	128.254	132.472	125.279	120.773	140.637	132.023	122.962	70.6366	71.5038	67.1622	84.1207	63.65	80.2414	67.5527	78.3315	79.7647	70.132	1	1	1	1	1	1	1	
8	128.254	132.471	125.279	120.773	140.636	132.022	122.962	70.6364	71.5037	67.1619	84.1206	63.6499	80.2413	67.5526	78.3314	79.7646	70.1319	1	1	1	1	1	1	1	
9	128.254	132.471	125.279	120.773	140.636	132.022	122.962	70.6362	71.5037	67.1616	84.1205	63.6498	80.2413	67.5525	78.3313	79.7645	70.1318	1	1	1	1	1	1	1	
10	128.253	132.471	125.279	120.773	140.636	132.022	122.962	70.636	71.5036	67.1613	84.1204	63.6496	80.2412	67.5523	78.3312	79.7644	70.1318	1	1	1	1	1	1	1	
11	128.253	132.471	125.278	120.773	140.636	132.022	122.962	70.6358	71.5035	67.161	84.1203	63.6495	80.2412	67.5522	78.3311	79.7643	70.1317	1	1	1	1	1	1	1	
12	128.253	132.471	125.278	120.773	140.636	132.022	122.961	70.6356	71.5035	67.1607	84.1202	63.6494	80.2411	67.5521	78.331	79.7643	70.1316	1	1	1	1	1	1	1	
13	128.253	132.471	125.278	120.772	140.635	132.022	122.961	70.6353	71.5034	67.1605	84.1201	63.6492	80.2411	67.552	78.331	79.7642	70.1316	1	1	1	1	1	1	1	
14	128.253	132.471	125.278	120.772	140.635	132.022	122.961	70.6351	71.5033	67.1602	84.12	63.6491	80.2411	67.5518	78.3309	79.7641	70.1315	1	1	1	1	1	1	1	
15	128.253	132.47	125.278	120.772	140.635	132.021	122.961	70.6349	71.5032	67.1599	84.1199	63.649	80.241	67.5517	78.3308	79.764	70.1314	1	1	1	1	1	1	1	
16	128.252	132.47	125.278	120.772	140.635	132.021	122.961	70.6347	71.5032	67.1596	84.1198	63.6489	80.241	67.5516	78.3307	79.7639	70.1314	1	1	1	1	1	1	1	
17	128.252	132.47	125.277	120.772	140.634	132.021	122.96	70.6344	71.5031	67.1593	84.1198	63.6487	80.2409	67.5515	78.3306	79.7638	70.1313	1	1	1	1	1	1	1	
18	128.252	132.47	125.277	120.772	140.634	132.021	122.96	70.6342	71.503	67.159	84.1197	63.6486	80.2409	67.5513	78.3305	79.7637	70.1312	1	1	1	1	1	1	1	
19	128.252	132.47	125.277	120.771	140.634	132.021	122.96	70.634	71.5029	67.1586	84.1196	63.6485	80.2408	67.5512	78.3304	79.7636	70.1311	1	1	1	1	1	1	1	
20	128.252	132.47	125.277	120.771	140.633	132.021	122.96	70.6337	71.5029	67.1583	84.1195	63.6483	80.2408	67.5511	78.3303	79.7635	70.1311	1	1	1	1	1	1	1	
21	128.252	132.469	125.277	120.771	140.633	132.021	122.96	70.6335	71.5028	67.158	84.1194	63.6482	80.2407	67.5509	78.3302	79.7634	70.131	1	1	1	1	1	1	1	
22	128.252	132.469	125.277	120.771	140.633	132.02	122.96	70.6333	71.5027	67.1577	84.1193	63.648	80.2407	67.5508	78.3301	79.7633	70.1309	1	1	1	1	1	1	1	
23	128.251	132.469	125.276	120.771	140.633	132.02	122.959	70.633	71.5026	67.1574	84.1192	63.6479	80.2406	67.5506	78.33	79.7632	70.1308	1	1	1	1	1	1	1	
24	128.251	132.469	125.276	120.771	140.632	132.02	122.959	70.6328	71.5025	67.1571	84.1191	63.6478	80.2406	67.5505	78.3299	79.7631	70.1308	1	1	1	1	1	1	1	
25	128.251	132.469	125.276	120.77	140.632	132.02	122.959	70.6325	71.5025	67.1567	84.119	63.6476	80.2405	67.5504	78.3298	79.763	70.1307	1	1	1	1	1	1	1	
26	128.251	132.468	125.276	120.77	140.632	132.02	122.959	70.6323	71.5024	67.1564	84.1189	63.6475	80.2405	67.5502	78.3297	79.7629	70.1306	1	1	1	1	1	1	1	
27	128.251	132.468	125.276	120.77	140.632	132.02	122.959	70.632	71.5023	67.1561	84.1188	63.6473	80.2404	67.5501	78.3296	79.7628	70.1305	1	1	1	1	1	1	1	
28	128.25	132.468	125.275	120.77	140.631	132.019	122.958	70.6318	71.5022	67.1557	84.1186	63.6472	80.2404	67.5499	78.3295	79.7627	70.1304	1	1	1	1	1	1	1	
29	128.25	132.468	125.275	120.77	140.631	132.019	122.958	70.6315	71.5021	67.1554	84.1185	63.647	80.2403	67.5498	78.3294	79.7626	70.1303	1	1	1	1	1	1	1	
30	128.25	132.468	125.275	120.769	140.631	132.019	122.958	70.6313	71.502	67.155	84.1184	63.6469	80.2403	67.5496	78.3293	79.7625	70.1303	1	1	1	1	1	1	1	
31	128.25	132.467	125.275	120.769	140.63	132.019	122.958	70.631	71.5019	67.1547	84.1183	63.6467	80.2402	67.5495	78.3292	79.7623	70.1302	1	1	1	1	1	1	1	
32	128.25	132.467	125.275	120.769	140.63	132.019	122.957	70.6307	71.5019	67.1543	84.1182	63.6466	80.2401	67.5493	78.3291	79.7622	70.1301	1	1	1	1	1	1	1	
33	128.25	132.467	125.275	120.769	140.63	132.019	122.957	70.6305	71.5018	67.154	84.1181	63.6464	80.2401	67.5492	78.329	79.7621	70.13	1	1	1	1	1	1	1	
34	128.249	132.467	125.274	120.769	140.629	132.018	122.957	70.6302	71.5017	67.1536	84.118	63.6463	80.24	67.549	78.3289	79.762	70.1299	1	1	1	1	1	1	1	
35	128.249	132.467	125.274	120.768	140.629	132.018	122.957	70.6299	71.5016	67.1533	84.1179	63.6461	80.24	67.5489	78.3288	79.7619	70.1298	1	1	1	1	1	1	1	
36	128.249	132.466	125.274	120.768	140.629	132.018	122.957	70.6297	71.5015	67.1529	84.1178	63.6459	80.2399	67.5487	78.3287	79.7618	70.1297	1	1	1	1	1	1	1	
37	128.249	132.466	125.274	120.768	140.629	132.018	122.956	70.6294	71.5014	67.1525	84.1176	63.6458	80.2399	67.5486	78.3285	79.7617	70.1297	1	1	1	1	1	1	1	
38	128.249	132.466	125.274	120.768	140.628	132.018	122.956	70.6291	71.5013	67.1521	84.1175	63.6456	80.2398	67.5484	78.3284	79.7615	70.1296	1	1	1	1	1	1	1	
39	128.248	132.466	125.273	120.768	140.628	132.017	122.956	70.6288	71.5012	67.1518	84.1174	63.6454	80.2397	67.5482	78.3283	79.7614	70.1295	1	1	1	1	1	1	1	
40	128.248	132.466	125.273	120.767	140.628	132.017	122.956	70.6285	71.5011	67.1514	84.1173	63.6453	80.2397	67.5481	78.3282	79.7613	70.1294	1	1	1	1	1	1	1	
41	128.248	132.465	125.273	120.767	140.627	132.017	122.955	70.6282	71.501	67.151	84.1172	63.6451	80.2396	67.5479	78.3281	79.7612	70.1293	1	1	1	1	1	1	1	
42	128.248	132.465	125.273	120.767	140.627	132.017	122.955	70.6279	71.5009	67.1506	84.1171	63.6449	80.2396	67.5477	78.328	79.7611	70.1292	1	1	1	1	1	1	1	
43	128.248	132.465	125.272	120.767	140.627	132.017	122.955	70.6276	71.5008	67.1502	84.1169	63.6448	80.2395	67.5476	78.3278	79.7609	70.1291	1	1	1	1	1	1	1	
44	128.247	132.465	125.272	120.766	140.626	132.017	122.955	70.6273	71.5007	67.1498	84.1168	63.6446	80.2394	67.5474	78.3277	79.7608	70.129	1	1	1	1	1	1	1	
45	128.247	132.465	125.272	120.766	140.626	132.016	122.954	70.627	71.5006	67.1494	84.1167	63.6444	80.2394	67.5472	78.3276	79.7607	70.1289	1	1	1	1	1	1	1	
46	128.247	132.464	125.272	120.766	140.626	132.016	122.954	70.6267	71.5005	67.149	84.1166	63.6442	80.2393	67.5471	78.3275	79.7606	70.1288	1	1	1	1	1	1	1	
47	128.247	132.464	125.272	120.766	140.625	132.016	122.954	70.6264	71.5004	67.1486	84.1164	63.6441	80.2392	67.5469	78.3274	79.7604	70.1287	1	1	1	1	1	1	1	
48	128.247	132.464	125.271	120.765	140.625	132.016	122.954	70.6261	71.5003	67.1482	84.1163	63.6439	80.2392	67.5467	78.3272	79.7603	70.1286	1	1	1	1	1	1	1	
49	128.246	132.464	125.271	120.765	140.625	132.016	122.953	70.6258	71.5002	67.1478	84.1162	63.6437	80.2391	67.5465	78.3271	79.7602	70.1285	1	1	1	1	1	1	1	
50	128.246	132.463	125.271	120.765	140.624	132.015	122.953	70.6255	71.5001	67.1473	84.116	63.6435	80.2391	67.5464	78.327	79.76	70.1284	1	1	1	1	1	1	1	
51	128.246	132.463	125.271	120.765	140.624	132.015	122.953	70.6252	71.5	67.1469	84.1159	63.6433	80.239	67.5462	78.3268	79.7599	70.1283	1	1	1	1	1	1	1	
52	128.246	132.463	125.27	120.765	140.623	132.015	122.953	70.6248	71.4999	67.1465	84.1158	63.6431	80.2389	67.546	78.3267	79.7598	70.1282	1	1	1	1	1	1	1	
53	128.245	132.463	125.27	120.764	140.623	132.015	122.952	70.6245	71.4998	67.146	84.1156	63.6429	80.2388	67.5458	78.3266	79.7596	70.1281	1	1	1	1	1	1	1	
54	128.245	132.462	125.27	120.764	140.623	132.014	122.952	70.6242	71.4997	67.1456	84.1155	63.6427	80.2388	67.5456	78.3264	79.7595	70.128	1	1	1	1	1	1	1	
55	128.245	132.462	125.27	120.764	140.622	132.014	122.952	70.6238	71.4996	67.1452	84.1154	63.6425	80.2387	67.5454	78.3263	79.7593	70.1279	1	1	1	1	1	1	1	
56	128.245	132.462	125.269	120.764	140.622	132.014	122.952	70.6235	71.4995	67.1447	84.1152	63.6424	80.2386	67.5452	78.3262	79.7592	70.1278	1	1	1	1	1	1	1	
57	128.244	132.462	125.269	120.763	140.622	132.014	122.951	70.6232	71.4994	67.1443	84.1151	63.6422	80.2386	67.545	78.326	79.7591	70.1277	1	1	1	1	1	1	1	
58	128.244	132.461	125.269	120.763	140.621	132.014	122.951	70.6228	71.4992	67.1438	84.1149	63.642	80.2385	67.5448	78.3259	79.7589	70.1276	1	1	1	1	1	1	1	
59	128.244	132.461	125.269	120.763	140.621	132.013	122.951	70.6225	71.4991	67.1433	84.1148	63.6417	80.2384	67.5446	78.3258	79.7588	70.1274	1	1	1	1	1	1	1	
60	128.244	132.461	125.268	120.763	140.62	132.013	122.95	70.6221	71.499	67.1429	84.1146	63.6415	80.2384	67.5444	78.3256	79.7586	70.1273	1	1	1	1	1	1	1	
61	128.243	132.461	125.268	120.762	140.62	132.013	122.95	70.6218	71.4989	67.1424	84.1145	63.6413	80.2383	67.5442	78.3255	79.7585	70.1272	1	1	1	1	1	1	1	
62	128.243	132.46	125.268	120.762	140.62	132.013	122.95	70.6214	71.4988	67.1419	84.1143	63.6411	80.2382	67.544	78.3253	79.7583	70.1271	1	1	1	1	1	1	1	
63	128.243	132.46	125.268	120.762	140.619	132.012	122.949	70.6211	71.4986	67.1414	84.1142	63.6409	80.2381	67.5438	78.3252	79.7582	70.127	1	1	1	1	1	1	1	
64	128.243	132.46	125.267	120.761	140.619	132.012	122.949	70.6207	71.4985	67.141	84.114	63.6407	80.2381	67.5436	78.325	79.758	70.1269	1	1	1	1	1	1	1	
65	128.242	132.46	125.267	120.761	140.618	132.012	122.949	70.6203	71.4984	67.1405	84.1139	63.6405	80.238	67.5434	78.3249	79.7579	70.1267	1	1	1	1	1	1	1	
66	128.242	132.459	125.267	120.761	140.618	132.012	122.949	70.6199	71.4983	67.14	84.1137	63.6403	80.2379	67.5432	78.3247	79.7577	70.1266	1	1	1	1	1	1	1	
67	128.242	132.459	125.267	120.761	140.618	132.011	122.948	70.6196	71.4982	67.1395	84.1136	63.64	80.2378	67.543	78.3246	79.7576	70.1265	1	1	1	1	1	1	1	
68	128.242	132.459	125.266	120.76	140.617	132.011	122.948	70.6192	71.498	67.139	84.1134	63.6398	80.2377	67.5428	78.3244	79.7574	70.1264	1	1	1	1	1	1	1	
69	128.241	132.458	125.266	120.76	140.617	132.011	122.948	70.6188	71.4979	67.1384	84.1133	63.6396	80.2377	67.5426	78.3243	79.7572	70.1263	1	1	1	1	1	1	1	
70	128.241	132.458	125.266	120.76	140.616	132.011	122.947	70.6184	71.4978	67.1379	84.1131	63.6394	80.2376	67.5423	78.3241	79.7571	70.1261	1	1	1	1	1	1	1	
71	128.241	132.458	125.265	120.759	140.616	132.01	122.947	70.618	71.4976	67.1374	84.1129	63.6391	80.2375	67.5421	78.324	79.7569	70.126	1	1	1	1	1	1	1	
72	128.241	132.458	125.265	120.759	140.615	132.01	122.947	70.6176	71.4975	67.1369	84.1128	63.6389	80.2374	67.5419	78.3238	79.7567	70.1259	1	1	1	1	1	1	1	
73	128.24	132.457	125.265	120.759	140.615	132.01	122.946	70.6172	71.4974	67.1363	84.1126	63.6387	80.2373	67.5417	78.3236	79.7566	70.1257	1	1	1	1	1	1	1	
74	128.24	132.457	125.265	120.759	140.614	132.01	122.946	70.6168	71.4972	67.1358	84.1124	63.6384	80.2372	67.5414	78.3235	79.7564	70.1256	1	1	1	1	1	1	1	
75	128.24	132.457	125.264	120.758	140.614	132.009	122.946	70.6164	71.4971	67.1353	84.1123	63.6382	80.2372	67.5412	78.3233	79.7562	70.1255	1	1	1	1	1	1	1	
76	128.239	132.456	125.264	120.758	140.614	132.009	122.945	70.616	71.497	67.1347	84.1121	63.638	80.2371	67.541	78.3231	79.7561	70.1254	1	1	1	1	1	1	1	
77	128.239	132.456	125.264	120.758	140.613	132.009	122.945	70.6156	71.4968	67.1342	84.1119	63.6377	80.237	67.5407	78.323	79.7559	70.1252	1	1	1	1	1	1	1	
78	128.239	132.456	125.263	120.757	140.613	132.009	122.945	70.6152	71.4967	67.1336	84.1118	63.6375	80.2369	67.5405	78.3228	79.7557	70.1251	1	1	1	1	1	1	1	
79	128.239	132.455	125.263	120.757	140.612	132.008	122.944	70.6147	71.4966	67.133	84.1116	63.6372	80.2368	67.5402	78.3226	79.7555	70.1249	1	1	1	1	1	1	1	
80	128.238	132.455	125.263	120.757	140.612	132.008	122.944	70.6143	71.4964	67.1325	84.1114	63.637	80.2367	67.54	78.3225	79.7553	70.1248	1	1	1	1	1	1	1	
81	128.238	132.455	125.262	120.756	140.611	132.008	122.944	70.6139	71.4963	67.1319	84.1112	63.6367	80.2366	67.5397	78.3223	79.7552	70.1247	1	1	1	1	1	1	1	
82	128.238	132.455	125.262	120.756	140.611	132.007	122.943	70.6134	71.4961	67.1313	84.111	63.6365	80.2365	67.5395	78.3221	79.755	70.1245	1	1	1	1	1	1	1	
83	128.237	132.454	125.262	120.756	140.61	132.007	122.943	70.613	71.496	67.1307	84.1109	63.6362	80.2365	67.5392	78.3219	79.7548	70.1244	1	1	1	1	1	1	1	
84	128.237	132.454	125.261	120.755	140.61	132.007	122.942	70.6125	71.4958	67.1301	84.1107	63.636	80.2364	67.539	78.3217	79.7546	70.1242	1	1	1	1	1	1	1	
85	128.237	132.454	125.261	120.755	140.609	132.007	122.942	70.6121	71.4957	67.1295	84.1105	63.6357	80.2363	67.5387	78.3216	79.7544	70.1241	1	1	1	1	1	1	1	
86	128.236	132.453	125.261	120.755	140.609	132.006	122.942	70.6116	71.4955	67.1289	84.1103	63.6354	80.2362	67.5385	78.3214	79.7542	70.124	1	1	1	1	1	1	1	
87	128.236	132.453	125.26	120.754	140.608	132.006	122.941	70.6112	71.4954	67.1283	84.1101	63.6352	80.2361	67.5382	78.3212	79.754	70.1238	1	1	1	1	1	1	1	
88	128.236	132.452	125.26	120.754	140.608	132.006	122.941	70.6107	71.4952	67.1277	84.1099	63.6349	80.236	67.5379	78.321	79.7538	70.1237	1	1	1	1	1	1	1	
89	128.235	132.452	125.26	120.754	140.607	132.005	122.941	70.6102	71.4951	67.127	84.1097	63.6346	80.2359	67.5377	78.3208	79.7536	70.1235	1	1	1	1	1	1	1	
90	128.235	132.452	125.259	120.753	140.606	132.005	122.94	70.6098	71.4949	67.1264	84.1095	63.6343	80.2358	67.5374	78.3206	79.7534	70.1233	1	1	1	1	1	1	1	
91	128.235	132.451	125.259	120.753	140.606	132.005	122.94	70.6093	71.4948	67.1258	84.1093	63.634	80.2357	67.5371	78.3204	79.7532	70.1232	1	1	1	1	1	1	1	
92	128.234	132.451	125.259	120.752	140.605	132.004	122.939	70.6088	71.4946	67.1251	84.1091	63.6338	80.2356	67.5369	78.3202	79.753	70.123	1	1	1	1	1	1	1	
93	128.234	132.451	125.258	120.752	140.605	132.004	122.939	70.6083	71.4944	67.1245	84.1089	63.6335	80.2355	67.5366	78.32	79.7528	70.1229	1	1	1	1	1	1	1	
94	128.234	132.45	125.258	120.752	140.604	132.004	122.939	70.6078	71.4943	67.1238	84.1087	63.6332	80.2354	67.5363	78.3198	79.7526	70.1227	1	1	1	1	1	1	1	
95	128.233	132.45	125.258	120.751	140.604	132.004	122.938	70.6073	71.4941	67.1231	84.1085	63.6329	80.2353	67.536	78.3196	79.7524	70.1226	1	1	1	1	1	1	1	
96	128.233	132.45	125.257	120.751	140.603	132.003	122.938	70.6068	71.4939	67.1225	84.1083	63.6326	80.2352	67.5357	78.3194	79.7522	70.1224	1	1	1	1	1	1	1	
97	128.233	132.449	125.257	120.751	140.603	132.003	122.937	70.6063	71.4938	67.1218	84.1081	63.6323	80.2351	67.5354	78.3192	79.752	70.1222	1	1	1	1	1	1	1	
98	128.232	132.449	125.256	120.75	140.602	132.003	122.937	70.6058	71.4936	67.1211	84.1079	63.632	80.235	67.5351	78.319	79.7518	70.1221	1	1	1	1	1	1	1	
99	128.232	132.448	125.256	120.75	140.601	132.002	122.937	70.6053	71.4934	67.1204	84.1076	63.6317	80.2348	67.5349	78.3188	79.7516	70.1219	1	1	1	1	1	1	1	
100	128.232	132.448	125.256	120.749	140.601	132.002	122.936	70.6047	71.4933	67.1197	84.1074	63.6314	80.2347	67.5346	78.3186	79.7513	70.1217	1	1	1	1	1	1	1	
101	128.231	132.448	125.255	120.749	140.6	132.002	122.936	70.6042	71.4931	67.119	84.1072	63.6311	80.2346	67.5343	78.3184	79.7511	70.1216	1	1	1	1	1	1	1	
102	128.231	132.447	125.255	120.749	140.6	132.001	122.935	70.6037	71.4929	67.1183	84.107	63.6308	80.2345	67.5339	78.3182	79.7509	70.1214	1	1	1	1	1	1	1	
103	128.23	132.447	125.254	120.748	140.599	132.001	122.935	70.6031	71.4927	67.1176	84.1068	63.6305	80.2344	67.5336	78.3179	79.7507	70.1212	1	1	1	1	1	1	1	
104	128.23	132.446	125.254	120.748	140.598	132	122.934	70.6026	71.4925	67.1168	84.1065	63.6301	80.2343	67.5333	78.3177	79.7504	70.121	1	1	1	1	1	1	1	
105	128.23	132.446	125.254	120.747	140.598	132	122.934	70.602	71.4924	67.1161	84.1063	63.6298	80.2342	67.533	78.3175	79.7502	70.1209	1	1	1	1	1	1	1	
106	128.229	132.446	125.253	120.747	140.597	132	122.933	70.6015	71.4922	67.1153	84.1061	63.6295	80.2341	67.5327	78.3173	79.75	70.1207	1	1	1	1	1	1	1	
107	128.229	132.445	125.253	120.747	140.597	131.999	122.933	70.6009	71.492	67.1146	84.1058	63.6292	80.2339	67.5324	78.317	79.7497	70.1205	1	1	1	1	1	1	1	
108	128.229	132.445	125.252	120.746	140.596	131.999	122.932	70.6003	71.4918	67.1138	84.1056	63.6288	80.2338	67.5321	78.3168	79.7495	70.1203	1	1	1	1	1	1	1	
109	128.228	132.444	125.252	120.746	140.595	131.999	122.932	70.5998	71.4916	67.1131	84.1054	63.6285	80.2337	67.5317	78.3166	79.7493	70.1201	1	1	1	1	1	1	1	
110	128.228	132.444	125.252	120.745	140.595	131.998	122.932	70.5992	71.4914	67.1123	84.1051	63.6281	80.2336	67.5314	78.3163	79.749	70.1199	1	1	1	1	1	1	1	
111	128.227	132.444	125.251	120.745	140.594	131.998	122.931	70.5986	71.4912	67.1115	84.1049	63.6278	80.2335	67.5311	78.3161	79.7488	70.1198	1	1	1	1	1	1	1	
112	128.227	132.443	125.251	120.744	140.593	131.997	122.931	70.598	71.491	67.1107	84.1046	63.6275	80.2333	67.5307	78.3159	79.7485	70.1196	1	1	1	1	1	1	1	
113	128.226	132.443	125.25	120.744	140.593	131.997	122.93	70.5974	71.4908	67.1099	84.1044	63.6271	80.2332	67.5304	78.3156	79.7483	70.1194	1	1	1	1	1	1	1	
114	128.226	132.442	125.25	120.743	140.592	131.997	122.93	70.5968	71.4906	67.1091	84.1041	63.6268	80.2331	67.53	78.3154	79.748	70.1192	1	1	1	1	1	1	1	
115	128.226	132.442	125.249	120.743	140.591	131.996	122.929	70.5962	71.4904	67.1083	84.1039	63.6264	80.233	67.5297	78.3151	79.7478	70.119	1	1	1	1	1	1	1	
116	128.225	132.441	125.249	120.743	140.59	131.996	122.929	70.5956	71.4902	67.1075	84.1036	63.626	80.2328	67.5293	78.3149	79.7475	70.1188	1	1	1	1	1	1	1	
117	128.225	132.441	125.248	120.742	140.59	131.995	122.928	70.5949	71.49	67.1066	84.1034	63.6257	80.2327	67.529	78.3146	79.7472	70.1186	1	1	1	1	1	1	1	
118	128.224	132.44	125.248	120.742	140.589	131.995	122.928	70.5943	71.4898	67.1058	84.1031	63.6253	80.2326	67.5286	78.3144	79.747	70.1184	1	1	1	1	1	1	1	
119	128.224	132.44	125.248	120.741	140.588	131.995	122.927	70.5937	71.4896	67.1049	84.1028	63.6249	80.2324	67.5283	78.3141	79.7467	70.1182	1	1	1	1	1	1	1	
120	128.223	132.439	125.247	120.741	140.588	131.994	122.926	70.593	71.4894	67.1041	84.1026	63.6246	80.2323	67.5279	78.3139	79.7464	70.118	1	1	1	1	1	1	1	
121	128.223	132.439	125.247	120.74	140.587	131.994	122.926	70.5924	71.4892	67.1032	84.1023	63.6242	80.2322	67.5275	78.3136	79.7462	70.1178	1	1	1	1	1	1	1	
122	128.222	132.438	125.246	120.74	140.586	131.993	122.925	70.5917	71.4889	67.1023	84.102	63.6238	80.232	67.5272	78.3133	79.7459	70.1175	1	1	1	1	1	1	1	
123	128.222	132.438	125.246	120.739	140.585	131.993	122.925	70.5911	71.4887	67.1015	84.1018	63.6234	80.2319	67.5268	78.3131	79.7456	70.1173	1	1	1	1	1	1	1	
124	128.222	132.437	125.245	120.739	140.585	131.993	122.924	70.5904	71.4885	67.1006	84.1015	63.623	80.2318	67.5264	78.3128	79.7453	70.1171	1	1	1	1	1	1	1	
125	128.221	132.437	125.245	120.738	140.584	131.992	122.924	70.5897	71.4883	67.0997	84.1012	63.6226	80.2316	67.526	78.3125	79.745	70.1169	1	1	1	1	1	1	1	
126	128.221	132.436	125.244	120.738	140.583	131.992	122.923	70.589	71.4881	67.0987	84.1009	63.6222	80.2315	67.5256	78.3122	79.7448	70.1167	1	1	1	1	1	1	1	
127	128.22	132.436	125.244	120.737	140.582	131.991	122.923	70.5883	71.4878	67.0978	84.1006	63.6218	80.2313	67.5252	78.312	79.7445	70.1164	1	1	1	1	1	1	1	
128	128.22	132.435	125.243	120.737	140.582	131.991	122.922	70.5877	71.4876	67.0969	84.1003	63.6214	80.2312	67.5248	78.3117	79.7442	70.1162	1	1	1	1	1	1	1	
129	128.219	132.435	125.243	120.736	140.581	131.99	122.921	70.5869	71.4874	67.0959	84.1	63.621	80.231	67.5244	78.3114	79.7439	70.116	1	1	1	1	1	1	1	
130	128.219	132.434	125.242	120.736	140.58	131.99	122.921	70.5862	71.4871	67.095	84.0998	63.6206	80.2309	67.524	78.3111	79.7436	70.1158	1	1	1	1	1	1	1	
131	128.218	132.434	125.242	120.735	140.579	131.989	122.92	70.5855	71.4869	67.094	84.0995	63.6202	80.2307	67.5236	78.3108	79.7433	70.1155	1	1	1	1	1	1	1	
132	128.218	132.433	125.241	120.734	140.578	131.989	122.92	70.5848	71.4867	67.0931	84.0992	63.6197	80.2306	67.5232	78.3105	79.743	70.1153	1	1	1	1	1	1	1	
133	128.217	132.433	125.24	120.734	140.578	131.988	122.919	70.5841	71.4864	67.0921	84.0988	63.6193	80.2304	67.5228	78.3102	79.7427	70.1151	1	1	1	1	1	1	1	
134	128.217	132.432	125.24	120.733	140.577	131.988	122.918	70.5833	71.4862	67.0911	84.0985	63.6189	80.2303	67.5224	78.3099	79.7424	70.1148	1	1	1	1	1	1	1	
135	128.216	132.432	125.239	120.733	140.576	131.987	122.918	70.5826	71.4859	67.0901	84.0982	63.6184	80.2301	67.5219	78.3096	79.7421	70.1146	1	1	1	1	1	1	1	
136	128.216	132.431	125.239	120.732	140.575	131.987	122.917	70.5818	71.4857	67.0891	84.0979	63.618	80.23	67.5215	78.3093	79.7417	70.1143	1	1	1	1	1	1	1	
137	128.215	132.431	125.238	120.732	140.574	131.986	122.917	70.581	71.4854	67.0881	84.0976	63.6175	80.2298	67.5211	78.309	79.7414	70.1141	1	1	1	1	1	1	1	
138	128.214	132.43	125.238	120.731	140.573	131.986	122.916	70.5803	71.4852	67.087	84.0973	63.6171	80.2296	67.5206	78.3087	79.7411	70.1138	1	1	1	1	1	1	1	
139	128.214	132.429	125.237	120.73	140.572	131.985	122.915	70.5795	71.4849	67.086	84.097	63.6166	80.2295	67.5202	78.3084	79.7408	70.1136	1	1	1	1	1	1	1	
140	128.213	132.429	125.237	120.73	140.571	131.985	122.915	70.5787	71.4846	67.0849	84.0966	63.6162	80.2293	67.5198	78.3081	79.7404	70.1133	1	1	1	1	1	1	1	
141	128.213	132.428	125.236	120.729	140.571	131.984	122.914	70.5779	71.4844	67.0839	84.0963	63.6157	80.2292	67.5193	78.3078	79.7401	70.1131	1	1	1	1	1	1	1	
142	128.212	132.428	125.235	120.729	140.57	131.984	122.913	70.5771	71.4841	67.0828	84.096	63.6152	80.229	67.5188	78.3074	79.7398	70.1128	1	1	1	1	1	1	1	
143	128.212	132.427	125.235	120.728	140.569	131.983	122.913	70.5763	71.4838	67.0817	84.0956	63.6148	80.2288	67.5184	78.3071	79.7394	70.1126	1	1	1	1	1	1	1	
144	128.211	132.426	125.234	120.727	140.568	131.983	122.912	70.5755	71.4836	67.0806	84.0953	63.6143	80.2287	67.5179	78.3068	79.7391	70.1123	1	1	1	1	1	1	1	
145	128.211	132.426	125.234	120.727	140.567	131.982	122.911	70.5747	71.4833	67.0795	84.0949	63.6138	80.2285	67.5174	78.3064	79.7387	70.112	1	1	1	1	1	1	1	
146	128.21	132.425	125.233	120.726	140.566	131.982	122.911	70.5738	71.483	67.0784	84.0946	63.6133	80.2283	67.517	78.3061	79.7384	70.1118	1	1	1	1	1	1	1	
147	128.209	132.425	125.232	120.726	140.565	131.981	122.91	70.573	71.4827	67.0773	84.0942	63.6128	80.2281	67.5165	78.3058	79.738	70.1115	1	1	1	1	1	1	1	
148	128.209	132.424	125.232	120.725	140.564	131.981	122.909	70.5721	71.4825	67.0761	84.0939	63.6123	80.228	67.516	78.3054	79.7377	70.1112	1	1	1	1	1	1	1	
149	128.208	132.423	125.231	120.724	140.563	131.98	122.909	70.5713	71.4822	67.075	84.0935	63.6118	80.2278	67.5155	78.3051	79.7373	70.1109	1	1	1	1	1	1	1	
150	128.208	132.423	125.23	120.724	140.562	131.98	122.908	70.5704	71.4819	67.0738	84.0932	63.6113	80.2276	67.515	78.3047	79.7369	70.1107	1	1	1	1	1	1	1	
151	128.207	132.422	125.23	120.723	140.561	131.979	122.907	70.5695	71.4816	67.0726	84.0928	63.6108	80.2274	67.5145	78.3044	79.7366	70.1104	1	1	1	1	1	1	1	
152	128.206	132.421	125.229	120.722	140.56	131.978	122.906	70.5686	71.4813	67.0715	84.0924	63.6103	80.2272	67.514	78.304	79.7362	70.1101	1	1	1	1	1	1	1	
153	128.206	132.421	125.228	120.722	140.559	131.978	122.906	70.5677	71.481	67.0702	84.0921	63.6097	80.227	67.5135	78.3036	79.7358	70.1098	1	1	1	1	1	1	1	
154	128.205	132.42	125.228	120.721	140.558	131.977	122.905	70.5668	71.4807	67.069	84.0917	63.6092	80.2268	67.513	78.3033	79.7355	70.1095	1	1	1	1	1	1	1	
155	128.204	132.419	125.227	120.72	140.557	131.977	122.904	70.5659	71.4804	67.0678	84.0913	63.6087	80.2267	67.5125	78.3029	79.7351	70.1092	1	1	1	1	1	1	1	
156	128.204	132.419	125.226	120.72	140.556	131.976	122.903	70.565	71.4801	67.0666	84.0909	63.6081	80.2265	67.5119	78.3025	79.7347	70.1089	1	1	1	1	1	1	1	
157	128.203	132.418	125.226	120.719	140.555	131.975	122.903	70.564	71.4798	67.0653	84.0905	63.6076	80.2263	67.5114	78.3022	79.7343	70.1086	1	1	1	1	1	1	1	
158	128.202	132.417	125.225	120.718	140.554	131.975	122.902	70.5631	71.4795	67.0641	84.0902	63.607	80.2261	67.5109	78.3018	79.7339	70.1083	1	1	1	1	1	1	1	
159	128.202	132.417	125.224	120.717	140.553	131.974	122.901	70.5621	71.4792	67.0628	84.0898	63.6065	80.2259	67.5103	78.3014	79.7335	70.108	1	1	1	1	1	1	1	
160	128.201	132.416	125.224	120.717	140.552	131.974	122.9	70.5612	71.4789	67.0615	84.0894	63.6059	80.2257	67.5098	78.301	79.7331	70.1077	1	1	1	1	1	1	1	
161	128.2	132.415	125.223	120.716	140.551	131.973	122.899	70.5602	71.4785	67.0602	84.089	63.6053	80.2255	67.5092	78.3006	79.7327	70.1074	1	1	1	1	1	1	1	
162	128.2	132.414	125.222	120.715	140.549	131.972	122.899	70.5592	71.4782	67.0589	84.0885	63.6048	80.2253	67.5087	78.3002	79.7323	70.107	1	1	1	1	1	1	1	
163	128.199	132.414	125.221	120.714	140.548	131.972	122.898	70.5582	71.4779	67.0575	84.0881	63.6042	80.2251	67.5081	78.2998	79.7319	70.1067	1	1	1	1	1	1	1	
164	128.198	132.413	125.221	120.714	140.547	131.971	122.897	70.5572	71.4775	67.0562	84.0877	63.6036	80.2249	67.5075	78.2994	79.7314	70.1064	1	1	1	1	1	1	1	
165	128.198	132.412	125.22	120.713	140.546	131.97	122.896	70.5562	71.4772	67.0548	84.0873	63.603	80.2246	67.507	78.299	79.731	70.1061	1	1	1	1	1	1	1	
166	128.197	132.411	125.219	120.712	140.545	131.97	122.895	70.5552	71.4769	67.0535	84.0869	63.6024	80.2244	67.5064	78.2986	79.7306	70.1057	1	1	1	1	1	1	1	
167	128.196	132.411	125.218	120.711	140.544	131.969	122.894	70.5541	71.4765	67.0521	84.0864	63.6018	80.2242	67.5058	78.2982	79.7301	70.1054	1	1	1	1	1	1	1	
168	128.195	132.41	125.218	120.711	140.543	131.968	122.894	70.5531	71.4762	67.0507	84.086	63.6012	80.224	67.5052	78.2977	79.7297	70.1051	1	1	1	1	1	1	1	
169	128.195	132.409	125.217	120.71	140.541	131.968	122.893	70.552	71.4758	67.0493	84.0856	63.6006	80.2238	67.5046	78.2973	79.7293	70.1047	1	1	1	1	1	1	1	
170	128.194	132.408	125.216	120.709	140.54	131.967	122.892	70.551	71.4755	67.0478	84.0851	63.5999	80.2236	67.504	78.2969	79.7288	70.1044	1	1	1	1	1	1	1	
171	128.193	132.408	125.215	120.708	140.539	131.966	122.891	70.5499	71.4751	67.0464	84.0847	63.5993	80.2233	67.5034	78.2965	79.7284	70.104	1	1	1	1	1	1	1	
172	128.192	132.407	125.215	120.707	140.538	131.966	122.89	70.5488	71.4748	67.0449	84.0842	63.5987	80.2231	67.5028	78.296	79.7279	70.1037	1	1	1	1	1	1	1	
173	128.192	132.406	125.214	120.707	140.536	131.965	122.889	70.5477	71.4744	67.0435	84.0838	63.598	80.2229	67.5021	78.2956	79.7274	70.1033	1	1	1	1	1	1	1	
174	128.191	132.405	125.213	120.706	140.535	131.964	122.888	70.5466	71.474	67.042	84.0833	63.5974	80.2226	67.5015	78.2951	79.727	70.103	1	1	1	1	1	1	1	
175	128.19	132.404	125.212	120.705	140.534	131.963	122.887	70.5455	71.4737	67.0405	84.0829	63.5967	80.2224	67.5009	78.2947	79.7265	70.1026	1	1	1	1	1	1	1	
176	128.189	132.403	125.211	120.704	140.533	131.963	122.886	70.5443	71.4733	67.039	84.0824	63.596	80.2222	67.5002	78.2942	79.726	70.1022	1	1	1	1	1	1	1	
177	128.189	132.403	125.21	120.703	140.531	131.962	122.885	70.5432	71.4729	67.0374	84.0819	63.5954	80.2219	67.4996	78.2938	79.7256	70.1019	1	1	1	1	1	1	1	
178	128.188	132.402	125.21	120.702	140.53	131.961	122.884	70.542	71.4725	67.0359	84.0814	63.5947	80.2217	67.4989	78.2933	79.7251	70.1015	1	1	1	1	1	1	1	
179	128.187	132.401	125.209	120.701	140.529	131.96	122.884	70.5409	71.4722	67.0343	84.0809	63.594	80.2215	67.4983	78.2928	79.7246	70.1011	1	1	1	1	1	1	1	
180	128.186	132.4	125.208	120.701	140.527	131.96	122.883	70.5397	71.4718	67.0327	84.0805	63.5933	80.2212	67.4976	78.2923	79.7241	70.1007	1	1	1	1	1	1	1	
181	128.185	132.399	125.207	120.7	140.526	131.959	122.882	70.5385	71.4714	67.0311	84.08	63.5926	80.221	67.4969	78.2919	79.7236	70.1003	1	1	1	1	1	1	1	
182	128.184	132.398	125.206	120.699	140.525	131.958	122.881	70.5373	71.471	67.0295	84.0795	63.5919	80.2207	67.4962	78.2914	79.7231	70.1	1	1	1	1	1	1	1	
183	128.184	132.397	125.205	120.698	140.523	131.957	122.88	70.5361	71.4706	67.0279	84.079	63.5912	80.2205	67.4955	78.2909	79.7226	70.0996	1	1	1	1	1	1	1	
184	128.183	132.396	125.204	120.697	140.522	131.956	122.879	70.5348	71.4702	67.0262	84.0784	63.5905	80.2202	67.4948	78.2904	79.7221	70.0992	1	1	1	1	1	1	1	
185	128.182	132.395	125.203	120.696	140.521	131.956	122.878	70.5336	71.4698	67.0246	84.0779	63.5897	80.22	67.4941	78.2899	79.7215	70.0988	1	1	1	1	1	1	1	
186	128.181	132.395	125.202	120.695	140.519	131.955	122.877	70.5324	71.4693	67.0229	84.0774	63.589	80.2197	67.4934	78.2894	79.721	70.0984	1	1	1	1	1	1	1	
187	128.18	132.394	125.202	120.694	140.518	131.954	122.875	70.5311	71.4689	67.0212	84.0769	63.5883	80.2194	67.4927	78.2889	79.7205	70.0979	1	1	1	1	1	1	1	
188	128.179	132.393	125.201	120.693	140.516	131.953	122.874	70.5298	71.4685	67.0195	84.0764	63.5875	80.2192	67.492	78.2884	79.7199	70.0975	1	1	1	1	1	1	1	
189	128.178	132.392	125.2	120.692	140.515	131.952	122.873	70.5285	71.4681	67.0177	84.0758	63.5867	80.2189	67.4912	78.2878	79.7194	70.0971	1	1	1	1	1	1	1	
190	128.177	132.391	125.199	120.691	140.513	131.952	122.872	70.5272	71.4676	67.016	84.0753	63.586	80.2186	67.4905	78.2873	79.7189	70.0967	1	1	1	1	1	1	1	
191	128.176	132.39	125.198	120.69	140.512	131.951	122.871	70.5259	71.4672	67.0142	84.0747	63.5852	80.2183	67.4898	78.2868	79.7183	70.0963	1	1	1	1	1	1	1	
192	128.176	132.389	125.197	120.689	140.51	131.95	122.87	70.5246	71.4668	67.0124	84.0742	63.5844	80.2181	67.489	78.2862	79.7177	70.0958	1	1	1	1	1	1	1	
193	128.175	132.388	125.196	120.688	140.509	131.949	122.869	70.5232	71.4663	67.0106	84.0736	63.5836	80.2178	67.4882	78.2857	79.7172	70.0954	1	1	1	1	1	1	1	
194	128.174	132.387	125.195	120.687	140.507	131.948	122.868	70.5218	71.4659	67.0088	84.0731	63.5828	80.2175	67.4875	78.2852	79.7166	70.0949	1	1	1	1	1	1	1	
195	128.173	132.386	125.194	120.686	140.506	131.947	122.867	70.5205	71.4654	67.007	84.0725	63.582	80.2172	67.4867	78.2846	79.716	70.0945	1	1	1	1	1	1	1	
196	128.172	132.385	125.193	120.685	140.504	131.946	122.866	70.5191	71.465	67.0051	84.0719	63.5812	80.2169	67.4859	78.284	79.7155	70.0941	1	1	1	1	1	1	1	
197	128.171	132.384	125.192	120.684	140.503	131.945	122.864	70.5177	71.4645	67.0032	84.0713	63.5804	80.2166	67.4851	78.2835	79.7149	70.0936	1	1	1	1	1	1	1	
198	128.17	132.383	125.191	120.683	140.501	131.944	122.863	70.5163	71.464	67.0013	84.0707	63.5795	80.2163	67.4843	78.2829	79.7143	70.0931	1	1	1	1	1	1	1	
199	128.169	132.382	125.19	120.682	140.499	131.943	122.862	70.5148	71.4636	66.9994	84.0702	63.5787	80.2161	67.4835	78.2823	79.7137	70.0927	1	1	1	1	1	1	1	
200	128.168	132.38	125.188	120.681	140.498	131.943	122.861	70.5134	71.4631	66.9974	84.0696	63.5779	80.2158	67.4827	78.2817	79.7131	70.0922	1	1	1	1	1	1	1	
201	128.167	132.379	125.187	120.68	140.496	131.942	122.86	70.5119	71.4626	66.9955	84.069	63.577	80.2154	67.4818	78.2812	79.7125	70.0917	1	1	1	1	1	1	1	
202	128.166	132.378	125.186	120.679	140.494	131.941	122.858	70.5104	71.4621	66.9935	84.0683	63.5761	80.2151	67.481	78.2806	79.7118	70.0913	1	1	1	1	1	1	1	
203	128.165	132.377	125.185	120.677	140.493	131.94	122.857	70.509	71.4616	66.9915	84.0677	63.5753	80.2148	67.4802	78.28	79.7112	70.0908	1	1	1	1	1	1	1	
204	128.164	132.376	125.184	120.676	140.491	131.939	122.856	70.5074	71.4611	66.9895	84.0671	63.5744	80.2145	67.4793	78.2794	79.7106	70.0903	1	1	1	1	1	1	1	
205	128.162	132.375	125.183	120.675	140.489	131.938	122.855	70.5059	71.4606	66.9874	84.0665	63.5735	80.2142	67.4784	78.2787	79.7099	70.0898	1	1	1	1	1	1	1	
206	128.161	132.374	125.182	120.674	140.488	131.937	122.853	70.5044	71.4601	66.9854	84.0658	63.5726	80.2139	67.4776	78.2781	79.7093	70.0893	1	1	1	1	1	1	1	
207	128.16	132.373	125.181	120.673	140.486	131.936	122.852	70.5028	71.4596	66.9833	84.0652	63.5717	80.2136	67.4767	78.2775	79.7087	70.0888	1	1	1	1	1	1	1	
208	128.159	132.372	125.18	120.672	140.484	131.935	122.851	70.5013	71.4591	66.9812	84.0645	63.5707	80.2132	67.4758	78.2769	79.708	70.0883	1	1	1	1	1	1	1	
209	128.158	132.37	125.178	120.67	140.482	131.934	122.85	70.4997	71.4586	66.979	84.0639	63.5698	80.2129	67.4749	78.2762	79.7073	70.0878	1	1	1	1	1	1	1	
210	128.157	132.369	125.177	120.669	140.48	131.933	122.848	70.4981	71.4581	66.9769	84.0632	63.5689	80.2126	67.474	78.2756	79.7067	70.0872	1	1	1	1	1	1	1	
211	128.156	132.368	125.176	120.668	140.479	131.932	122.847	70.4965	71.4575	66.9747	84.0626	63.5679	80.2122	67.4731	78.2749	79.706	70.0867	1	1	1	1	1	1	1	
212	128.155	132.367	125.175	120.667	140.477	131.93	122.846	70.4948	71.457	66.9725	84.0619	63.5669	80.2119	67.4721	78.2743	79.7053	70.0862	1	1	1	1	1	1	1	
213	128.154	132.366	125.174	120.666	140.475	131.929	122.844	70.4932	71.4565	66.9703	84.0612	63.566	80.2116	67.4712	78.2736	79.7046	70.0856	1	1	1	1	1	1	1	
214	128.152	132.364	125.172	120.664	140.473	131.928	122.843	70.4915	71.4559	66.9681	84.0605	63.565	80.2112	67.4703	78.2729	79.7039	70.0851	1	1	1	1	1	1	1	
215	128.151	132.363	125.171	120.663	140.471	131.927	122.841	70.4898	71.4553	66.9658	84.0598	63.564	80.2109	67.4693	78.2723	79.7032	70.0846	1	1	1	1	1	1	1	
216	128.15	132.362	125.17	120.662	140.469	131.926	122.84	70.4881	71.4548	66.9635	84.0591	63.563	80.2105	67.4683	78.2716	79.7025	70.084	1	1	1	1	1	1	1	
217	128.149	132.36	125.169	120.66	140.467	131.925	122.839	70.4864	71.4542	66.9612	84.0584	63.562	80.2102	67.4674	78.2709	79.7018	70.0834	1	1	1	1	1	1	1	
218	128.148	132.359	125.167	120.659	140.465	131.924	122.837	70.4847	71.4537	66.9589	84.0577	63.561	80.2098	67.4664	78.2702	79.701	70.0829	1	1	1	1	1	1	1	
219	128.146	132.358	125.166	120.658	140.463	131.923	122.836	70.4829	71.4531	66.9565	84.0569	63.5599	80.2094	67.4654	78.2695	79.7003	70.0823	1	1	1	1	1	1	1	
220	128.145	132.357	125.165	120.656	140.461	131.922	122.834	70.4811	71.4525	66.9541	84.0562	63.5589	80.2091	67.4644	78.2688	79.6996	70.0817	1	1	1	1	1	1	1	
221	128.144	132.355	125.163	120.655	140.459	131.92	122.833	70.4793	71.4519	66.9517	84.0555	63.5578	80.2087	67.4634	78.2681	79.6988	70.0812	1	1	1	1	1	1	1	
222	128.143	132.354	125.162	120.654	140.457	131.919	122.831	70.4775	71.4513	66.9493	84.0547	63.5568	80.2083	67.4624	78.2673	79.6981	70.0806	1	1	1	1	1	1	1	
223	128.141	132.353	125.161	120.652	140.455	131.918	122.83	70.4757	71.4507	66.9468	84.054	63.5557	80.2079	67.4613	78.2666	79.6973	70.08	1	1	1	1	1	1	1	
224	128.14	132.351	125.159	120.651	140.453	131.917	122.828	70.4739	71.4501	66.9443	84.0532	63.5546	80.2075	67.4603	78.2659	79.6965	70.0794	1	1	1	1	1	1	1	
225	128.139	132.35	125.158	120.65	140.451	131.916	122.827	70.472	71.4495	66.9418	84.0524	63.5535	80.2072	67.4592	78.2651	79.6957	70.0788	1	1	1	1	1	1	1	
226	128.137	132.348	125.157	120.648	140.449	131.914	122.825	70.4701	71.4489	66.9393	84.0516	63.5524	80.2068	67.4581	78.2643	79.6949	70.0781	1	1	1	1	1	1	1	
227	128.136	132.347	125.155	120.647	140.447	131.913	122.824	70.4682	71.4482	66.9367	84.0509	63.5513	80.2064	67.4571	78.2636	79.6941	70.0775	1	1	1	1	1	1	1	
228	128.135	132.346	125.154	120.645	140.444	131.912	122.822	70.4663	71.4476	66.9341	84.0501	63.5501	80.206	67.456	78.2628	79.6933	70.0769	1	1	1	1	1	1	1	
229	128.133	132.344	125.152	120.644	140.442	131.911	122.82	70.4643	71.447	66.9315	84.0493	63.549	80.2056	67.4549	78.262	79.6925	70.0763	1	1	1	1	1	1	1	
230	128.132	132.343	125.151	120.642	140.44	131.909	122.819	70.4624	71.4463	66.9288	84.0484	63.5478	80.2052	67.4538	78.2612	79.6917	70.0756	1	1	1	1	1	1	1	
231	128.131	132.341	125.149	120.641	140.438	131.908	122.817	70.4604	71.4457	66.9262	84.0476	63.5467	80.2048	67.4526	78.2604	79.6909	70.075	1	1	1	1	1	1	1	
232	128.129	132.34	125.148	120.639	140.435	131.907	122.816	70.4584	71.445	66.9235	84.0468	63.5455	80.2043	67.4515	78.2596	79.69	70.0743	1	1	1	1	1	1	1	
233	128.128	132.338	125.146	120.638	140.433	131.906	122.814	70.4564	71.4444	66.9207	84.046	63.5443	80.2039	67.4504	78.2588	79.6892	70.0737	1	1	1	1	1	1	1	
234	128.126	132.337	125.145	120.636	140.431	131.904	122.812	70.4543	71.4437	66.918	84.0451	63.5431	80.2035	67.4492	78.258	79.6883	70.073	1	1	1	1	1	1	1	
235	128.125	132.335	125.143	120.635	140.429	131.903	122.811	70.4523	71.443	66.9152	84.0443	63.5419	80.2031	67.448	78.2572	79.6875	70.0723	1	1	1	1	1	1	1	
236	128.123	132.334	125.142	120.633	140.426	131.901	122.809	70.4502	71.4423	66.9124	84.0434	63.5406	80.2026	67.4469	78.2563	79.6866	70.0717	1	1	1	1	1	1	1	
237	128.122	132.332	125.14	120.632	140.424	131.9	122.807	70.4481	71.4416	66.9095	84.0425	63.5394	80.2022	67.4457	78.2555	79.6857	70.071	1	1	1	1	1	1	1	
238	128.121	132.33	125.139	120.63	140.421	131.899	122.805	70.4459	71.4409	66.9067	84.0416	63.5381	80.2018	67.4445	78.2546	79.6848	70.0703	1	1	1	1	1	1	1	
239	128.119	132.329	125.137	120.628	140.419	131.897	122.804	70.4438	71.4402	66.9038	84.0408	63.5368	80.2013	67.4432	78.2538	79.6839	70.0696	1	1	1	1	1	1	1	
240	128.117	132.327	125.136	120.627	140.416	131.896	122.802	70.4416	71.4395	66.9008	84.0399	63.5356	80.2009	67.442	78.2529	79.683	70.0689	1	1	1	1	1	1	1	
241	128.116	132.326	125.134	120.625	140.414	131.894	122.8	70.4394	71.4388	66.8979	84.0389	63.5343	80.2004	67.4408	78.252	79.6821	70.0681	1	1	1	1	1	1	1	
242	128.114	132.324	125.132	120.623	140.411	131.893	122.798	70.4372	71.4381	66.8949	84.038	63.533	80.1999	67.4395	78.2511	79.6812	70.0674	1	1	1	1	1	1	1	
243	128.113	132.322	125.131	120.622	140.409	131.892	122.796	70.4349	71.4373	66.8918	84.0371	63.5316	80.1995	67.4382	78.2502	79.6802	70.0667	1	1	1	1	1	1	1	
244	128.111	132.321	125.129	120.62	140.406	131.89	122.794	70.4327	71.4366	66.8888	84.0362	63.5303	80.199	67.437	78.2493	79.6793	70.0659	1	1	1	1	1	1	1	
245	128.11	132.319	125.127	120.618	140.404	131.889	122.793	70.4304	71.4358	66.8857	84.0352	63.5289	80.1985	67.4357	78.2484	79.6783	70.0652	1	1	1	1	1	1	1	
246	128.108	132.317	125.126	120.617	140.401	131.887	122.791	70.4281	71.4351	66.8826	84.0343	63.5276	80.1981	67.4344	78.2475	79.6773	70.0644	1	1	1	1	1	1	1	
247	128.106	132.316	125.124	120.615	140.398	131.886	122.789	70.4257	71.4343	66.8794	84.0333	63.5262	80.1976	67.433	78.2465	79.6764	70.0637	1	1	1	1	1	1	1	
248	128.105	132.314	125.122	120.613	140.396	131.884	122.787	70.4234	71.4335	66.8762	84.0323	63.5248	80.1971	67.4317	78.2456	79.6754	70.0629	1	1	1	1	1	1	1	
249	128.103	132.312	125.12	120.611	140.393	131.883	122.785	70.421	71.4328	66.873	84.0313	63.5234	80.1966	67.4304	78.2446	79.6744	70.0621	1	1	1	1	1	1	1	
250	128.101	132.31	125.119	120.609	140.39	131.881	122.783	70.4186	71.432	66.8698	84.0303	63.522	80.1961	67.429	78.2437	79.6734	70.0613	1	1	1	1	1	1	1	
251	128.1	132.308	125.117	120.608	140.388	131.879	122.781	70.4162	71.4312	66.8665	84.0293	63.5205	80.1956	67.4276	78.2427	79.6723	70.0605	1	1	1	1	1	1	1	
252	128.098	132.307	125.115	120.606	140.385	131.878	122.779	70.4137	71.4304	66.8631	84.0283	63.5191	80.1951	67.4262	78.2417	79.6713	70.0597	1	1	1	1	1	1	1	
253	128.096	132.305	125.113	120.604	140.382	131.876	122.777	70.4112	71.4296	66.8598	84.0273	63.5176	80.1946	67.4248	78.2407	79.6703	70.0589	1	1	1	1	1	1	1	
254	128.094	132.303	125.111	120.602	140.379	131.875	122.775	70.4087	71.4287	66.8564	84.0263	63.5161	80.194	67.4234	78.2397	79.6692	70.0581	1	1	1	1	1	1	1	
255	128.093	132.301	125.109	120.6	140.376	131.873	122.773	70.4062	71.4279	66.853	84.0252	63.5146	80.1935	67.422	78.2387	79.6682	70.0573	1	1	1	1	1	1	1	
256	128.091	132.299	125.108	120.598	140.373	131.871	122.77	70.4036	71.4271	66.8495	84.0242	63.5131	80.193	67.4205	78.2377	79.6671	70.0564	1	1	1	1	1	1	1	
257	128.089	132.297	125.106	120.596	140.37	131.87	122.768	70.401	71.4262	66.846	84.0231	63.5116	80.1924	67.4191	78.2366	79.666	70.0556	1	1	1	1	1	1	1	
258	128.087	132.295	125.104	120.594	140.367	131.868	122.766	70.3984	71.4254	66.8424	84.022	63.51	80.1919	67.4176	78.2356	79.6649	70.0547	1	1	1	1	1	1	1	
259	128.085	132.293	125.102	120.592	140.364	131.866	122.764	70.3958	71.4245	66.8389	84.0209	63.5084	80.1914	67.4161	78.2345	79.6638	70.0539	1	1	1	1	1	1	1	
260	128.084	132.291	125.1	120.59	140.361	131.864	122.762	70.3931	71.4236	66.8353	84.0198	63.5069	80.1908	67.4146	78.2334	79.6627	70.053	1	1	1	1	1	1	1	
261	128.082	132.289	125.098	120.588	140.358	131.863	122.76	70.3904	71.4228	66.8316	84.0187	63.5053	80.1902	67.4131	78.2324	79.6616	70.0521	1	1	1	1	1	1	1	
262	128.08	132.287	125.096	120.586	140.355	131.861	122.757	70.3877	71.4219	66.8279	84.0176	63.5036	80.1897	67.4115	78.2313	79.6604	70.0512	1	1	1	1	1	1	1	
263	128.078	132.285	125.094	120.584	140.352	131.859	122.755	70.3849	71.421	66.8242	84.0164	63.502	80.1891	67.41	78.2302	79.6593	70.0503	1	1	1	1	1	1	1	
264	128.076	132.283	125.092	120.582	140.349	131.857	122.753	70.3821	71.4201	66.8204	84.0153	63.5004	80.1885	67.4084	78.2291	79.6581	70.0494	1	1	1	1	1	1	1	
265	128.074	132.281	125.09	120.58	140.346	131.855	122.75	70.3793	71.4191	66.8166	84.0141	63.4987	80.188	67.4068	78.2279	79.6569	70.0485	1	1	1	1	1	1	1	
266	128.072	132.279	125.088	120.578	140.343	131.854	122.748	70.3765	71.4182	66.8128	84.013	63.497	80.1874	67.4052	78.2268	79.6557	70.0476	1	1	1	1	1	1	1	
267	128.07	132.277	125.085	120.576	140.339	131.852	122.746	70.3736	71.4173	66.8089	84.0118	63.4953	80.1868	67.4036	78.2257	79.6545	70.0466	1	1	1	1	1	1	1	
268	128.068	132.275	125.083	120.573	140.336	131.85	122.743	70.3707	71.4163	66.8049	84.0106	63.4936	80.1862	67.4019	78.2245	79.6533	70.0457	1	1	1	1	1	1	1	
269	128.066	132.273	125.081	120.571	140.333	131.848	122.741	70.3678	71.4154	66.801	84.0094	63.4919	80.1856	67.4003	78.2233	79.6521	70.0447	1	1	1	1	1	1	1	
270	128.064	132.27	125.079	120.569	140.329	131.846	122.738	70.3648	71.4144	66.797	84.0081	63.4901	80.185	67.3986	78.2221	79.6509	70.0437	1	1	1	1	1	1	1	
271	128.062	132.268	125.077	120.567	140.326	131.844	122.736	70.3619	71.4134	66.7929	84.0069	63.4883	80.1843	67.3969	78.2209	79.6496	70.0428	1	1	1	1	1	1	1	
272	128.06	132.266	125.075	120.564	140.322	131.842	122.733	70.3588	71.4125	66.7888	84.0057	63.4865	80.1837	67.3952	78.2197	79.6483	70.0418	1	1	1	1	1	1	1	
273	128.057	132.264	125.072	120.562	140.319	131.84	122.731	70.3558	71.4115	66.7847	84.0044	63.4847	80.1831	67.3935	78.2185	79.6471	70.0408	1	1	1	1	1	1	1	
274	128.055	132.261	125.07	120.56	140.315	131.838	122.728	70.3527	71.4105	66.7805	84.0031	63.4829	80.1824	67.3918	78.2173	79.6458	70.0398	1	1	1	1	1	1	1	
275	128.053	132.259	125.068	120.557	140.312	131.836	122.726	70.3496	71.4094	66.7762	84.0019	63.481	80.1818	67.39	78.216	79.6445	70.0387	1	1	1	1	1	1	1	
276	128.051	132.257	125.065	120.555	140.308	131.834	122.723	70.3464	71.4084	66.772	84.0006	63.4792	80.1811	67.3882	78.2148	79.6431	70.0377	1	1	1	1	1	1	1	
277	128.049	132.254	125.063	120.553	140.305	131.832	122.721	70.3433	71.4074	66.7677	83.9992	63.4773	80.1805	67.3864	78.2135	79.6418	70.0367	1	1	1	1	1	1	1	
278	128.046	132.252	125.061	120.55	140.301	131.83	122.718	70.3401	71.4063	66.7633	83.9979	63.4754	80.1798	67.3846	78.2122	79.6405	70.0356	1	1	1	1	1	1	1	
279	128.044	132.249	125.058	120.548	140.297	131.828	122.715	70.3368	71.4053	66.7589	83.9966	63.4734	80.1792	67.3828	78.2109	79.6391	70.0345	1	1	1	1	1	1	1	
280	128.042	132.247	125.056	120.545	140.294	131.826	122.713	70.3335	71.4042	66.7544	83.9952	63.4715	80.1785	67.381	78.2096	79.6377	70.0335	1	1	1	1	1	1	1	
281	128.039	132.245	125.053	120.543	140.29	131.823	122.71	70.3302	71.4031	66.7499	83.9939	63.4695	80.1778	67.3791	78.2083	79.6364	70.0324	1	1	1	1	1	1	1	
282	128.037	132.242	125.051	120.54	140.286	131.821	122.707	70.3269	71.402	66.7454	83.9925	63.4675	80.1771	67.3772	78.207	79.635	70.0313	1	1	1	1	1	1	1	
283	128.035	132.24	125.048	120.538	140.282	131.819	122.704	70.3235	71.4009	66.7408	83.9911	63.4655	80.1764	67.3753	78.2056	79.6335	70.0302	1	1	1	1	1	1	1	
284	128.032	132.237	125.046	120.535	140.278	131.817	122.701	70.3201	71.3998	66.7361	83.9897	63.4635	80.1757	67.3734	78.2042	79.6321	70.029	1	1	1	1	1	1	1	
285	128.03	132.234	125.043	120.533	140.274	131.815	122.699	70.3166	71.3987	66.7314	83.9883	63.4614	80.175	67.3714	78.2029	79.6307	70.0279	1	1	1	1	1	1	1	
286	128.027	132.232	125.041	120.53	140.27	131.812	122.696	70.3131	71.3976	66.7267	83.9868	63.4594	80.1743	67.3695	78.2015	79.6292	70.0267	1	1	1	1	1	1	1	
287	128.025	132.229	125.038	120.527	140.266	131.81	122.693	70.3096	71.3964	66.7218	83.9854	63.4573	80.1735	67.3675	78.2001	79.6277	70.0256	1	1	1	1	1	1	1	
288	128.023	132.227	125.035	120.525	140.262	131.808	122.69	70.3061	71.3953	66.717	83.9839	63.4551	80.1728	67.3655	78.1986	79.6262	70.0244	1	1	1	1	1	1	1	
289	128.02	132.224	125.033	120.522	140.258	131.805	122.687	70.3025	71.3941	66.7121	83.9824	63.453	80.172	67.3634	78.1972	79.6247	70.0232	1	1	1	1	1	1	1	
290	128.017	132.221	125.03	120.519	140.254	131.803	122.684	70.2988	71.3929	66.7071	83.9809	63.4508	80.1713	67.3614	78.1958	79.6232	70.022	1	1	1	1	1	1	1	
291	128.015	132.219	125.027	120.516	140.25	131.801	122.681	70.2952	71.3917	66.7021	83.9794	63.4486	80.1705	67.3593	78.1943	79.6217	70.0208	1	1	1	1	1	1	1	
292	128.012	132.216	125.025	120.514	140.246	131.798	122.678	70.2914	71.3905	66.6971	83.9779	63.4464	80.1698	67.3572	78.1928	79.6201	70.0196	1	1	1	1	1	1	1	
293	128.01	132.213	125.022	120.511	140.241	131.796	122.675	70.2877	71.3893	66.6919	83.9763	63.4442	80.169	67.3551	78.1913	79.6185	70.0183	1	1	1	1	1	1	1	
294	128.007	132.21	125.019	120.508	140.237	131.793	122.672	70.2839	71.3881	66.6868	83.9748	63.4419	80.1682	67.353	78.1898	79.617	70.0171	1	1	1	1	1	1	1	
295	128.004	132.207	125.016	120.505	140.233	131.791	122.668	70.2801	71.3868	66.6816	83.9732	63.4396	80.1674	67.3508	78.1883	79.6154	70.0158	1	1	1	1	1	1	1	
296	128.002	132.204	125.013	120.502	140.228	131.788	122.665	70.2762	71.3856	66.6763	83.9716	63.4373	80.1666	67.3487	78.1867	79.6137	70.0146	1	1	1	1	1	1	1	
297	127.999	132.202	125.01	120.499	140.224	131.786	122.662	70.2723	71.3843	66.6709	83.97	63.435	80.1658	67.3465	78.1852	79.6121	70.0133	1	1	1	1	1	1	1	
298	127.996	132.199	125.008	120.496	140.219	131.783	122.659	70.2684	71.383	66.6655	83.9684	63.4326	80.165	67.3442	78.1836	79.6104	70.012	1	1	1	1	1	1	1	
299	127.993	132.196	125.005	120.493	140.215	131.781	122.655	70.2644	71.3817	66.6601	83.9667	63.4302	80.1642	67.342	78.182	79.6088	70.0106	1	1	1	1	1	1	1	
300	127.99	132.193	125.002	120.49	140.21	131.778	122.652	70.2603	71.3804	66.6546	83.9651	63.4278	80.1633	67.3397	78.1804	79.6071	70.0093	1	1	1	1	1	1	1	
301	127.988	132.19	124.999	120.487	140.206	131.775	122.649	70.2563	71.3791	66.649	83.9634	63.4254	80.1625	67.3374	78.1788	79.6054	70.008	1	1	1	1	1	1	1	
302	127.985	132.187	124.996	120.484	140.201	131.773	122.645	70.2521	71.3778	66.6434	83.9617	63.4229	80.1616	67.3351	78.1771	79.6037	70.0066	1	1	1	1	1	1	1	
303	127.982	132.183	124.992	120.481	140.196	131.77	122.642	70.248	71.3764	66.6377	83.96	63.4204	80.1608	67.3328	78.1755	79.6019	70.0052	1	1	1	1	1	1	1	
304	127.979	132.18	124.989	120.478	140.191	131.767	122.638	70.2438	71.375	66.6319	83.9582	63.4179	80.1599	67.3304	78.1738	79.6001	70.0038	1	1	1	1	1	1	1	
305	127.976	132.177	124.986	120.474	140.186	131.764	122.635	70.2395	71.3737	66.6261	83.9565	63.4154	80.159	67.328	78.1721	79.5984	70.0024	1	1	1	1	1	1	1	
306	127.973	132.174	124.983	120.471	140.182	131.762	122.631	70.2352	71.3723	66.6202	83.9547	63.4128	80.1582	67.3256	78.1704	79.5966	70.001	1	1	1	1	1	1	1	
307	127.97	132.171	124.98	120.468	140.177	131.759	122.628	70.2309	71.3709	66.6143	83.9529	63.4102	80.1573	67.3232	78.1687	79.5948	69.9996	1	1	1	1	1	1	1	
308	127.967	132.167	124.977	120.465	140.172	131.756	122.624	70.2265	71.3695	66.6083	83.9511	63.4076	80.1564	67.3207	78.167	79.5929	69.9981	1	1	1	1	1	1	1	
309	127.964	132.164	124.973	120.461	140.167	131.753	122.62	70.2221	71.368	66.6022	83.9493	63.4049	80.1554	67.3182	78.1652	79.5911	69.9966	1	1	1	1	1	1	1	
310	127.961	132.161	124.97	120.458	140.161	131.75	122.617	70.2176	71.3666	66.5961	83.9475	63.4023	80.1545	67.3157	78.1634	79.5892	69.9952	1	1	1	1	1	1	1	
311	127.957	132.157	124.967	120.454	140.156	131.747	122.613	70.2131	71.3651	66.5899	83.9456	63.3996	80.1536	67.3132	78.1616	79.5873	69.9937	1	1	1	1	1	1	1	
312	127.954	132.154	124.963	120.451	140.151	131.744	122.609	70.2085	71.3636	66.5836	83.9437	63.3968	80.1527	67.3106	78.1598	79.5854	69.9921	1	1	1	1	1	1	1	
313	127.951	132.151	124.96	120.448	140.146	131.741	122.605	70.2039	71.3621	66.5773	83.9418	63.394	80.1517	67.308	78.158	79.5835	69.9906	1	1	1	1	1	1	1	
314	127.948	132.147	124.956	120.444	140.14	131.738	122.601	70.1993	71.3606	66.5709	83.9399	63.3912	80.1507	67.3054	78.1561	79.5815	69.9891	1	1	1	1	1	1	1	
315	127.944	132.144	124.953	120.44	140.135	131.735	122.598	70.1946	71.3591	66.5644	83.938	63.3884	80.1498	67.3027	78.1542	79.5795	69.9875	1	1	1	1	1	1	1	
316	127.941	132.14	124.949	120.437	140.13	131.732	122.594	70.1898	71.3576	66.5579	83.936	63.3856	80.1488	67.3001	78.1523	79.5775	69.9859	1	1	1	1	1	1	1	
317	127.938	132.136	124.946	120.433	140.124	131.729	122.59	70.185	71.356	66.5512	83.934	63.3827	80.1478	67.2974	78.1504	79.5755	69.9843	1	1	1	1	1	1	1	
318	127.934	132.133	124.942	120.43	140.118	131.726	122.586	70.1801	71.3545	66.5446	83.932	63.3797	80.1468	67.2946	78.1485	79.5735	69.9827	1	1	1	1	1	1	1	
319	127.931	132.129	124.938	120.426	140.113	131.722	122.582	70.1752	71.3529	66.5378	83.93	63.3768	80.1458	67.2919	78.1466	79.5714	69.981	1	1	1	1	1	1	1	
320	127.927	132.126	124.935	120.422	140.107	131.719	122.577	70.1702	71.3513	66.531	83.928	63.3738	80.1448	67.2891	78.1446	79.5694	69.9794	1	1	1	1	1	1	1	
321	127.924	132.122	124.931	120.418	140.101	131.716	122.573	70.1652	71.3496	66.5241	83.9259	63.3708	80.1437	67.2863	78.1426	79.5673	69.9777	1	1	1	1	1	1	1	
322	127.92	132.118	124.927	120.415	140.096	131.713	122.569	70.1602	71.348	66.5171	83.9238	63.3677	80.1427	67.2834	78.1406	79.5651	69.976	1	1	1	1	1	1	1	
323	127.917	132.114	124.923	120.411	140.09	131.709	122.565	70.155	71.3464	66.51	83.9217	63.3647	80.1416	67.2806	78.1385	79.563	69.9743	1	1	1	1	1	1	1	
324	127.913	132.11	124.92	120.407	140.084	131.706	122.561	70.1499	71.3447	66.5029	83.9196	63.3615	80.1406	67.2777	78.1365	79.5608	69.9726	1	1	1	1	1	1	1	
325	127.909	132.106	124.916	120.403	140.078	131.702	122.556	70.1446	71.343	66.4957	83.9175	63.3584	80.1395	67.2747	78.1344	79.5586	69.9709	1	1	1	1	1	1	1	
326	127.906	132.102	124.912	120.399	140.072	131.699	122.552	70.1394	71.3413	66.4884	83.9153	63.3552	80.1384	67.2718	78.1323	79.5564	69.9691	1	1	1	1	1	1	1	
327	127.902	132.098	124.908	120.395	140.066	131.696	122.547	70.134	71.3396	66.481	83.9131	63.352	80.1373	67.2688	78.1302	79.5542	69.9673	1	1	1	1	1	1	1	
328	127.898	132.094	124.904	120.391	140.059	131.692	122.543	70.1286	71.3379	66.4735	83.9109	63.3487	80.1362	67.2657	78.1281	79.5519	69.9655	1	1	1	1	1	1	1	
329	127.894	132.09	124.9	120.387	140.053	131.688	122.538	70.1232	71.3361	66.466	83.9086	63.3454	80.135	67.2627	78.1259	79.5496	69.9637	1	1	1	1	1	1	1	
330	127.89	132.086	124.896	120.382	140.047	131.685	122.534	70.1177	71.3343	66.4584	83.9064	63.3421	80.1339	67.2596	78.1237	79.5473	69.9618	1	1	1	1	1	1	1	
331	127.886	132.082	124.892	120.378	140.04	131.681	122.529	70.1121	71.3325	66.4507	83.9041	63.3387	80.1328	67.2565	78.1215	79.545	69.96	1	1	1	1	1	1	1	
332	127.882	132.078	124.887	120.374	140.034	131.678	122.525	70.1065	71.3307	66.4429	83.9018	63.3353	80.1316	67.2533	78.1193	79.5426	69.9581	1	1	1	1	1	1	1	
333	127.878	132.074	124.883	120.37	140.027	131.674	122.52	70.1008	71.3289	66.435	83.8994	63.3319	80.1304	67.2501	78.117	79.5403	69.9562	1	1	1	1	1	1	1	
334	127.874	132.069	124.879	120.365	140.021	131.67	122.515	70.095	71.327	66.4271	83.8971	63.3284	80.1293	67.2469	78.1148	79.5378	69.9543	1	1	1	1	1	1	1	
335	127.87	132.065	124.875	120.361	140.014	131.666	122.51	70.0892	71.3252	66.419	83.8947	63.3249	80.1281	67.2437	78.1125	79.5354	69.9523	1	1	1	1	1	1	1	
336	127.866	132.061	124.87	120.356	140.007	131.662	122.505	70.0833	71.3233	66.4109	83.8923	63.3214	80.1269	67.2404	78.1101	79.533	69.9503	1	1	1	1	1	1	1	
337	127.862	132.056	124.866	120.352	140.001	131.659	122.5	70.0774	71.3214	66.4027	83.8899	63.3178	80.1256	67.2371	78.1078	79.5305	69.9484	1	1	1	1	1	1	1	
338	127.858	132.052	124.861	120.347	139.994	131.655	122.495	70.0714	71.3195	66.3944	83.8874	63.3142	80.1244	67.2337	78.1054	79.528	69.9463	1	1	1	1	1	1	1	
339	127.854	132.047	124.857	120.343	139.987	131.651	122.49	70.0654	71.3175	66.386	83.8849	63.3105	80.1232	67.2303	78.103	79.5254	69.9443	1	1	1	1	1	1	1	
340	127.849	132.043	124.852	120.338	139.98	131.647	122.485	70.0592	71.3156	66.3775	83.8824	63.3068	80.1219	67.2269	78.1006	79.5229	69.9422	1	1	1	1	1	1	1	
341	127.845	132.038	124.848	120.334	139.973	131.643	122.48	70.0531	71.3136	66.3689	83.8799	63.303	80.1206	67.2234	78.0982	79.5203	69.9402	1	1	1	1	1	1	1	
342	127.841	132.033	124.843	120.329	139.965	131.639	122.475	70.0468	71.3116	66.3602	83.8773	63.2992	80.1193	67.2199	78.0957	79.5176	69.9381	1	1	1	1	1	1	1	
343	127.836	132.029	124.838	120.324	139.958	131.634	122.47	70.0405	71.3096	66.3514	83.8747	63.2954	80.118	67.2164	78.0932	79.515	69.9359	1	1	1	1	1	1	1	
344	127.832	132.024	124.833	120.319	139.951	131.63	122.464	70.0341	71.3075	66.3425	83.8721	63.2915	80.1167	67.2128	78.0907	79.5123	69.9338	1	1	1	1	1	1	1	
345	127.827	132.019	124.829	120.314	139.943	131.626	122.459	70.0276	71.3055	66.3336	83.8694	63.2876	80.1154	67.2092	78.0881	79.5096	69.9316	1	1	1	1	1	1	1	
346	127.822	132.014	124.824	120.309	139.936	131.622	122.454	70.0211	71.3034	66.3245	83.8668	63.2837	80.1141	67.2056	78.0856	79.5069	69.9294	1	1	1	1	1	1	1	
347	127.818	132.009	124.819	120.304	139.928	131.617	122.448	70.0145	71.3013	66.3153	83.8641	63.2796	80.1127	67.2019	78.083	79.5041	69.9272	1	1	1	1	1	1	1	
348	127.813	132.004	124.814	120.299	139.921	131.613	122.443	70.0079	71.2991	66.306	83.8613	63.2756	80.1113	67.1982	78.0803	79.5013	69.925	1	1	1	1	1	1	1	
349	127.808	131.999	124.809	120.294	139.913	131.609	122.437	70.0011	71.297	66.2967	83.8586	63.2715	80.11	67.1944	78.0777	79.4985	69.9227	1	1	1	1	1	1	1	
350	127.804	131.994	124.804	120.289	139.905	131.604	122.431	69.9943	71.2948	66.2872	83.8558	63.2674	80.1086	67.1906	78.075	79.4957	69.9204	1	1	1	1	1	1	1	
351	127.799	131.989	124.799	120.284	139.897	131.6	122.426	69.9875	71.2926	66.2776	83.853	63.2632	80.1071	67.1868	78.0723	79.4928	69.9181	1	1	1	1	1	1	1	
352	127.794	131.984	124.793	120.279	139.889	131.595	122.42	69.9805	71.2904	66.2679	83.8501	63.2589	80.1057	67.1829	78.0695	79.4899	69.9157	1	1	1	1	1	1	1	
353	127.789	131.979	124.788	120.273	139.881	131.591	122.414	69.9735	71.2882	66.2581	83.8473	63.2547	80.1043	67.179	78.0668	79.4869	69.9133	1	1	1	1	1	1	1	
354	127.784	131.973	124.783	120.268	139.873	131.586	122.408	69.9664	71.2859	66.2481	83.8444	63.2503	80.1028	67.175	78.064	79.484	69.9109	1	1	1	1	1	1	1	
355	127.779	131.968	124.778	120.263	139.864	131.581	122.402	69.9592	71.2836	66.2381	83.8414	63.246	80.1014	67.171	78.0612	79.481	69.9085	1	1	1	1	1	1	1	
356	127.774	131.962	124.772	120.257	139.856	131.577	122.396	69.952	71.2813	66.228	83.8384	63.2415	80.0999	67.167	78.0583	79.4779	69.9061	1	1	1	1	1	1	1	
357	127.769	131.957	124.767	120.251	139.848	131.572	122.39	69.9446	71.279	66.2177	83.8354	63.2371	80.0984	67.1629	78.0554	79.4749	69.9036	1	1	1	1	1	1	1	
358	127.763	131.951	124.761	120.246	139.839	131.567	122.384	69.9372	71.2766	66.2073	83.8324	63.2326	80.0968	67.1588	78.0525	79.4718	69.9011	1	1	1	1	1	1	1	
359	127.758	131.946	124.756	120.24	139.83	131.562	122.378	69.9298	71.2742	66.1968	83.8294	63.228	80.0953	67.1546	78.0496	79.4686	69.8985	1	1	1	1	1	1	1	
360	127.753	131.94	124.75	120.234	139.822	131.557	122.371	69.9222	71.2718	66.1862	83.8263	63.2234	80.0938	67.1504	78.0466	79.4655	69.8959	1	1	1	1	1	1	1	
361	127.748	131.934	124.744	120.229	139.813	131.552	122.365	69.9146	71.2694	66.1755	83.8231	63.2187	80.0922	67.1461	78.0436	79.4623	69.8934	1	1	1	1	1	1	1	
362	127.742	131.929	124.738	120.223	139.804	131.547	122.359	69.9068	71.2669	66.1647	83.82	63.2139	80.0906	67.1418	78.0405	79.459	69.8907	1	1	1	1	1	1	1	
363	127.737	131.923	124.733	120.217	139.795	131.542	122.352	69.899	71.2645	66.1537	83.8168	63.2092	80.089	67.1375	78.0375	79.4557	69.8881	1	1	1	1	1	1	1	
364	127.731	131.917	124.727	120.211	139.786	131.537	122.345	69.8911	71.262	66.1426	83.8136	63.2043	80.0874	67.1331	78.0344	79.4524	69.8854	1	1	1	1	1	1	1	
365	127.725	131.911	124.721	120.205	139.776	131.532	122.339	69.8831	71.2594	66.1314	83.8103	63.1994	80.0858	67.1286	78.0312	79.4491	69.8827	1	1	1	1	1	1	1	
366	127.72	131.905	124.715	120.199	139.767	131.526	122.332	69.8751	71.2569	66.12	83.807	63.1945	80.0841	67.1241	78.0281	79.4457	69.8799	1	1	1	1	1	1	1	
367	127.714	131.899	124.708	120.193	139.757	131.521	122.325	69.8669	71.2543	66.1085	83.8037	63.1895	80.0824	67.1196	78.0249	79.4423	69.8771	1	1	1	1	1	1	1	
368	127.708	131.892	124.702	120.186	139.748	131.515	122.318	69.8587	71.2517	66.0969	83.8003	63.1844	80.0808	67.115	78.0217	79.4389	69.8743	1	1	1	1	1	1	1	
369	127.702	131.886	124.696	120.18	139.738	131.51	122.312	69.8504	71.2491	66.0852	83.7969	63.1793	80.0791	67.1104	78.0184	79.4354	69.8715	1	1	1	1	1	1	1	
370	127.696	131.88	124.69	120.174	139.728	131.505	122.304	69.842	71.2464	66.0733	83.7935	63.1742	80.0773	67.1057	78.0151	79.4318	69.8686	1	1	1	1	1	1	1	
371	127.69	131.874	124.683	120.167	139.719	131.499	122.297	69.8334	71.2437	66.0613	83.79	63.1689	80.0756	67.101	78.0118	79.4283	69.8657	1	1	1	1	1	1	1	
372	127.684	131.867	124.677	120.161	139.709	131.493	122.29	69.8249	71.241	66.0492	83.7865	63.1636	80.0738	67.0962	78.0084	79.4247	69.8628	1	1	1	1	1	1	1	
373	127.678	131.861	124.67	120.154	139.699	131.488	122.283	69.8162	71.2382	66.0369	83.7829	63.1583	80.0721	67.0914	78.005	79.421	69.8598	1	1	1	1	1	1	1	
374	127.672	131.854	124.664	120.147	139.688	131.482	122.276	69.8074	71.2355	66.0245	83.7794	63.1529	80.0703	67.0865	78.0015	79.4174	69.8568	1	1	1	1	1	1	1	
375	127.666	131.847	124.657	120.141	139.678	131.476	122.268	69.7985	71.2327	66.0119	83.7757	63.1474	80.0685	67.0816	77.9981	79.4136	69.8537	1	1	1	1	1	1	1	
376	127.659	131.841	124.65	120.134	139.668	131.47	122.261	69.7895	71.2298	65.9992	83.7721	63.1419	80.0666	67.0766	77.9946	79.4099	69.8507	1	1	1	1	1	1	1	
377	127.653	131.834	124.644	120.127	139.657	131.464	122.253	69.7805	71.227	65.9863	83.7684	63.1363	80.0648	67.0715	77.991	79.4061	69.8475	1	1	1	1	1	1	1	
378	127.647	131.827	124.637	120.12	139.646	131.458	122.246	69.7713	71.2241	65.9733	83.7646	63.1306	80.0629	67.0664	77.9874	79.4022	69.8444	1	1	1	1	1	1	1	
379	127.64	131.82	124.63	120.113	139.635	131.452	122.238	69.762	71.2212	65.9601	83.7608	63.1249	80.061	67.0613	77.9838	79.3984	69.8412	1	1	1	1	1	1	1	
380	127.633	131.813	124.623	120.106	139.625	131.446	122.23	69.7526	71.2182	65.9468	83.757	63.1191	80.0591	67.0561	77.9801	79.3944	69.838	1	1	1	1	1	1	1	
381	127.627	131.806	124.616	120.099	139.614	131.44	122.222	69.7432	71.2152	65.9334	83.7532	63.1132	80.0572	67.0508	77.9765	79.3905	69.8347	1	1	1	1	1	1	1	
382	127.62	131.799	124.608	120.091	139.602	131.433	122.214	69.7336	71.2122	65.9197	83.7493	63.1073	80.0552	67.0455	77.9727	79.3865	69.8314	1	1	1	1	1	1	1	
383	127.613	131.791	124.601	120.084	139.591	131.427	122.206	69.7239	71.2092	65.906	83.7453	63.1013	80.0532	67.0402	77.9689	79.3824	69.8281	1	1	1	1	1	1	1	
384	127.606	131.784	124.594	120.077	139.58	131.421	122.198	69.7142	71.2061	65.892	83.7413	63.0952	80.0512	67.0348	77.9651	79.3783	69.8247	1	1	1	1	1	1	1	
385	127.599	131.776	124.586	120.069	139.568	131.414	122.19	69.7043	71.203	65.8779	83.7373	63.0891	80.0492	67.0293	77.9613	79.3742	69.8213	1	1	1	1	1	1	1	
386	127.592	131.769	124.579	120.062	139.556	131.408	122.181	69.6943	71.1999	65.8637	83.7332	63.0829	80.0472	67.0237	77.9574	79.37	69.8179	1	1	1	1	1	1	1	
387	127.585	131.761	124.571	120.054	139.545	131.401	122.173	69.6842	71.1967	65.8492	83.7291	63.0766	80.0451	67.0181	77.9534	79.3657	69.8144	1	1	1	1	1	1	1	
388	127.578	131.754	124.563	120.046	139.533	131.394	122.164	69.674	71.1935	65.8346	83.725	63.0703	80.043	67.0125	77.9495	79.3615	69.8108	1	1	1	1	1	1	1	
389	127.571	131.746	124.556	120.038	139.521	131.387	122.156	69.6636	71.1903	65.8199	83.7208	63.0639	80.0409	67.0068	77.9454	79.3571	69.8073	1	1	1	1	1	1	1	
390	127.563	131.738	124.548	120.03	139.508	131.381	122.147	69.6532	71.187	65.8049	83.7165	63.0574	80.0388	67.001	77.9414	79.3528	69.8036	1	1	1	1	1	1	1	
391	127.556	131.73	124.54	120.022	139.496	131.374	122.138	69.6426	71.1837	65.7898	83.7122	63.0508	80.0367	66.9952	77.9373	79.3483	69.8	1	1	1	1	1	1	1	
392	127.548	131.722	124.532	120.014	139.483	131.367	122.129	69.632	71.1804	65.7745	83.7079	63.0442	80.0345	66.9893	77.9331	79.3439	69.7963	1	1	1	1	1	1	1	
393	127.541	131.714	124.524	120.006	139.471	131.36	122.12	69.6212	71.177	65.759	83.7035	63.0374	80.0323	66.9833	77.9289	79.3394	69.7925	1	1	1	1	1	1	1	
394	127.533	131.706	124.515	119.998	139.458	131.352	122.111	69.6103	71.1736	65.7434	83.6991	63.0306	80.0301	66.9773	77.9247	79.3348	69.7887	1	1	1	1	1	1	1	
395	127.525	131.697	124.507	119.989	139.445	131.345	122.102	69.5993	71.1702	65.7275	83.6946	63.0238	80.0279	66.9712	77.9204	79.3302	69.7849	1	1	1	1	1	1	1	
396	127.517	131.689	124.499	119.981	139.432	131.338	122.092	69.5881	71.1667	65.7115	83.6901	63.0168	80.0256	66.965	77.9161	79.3255	69.781	1	1	1	1	1	1	1	
397	127.509	131.68	124.49	119.972	139.419	131.33	122.083	69.5769	71.1632	65.6952	83.6855	63.0098	80.0233	66.9588	77.9117	79.3208	69.7771	1	1	1	1	1	1	1	
398	127.501	131.672	124.482	119.964	139.405	131.323	122.073	69.5655	71.1597	65.6788	83.6809	63.0026	80.021	66.9525	77.9073	79.316	69.7731	1	1	1	1	1	1	1	
399	127.493	131.663	124.473	119.955	139.392	131.315	122.064	69.554	71.1561	65.6622	83.6762	62.9954	80.0187	66.9462	77.9028	79.3112	69.7691	1	1	1	1	1	1	1	
400	127.485	131.654	124.464	119.946	139.378	131.308	122.054	69.5423	71.1525	65.6454	83.6715	62.9881	80.0163	66.9397	77.8983	79.3063	69.7651	1	1	1	1	1	1	1	
401	127.477	131.645	124.455	119.937	139.364	131.3	122.044	69.5306	71.1489	65.6284	83.6667	62.9807	80.0139	66.9332	77.8938	79.3014	69.7609	1	1	1	1	1	1	1	
402	127.468	131.636	124.446	119.928	139.35	131.292	122.034	69.5187	71.1452	65.6112	83.6619	62.9733	80.0115	66.9267	77.8892	79.2964	69.7568	1	1	1	1	1	1	1	
403	127.46	131.627	124.437	119.919	139.336	131.284	122.024	69.5067	71.1414	65.5938	83.657	62.9657	80.0091	66.9201	77.8845	79.2913	69.7526	1	1	1	1	1	1	1	
404	127.451	131.618	124.428	119.909	139.322	131.276	122.014	69.4945	71.1377	65.5761	83.652	62.9581	80.0066	66.9134	77.8798	79.2863	69.7483	1	1	1	1	1	1	1	
405	127.442	131.609	124.419	119.9	139.307	131.268	122.003	69.4822	71.1339	65.5583	83.6471	62.9503	80.0041	66.9066	77.8751	79.2811	69.744	1	1	1	1	1	1	1	
406	127.434	131.599	124.409	119.891	139.293	131.26	121.993	69.4698	71.13	65.5402	83.642	62.9425	80.0016	66.8997	77.8703	79.2759	69.7396	1	1	1	1	1	1	1	
407	127.425	131.59	124.4	119.881	139.278	131.252	121.982	69.4572	71.1262	65.522	83.6369	62.9346	79.9991	66.8928	77.8654	79.2706	69.7352	1	1	1	1	1	1	1	
408	127.416	131.58	124.39	119.871	139.263	131.243	121.972	69.4445	71.1222	65.5035	83.6318	62.9266	79.9965	66.8858	77.8605	79.2653	69.7307	1	1	1	1	1	1	1	
409	127.407	131.571	124.38	119.862	139.248	131.235	121.961	69.4317	71.1183	65.4847	83.6266	62.9185	79.9939	66.8788	77.8555	79.2599	69.7262	1	1	1	1	1	1	1	
410	127.397	131.561	124.37	119.852	139.232	131.226	121.95	69.4187	71.1143	65.4658	83.6213	62.9103	79.9913	66.8716	77.8505	79.2545	69.7216	1	1	1	1	1	1	1	
411	127.388	131.551	124.36	119.842	139.217	131.218	121.939	69.4056	71.1102	65.4466	83.616	62.902	79.9886	66.8644	77.8455	79.249	69.717	1	1	1	1	1	1	1	
412	127.379	131.541	124.35	119.832	139.201	131.209	121.928	69.3923	71.1062	65.4272	83.6106	62.8936	79.9859	66.8571	77.8404	79.2434	69.7123	1	1	1	1	1	1	1	
413	127.369	131.531	124.34	119.821	139.185	131.2	121.916	69.3789	71.102	65.4076	83.6052	62.8851	79.9832	66.8497	77.8352	79.2378	69.7075	1	1	1	1	1	1	1	
414	127.36	131.52	124.33	119.811	139.169	131.191	121.905	69.3653	71.0979	65.3877	83.5997	62.8765	79.9805	66.8422	77.83	79.2321	69.7027	1	1	1	1	1	1	1	
415	127.35	131.51	124.319	119.8	139.153	131.182	121.893	69.3516	71.0937	65.3675	83.5941	62.8678	79.9777	66.8347	77.8247	79.2263	69.6979	1	1	1	1	1	1	1	
416	127.34	131.499	124.309	119.79	139.136	131.173	121.882	69.3377	71.0894	65.3472	83.5885	62.8589	79.9749	66.8271	77.8193	79.2205	69.693	1	1	1	1	1	1	1	
417	127.33	131.489	124.298	119.779	139.12	131.163	121.87	69.3237	71.0851	65.3265	83.5828	62.85	79.9721	66.8194	77.814	79.2146	69.688	1	1	1	1	1	1	1	
418	127.32	131.478	124.287	119.768	139.103	131.154	121.858	69.3095	71.0808	65.3056	83.5771	62.841	79.9692	66.8116	77.8085	79.2087	69.6829	1	1	1	1	1	1	1	
419	127.31	131.467	124.276	119.757	139.086	131.145	121.846	69.2951	71.0764	65.2845	83.5713	62.8319	79.9663	66.8037	77.803	79.2027	69.6778	1	1	1	1	1	1	1	
420	127.3	131.456	124.265	119.746	139.068	131.135	121.834	69.2806	71.072	65.2631	83.5654	62.8226	79.9634	66.7958	77.7974	79.1966	69.6726	1	1	1	1	1	1	1	
421	127.289	131.445	124.254	119.735	139.051	131.125	121.821	69.2659	71.0675	65.2414	83.5595	62.8132	79.9605	66.7877	77.7918	79.1904	69.6674	1	1	1	1	1	1	1	
422	127.279	131.434	124.243	119.724	139.033	131.116	121.809	69.2511	71.063	65.2195	83.5535	62.8038	79.9575	66.7796	77.7861	79.1842	69.6621	1	1	1	1	1	1	1	
423	127.268	131.422	124.231	119.712	139.015	131.106	121.796	69.2361	71.0584	65.1973	83.5475	62.7942	79.9545	66.7714	77.7804	79.1779	69.6568	1	1	1	1	1	1	1	
424	127.257	131.411	124.22	119.701	138.997	131.096	121.783	69.221	71.0538	65.1748	83.5413	62.7845	79.9514	66.7631	77.7746	79.1715	69.6513	1	1	1	1	1	1	1	
425	127.246	131.399	124.208	119.689	138.979	131.085	121.77	69.2056	71.0491	65.152	83.5352	62.7746	79.9483	66.7547	77.7687	79.1651	69.6458	1	1	1	1	1	1	1	
426	127.235	131.387	124.196	119.677	138.96	131.075	121.757	69.1901	71.0444	65.1289	83.5289	62.7647	79.9452	66.7462	77.7628	79.1586	69.6403	1	1	1	1	1	1	1	
427	127.224	131.375	124.184	119.665	138.941	131.065	121.744	69.1744	71.0397	65.1056	83.5226	62.7546	79.9421	66.7376	77.7568	79.152	69.6346	1	1	1	1	1	1	1	
428	127.213	131.363	124.172	119.653	138.922	131.054	121.73	69.1586	71.0349	65.0819	83.5162	62.7444	79.9389	66.7289	77.7507	79.1454	69.6289	1	1	1	1	1	1	1	
429	127.202	131.351	124.16	119.641	138.903	131.044	121.717	69.1425	71.03	65.058	83.5097	62.7341	79.9357	66.7202	77.7446	79.1386	69.6232	1	1	1	1	1	1	1	
430	127.19	131.338	124.147	119.628	138.884	131.033	121.703	69.1263	71.0251	65.0338	83.5032	62.7237	79.9324	66.7113	77.7384	79.1318	69.6173	1	1	1	1	1	1	1	
431	127.178	131.326	124.135	119.616	138.864	131.022	121.689	69.1099	71.0202	65.0092	83.4966	62.7131	79.9291	66.7023	77.7321	79.1249	69.6114	1	1	1	1	1	1	1	
432	127.167	131.313	124.122	119.603	138.844	131.011	121.675	69.0933	71.0152	64.9843	83.4899	62.7024	79.9258	66.6933	77.7258	79.118	69.6054	1	1	1	1	1	1	1	
433	127.155	131.3	124.109	119.59	138.824	131	121.661	69.0765	71.0101	64.9591	83.4831	62.6916	79.9225	66.6841	77.7194	79.1109	69.5993	1	1	1	1	1	1	1	
434	127.143	131.287	124.096	119.577	138.803	130.989	121.647	69.0596	71.005	64.9336	83.4763	62.6806	79.9191	66.6748	77.713	79.1038	69.5932	1	1	1	1	1	1	1	
435	127.13	131.274	124.083	119.564	138.783	130.977	121.632	69.0424	70.9998	64.9078	83.4694	62.6695	79.9157	66.6655	77.7064	79.0966	69.5869	1	1	1	1	1	1	1	
436	127.118	131.261	124.07	119.55	138.762	130.966	121.617	69.0251	70.9946	64.8816	83.4624	62.6582	79.9122	66.656	77.6998	79.0893	69.5806	1	1	1	1	1	1	1	
437	127.106	131.248	124.056	119.537	138.741	130.954	121.602	69.0075	70.9894	64.8551	83.4553	62.6468	79.9087	66.6464	77.6932	79.082	69.5743	1	1	1	1	1	1	1	
438	127.093	131.234	124.043	119.523	138.719	130.942	121.587	68.9898	70.984	64.8283	83.4482	62.6353	79.9051	66.6368	77.6864	79.0745	69.5678	1	1	1	1	1	1	1	
439	127.08	131.22	124.029	119.51	138.698	130.93	121.572	68.9718	70.9787	64.8011	83.441	62.6236	79.9016	66.627	77.6796	79.067	69.5612	1	1	1	1	1	1	1	
440	127.067	131.206	124.015	119.496	138.676	130.918	121.557	68.9537	70.9733	64.7735	83.4337	62.6118	79.898	66.6171	77.6727	79.0593	69.5546	1	1	1	1	1	1	1	
441	127.054	131.192	124.001	119.482	138.653	130.906	121.541	68.9353	70.9678	64.7456	83.4263	62.5998	79.8943	66.6071	77.6658	79.0516	69.5479	1	1	1	1	1	1	1	
442	127.041	131.178	123.986	119.467	138.631	130.894	121.525	68.9167	70.9622	64.7173	83.4188	62.5877	79.8906	66.597	77.6587	79.0438	69.5411	1	1	1	1	1	1	1	
443	127.028	131.164	123.972	119.453	138.608	130.881	121.509	68.898	70.9566	64.6887	83.4113	62.5754	79.8869	66.5867	77.6516	79.0359	69.5342	1	1	1	1	1	1	1	
444	127.046	131.191	124.002	119.46	138.625	130.903	121.534	69.1226	70.8291	65.4407	83.2047	62.4816	79.885	66.6186	77.3243	79.0711	69.4558	1	1	1	1	1	1	1	
445	126.998	131.144	123.952	119.414	138.57	130.858	121.484	68.8387	70.927	64.6914	83.389	62.5832	79.8652	66.5743	77.615	79.0191	69.5032	1	1	1	1	1	1	1	
446	126.986	131.121	123.929	119.407	138.539	130.843	121.461	68.8368	70.9372	64.6056	83.3883	62.5434	79.8736	66.5577	77.628	79.0129	69.5112	1	1	1	1	1	1	1	
447	127.006	131.148	123.959	119.416	138.557	130.866	121.486	69.0714	70.8076	65.3796	83.1762	62.4429	79.8728	66.589	77.2931	79.0484	69.432	1	1	1	1	1	1	1	
448	126.956	131.1	123.907	119.368	138.499	130.819	121.435	68.7784	70.9083	64.6058	83.365	62.5467	79.8525	66.5429	77.5915	78.9944	69.4803	1	1	1	1	1	1	1	
449	126.944	131.075	123.883	119.361	138.466	130.804	121.41	68.7768	70.9193	64.5145	83.3644	62.5047	79.8616	66.5255	77.6054	78.9879	69.489	1	1	1	1	1	1	1	
450	126.965	131.104	123.915	119.37	138.485	130.828	121.437	69.0187	70.7857	65.3158	83.1467	62.4026	79.8603	66.5581	77.261	79.0247	69.4072	1	1	1	1	1	1	1	
451	126.912	131.053	123.861	119.32	138.425	130.779	121.383	68.716	70.8891	64.5169	83.3402	62.5089	79.8394	66.5105	77.5671	78.9688	69.4566	1	1	1	1	1	1	1	
452	126.9	131.028	123.835	119.313	138.391	130.763	121.358	68.7147	70.9008	64.4198	83.3397	62.4645	79.8492	66.4923	77.5819	78.962	69.4659	1	1	1	1	1	1	1	
453	126.923	131.058	123.87	119.323	138.411	130.788	121.386	68.9641	70.763	65.2494	83.1163	62.3607	79.8472	66.5261	77.228	79	69.3814	1	1	1	1	1	1	1	
454	126.867	131.006	123.812	119.271	138.348	130.737	121.33	68.6514	70.8692	64.4246	83.3146	62.4696	79.8259	66.477	77.5419	78.9422	69.4319	1	1	1	1	1	1	1	
455	126.854	130.979	123.786	119.264	138.313	130.72	121.303	68.6503	70.8818	64.3213	83.3142	62.4229	79.8364	66.4579	77.5577	78.9353	69.4418	1	1	1	1	1	1	1	
456	126.878	131.011	123.823	119.275	138.335	130.747	121.333	68.9076	70.7395	65.1804	83.0849	62.3174	79.8338	66.4932	77.1939	78.9745	69.3546	1	1	1	1	1	1	1	
457	126.821	130.956	123.763	119.22	138.269	130.694	121.275	68.5845	70.8487	64.3287	83.2881	62.4288	79.8118	66.4424	77.5158	78.9147	69.4062	1	1	1	1	1	1	1	
458	126.806	130.928	123.734	119.213	138.231	130.676	121.247	68.5837	70.8622	64.2188	83.2878	62.3795	79.8231	66.4224	77.5327	78.9076	69.4168	1	1	1	1	1	1	1	
459	126.833	130.962	123.774	119.224	138.255	130.705	121.278	68.8489	70.7154	65.1086	83.0525	62.2725	79.8198	66.4591	77.1587	78.9481	69.3268	1	1	1	1	1	1	1	
460	126.772	130.905	123.711	119.167	138.186	130.649	121.218	68.5152	70.8275	64.2292	83.2608	62.3865	79.7973	66.4067	77.4889	78.8863	69.3794	1	1	1	1	1	1	1	
461	126.802	130.927	123.741	119.191	138.203	130.676	121.24	68.8058	70.6976	65.0659	83.0311	62.2435	79.8098	66.4379	77.1335	78.9333	69.3074	1	1	1	1	1	1	1	
462	126.739	130.87	123.676	119.131	138.129	130.618	121.178	68.467	70.8127	64.1621	83.2421	62.3583	79.787	66.3824	77.4702	78.8669	69.3606	1	1	1	1	1	1	1	
463	126.77	130.893	123.707	119.155	138.147	130.646	121.201	68.7643	70.6806	65.0157	83.0085	62.2121	79.7999	66.4142	77.1089	78.915	69.2877	1	1	1	1	1	1	1	
464	126.705	130.834	123.639	119.093	138.071	130.587	121.138	68.4182	70.7978	64.092	83.2229	62.3286	79.7767	66.3574	77.4513	78.8469	69.3415	1	1	1	1	1	1	1	
465	126.737	130.858	123.672	119.119	138.089	130.616	121.162	68.7219	70.6633	64.964	82.9855	62.1799	79.7898	66.39	77.0839	78.8963	69.2675	1	1	1	1	1	1	1	
466	126.67	130.797	123.602	119.055	138.011	130.555	121.097	68.3682	70.7826	64.02	83.2033	62.2981	79.7663	66.3319	77.432	78.8265	69.322	1	1	1	1	1	1	1	
467	126.704	130.821	123.636	119.082	138.03	130.585	121.121	68.6785	70.6456	64.9108	82.962	62.1469	79.7795	66.3652	77.0583	78.877	69.2466	1	1	1	1	1	1	1	
468	126.635	130.759	123.564	119.016	137.95	130.521	121.055	68.3171	70.7671	63.9461	83.1832	62.2668	79.7555	66.3058	77.4122	78.8055	69.3018	1	1	1	1	1	1	1	
469	126.669	130.784	123.6	119.044	137.97	130.553	121.08	68.634	70.6276	64.8563	82.9381	62.1131	79.7689	66.3399	77.0322	78.8574	69.2253	1	1	1	1	1	1	1	
470	126.598	130.72	123.524	118.976	137.887	130.488	121.011	68.2647	70.7512	63.8703	83.1627	62.2347	79.7445	66.2791	77.3919	78.7841	69.2811	1	1	1	1	1	1	1	
471	126.634	130.746	123.562	119.005	137.908	130.52	121.037	68.5884	70.6091	64.8002	82.9136	62.0785	79.758	66.3141	77.0055	78.8373	69.2033	1	1	1	1	1	1	1	
472	126.561	130.68	123.484	118.935	137.822	130.453	120.967	68.211	70.735	63.7925	83.1417	62.2018	79.7332	66.2518	77.3712	78.7622	69.2599	1	1	1	1	1	1	1	
473	126.598	130.707	123.523	118.965	137.845	130.487	120.994	68.5416	70.5903	64.7426	82.8886	62.0431	79.7468	66.2877	76.9784	78.8167	69.1807	1	1	1	1	1	1	1	
474	126.522	130.639	123.443	118.893	137.756	130.417	120.922	68.1561	70.7185	63.7127	83.1202	62.1681	79.7217	66.2239	77.35	78.7397	69.238	1	1	1	1	1	1	1	
475	126.561	130.668	123.484	118.924	137.779	130.452	120.949	68.4937	70.5711	64.6835	82.8631	62.0068	79.7354	66.2607	76.9506	78.7956	69.1575	1	1	1	1	1	1	1	
476	126.483	130.598	123.401	118.85	137.688	130.381	120.875	68.0998	70.7016	63.6307	83.0983	62.1335	79.7098	66.1955	77.3283	78.7167	69.2154	1	1	1	1	1	1	1	
477	126.524	130.627	123.444	118.882	137.712	130.417	120.904	68.4446	70.5514	64.6226	82.8371	61.9696	79.7237	66.2331	76.9223	78.774	69.1337	1	1	1	1	1	1	1	
478	126.443	130.555	123.358	118.806	137.618	130.344	120.827	68.0421	70.6843	63.5466	83.0758	62.098	79.6977	66.1663	77.3062	78.6931	69.1922	1	1	1	1	1	1	1	
479	126.485	130.585	123.402	118.84	137.644	130.381	120.857	68.3943	70.5314	64.5601	82.8105	61.9314	79.7116	66.2049	76.8935	78.7519	69.1091	1	1	1	1	1	1	1	
480	126.402	130.511	123.313	118.76	137.546	130.306	120.778	67.983	70.6666	63.4602	83.0529	62.0616	79.6853	66.1366	77.2835	78.669	69.1684	1	1	1	1	1	1	1	
481	126.445	130.542	123.36	118.796	137.573	130.345	120.809	68.3427	70.5109	64.4958	82.7834	61.8924	79.6993	66.1761	76.864	78.7293	69.0839	1	1	1	1	1	1	1	
482	126.359	130.466	123.268	118.714	137.472	130.266	120.728	67.9224	70.6485	63.3714	83.0294	62.0242	79.6726	66.1062	77.2603	78.6443	69.1438	1	1	1	1	1	1	1	
483	126.405	130.498	123.316	118.751	137.5	130.307	120.76	68.2897	70.4899	64.4296	82.7557	61.8523	79.6867	66.1466	76.8339	78.7061	69.0579	1	1	1	1	1	1	1	
484	126.316	130.42	123.221	118.666	137.396	130.226	120.677	67.8603	70.6301	63.2802	83.0054	61.9859	79.6596	66.0751	77.2365	78.619	69.1185	1	1	1	1	1	1	1	
485	126.364	130.453	123.272	118.705	137.426	130.269	120.71	68.2355	70.4685	64.3616	82.7275	61.8113	79.6737	66.1165	76.8033	78.6824	69.0312	1	1	1	1	1	1	1	
486	126.272	130.373	123.174	118.617	137.318	130.185	120.624	67.7967	70.6112	63.1866	82.9808	61.9466	79.6462	66.0433	77.2122	78.5931	69.0924	1	1	1	1	1	1	1	
487	126.321	130.407	123.226	118.657	137.35	130.229	120.658	68.1798	70.4467	64.2916	82.6987	61.7692	79.6604	66.0857	76.772	78.6581	69.0038	1	1	1	1	1	1	1	
488	126.226	130.324	123.125	118.567	137.238	130.143	120.57	67.7315	70.592	63.0903	82.9557	61.9062	79.6325	66.0108	77.1873	78.5665	69.0656	1	1	1	1	1	1	1	
489	126.278	130.36	123.179	118.609	137.271	130.189	120.605	68.1228	70.4244	64.2196	82.6693	61.7261	79.6468	66.0543	76.74	78.6332	68.9755	1	1	1	1	1	1	1	
490	126.18	130.275	123.074	118.516	137.156	130.1	120.515	67.6647	70.5723	62.9915	82.93	61.8647	79.6185	65.9776	77.1619	78.5393	69.0379	1	1	1	1	1	1	1	
491	126.233	130.311	123.131	118.559	137.19	130.147	120.551	68.0642	70.4016	64.1454	82.6392	61.6819	79.6328	66.0221	76.7075	78.6077	68.9464	1	1	1	1	1	1	1	
492	126.132	130.224	123.023	118.463	137.071	130.056	120.458	67.5963	70.5522	62.8898	82.9037	61.8221	79.6041	65.9437	77.1358	78.5114	69.0094	1	1	1	1	1	1	1	
493	126.187	130.261	123.082	118.508	137.107	130.105	120.495	68.0042	70.3784	64.0691	82.6086	61.6365	79.6185	65.9893	76.6742	78.5816	68.9164	1	1	1	1	1	1	1	
494	126.083	130.171	122.97	118.409	136.984	130.01	120.4	67.526	70.5316	62.7853	82.8768	61.7784	79.5894	65.9089	77.1092	78.4828	68.98	1	1	1	1	1	1	1	
495	126.141	130.21	123.031	118.456	137.022	130.061	120.438	67.9426	70.3546	63.9905	82.5773	61.59	79.6037	65.9557	76.6403	78.5549	68.8855	1	1	1	1	1	1	1	
496	126.033	130.118	122.915	118.354	136.895	129.964	120.34	67.4541	70.5106	62.6779	82.8493	61.7335	79.5743	65.8735	77.0819	78.4536	68.9498	1	1	1	1	1	1	1	
497	126.093	130.158	122.98	118.402	136.934	130.017	120.38	67.8793	70.3303	63.9096	82.5453	61.5423	79.5886	65.9213	76.6057	78.5275	68.8537	1	1	1	1	1	1	1	
498	125.982	130.063	122.86	118.297	136.803	129.916	120.278	67.3803	70.4891	62.5674	82.8212	61.6874	79.5588	65.8372	77.054	78.4236	68.9185	1	1	1	1	1	1	1	
499	126.044	130.104	122.927	118.347	136.844	129.971	120.32	67.8144	70.3055	63.8263	82.5128	61.4934	79.5731	65.8862	76.5704	78.4994	68.8209	1	1	1	1	1	1	1	
500	125.929	130.007	122.803	118.238	136.708	129.867	120.215	67.3046	70.4672	62.4537	82.7924	61.64	79.5429	65.8001	77.0254	78.3928	68.8863	1	1	1	1	1	1	1	
501	125.993	130.049	122.872	118.291	136.751	129.924	120.258	67.7479	70.2802	63.7404	82.4795	61.4432	79.5572	65.8503	76.5343	78.4706	68.7871	1	1	1	1	1	1	1	
502	125.875	129.949	122.744	118.178	136.611	129.817	120.151	67.227	70.4448	62.3368	82.763	61.5913	79.5266	65.7621	76.9962	78.3613	68.8531	1	1	1	1	1	1	1	
503	125.942	129.993	122.816	118.233	136.656	129.876	120.195	67.6795	70.2543	63.6519	82.4456	61.3917	79.5409	65.8136	76.4976	78.4412	68.7523	1	1	1	1	1	1	1	
504	125.819	129.889	122.684	118.117	136.51	129.766	120.085	67.1474	70.4219	62.2165	82.7329	61.5413	79.51	65.7233	76.9663	78.329	68.8188	1	1	1	1	1	1	1	
505	125.889	129.935	122.759	118.174	136.557	129.827	120.13	67.6093	70.2279	63.5606	82.4109	61.3389	79.5241	65.776	76.4601	78.4109	68.7164	1	1	1	1	1	1	1	
506	125.763	129.828	122.622	118.054	136.407	129.713	120.017	67.0658	70.3986	62.0927	82.7021	61.4899	79.4929	65.6837	76.9357	78.2959	68.7834	1	1	1	1	1	1	1	
507	125.835	129.875	122.7	118.113	136.456	129.777	120.063	67.5373	70.201	63.4665	82.3756	61.2847	79.5069	65.7377	76.4218	78.38	68.6793	1	1	1	1	1	1	1	
508	125.704	129.766	122.558	117.989	136.301	129.659	119.947	66.9821	70.3747	61.9652	82.6706	61.4371	79.4753	65.6431	76.9043	78.2619	68.7468	1	1	1	1	1	1	1	
509	126.159	130.196	123.025	118.434	136.735	130.108	120.378	67.9	70.529	63.8381	82.7627	61.5822	79.8113	66.1587	76.7297	78.6555	69.0004	1	1	1	1	1	1	1	
510	126.019	130.078	122.872	118.301	136.569	129.979	120.252	67.3115	70.7032	62.2899	83.0618	61.7423	79.774	66.0563	77.2171	78.5305	69.061	1	1	1	1	1	1	1	
511	126.095	130.126	122.956	118.363	136.622	130.047	120.3	67.8152	70.4952	63.7251	82.7198	61.5193	79.7886	66.11	76.6832	78.6176	68.9545	1	1	1	1	1	1	1	
512	125.955	130.009	122.802	118.23	136.454	129.92	120.176	67.2205	70.6757	62.1513	83.0263	61.684	79.7533	66.0112	77.1815	78.4925	69.0193	1	1	1	1	1	1	1	
513	126.035	130.059	122.89	118.295	136.509	129.99	120.226	67.7347	70.4642	63.6185	82.6798	61.4585	79.768	66.0664	76.6404	78.5824	68.9115	1	1	1	1	1	1	1	
514	125.889	129.939	122.731	118.157	136.335	129.859	120.098	67.1275	70.6481	62.0087	82.9901	61.6247	79.7325	65.9652	77.1458	78.4542	68.9767	1	1	1	1	1	1	1	
515	125.972	129.991	122.823	118.225	136.393	129.932	120.149	67.6521	70.4327	63.5085	82.6388	61.3962	79.747	66.0217	76.5968	78.5465	68.8672	1	1	1	1	1	1	1	
516	125.822	129.867	122.658	118.083	136.213	129.797	120.018	67.0321	70.6199	61.8617	82.9531	61.5636	79.7112	65.9181	77.1093	78.4149	68.9328	1	1	1	1	1	1	1	
517	125.909	129.92	122.753	118.153	136.273	129.873	120.071	67.5671	70.4005	63.3948	82.5971	61.3322	79.7254	65.976	76.5524	78.5097	68.8215	1	1	1	1	1	1	1	
518	125.754	129.793	122.583	118.007	136.086	129.733	119.936	66.9343	70.5912	61.7102	82.9152	61.5008	79.6893	65.87	77.072	78.3747	68.8875	1	1	1	1	1	1	1	
519	125.843	129.848	122.682	118.079	136.149	129.812	119.99	67.4799	70.3676	63.2775	82.5544	61.2665	79.7032	65.9292	76.507	78.4719	68.7743	1	1	1	1	1	1	1	
520	125.683	129.717	122.506	117.928	135.956	129.667	119.851	66.8339	70.5618	61.5541	82.8765	61.4362	79.6669	65.8207	77.0337	78.3334	68.8406	1	1	1	1	1	1	1	
521	125.776	129.774	122.609	118.004	136.022	129.749	119.907	67.3902	70.334	63.1563	82.5109	61.199	79.6805	65.8814	76.4608	78.4332	68.7255	1	1	1	1	1	1	1	
522	125.611	129.639	122.427	117.847	135.822	129.599	119.764	66.7308	70.5318	61.393	82.8369	61.3697	79.644	65.7704	76.9946	78.291	68.7921	1	1	1	1	1	1	1	
523	125.707	129.698	122.534	117.926	135.89	129.685	119.822	67.2981	70.2997	63.031	82.4665	61.1297	79.6571	65.8324	76.4135	78.3935	68.6751	1	1	1	1	1	1	1	
524	125.536	129.559	122.345	117.764	135.683	129.53	119.675	66.6251	70.5011	61.227	82.7964	61.3013	79.6204	65.7188	76.9545	78.2475	68.7419	1	1	1	1	1	1	1	
525	125.637	129.619	122.457	117.846	135.755	129.619	119.735	67.2033	70.2646	62.9015	82.4212	61.0585	79.6331	65.7824	76.3654	78.3527	68.6229	1	1	1	1	1	1	1	
526	125.46	129.477	122.261	117.679	135.54	129.459	119.584	66.5165	70.4699	61.0556	82.7549	61.2309	79.5963	65.6661	76.9135	78.2029	68.69	1	1	1	1	1	1	1	
527	125.564	129.539	122.378	117.764	135.614	129.551	119.645	67.1059	70.2289	62.7675	82.375	60.9853	79.6084	65.7311	76.3162	78.3109	68.569	1	1	1	1	1	1	1	
528	125.382	129.392	122.175	117.592	135.392	129.386	119.489	66.4051	70.438	60.8787	82.7126	61.1584	79.5715	65.6122	76.8715	78.1572	68.6362	1	1	1	1	1	1	1	
529	125.49	129.456	122.296	117.679	135.47	129.481	119.553	67.0058	70.1923	62.6289	82.3278	60.9101	79.583	65.6787	76.2661	78.268	68.5132	1	1	1	1	1	1	1	
530	125.302	129.305	122.086	117.502	135.238	129.311	119.393	66.2907	70.4054	60.6961	82.6693	61.0837	79.5461	65.557	76.8285	78.1102	68.5806	1	1	1	1	1	1	1	
531	125.414	129.371	122.212	117.592	135.32	129.41	119.458	66.9028	70.155	62.4855	82.2796	60.8328	79.5569	65.6251	76.2149	78.2239	68.4554	1	1	1	1	1	1	1	
532	125.219	129.216	121.995	117.409	135.08	129.235	119.293	66.1733	70.3722	60.5076	82.625	61.0069	79.52	65.5006	76.7844	78.062	68.5229	1	1	1	1	1	1	1	
533	125.335	129.283	122.126	117.503	135.165	129.337	119.36	66.7969	70.117	62.3369	82.2305	60.7533	79.5302	65.5702	76.1627	78.1787	68.3956	1	1	1	1	1	1	1	
534	125.135	129.124	121.901	117.314	134.917	129.156	119.191	66.0528	70.3383	60.3127	82.5797	60.9277	79.4933	65.4429	76.7394	78.0126	68.4632	1	1	1	1	1	1	1	
535	125.255	129.193	122.038	117.411	135.005	129.261	119.26	66.688	70.0781	62.183	82.1805	60.6715	79.5026	65.5141	76.1095	78.1323	68.3336	1	1	1	1	1	1	1	
536	125.048	129.029	121.805	117.216	134.747	129.074	119.085	65.929	70.3037	60.1113	82.5334	60.8462	79.4659	65.3838	76.6932	77.9618	68.4013	1	1	1	1	1	1	1	
537	125.173	129.101	121.947	117.317	134.839	129.184	119.156	66.576	70.0384	62.0235	82.1294	60.5875	79.4744	65.4566	76.0551	78.0846	68.2694	1	1	1	1	1	1	1	
538	124.958	128.932	121.705	117.115	134.572	128.991	118.977	65.802	70.2685	59.903	82.4862	60.7621	79.4379	65.3234	76.646	77.9097	68.3371	1	1	1	1	1	1	1	
539	125.088	129.005	121.853	117.219	134.668	129.105	119.05	66.4607	69.9979	61.8581	82.0773	60.501	79.4453	65.3978	75.9997	78.0357	68.2028	1	1	1	1	1	1	1	
540	124.867	128.831	121.603	117.011	134.39	128.906	118.865	65.6715	70.2325	59.6876	82.4379	60.6755	79.4091	65.2616	76.5977	77.8563	68.2705	1	1	1	1	1	1	1	
541	125.001	128.907	121.756	117.119	134.49	129.023	118.941	66.3421	69.9566	61.6864	82.0242	60.4121	79.4154	65.3376	75.9432	77.9854	68.1337	1	1	1	1	1	1	1	
542	124.773	128.728	121.498	116.905	134.202	128.818	118.75	65.5376	70.1959	59.4646	82.3885	60.5863	79.3796	65.1984	76.5482	77.8014	68.2013	1	1	1	1	1	1	1	
543	124.912	128.806	121.657	117.016	134.306	128.94	118.828	66.2201	69.9145	61.5082	81.97	60.3206	79.3847	65.276	75.8855	77.9338	68.062	1	1	1	1	1	1	1	
544	124.676	128.622	121.389	116.795	134.007	128.727	118.632	65.4001	70.1586	59.2337	82.3381	60.4943	79.3494	65.1337	76.4975	77.745	68.1296	1	1	1	1	1	1	1	
545	125.193	129.138	121.96	117.291	134.527	129.258	119.126	67.5232	70.3323	62.0986	82.5587	60.0084	79.542	65.3535	76.2709	77.6479	68.3451	1	1	1	1	1	1	1	
546	124.676	128.588	121.356	116.769	133.916	128.718	118.584	65.6556	70.1872	59.1294	82.355	60.3355	79.3823	65.1019	76.5377	77.6394	68.1818	1	1	1	1	1	1	1	
547	124.728	128.631	121.448	116.786	133.932	128.779	118.62	66.0559	69.8331	61.1486	81.8479	60.119	79.3255	65.1554	75.758	77.7881	67.9228	1	1	1	1	1	1	1	
548	124.476	128.407	121.16	116.563	133.599	128.543	118.39	65.1441	70.0822	58.7474	82.231	60.286	79.291	65.0054	76.3895	77.6257	67.9853	1	1	1	1	1	1	1	
549	125.012	128.939	121.759	117.08	134.138	129.093	118.899	67.3224	70.2562	61.7343	82.4592	59.7908	79.486	65.2293	76.1613	77.5287	68.2054	1	1	1	1	1	1	1	
550	124.476	128.365	121.127	116.538	133.496	128.53	118.335	65.3945	70.113	58.6335	82.2502	60.1266	79.3243	64.9684	76.4359	77.5156	68.0353	1	1	1	1	1	1	1	
551	124.531	128.411	121.227	116.555	133.514	128.597	118.372	65.7968	69.7422	60.7427	81.7286	59.9136	79.2586	65.0226	75.6321	77.6698	67.7604	1	1	1	1	1	1	1	
552	124.263	128.172	120.919	116.319	133.154	128.344	118.129	64.8477	70.0026	58.2236	82.1215	60.0777	79.2262	64.8665	76.2788	77.5016	67.8222	1	1	1	1	1	1	1	
553	124.82	128.726	121.544	116.854	133.715	128.917	118.657	67.0986	70.1766	61.3363	82.355	59.5648	79.4251	65.098	76.0459	77.4017	68.0506	1	1	1	1	1	1	1	
554	124.264	128.129	120.884	116.294	133.042	128.331	118.071	65.1173	70.0362	58.0983	82.1409	59.9046	79.2634	64.8289	76.3291	77.3853	67.8763	1	1	1	1	1	1	1	
555	124.324	128.178	120.993	116.31	133.062	128.403	118.11	65.5221	69.6476	60.3021	81.6042	59.6955	79.188	64.8837	75.5008	77.5445	67.5845	1	1	1	1	1	1	1	
556	124.039	127.923	120.663	116.06	132.672	128.135	117.851	64.5358	69.9205	57.6586	82.0073	59.8556	79.1583	64.7213	76.1626	77.3709	67.6457	1	1	1	1	1	1	1	
557	124.615	128.499	121.316	116.612	133.256	128.731	118.398	66.8596	70.0932	60.9014	82.2455	59.3245	79.3605	64.9603	75.9249	77.2675	67.882	1	1	1	1	1	1	1	
558	124.041	127.877	120.626	116.033	132.548	128.122	117.789	64.8261	69.9569	57.5197	82.0267	59.6673	79.2	64.6833	76.2171	77.248	67.7039	1	1	1	1	1	1	1	
559	124.105	127.93	120.743	116.048	132.571	128.199	117.831	65.2315	69.549	59.8222	81.4744	59.4635	79.1136	64.7381	75.3637	77.4118	67.3935	1	1	1	1	1	1	1	
560	123.803	127.659	120.39	115.785	132.149	127.913	117.557	64.2083	69.8358	57.0473	81.8884	59.6183	79.0875	64.5696	76.0408	77.233	67.454	1	1	1	1	1	1	1	
561	124.398	128.257	121.071	116.354	132.756	128.533	118.122	66.6047	70.0059	60.4246	82.1303	59.0687	79.2923	64.8159	75.7978	77.1255	67.6978	1	1	1	1	1	1	1	
562	124.071	127.865	120.665	115.975	132.441	128.157	117.745	65.4214	69.5438	60.1979	81.446	59.2781	79.1157	64.7422	75.2308	77.3223	67.3343	1	1	1	1	1	1	1	
563	123.66	127.512	120.233	115.587	131.849	127.787	117.378	64.0136	69.744	56.9773	81.8091	59.48	79.0047	64.4872	75.9304	77.1081	67.2962	1	1	1	1	1	1	1	
564	124.243	128.076	120.893	116.17	132.407	128.39	117.915	66.4332	69.9391	60.1761	82.0563	58.8619	79.243	64.7247	75.7037	77.0316	67.5617	1	1	1	1	1	1	1	
565	123.905	127.669	120.47	115.773	132.06	128	117.525	65.2093	69.4693	59.8967	81.351	59.0854	79.0583	64.6385	75.1226	77.2205	67.179	1	1	1	1	1	1	1	
566	123.472	127.3	120.014	115.363	131.423	127.611	117.141	63.7478	69.6726	56.5357	81.7155	59.2886	78.9428	64.3705	75.831	76.9939	67.1292	1	1	1	1	1	1	1	
567	124.067	127.876	120.692	115.958	131.986	128.229	117.687	66.2227	69.8687	59.7946	81.9657	58.6487	79.1874	64.6119	75.602	76.918	67.4028	1	1	1	1	1	1	1	
568	123.728	127.462	120.263	115.556	131.635	127.834	117.291	64.9787	69.3923	59.529	81.2508	58.8842	78.9984	64.5282	75.0104	77.1119	67.0107	1	1	1	1	1	1	1	
569	123.276	127.078	119.783	115.127	130.958	127.428	116.891	63.4717	69.6012	56.0429	81.6193	59.0859	78.8805	64.2497	75.7282	76.8758	66.952	1	1	1	1	1	1	1	
570	123.882	127.665	120.479	115.734	131.532	128.06	117.446	66.0015	69.7963	59.3758	81.8717	58.4252	79.1298	64.4949	75.4965	76.7993	67.2322	1	1	1	1	1	1	1	
571	123.544	127.246	120.045	115.327	131.178	127.662	117.046	64.7378	69.3132	59.1317	81.1481	58.6735	78.9364	64.4149	74.8948	76.9989	66.8307	1	1	1	1	1	1	1	
572	123.072	126.845	119.541	114.879	130.46	127.237	116.63	63.1853	69.5287	55.5179	81.5208	58.8728	78.8163	64.1257	75.6219	76.753	66.7624	1	1	1	1	1	1	1	
573	123.69	127.444	120.256	115.498	131.043	127.883	117.194	65.7695	69.7216	58.9245	81.7747	58.1906	79.07	64.3744	75.3873	76.6757	67.0488	1	1	1	1	1	1	1	
574	123.353	127.019	119.817	115.087	130.686	127.482	116.789	64.486	69.2321	58.7055	81.0427	58.4523	78.8722	64.2985	74.7758	76.8813	66.6375	1	1	1	1	1	1	1	
575	122.861	126.601	119.287	114.62	129.924	127.039	116.356	62.8886	69.4549	54.9595	81.42	58.6486	78.7504	63.9985	75.512	76.6254	66.5591	1	1	1	1	1	1	1	
576	123.489	127.212	120.02	115.249	130.515	127.699	116.928	65.5266	69.6448	58.4381	81.6745	57.9442	79.008	64.2502	75.2741	76.547	66.8508	1	1	1	1	1	1	1	
577	123.154	126.78	119.577	114.835	130.155	127.295	116.519	64.2231	69.1491	58.2474	80.9348	58.2201	78.8059	64.1793	74.6532	76.759	66.4296	1	1	1	1	1	1	1	
578	122.641	126.346	119.021	114.348	129.345	126.833	116.069	62.5815	69.3802	54.3643	81.317	58.4128	78.6829	63.8684	75.3984	76.493	66.3403	1	1	1	1	1	1	1	
579	123.279	126.968	119.772	114.987	129.944	127.507	116.649	65.2724	69.5659	57.9121	81.5714	57.6853	78.9441	64.1225	75.1568	76.413	66.6366	1	1	1	1	1	1	1	
580	122.947	126.53	119.325	114.569	129.581	127.101	116.236	63.9489	69.0642	57.7532	80.8245	57.9762	78.7375	64.0572	74.5271	76.6317	66.2053	1	1	1	1	1	1	1	
581	122.414	126.078	118.741	114.062	128.719	126.619	115.769	62.2644	69.3048	53.7279	81.2122	58.1646	78.6141	63.7355	75.2811	76.3558	66.1045	1	1	1	1	1	1	1	
582	123.061	126.71	119.511	114.711	129.324	127.307	116.354	65.0072	69.485	57.3415	81.4653	57.4131	78.8782	63.9913	75.0354	76.2735	66.4042	1	1	1	1	1	1	1	
583	122.733	126.267	119.059	114.29	128.957	126.9	115.938	63.6634	68.9776	57.218	80.7118	57.72	78.6673	63.9326	74.3972	76.4993	65.9625	1	1	1	1	1	1	1	
584	122.179	125.798	118.448	113.763	128.038	126.398	115.454	61.9381	69.2292	53.045	81.1058	57.9033	78.5444	63.6001	75.16	76.2137	65.8497	1	1	1	1	1	1	1	
585	122.834	126.44	119.235	114.419	128.646	127.099	116.044	64.7314	69.4022	56.7198	81.3564	57.127	78.8107	63.8568	74.9095	76.1283	66.1514	1	1	1	1	1	1	1	
586	122.51	125.991	118.78	113.995	128.275	126.691	115.626	63.367	68.8895	56.6358	80.5969	57.4507	78.5954	63.8056	74.2634	76.3618	65.6989	1	1	1	1	1	1	1	
587	121.937	125.505	118.141	113.449	127.294	126.17	115.125	61.604	69.154	52.3091	80.9983	57.6283	78.4744	63.4628	75.0353	76.067	65.5735	1	1	1	1	1	1	1	
588	122.598	126.155	118.943	114.11	127.902	126.882	115.718	64.4462	69.3179	56.0392	81.2449	56.8262	78.7419	63.7193	74.7792	75.9774	65.8754	1	1	1	1	1	1	1	
589	122.281	125.701	118.486	113.684	127.526	126.474	115.297	63.0606	68.8	55.9988	80.48	57.1678	78.5224	63.6768	74.1257	76.2189	65.4118	1	1	1	1	1	1	1	
590	121.688	125.198	117.818	113.121	126.475	125.935	114.78	61.2642	69.0799	51.5119	80.8903	57.3388	78.405	63.3241	74.9069	75.9159	65.2734	1	1	1	1	1	1	1	
591	122.353	125.855	118.636	113.784	127.08	126.658	115.375	64.1533	69.2325	55.2895	81.1311	56.51	78.6725	63.5792	74.6442	75.8207	65.5732	1	1	1	1	1	1	1	
592	122.044	125.397	118.176	113.356	126.697	126.252	114.952	62.7459	68.7096	55.2969	80.3615	56.8706	78.4489	63.5465	73.9839	76.0708	65.098	1	1	1	1	1	1	1	
593	121.433	124.878	117.481	112.776	125.567	125.693	114.42	60.9222	69.0079	50.6425	80.7826	57.0343	78.3373	63.1849	74.7752	75.761	64.9464	1	1	1	1	1	1	1	
594	121.683	125.701	117.961	113.732	132.319	116.934	115.299	63.7688	68.71	57.3861	80.0955	56.5635	78.509	61.9178	73.6485	74.8368	66.8706	1	1	1	1	1	1	1	
595	121.409	125.072	117.616	113.192	129.061	122.263	114.737	62.1584	68.0862	57.4545	79.5669	56.6112	78.3073	62.9878	73.0185	75.377	65.7048	1	1	1	1	1	1	1	
596	120.833	124.423	116.938	112.459	126.583	123.753	114.032	60.2371	68.6108	51.5858	80.2372	56.7085	78.1888	62.7285	74.162	75.2392	65.1866	1	1	1	1	1	1	1	
597	121.608	125.085	117.848	113.095	126.365	125.456	114.581	63.2587	68.8794	54.8485	80.6328	55.7566	78.4654	63.068	74.1187	75.2713	65.253	1	1	1	1	1	1	1	
598	121.391	124.635	117.423	112.644	125.518	125.439	114.148	61.8634	68.4226	54.5238	79.9732	56.1517	78.2433	63.1252	73.5648	75.6227	64.5957	1	1	1	1	1	1	1	
599	120.795	124.109	116.685	112.016	123.972	125.006	113.593	60.0321	68.8041	49.2532	80.4762	56.3188	78.1593	62.7989	74.428	75.3475	64.3184	1	1	1	1	1	1	1	
600	121.029	124.937	117.17	112.965	131.17	115.583	114.474	63.009	68.4295	56.2393	79.6609	55.8325	78.312	61.2681	73.2034	74.3042	66.4924	1	1	1	1	1	1	1	
601	120.76	124.301	116.821	112.435	127.752	121.139	113.922	61.345	67.8014	56.3656	79.1789	55.8996	78.1088	62.5568	72.5806	74.9187	65.1142	1	1	1	1	1	1	1	
602	120.159	123.612	116.083	111.658	124.954	122.786	113.173	59.3689	68.3919	50.0255	79.9032	55.9711	78.0115	62.3239	73.7698	74.7915	64.5141	1	1	1	1	1	1	1	
603	120.955	124.282	117.031	112.286	124.517	124.686	113.704	62.4797	68.6421	53.238	80.3012	54.9449	78.2864	62.6771	73.7403	74.8288	64.5158	1	1	1	1	1	1	1	
604	120.272	123.962	116.207	112.121	130.231	114.49	113.566	61.1416	67.696	56.2086	78.5655	55.891	77.9469	60.6175	72.1736	74.1961	65.9019	1	1	1	1	1	1	1	
605	119.607	123.23	115.491	111.35	125.949	119.493	112.853	58.8562	68.0037	50.2992	79.3272	55.6881	77.9309	61.865	73.0426	74.2808	64.7205	1	1	1	1	1	1	1	
606	120.741	124.152	116.833	112.25	124.974	123.339	113.615	62.3118	68.6625	53.5971	80.225	54.8605	78.4691	62.7255	73.5334	74.6856	64.8243	1	1	1	1	1	1	1	
607	120.612	123.655	116.432	111.734	123.433	124.144	113.119	60.8485	68.265	52.9906	79.6908	55.2628	78.2179	62.8831	73.129	75.1422	63.9006	1	1	1	1	1	1	1	
608	119.173	122.896	114.855	110.971	128.466	112.386	112.488	58.5724	67.9539	49.9266	78.7378	55.666	77.7635	59.7298	72.7281	73.5287	65.5396	1	1	1	1	1	1	1	
609	120.175	123.74	116.2	111.883	125.871	119.978	113.254	61.8094	68.2203	54.0185	79.6194	54.4804	78.3538	62.144	72.8213	74.1085	64.9948	1	1	1	1	1	1	1	
610	120.028	123.117	115.812	111.29	123.514	122.311	112.636	60.2429	67.9108	53.0811	79.2154	54.8142	78.0665	62.4414	72.5861	74.6463	63.8228	1	1	1	1	1	1	1	
611	119.938	123.207	115.818	110.843	122.372	123.446	112.6	61.1481	68.1475	54.2404	79.2674	56.6494	78.0555	60.5875	72.3291	73.4429	63.0131	1	1	1	1	1	1	1	
612	118.931	122.529	114.292	110.586	127.679	111.748	112.077	58.4462	67.7419	50.5766	78.6908	55.8783	77.9698	59.073	72.1225	73.0527	65.7068	1	1	1	1	1	1	1	
613	119.542	122.93	115.292	111.162	124.638	118.956	112.449	61.1311	67.8403	53.4031	79.2585	54.0033	78.2541	61.603	72.1458	73.5446	64.4724	1	1	1	1	1	1	1	
614	119.391	122.307	114.926	110.525	122.009	121.401	111.817	59.4622	67.5809	52.1995	78.859	54.2435	77.9289	62.0204	72.0216	74.131	63.1195	1	1	1	1	1	1	1	
615	118.605	104.866	114.365	109.259	128.249	122.724	112.741	60.4928	67.1052	57.5027	76.9906	56.0991	77.6471	58.5043	70.8575	72.1228	65.1419	1	1	1	1	1	1	1	
616	118.015	112.519	113.224	108.85	123.301	122.599	111.323	57.259	67.2502	49.1317	79.3884	55.2695	77.9229	59.9759	71.4835	72.8545	63.4572	1	1	1	1	1	1	1	
617	118.879	117.442	114.297	109.663	121.058	123.519	111.353	60.2773	67.7241	51.0412	79.874	53.482	78.0655	60.7026	71.9758	73.111	62.8499	1	1	1	1	1	1	1	
618	118.19	119.135	113.4	109.517	126.866	111.134	111.02	58.6955	66.7333	53.9162	77.6896	54.1571	77.4884	58.4404	70.4334	72.3211	64.9222	1	1	1	1	1	1	1	
619	118.038	120.199	113.66	109.137	123.106	116.891	111.017	59.1469	66.8909	55.5682	77.9843	55.6914	77.6336	58.5422	70.1973	71.6618	62.7155	1	1	1	1	1	1	1	
620	117.674	119.654	112.502	108.56	119.033	119.18	109.897	56.4574	67.3788	46.4342	79.0141	54.04	77.7564	60.4815	71.5578	72.8488	61.9548	1	1	1	1	1	1	1	
621	117.778	100.753	112.802	108.233	126.143	121.605	111.101	59.8912	66.9165	51.9956	76.6951	52.2585	77.5652	59.2446	70.8101	72.037	65.3334	1	1	1	1	1	1	1	
622	117.472	109.958	112.339	107.754	121.049	121.704	110.072	57.5522	66.4653	52.2062	77.6942	53.1823	77.4107	59.6415	70.2186	72.3332	61.7659	1	1	1	1	1	1	1	
623	116.809	114.99	112.051	107.772	125.999	109.292	110.136	58.2472	66.345	55.7273	76.9273	55.5841	77.2326	55.2428	69.1209	70.0428	64.1088	1	1	1	1	1	1	1	
624	116.331	116.037	110.886	107.411	120.311	114.338	108.984	55.4379	66.5317	47.231	78.134	53.4045	77.4755	59.2431	70.1126	71.5608	61.8849	1	1	1	1	1	1	1	
625	117.522	117.893	112.261	108.238	117.261	118.537	109.293	58.8488	67.2866	48.9168	79.0431	51.8399	77.8865	60.4797	71.0143	72.0687	60.9511	1	1	1	1	1	1	1	
626	116.792	117.76	111.211	107.699	123.292	105.562	108.817	57.427	66.3895	50.4224	76.9342	52.6922	77.2799	55.9121	69.6262	71.0164	64.3651	1	1	1	1	1	1	1	
627	116.695	118.236	111.494	107.212	118.336	112.472	109	57.6658	66.5285	53.1904	77.4249	54.2785	77.4586	57.3551	69.3142	70.4928	60.5185	1	1	1	1	1	1	1	
628	117.541	118.257	111.581	107.739	115.058	116.877	108.624	58.7622	66.9707	52.1772	78.894	51.4983	77.8358	60.3376	70.3035	71.9279	59.6098	1	1	1	1	1	1	1	
629	115.886	95.9922	108.943	105.052	120.232	117.346	107.748	55.2421	66.2872	46.3499	74.782	50.6323	76.9687	58.17	70.1921	70.6027	64.7063	1	1	1	1	1	1	1	
630	115.829	105.02	108.9	104.74	112.785	118.325	106.748	54.9112	65.737	47.7343	76.48	51.5365	76.9035	58.6366	69.1448	70.8887	58.1449	1	1	1	1	1	1	1	
631	115.651	109.829	108.752	105.214	118.97	104.292	106.664	56.5217	65.8642	50.4114	77.2003	50.3391	76.687	53.9856	68.8615	69.2304	64.281	1	1	1	1	1	1	1	
632	115.789	111.841	108.817	104.761	111.097	110.283	106.525	56.8561	65.8341	53.1357	76.9822	52.3191	77.2436	56.2603	68.4425	69.2298	57.6274	1	1	1	1	1	1	1	
633	99.0707	110.72	106.217	103.23	116.75	112.818	104.613	53.5849	64.1478	52.1014	76.132	50.3402	75.2181	57.0934	66.9195	68.263	64.0865	1	1	1	1	1	1	1	
634	105.741	110.506	105.495	102.683	106.958	113.858	103.951	52.1794	65.7267	45.0524	77.8277	50.6499	77.0269	57.9578	68.754	69.34	56.5016	1	1	1	1	1	1	1	
635	108.845	109.644	105.057	102.268	113.52	97.2334	103.291	54.7658	64.9082	46.0035	76.8891	48.7108	76.675	50.4381	67.7875	67.3302	64.8032	1	1	1	1	1	1	1	
636	110.501	108.444	105.016	102.264	101.945	104.825	103.238	53.5489	64.9515	48.2935	76.7463	49.3802	77.0989	57.3539	67.9425	68.7799	54.5087	1	1	1	1	1	1	1	
637	94.0799	106.02	102.427	98.9291	109.382	105.51	101.93	52.7918	63.6246	48.4611	75.8547	49.3506	73.2596	54.4085	66.1186	65.3779	62.9945	1	1	1	1	1	1	1	
638	102.134	105.604	102.93	100.007	98.6154	108.552	102.402	54.827	64.4052	51.1969	78.8816	48.0671	77.0517	58.7338	67.609	67.8024	53.4698	1	1	1	1	1	1	1	
639	100.728	100.054	98.8101	96.367	107.894	87.1096	99.5924	50.446	62.8915	47.7958	76.4448	47.4427	76.4318	45.2472	66.3505	65.5082	63.9079	1	1	1	1	1	1	1	
640	98.5195	97.7689	96.3617	93.9949	94.5245	93.6839	98.369	49.2522	63.6285	41.8315	79.229	45.5127	77.2252	55.3455	67.2295	64.7877	51.2338	1	1	1	1	1	1	1	
641	82.5903	94.7314	93.736	90.1045	103.641	93.58	95.5045	50.7525	61.1316	41.2098	80.3877	42.5617	68.6469	57.0553	66.6408	61.5261	60.4508	1	1	1	1	1	1	1	
642	88.595	89.1059	90.1695	86.0669	90.6048	92.719	92.043	47.6207	60.1605	40.0344	77.484	41.8502	73.9717	60.2261	65.6984	60.6207	48.4338	1	1	1	1	1	1	1	
643	88.4813	87.0747	86.0807	80.9269	98.1165	62.5563	87.9051	47.3893	59.4184	38.0741	77.4856	39.6974	75.2888	33.13	63.0146	59.9022	55.9489	1	1	1	1	1	1	1	
644	87.2528	88.2309	82.2418	75.8189	87.1583	77.4931	79.9363	46.1848	56.6416	34.7414	80.3215	33.383	74.9109	48.45	61.5016	58.5416	45.8906	1	1	1	1	1	1	1	
645	84.8934	60.7839	79.3526	70.4279	91.186	81.3599	74.5432	41.5815	56.3289	31.5323	54.4701	29.6389	73.1002	53.8015	61.619	57.2027	49.6563	1	1	1	1	1	1	1	
646	81.4162	70.3254	78.4367	64.1357	80.3649	79.0645	67.6701	40.148	53.0439	25.894	62.7902	23.8406	69.9712	52.4014	61.0208	53.3513	39.7157	1	1	1	1	1	1	1	
647	67.0888	69.8634	79.9474	60.8292	81.4796	74.7532	66.2352	39.6207	52.5822	20.4946	62.6791	20.4175	56.5976	48.4125	60.9422	51.3862	40.5098	1	1	1	1	1	1	1	
648	68.4262	66.4729	81.6395	52.9717	72.2251	72.0574	60.2661	35.6663	47.5739	16.7328	59.8522	18.9698	57.102	46.2595	61.1638	43.8712	31.9305	1	1	1	1	1	1	1	
649	64.8075	61.7843	62.3865	45.9262	71.4453	67.8566	55.3288	28.3083	42.8462	13.6724	55.2614	18.3913	53.7176	42.298	41.0709	36.9563	30.8694	1	1	1	1	1	1	1	
650	57.7597	58.4345	61.7982	42.1366	65.2569	63.0981	48.7951	23.4371	36.4808	12.3841	52.0845	17.7935	46.6903	37.695	39.5087	33.227	25.1949	1	1	1	1	1	1	1	
651	47.2342	52.7243	53.3669	37.311	63.8832	55.767	38.7743	16.9883	26.4809	11.5897	46.4516	17.257	36.1345	30.4739	30.8502	28.5748	23.9321	1	1	1	1	1	1	1	
652	38.5929	48.1604	44.5706	33.9308	63.6019	50.5498	31.8506	13.2584	19.6746	10.8535	41.9258	16.4879	27.5465	25.3574	21.9363	25.4805	23.6577	1	1	1	1	1	1	1	