      1e+20 7.87625e+11 5.63828e+11 7.61035e+11 2.68619e+11 1.62303e+11     57.3467     9.69838     24.6363     38.0254     31.7156     60.9019     31.7127  7.0929e+21 8.09959e+21 3.14262e+21 8.47594e+21 8.33075e+21 1.05691e+21
1.26746e+11       1e+20  6.6614e+11  5.9858e+11 9.67851e+11 8.01164e+11     28.9093     94.8892     91.3266     52.0495      14.663     96.0067     97.1687 5.42369e+21 7.17009e+21 6.14581e+21 5.26846e+21 1.99248e+21 8.36195e+21
5.09479e+11 1.55834e+11       1e+20 7.17326e+11 2.30151e+11 7.35134e+11     6.65016     91.5907     13.5493     66.3043     33.9296     77.1036     22.8348 6.53788e+21 1.15142e+21 4.15562e+21 7.27206e+21 1.00311e+21 5.70519e+20
5.74081e+11 6.17045e+11 7.82763e+11       1e+20  8.2016e+11 3.43757e+11     80.7963     22.4823      63.426     62.6247     78.2454     3.90565     22.4184 5.28839e+21 1.36407e+21 7.60606e+21 7.86922e+21 6.39185e+21 5.32288e+21
3.26448e+11 4.56344e+11 9.39328e+11 8.06109e+11       1e+20 1.95538e+11     76.1015     56.4935     6.06614      88.182     40.8568     10.8882     91.5855 8.98427e+20 6.68335e+21 2.03318e+21 4.25455e+21 4.47635e+21 8.54863e+21
9.51326e+11 5.88737e+11 8.98609e+11 2.58387e+11 2.86682e+10       1e+20     70.2564     15.2799      55.802     7.93123       62.42     45.4832     77.4371  9.1635e+21 4.08459e+20 5.76909e+20 2.19259e+21 3.54519e+21 1.81473e+21
9.25704e+11 6.42129e+11 4.92053e+11 2.64208e+11 1.34422e+11 1.91351e+11       1e+10     32.0514     82.3321     16.1333     20.6644      37.236     64.1736      13.939     96.4436      56.681     61.4478     45.4584      30.419
4.37421e+11 1.04283e+10 4.81697e+11 5.23119e+11 5.11784e+10 7.12385e+11     95.0262       1e+10     92.3191     30.9647     58.6413     37.3189     52.3065     37.6825     90.0751     59.9713     51.3573     50.5223     42.2563
9.97805e+11 4.05262e+11 5.52397e+11 3.63529e+11  4.3423e+11 4.06784e+11     79.2876     19.9851       1e+10     29.3544     13.3927     76.2888     94.6641     60.7288     9.35742     19.0085     75.2963     54.8885     17.3684
1.11626e+11 6.69636e+11 2.08921e+10 3.90615e+11 8.85028e+11 9.68273e+11     28.0223     84.2802      20.792       1e+10     18.5769     75.6326     94.1109     86.0105     22.2973     66.8938     40.3605     13.5584     10.5232
2.28934e+11 6.93214e+11  5.6154e+11 1.91454e+11 2.44496e+11 1.37839e+11     39.7897     25.5993     47.5298     43.0037       1e+10     19.5517     19.9588     22.4585     39.6863       24.23     98.7914     18.7113     36.6963
2.83188e+11  2.1753e+11 4.68746e+11 3.94375e+11 4.81921e+11 6.16043e+11     14.7395     37.1325     27.1937     14.8814     94.4167       1e+10     28.0244     64.9868     3.51191     21.3238     52.4295     61.2233     66.0589
7.66137e+11 5.41061e+11 7.98517e+11 9.44444e+11 6.46063e+11 2.36892e+11     43.2526     41.6269     29.4904     68.3796     55.6023     7.34817       1e+10     17.7232     83.4699     29.4131     55.9557     70.7336     49.5988
 7.0929e+21 8.09959e+21 3.14262e+21 8.47594e+21 8.33075e+21 1.05691e+21 1.99061e+11 5.35086e+11  4.2419e+11 3.43304e+11 4.27552e+11 3.32147e+11 1.59655e+11       1e+20 6.45863e+11 8.21528e+11 7.95442e+10 9.42576e+11 4.91449e+11
5.42369e+21 7.17009e+21 6.14581e+21 5.26846e+21 1.99248e+21 8.36195e+21 8.72529e+11 4.27826e+11 1.87845e+11 2.74308e+11 6.07211e+11 2.33561e+11 5.12797e+10 8.68216e+11       1e+20   1.775e+11 1.55731e+11 8.88554e+11 8.16431e+11
6.53788e+21 1.15142e+21 4.15562e+21 7.27206e+21 1.00311e+21 5.70519e+20 7.66284e+11 2.24232e+11 5.09727e+11 3.18056e+11  1.8227e+11 8.45936e+11 5.79185e+11 3.91416e+11 6.41942e+11       1e+20 9.30094e+11  6.7595e+11 1.29043e+11
5.28839e+21 1.36407e+21 7.60606e+21 7.86922e+21 6.39185e+21 5.32288e+21 3.84599e+11   2.961e+11 9.79125e+11 3.93965e+11 3.09372e+11 7.30715e+11 2.58537e+11 1.12128e+11 7.89127e+11    6.81e+11       1e+20 7.33159e+11 8.19172e+11
8.98427e+20 6.68335e+21 2.03318e+21 4.25455e+21 4.47635e+21 8.54863e+21 5.52107e+11 1.30391e+11 3.30644e+11 8.22327e+11 6.76523e+11 8.47761e+11 4.96112e+11 6.42587e+11 4.84342e+11  6.8189e+11   9.444e+11       1e+20 2.66405e+11
 9.1635e+21 4.08459e+20 5.76909e+20 2.19259e+21 3.54519e+21 1.81473e+21 9.47634e+11  8.5527e+11 8.20241e+11 1.41376e+11 3.33603e+11 5.25797e+10 9.41545e+11 3.31528e+10 7.71332e+11 7.33479e+10 4.96905e+11 2.90428e+11       1e+20
