
1	1	1	1	1	1	60.7314	46.6087	41.5685	44.0195	53.7774	84.0716	93.8863	100.485	84.0609	81.4301	
2	1	1	1	1	1	60.7302	46.6093	41.5681	44.0195	53.7749	84.0704	93.8857	100.484	84.0606	81.4309	
3	1	1	1	1	1	60.73	46.6091	41.5679	44.0194	53.7749	84.0701	93.8854	100.483	84.0604	81.4308	
4	1	1	1	1	1	60.7298	46.609	41.5677	44.0193	53.7748	84.0698	93.8852	100.482	84.0602	81.4306	
5	1	1	1	1	1	60.7296	46.6088	41.5675	44.0192	53.7748	84.0695	93.885	100.481	84.06	81.4305	
6	1	1	1	1	1	60.7294	46.6086	41.5674	44.0192	53.7748	84.0692	93.8847	100.481	84.0598	81.4304	
7	1	1	1	1	1	60.7292	46.6084	41.5672	44.0191	53.7747	84.0689	93.8845	100.48	84.0596	81.4302	
8	1	1	1	1	1	60.729	46.6082	41.567	44.019	53.7747	84.0686	93.8842	100.479	84.0593	81.4301	
9	1	1	1	1	1	60.7287	46.608	41.5668	44.0189	53.7746	84.0683	93.884	100.479	84.0591	81.43	
10	1	1	1	1	1	60.7285	46.6078	41.5666	44.0188	53.7746	84.068	93.8837	100.478	84.0589	81.4298	
11	1	1	1	1	1	60.7283	46.6076	41.5664	44.0187	53.7746	84.0677	93.8835	100.477	84.0587	81.4297	
12	1	1	1	1	1	60.7281	46.6074	41.5662	44.0186	53.7745	84.0674	93.8832	100.476	84.0585	81.4296	
13	1	1	1	1	1	60.7278	46.6072	41.566	44.0186	53.7745	84.0671	93.883	100.476	84.0582	81.4294	
14	1	1	1	1	1	60.7276	46.607	41.5658	44.0185	53.7744	84.0667	93.8827	100.475	84.058	81.4293	
15	1	1	1	1	1	60.7274	46.6067	41.5656	44.0184	53.7744	84.0664	93.8824	100.474	84.0578	81.4291	
16	1	1	1	1	1	60.7271	46.6065	41.5654	44.0183	53.7744	84.0661	93.8822	100.473	84.0575	81.429	
17	1	1	1	1	1	60.7269	46.6063	41.5652	44.0182	53.7743	84.0657	93.8819	100.473	84.0573	81.4288	
18	1	1	1	1	1	60.7267	46.6061	41.565	44.0181	53.7743	84.0654	93.8816	100.472	84.0571	81.4287	
19	1	1	1	1	1	60.7264	46.6059	41.5648	44.018	53.7742	84.0651	93.8814	100.471	84.0568	81.4285	
20	1	1	1	1	1	60.7262	46.6057	41.5646	44.0179	53.7742	84.0647	93.8811	100.47	84.0566	81.4284	
21	1	1	1	1	1	60.7259	46.6054	41.5643	44.0178	53.7742	84.0644	93.8808	100.469	84.0563	81.4282	
22	1	1	1	1	1	60.7257	46.6052	41.5641	44.0177	53.7741	84.064	93.8805	100.468	84.0561	81.4281	
23	1	1	1	1	1	60.7254	46.605	41.5639	44.0176	53.7741	84.0637	93.8802	100.468	84.0558	81.4279	
24	1	1	1	1	1	60.7252	46.6047	41.5637	44.0175	53.774	84.0633	93.8799	100.467	84.0556	81.4277	
25	1	1	1	1	1	60.7249	46.6045	41.5635	44.0174	53.774	84.063	93.8796	100.466	84.0553	81.4276	
26	1	1	1	1	1	60.7247	46.6043	41.5632	44.0173	53.7739	84.0626	93.8793	100.465	84.0551	81.4274	
27	1	1	1	1	1	60.7244	46.604	41.563	44.0172	53.7739	84.0622	93.879	100.464	84.0548	81.4273	
28	1	1	1	1	1	60.7242	46.6038	41.5628	44.0171	53.7738	84.0618	93.8787	100.463	84.0545	81.4271	
29	1	1	1	1	1	60.7239	46.6035	41.5625	44.017	53.7738	84.0615	93.8784	100.462	84.0543	81.4269	
30	1	1	1	1	1	60.7236	46.6033	41.5623	44.0169	53.7737	84.0611	93.8781	100.462	84.054	81.4268	
31	1	1	1	1	1	60.7233	46.6031	41.5621	44.0168	53.7737	84.0607	93.8778	100.461	84.0537	81.4266	
32	1	1	1	1	1	60.7231	46.6028	41.5618	44.0167	53.7736	84.0603	93.8775	100.46	84.0535	81.4264	
33	1	1	1	1	1	60.7228	46.6025	41.5616	44.0166	53.7736	84.0599	93.8772	100.459	84.0532	81.4262	
34	1	1	1	1	1	60.7225	46.6023	41.5613	44.0165	53.7735	84.0595	93.8769	100.458	84.0529	81.4261	
35	1	1	1	1	1	60.7222	46.602	41.5611	44.0164	53.7735	84.0591	93.8765	100.457	84.0526	81.4259	
36	1	1	1	1	1	60.7219	46.6018	41.5608	44.0163	53.7734	84.0587	93.8762	100.456	84.0523	81.4257	
37	1	1	1	1	1	60.7217	46.6015	41.5606	44.0162	53.7734	84.0583	93.8759	100.455	84.052	81.4255	
38	1	1	1	1	1	60.7214	46.6012	41.5603	44.016	53.7733	84.0579	93.8756	100.454	84.0518	81.4253	
39	1	1	1	1	1	60.7211	46.601	41.5601	44.0159	53.7733	84.0575	93.8752	100.453	84.0515	81.4252	
40	1	1	1	1	1	60.7208	46.6007	41.5598	44.0158	53.7732	84.057	93.8749	100.452	84.0512	81.425	
41	1	1	1	1	1	60.7205	46.6004	41.5595	44.0157	53.7732	84.0566	93.8745	100.451	84.0509	81.4248	
42	1	1	1	1	1	60.7202	46.6001	41.5593	44.0156	53.7731	84.0562	93.8742	100.45	84.0506	81.4246	
43	1	1	1	1	1	60.7199	46.5999	41.559	44.0155	53.7731	84.0558	93.8738	100.449	84.0502	81.4244	
44	1	1	1	1	1	60.7195	46.5996	41.5587	44.0153	53.773	84.0553	93.8735	100.448	84.0499	81.4242	
45	1	1	1	1	1	60.7192	46.5993	41.5585	44.0152	53.773	84.0549	93.8731	100.447	84.0496	81.424	
46	1	1	1	1	1	60.7189	46.599	41.5582	44.0151	53.7729	84.0544	93.8728	100.446	84.0493	81.4238	
47	1	1	1	1	1	60.7186	46.5987	41.5579	44.015	53.7729	84.054	93.8724	100.445	84.049	81.4236	
48	1	1	1	1	1	60.7183	46.5984	41.5576	44.0148	53.7728	84.0535	93.872	100.444	84.0487	81.4234	
49	1	1	1	1	1	60.718	46.5981	41.5573	44.0147	53.7727	84.0531	93.8716	100.443	84.0483	81.4232	
50	1	1	1	1	1	60.7176	46.5978	41.557	44.0146	53.7727	84.0526	93.8713	100.442	84.048	81.423	
51	1	1	1	1	1	60.7173	46.5975	41.5567	44.0145	53.7726	84.0521	93.8709	100.44	84.0477	81.4228	
52	1	1	1	1	1	60.717	46.5972	41.5564	44.0143	53.7726	84.0516	93.8705	100.439	84.0473	81.4226	
53	1	1	1	1	1	60.7166	46.5969	41.5561	44.0142	53.7725	84.0512	93.8701	100.438	84.047	81.4224	
54	1	1	1	1	1	60.7163	46.5966	41.5558	44.0141	53.7724	84.0507	93.8697	100.437	84.0467	81.4221	
55	1	1	1	1	1	60.7159	46.5963	41.5555	44.0139	53.7724	84.0502	93.8693	100.436	84.0463	81.4219	
56	1	1	1	1	1	60.7156	46.5959	41.5552	44.0138	53.7723	84.0497	93.8689	100.435	84.046	81.4217	
57	1	1	1	1	1	60.7152	46.5956	41.5549	44.0137	53.7723	84.0492	93.8685	100.434	84.0456	81.4215	
58	1	1	1	1	1	60.7149	46.5953	41.5546	44.0135	53.7722	84.0487	93.8681	100.432	84.0453	81.4213	
59	1	1	1	1	1	60.7145	46.595	41.5543	44.0134	53.7721	84.0482	93.8677	100.431	84.0449	81.421	
60	1	1	1	1	1	60.7141	46.5946	41.554	44.0132	53.7721	84.0477	93.8673	100.43	84.0445	81.4208	
61	1	1	1	1	1	60.7138	46.5943	41.5537	44.0131	53.772	84.0471	93.8669	100.429	84.0442	81.4206	
62	1	1	1	1	1	60.7134	46.594	41.5533	44.0129	53.7719	84.0466	93.8664	100.427	84.0438	81.4203	
63	1	1	1	1	1	60.713	46.5936	41.553	44.0128	53.7719	84.0461	93.866	100.426	84.0434	81.4201	
64	1	1	1	1	1	60.7126	46.5933	41.5527	44.0127	53.7718	84.0455	93.8656	100.425	84.043	81.4199	
65	1	1	1	1	1	60.7123	46.5929	41.5523	44.0125	53.7717	84.045	93.8651	100.424	84.0427	81.4196	
66	1	1	1	1	1	60.7119	46.5926	41.552	44.0124	53.7717	84.0444	93.8647	100.422	84.0423	81.4194	
67	1	1	1	1	1	60.7115	46.5922	41.5516	44.0122	53.7716	84.0439	93.8642	100.421	84.0419	81.4191	
68	1	1	1	1	1	60.7111	46.5918	41.5513	44.012	53.7715	84.0433	93.8638	100.42	84.0415	81.4189	
69	1	1	1	1	1	60.7107	46.5915	41.5509	44.0119	53.7715	84.0428	93.8633	100.418	84.0411	81.4186	
70	1	1	1	1	1	60.7103	46.5911	41.5506	44.0117	53.7714	84.0422	93.8629	100.417	84.0407	81.4184	
71	1	1	1	1	1	60.7099	46.5907	41.5502	44.0116	53.7713	84.0416	93.8624	100.416	84.0403	81.4181	
72	1	1	1	1	1	60.7095	46.5904	41.5499	44.0114	53.7712	84.041	93.8619	100.414	84.0399	81.4179	
73	1	1	1	1	1	60.709	46.59	41.5495	44.0113	53.7712	84.0404	93.8615	100.413	84.0394	81.4176	
74	1	1	1	1	1	60.7086	46.5896	41.5491	44.0111	53.7711	84.0398	93.861	100.412	84.039	81.4173	
75	1	1	1	1	1	60.7082	46.5892	41.5488	44.0109	53.771	84.0392	93.8605	100.41	84.0386	81.4171	
76	1	1	1	1	1	60.7078	46.5888	41.5484	44.0108	53.7709	84.0386	93.86	100.409	84.0382	81.4168	
77	1	1	1	1	1	60.7073	46.5884	41.548	44.0106	53.7709	84.038	93.8595	100.407	84.0377	81.4165	
78	1	1	1	1	1	60.7069	46.588	41.5476	44.0104	53.7708	84.0374	93.859	100.406	84.0373	81.4163	
79	1	1	1	1	1	60.7065	46.5876	41.5472	44.0103	53.7707	84.0368	93.8585	100.404	84.0369	81.416	
80	1	1	1	1	1	60.706	46.5872	41.5468	44.0101	53.7706	84.0361	93.858	100.403	84.0364	81.4157	
81	1	1	1	1	1	60.7056	46.5868	41.5465	44.0099	53.7705	84.0355	93.8575	100.401	84.036	81.4154	
82	1	1	1	1	1	60.7051	46.5864	41.5461	44.0097	53.7705	84.0349	93.857	100.4	84.0355	81.4151	
83	1	1	1	1	1	60.7046	46.586	41.5456	44.0096	53.7704	84.0342	93.8564	100.398	84.035	81.4148	
84	1	1	1	1	1	60.7042	46.5855	41.5452	44.0094	53.7703	84.0336	93.8559	100.397	84.0346	81.4146	
85	1	1	1	1	1	60.7037	46.5851	41.5448	44.0092	53.7702	84.0329	93.8554	100.395	84.0341	81.4143	
86	1	1	1	1	1	60.7032	46.5847	41.5444	44.009	53.7701	84.0322	93.8548	100.394	84.0336	81.414	
87	1	1	1	1	1	60.7028	46.5842	41.544	44.0088	53.77	84.0315	93.8543	100.392	84.0332	81.4137	
88	1	1	1	1	1	60.7023	46.5838	41.5436	44.0086	53.77	84.0309	93.8537	100.39	84.0327	81.4134	
89	1	1	1	1	1	60.7018	46.5833	41.5431	44.0084	53.7699	84.0302	93.8532	100.389	84.0322	81.413	
90	1	1	1	1	1	60.7013	46.5829	41.5427	44.0083	53.7698	84.0295	93.8526	100.387	84.0317	81.4127	
91	1	1	1	1	1	60.7008	46.5824	41.5423	44.0081	53.7697	84.0288	93.852	100.385	84.0312	81.4124	
92	1	1	1	1	1	60.7003	46.582	41.5418	44.0079	53.7696	84.028	93.8514	100.384	84.0307	81.4121	
93	1	1	1	1	1	60.6998	46.5815	41.5414	44.0077	53.7695	84.0273	93.8509	100.382	84.0302	81.4118	
94	1	1	1	1	1	60.6993	46.581	41.5409	44.0075	53.7694	84.0266	93.8503	100.38	84.0297	81.4115	
95	1	1	1	1	1	60.6987	46.5806	41.5405	44.0073	53.7693	84.0259	93.8497	100.379	84.0291	81.4111	
96	1	1	1	1	1	60.6982	46.5801	41.54	44.0071	53.7692	84.0251	93.8491	100.377	84.0286	81.4108	
97	1	1	1	1	1	60.6977	46.5796	41.5395	44.0069	53.7691	84.0244	93.8485	100.375	84.0281	81.4105	
98	1	1	1	1	1	60.6971	46.5791	41.5391	44.0066	53.769	84.0236	93.8479	100.373	84.0276	81.4101	
99	1	1	1	1	1	60.6966	46.5786	41.5386	44.0064	53.769	84.0228	93.8472	100.371	84.027	81.4098	
100	1	1	1	1	1	60.6961	46.5781	41.5381	44.0062	53.7689	84.0221	93.8466	100.37	84.0265	81.4095	
101	1	1	1	1	1	60.6955	46.5776	41.5376	44.006	53.7688	84.0213	93.846	100.368	84.0259	81.4091	
102	1	1	1	1	1	60.6949	46.5771	41.5371	44.0058	53.7687	84.0205	93.8453	100.366	84.0254	81.4088	
103	1	1	1	1	1	60.6944	46.5766	41.5367	44.0056	53.7686	84.0197	93.8447	100.364	84.0248	81.4084	
104	1	1	1	1	1	60.6938	46.576	41.5362	44.0054	53.7685	84.0189	93.844	100.362	84.0242	81.408	
105	1	1	1	1	1	60.6932	46.5755	41.5356	44.0051	53.7684	84.0181	93.8434	100.36	84.0237	81.4077	
106	1	1	1	1	1	60.6927	46.575	41.5351	44.0049	53.7683	84.0172	93.8427	100.358	84.0231	81.4073	
107	1	1	1	1	1	60.6921	46.5745	41.5346	44.0047	53.7681	84.0164	93.842	100.356	84.0225	81.407	
108	1	1	1	1	1	60.6915	46.5739	41.5341	44.0045	53.768	84.0156	93.8414	100.354	84.0219	81.4066	
109	1	1	1	1	1	60.6909	46.5734	41.5336	44.0042	53.7679	84.0147	93.8407	100.352	84.0213	81.4062	
110	1	1	1	1	1	60.6903	46.5728	41.533	44.004	53.7678	84.0139	93.84	100.35	84.0207	81.4058	
111	1	1	1	1	1	60.6897	46.5722	41.5325	44.0037	53.7677	84.013	93.8393	100.348	84.0201	81.4054	
112	1	1	1	1	1	60.689	46.5717	41.532	44.0035	53.7676	84.0121	93.8386	100.346	84.0195	81.4051	
113	1	1	1	1	1	60.6884	46.5711	41.5314	44.0033	53.7675	84.0112	93.8379	100.344	84.0188	81.4047	
114	1	1	1	1	1	60.6878	46.5705	41.5309	44.003	53.7674	84.0103	93.8372	100.342	84.0182	81.4043	
115	1	1	1	1	1	60.6872	46.5699	41.5303	44.0028	53.7673	84.0094	93.8364	100.34	84.0176	81.4039	
116	1	1	1	1	1	60.6865	46.5694	41.5297	44.0025	53.7672	84.0085	93.8357	100.338	84.0169	81.4035	
117	1	1	1	1	1	60.6859	46.5688	41.5292	44.0023	53.767	84.0076	93.8349	100.336	84.0163	81.4031	
118	1	1	1	1	1	60.6852	46.5682	41.5286	44.002	53.7669	84.0067	93.8342	100.333	84.0156	81.4026	
119	1	1	1	1	1	60.6845	46.5676	41.528	44.0018	53.7668	84.0057	93.8334	100.331	84.015	81.4022	
120	1	1	1	1	1	60.6839	46.5669	41.5274	44.0015	53.7667	84.0048	93.8327	100.329	84.0143	81.4018	
121	1	1	1	1	1	60.6832	46.5663	41.5268	44.0012	53.7666	84.0038	93.8319	100.327	84.0136	81.4014	
122	1	1	1	1	1	60.6825	46.5657	41.5262	44.001	53.7664	84.0029	93.8311	100.324	84.0129	81.4009	
123	1	1	1	1	1	60.6818	46.5651	41.5256	44.0007	53.7663	84.0019	93.8303	100.322	84.0122	81.4005	
124	1	1	1	1	1	60.6811	46.5644	41.525	44.0004	53.7662	84.0009	93.8295	100.32	84.0115	81.4001	
125	1	1	1	1	1	60.6804	46.5638	41.5244	44.0002	53.7661	83.9999	93.8287	100.317	84.0108	81.3996	
126	1	1	1	1	1	60.6797	46.5631	41.5238	43.9999	53.7659	83.9989	93.8279	100.315	84.0101	81.3992	
127	1	1	1	1	1	60.679	46.5625	41.5232	43.9996	53.7658	83.9979	93.8271	100.313	84.0094	81.3987	
128	1	1	1	1	1	60.6782	46.5618	41.5225	43.9993	53.7657	83.9968	93.8262	100.31	84.0087	81.3983	
129	1	1	1	1	1	60.6775	46.5611	41.5219	43.9991	53.7655	83.9958	93.8254	100.308	84.0079	81.3978	
130	1	1	1	1	1	60.6768	46.5604	41.5212	43.9988	53.7654	83.9947	93.8246	100.305	84.0072	81.3974	
131	1	1	1	1	1	60.676	46.5598	41.5206	43.9985	53.7653	83.9937	93.8237	100.303	84.0064	81.3969	
132	1	1	1	1	1	60.6753	46.5591	41.5199	43.9982	53.7651	83.9926	93.8228	100.3	84.0057	81.3964	
133	1	1	1	1	1	60.6745	46.5584	41.5192	43.9979	53.765	83.9915	93.822	100.298	84.0049	81.3959	
134	1	1	1	1	1	60.6737	46.5576	41.5186	43.9976	53.7649	83.9904	93.8211	100.295	84.0042	81.3954	
135	1	1	1	1	1	60.6729	46.5569	41.5179	43.9973	53.7647	83.9893	93.8202	100.292	84.0034	81.3949	
136	1	1	1	1	1	60.6722	46.5562	41.5172	43.997	53.7646	83.9882	93.8193	100.29	84.0026	81.3945	
137	1	1	1	1	1	60.6714	46.5555	41.5165	43.9967	53.7644	83.9871	93.8184	100.287	84.0018	81.394	
138	1	1	1	1	1	60.6706	46.5547	41.5158	43.9964	53.7643	83.9859	93.8174	100.284	84.001	81.3934	
139	1	1	1	1	1	60.6697	46.554	41.5151	43.996	53.7641	83.9848	93.8165	100.282	84.0002	81.3929	
140	1	1	1	1	1	60.6689	46.5532	41.5143	43.9957	53.764	83.9836	93.8156	100.279	83.9993	81.3924	
141	1	1	1	1	1	60.6681	46.5525	41.5136	43.9954	53.7639	83.9825	93.8146	100.276	83.9985	81.3919	
142	1	1	1	1	1	60.6672	46.5517	41.5129	43.9951	53.7637	83.9813	93.8137	100.273	83.9977	81.3914	
143	1	1	1	1	1	60.6664	46.5509	41.5121	43.9948	53.7635	83.9801	93.8127	100.271	83.9968	81.3908	
144	1	1	1	1	1	60.6655	46.5501	41.5114	43.9944	53.7634	83.9789	93.8117	100.268	83.996	81.3903	
145	1	1	1	1	1	60.6647	46.5494	41.5106	43.9941	53.7632	83.9776	93.8107	100.265	83.9951	81.3898	
146	1	1	1	1	1	60.6638	46.5485	41.5099	43.9938	53.7631	83.9764	93.8097	100.262	83.9942	81.3892	
147	1	1	1	1	1	60.6629	46.5477	41.5091	43.9934	53.7629	83.9751	93.8087	100.259	83.9934	81.3887	
148	1	1	1	1	1	60.662	46.5469	41.5083	43.9931	53.7628	83.9739	93.8077	100.256	83.9925	81.3881	
149	1	1	1	1	1	60.6611	46.5461	41.5075	43.9927	53.7626	83.9726	93.8067	100.253	83.9916	81.3875	
150	1	1	1	1	1	60.6602	46.5453	41.5067	43.9924	53.7624	83.9713	93.8056	100.25	83.9906	81.387	
151	1	1	1	1	1	60.6593	46.5444	41.5059	43.992	53.7623	83.97	93.8046	100.247	83.9897	81.3864	
152	1	1	1	1	1	60.6584	46.5436	41.5051	43.9917	53.7621	83.9687	93.8035	100.244	83.9888	81.3858	
153	1	1	1	1	1	60.6574	46.5427	41.5043	43.9913	53.7619	83.9674	93.8024	100.241	83.9879	81.3852	
154	1	1	1	1	1	60.6565	46.5418	41.5035	43.9909	53.7618	83.966	93.8014	100.238	83.9869	81.3846	
155	1	1	1	1	1	60.6555	46.541	41.5026	43.9906	53.7616	83.9647	93.8003	100.234	83.986	81.384	
156	1	1	1	1	1	60.6546	46.5401	41.5018	43.9902	53.7614	83.9633	93.7992	100.231	83.985	81.3834	
157	1	1	1	1	1	60.6536	46.5392	41.5009	43.9898	53.7612	83.9619	93.798	100.228	83.984	81.3828	
158	1	1	1	1	1	60.6526	46.5383	41.5001	43.9894	53.7611	83.9605	93.7969	100.225	83.983	81.3822	
159	1	1	1	1	1	60.6516	46.5373	41.4992	43.989	53.7609	83.9591	93.7958	100.221	83.982	81.3816	
160	1	1	1	1	1	60.6506	46.5364	41.4983	43.9887	53.7607	83.9577	93.7946	100.218	83.981	81.3809	
161	1	1	1	1	1	60.6496	46.5355	41.4974	43.9883	53.7605	83.9562	93.7935	100.214	83.98	81.3803	
162	1	1	1	1	1	60.6485	46.5345	41.4965	43.9879	53.7603	83.9548	93.7923	100.211	83.979	81.3796	
163	1	1	1	1	1	60.6475	46.5336	41.4956	43.9875	53.7601	83.9533	93.7911	100.207	83.9779	81.379	
164	1	1	1	1	1	60.6464	46.5326	41.4947	43.9871	53.7599	83.9518	93.7899	100.204	83.9769	81.3783	
165	1	1	1	1	1	60.6454	46.5316	41.4938	43.9867	53.7598	83.9503	93.7887	100.2	83.9758	81.3777	
166	1	1	1	1	1	60.6443	46.5307	41.4928	43.9862	53.7596	83.9488	93.7874	100.197	83.9747	81.377	
167	1	1	1	1	1	60.6432	46.5297	41.4919	43.9858	53.7594	83.9472	93.7862	100.193	83.9737	81.3763	
168	1	1	1	1	1	60.6421	46.5287	41.4909	43.9854	53.7592	83.9457	93.785	100.19	83.9726	81.3756	
169	1	1	1	1	1	60.641	46.5276	41.4899	43.985	53.759	83.9441	93.7837	100.186	83.9715	81.3749	
170	1	1	1	1	1	60.6399	46.5266	41.489	43.9845	53.7588	83.9426	93.7824	100.182	83.9703	81.3742	
171	1	1	1	1	1	60.6388	46.5256	41.488	43.9841	53.7586	83.941	93.7811	100.178	83.9692	81.3735	
172	1	1	1	1	1	60.6376	46.5245	41.487	43.9837	53.7584	83.9393	93.7798	100.175	83.9681	81.3728	
173	1	1	1	1	1	60.6365	46.5235	41.486	43.9832	53.7581	83.9377	93.7785	100.171	83.9669	81.3721	
174	1	1	1	1	1	60.6353	46.5224	41.485	43.9828	53.7579	83.9361	93.7772	100.167	83.9658	81.3713	
175	1	1	1	1	1	60.6341	46.5213	41.4839	43.9823	53.7577	83.9344	93.7758	100.163	83.9646	81.3706	
176	1	1	1	1	1	60.6329	46.5202	41.4829	43.9819	53.7575	83.9327	93.7745	100.159	83.9634	81.3699	
177	1	1	1	1	1	60.6317	46.5191	41.4818	43.9814	53.7573	83.931	93.7731	100.155	83.9622	81.3691	
178	1	1	1	1	1	60.6305	46.518	41.4808	43.9809	53.7571	83.9293	93.7717	100.151	83.961	81.3683	
179	1	1	1	1	1	60.6293	46.5169	41.4797	43.9805	53.7568	83.9276	93.7703	100.147	83.9598	81.3676	
180	1	1	1	1	1	60.6281	46.5157	41.4786	43.98	53.7566	83.9258	93.7689	100.143	83.9585	81.3668	
181	1	1	1	1	1	60.6268	46.5146	41.4775	43.9795	53.7564	83.924	93.7675	100.138	83.9573	81.366	
182	1	1	1	1	1	60.6255	46.5134	41.4764	43.979	53.7562	83.9222	93.766	100.134	83.956	81.3652	
183	1	1	1	1	1	60.6243	46.5122	41.4753	43.9785	53.7559	83.9204	93.7646	100.13	83.9547	81.3644	
184	1	1	1	1	1	60.623	46.5111	41.4742	43.978	53.7557	83.9186	93.7631	100.126	83.9534	81.3636	
185	1	1	1	1	1	60.6217	46.5099	41.4731	43.9775	53.7555	83.9168	93.7616	100.121	83.9521	81.3628	
186	1	1	1	1	1	60.6204	46.5087	41.4719	43.977	53.7552	83.9149	93.7601	100.117	83.9508	81.362	
187	1	1	1	1	1	60.619	46.5074	41.4707	43.9765	53.755	83.913	93.7586	100.112	83.9495	81.3611	
188	1	1	1	1	1	60.6177	46.5062	41.4696	43.976	53.7547	83.9111	93.757	100.108	83.9481	81.3603	
189	1	1	1	1	1	60.6163	46.5049	41.4684	43.9755	53.7545	83.9092	93.7555	100.103	83.9468	81.3594	
190	1	1	1	1	1	60.6149	46.5037	41.4672	43.975	53.7542	83.9072	93.7539	100.099	83.9454	81.3586	
191	1	1	1	1	1	60.6136	46.5024	41.466	43.9744	53.754	83.9053	93.7523	100.094	83.944	81.3577	
192	1	1	1	1	1	60.6121	46.5011	41.4647	43.9739	53.7537	83.9033	93.7507	100.09	83.9426	81.3568	
193	1	1	1	1	1	60.6107	46.4998	41.4635	43.9733	53.7535	83.9013	93.7491	100.085	83.9412	81.3559	
194	1	1	1	1	1	60.6093	46.4985	41.4623	43.9728	53.7532	83.8993	93.7475	100.08	83.9398	81.355	
195	1	1	1	1	1	60.6079	46.4972	41.461	43.9722	53.7529	83.8972	93.7458	100.075	83.9383	81.3541	
196	1	1	1	1	1	60.6064	46.4958	41.4597	43.9717	53.7527	83.8951	93.7441	100.07	83.9369	81.3532	
197	1	1	1	1	1	60.6049	46.4945	41.4584	43.9711	53.7524	83.8931	93.7425	100.065	83.9354	81.3523	
198	1	1	1	1	1	60.6034	46.4931	41.4571	43.9705	53.7521	83.8909	93.7408	100.06	83.9339	81.3514	
199	1	1	1	1	1	60.6019	46.4917	41.4558	43.97	53.7518	83.8888	93.739	100.055	83.9324	81.3504	
200	1	1	1	1	1	60.6004	46.4903	41.4545	43.9694	53.7516	83.8867	93.7373	100.05	83.9309	81.3495	
201	1	1	1	1	1	60.5989	46.4889	41.4532	43.9688	53.7513	83.8845	93.7355	100.045	83.9293	81.3485	
202	1	1	1	1	1	60.5973	46.4874	41.4518	43.9682	53.751	83.8823	93.7338	100.04	83.9278	81.3475	
203	1	1	1	1	1	60.5957	46.486	41.4504	43.9676	53.7507	83.88	93.732	100.035	83.9262	81.3465	
204	1	1	1	1	1	60.5941	46.4845	41.449	43.967	53.7504	83.8778	93.7302	100.029	83.9246	81.3455	
205	1	1	1	1	1	60.5925	46.4831	41.4476	43.9664	53.7501	83.8755	93.7283	100.024	83.923	81.3445	
206	1	1	1	1	1	60.5909	46.4816	41.4462	43.9657	53.7498	83.8732	93.7265	100.019	83.9214	81.3435	
207	1	1	1	1	1	60.5893	46.4801	41.4448	43.9651	53.7495	83.8709	93.7246	100.013	83.9198	81.3425	
208	1	1	1	1	1	60.5876	46.4785	41.4434	43.9645	53.7492	83.8686	93.7227	100.008	83.9181	81.3415	
209	1	1	1	1	1	60.5859	46.477	41.4419	43.9639	53.7489	83.8662	93.7208	100.002	83.9164	81.3404	
210	1	1	1	1	1	60.5843	46.4754	41.4404	43.9632	53.7486	83.8638	93.7189	99.9964	83.9147	81.3394	
211	1	1	1	1	1	60.5825	46.4739	41.439	43.9626	53.7483	83.8614	93.7169	99.9907	83.913	81.3383	
212	1	1	1	1	1	60.5808	46.4723	41.4375	43.9619	53.748	83.859	93.715	99.9849	83.9113	81.3372	
213	1	1	1	1	1	60.5791	46.4707	41.4359	43.9612	53.7476	83.8565	93.713	99.9791	83.9096	81.3361	
214	1	1	1	1	1	60.5773	46.469	41.4344	43.9606	53.7473	83.854	93.711	99.9732	83.9078	81.335	
215	1	1	1	1	1	60.5755	46.4674	41.4329	43.9599	53.747	83.8515	93.7089	99.9673	83.906	81.3339	
216	1	1	1	1	1	60.5737	46.4657	41.4313	43.9592	53.7466	83.8489	93.7069	99.9613	83.9042	81.3328	
217	1	1	1	1	1	60.5719	46.4641	41.4297	43.9585	53.7463	83.8464	93.7048	99.9552	83.9024	81.3316	
218	1	1	1	1	1	60.5701	46.4624	41.4281	43.9578	53.746	83.8438	93.7027	99.949	83.9006	81.3305	
219	1	1	1	1	1	60.5682	46.4607	41.4265	43.9571	53.7456	83.8412	93.7006	99.9428	83.8987	81.3293	
220	1	1	1	1	1	60.5664	46.4589	41.4249	43.9564	53.7453	83.8385	93.6984	99.9366	83.8968	81.3281	
221	1	1	1	1	1	60.5645	46.4572	41.4232	43.9556	53.7449	83.8358	93.6963	99.9303	83.8949	81.327	
222	1	1	1	1	1	60.5625	46.4554	41.4215	43.9549	53.7446	83.8331	93.6941	99.9239	83.893	81.3258	
223	1	1	1	1	1	60.5606	46.4536	41.4199	43.9542	53.7442	83.8304	93.6919	99.9174	83.8911	81.3245	
224	1	1	1	1	1	60.5587	46.4518	41.4182	43.9534	53.7438	83.8276	93.6897	99.9109	83.8891	81.3233	
225	1	1	1	1	1	60.5567	46.45	41.4164	43.9527	53.7435	83.8248	93.6874	99.9043	83.8872	81.3221	
226	1	1	1	1	1	60.5547	46.4482	41.4147	43.9519	53.7431	83.822	93.6851	99.8976	83.8852	81.3208	
227	1	1	1	1	1	60.5527	46.4463	41.413	43.9511	53.7427	83.8191	93.6828	99.8909	83.8832	81.3196	
228	1	1	1	1	1	60.5506	46.4444	41.4112	43.9504	53.7424	83.8163	93.6805	99.884	83.8811	81.3183	
229	1	1	1	1	1	60.5486	46.4425	41.4094	43.9496	53.742	83.8133	93.6781	99.8772	83.8791	81.317	
230	1	1	1	1	1	60.5465	46.4406	41.4076	43.9488	53.7416	83.8104	93.6758	99.8702	83.877	81.3157	
231	1	1	1	1	1	60.5444	46.4386	41.4058	43.948	53.7412	83.8074	93.6734	99.8632	83.8749	81.3144	
232	1	1	1	1	1	60.5423	46.4367	41.4039	43.9472	53.7408	83.8044	93.6709	99.8561	83.8728	81.3131	
233	1	1	1	1	1	60.5401	46.4347	41.402	43.9464	53.7404	83.8014	93.6685	99.8489	83.8706	81.3117	
234	1	1	1	1	1	60.5379	46.4327	41.4002	43.9455	53.74	83.7983	93.666	99.8416	83.8684	81.3103	
235	1	1	1	1	1	60.5357	46.4307	41.3983	43.9447	53.7396	83.7952	93.6635	99.8343	83.8662	81.309	
236	1	1	1	1	1	60.5335	46.4286	41.3963	43.9439	53.7392	83.7921	93.661	99.8269	83.864	81.3076	
237	1	1	1	1	1	60.5313	46.4265	41.3944	43.943	53.7387	83.7889	93.6584	99.8194	83.8618	81.3062	
238	1	1	1	1	1	60.529	46.4244	41.3924	43.9422	53.7383	83.7857	93.6559	99.8119	83.8595	81.3048	
239	1	1	1	1	1	60.5267	46.4223	41.3904	43.9413	53.7379	83.7825	93.6532	99.8042	83.8572	81.3033	
240	1	1	1	1	1	60.5244	46.4202	41.3884	43.9404	53.7374	83.7792	93.6506	99.7965	83.8549	81.3019	
241	1	1	1	1	1	60.5221	46.418	41.3864	43.9395	53.737	83.7759	93.6479	99.7887	83.8526	81.3004	
242	1	1	1	1	1	60.5197	46.4158	41.3844	43.9386	53.7366	83.7726	93.6452	99.7808	83.8502	81.299	
243	1	1	1	1	1	60.5173	46.4136	41.3823	43.9377	53.7361	83.7692	93.6425	99.7728	83.8478	81.2975	
244	1	1	1	1	1	60.5149	46.4114	41.3802	43.9368	53.7357	83.7658	93.6398	99.7648	83.8454	81.296	
245	1	1	1	1	1	60.5125	46.4092	41.3781	43.9359	53.7352	83.7623	93.637	99.7566	83.843	81.2944	
246	1	1	1	1	1	60.51	46.4069	41.3759	43.9349	53.7347	83.7589	93.6342	99.7484	83.8405	81.2929	
247	1	1	1	1	1	60.5075	46.4046	41.3738	43.934	53.7343	83.7553	93.6314	99.7401	83.838	81.2913	
248	1	1	1	1	1	60.505	46.4022	41.3716	43.9331	53.7338	83.7518	93.6285	99.7317	83.8355	81.2898	
249	1	1	1	1	1	60.5025	46.3999	41.3694	43.9321	53.7333	83.7482	93.6256	99.7232	83.833	81.2882	
250	1	1	1	1	1	60.4999	46.3975	41.3672	43.9311	53.7328	83.7446	93.6227	99.7146	83.8304	81.2866	
251	1	1	1	1	1	60.4973	46.3951	41.3649	43.9301	53.7323	83.7409	93.6197	99.7059	83.8278	81.2849	
252	1	1	1	1	1	60.4947	46.3927	41.3627	43.9291	53.7318	83.7372	93.6167	99.6971	83.8252	81.2833	
253	1	1	1	1	1	60.492	46.3902	41.3604	43.9281	53.7313	83.7334	93.6137	99.6883	83.8226	81.2816	
254	1	1	1	1	1	60.4894	46.3877	41.358	43.9271	53.7308	83.7296	93.6106	99.6793	83.8199	81.28	
255	1	1	1	1	1	60.4866	46.3852	41.3557	43.9261	53.7303	83.7258	93.6075	99.6702	83.8172	81.2783	
256	1	1	1	1	1	60.4839	46.3827	41.3533	43.9251	53.7298	83.722	93.6044	99.6611	83.8144	81.2766	
257	1	1	1	1	1	60.4811	46.3801	41.3509	43.924	53.7293	83.718	93.6013	99.6519	83.8117	81.2748	
258	1	1	1	1	1	60.4783	46.3775	41.3485	43.923	53.7287	83.7141	93.5981	99.6425	83.8089	81.2731	
259	1	1	1	1	1	60.4755	46.3749	41.3461	43.9219	53.7282	83.7101	93.5949	99.6331	83.806	81.2713	
260	1	1	1	1	1	60.4727	46.3723	41.3436	43.9208	53.7276	83.7061	93.5916	99.6235	83.8032	81.2695	
261	1	1	1	1	1	60.4698	46.3696	41.3411	43.9197	53.7271	83.702	93.5883	99.6139	83.8003	81.2677	
262	1	1	1	1	1	60.4669	46.3669	41.3386	43.9186	53.7265	83.6979	93.585	99.6041	83.7974	81.2659	
263	1	1	1	1	1	60.4639	46.3641	41.336	43.9175	53.726	83.6937	93.5816	99.5942	83.7944	81.2641	
264	1	1	1	1	1	60.4609	46.3614	41.3335	43.9164	53.7254	83.6895	93.5782	99.5843	83.7915	81.2622	
265	1	1	1	1	1	60.4579	46.3586	41.3309	43.9153	53.7248	83.6852	93.5748	99.5742	83.7884	81.2603	
266	1	1	1	1	1	60.4549	46.3558	41.3282	43.9141	53.7242	83.6809	93.5714	99.564	83.7854	81.2584	
267	1	1	1	1	1	60.4518	46.3529	41.3256	43.913	53.7237	83.6766	93.5678	99.5537	83.7823	81.2565	
268	1	1	1	1	1	60.4487	46.35	41.3229	43.9118	53.7231	83.6722	93.5643	99.5433	83.7792	81.2546	
269	1	1	1	1	1	60.4455	46.3471	41.3202	43.9106	53.7225	83.6678	93.5607	99.5328	83.7761	81.2526	
270	1	1	1	1	1	60.4424	46.3441	41.3174	43.9094	53.7218	83.6633	93.5571	99.5222	83.7729	81.2506	
271	1	1	1	1	1	60.4391	46.3412	41.3147	43.9082	53.7212	83.6587	93.5534	99.5115	83.7697	81.2486	
272	1	1	1	1	1	60.4359	46.3381	41.3119	43.907	53.7206	83.6541	93.5498	99.5006	83.7664	81.2466	
273	1	1	1	1	1	60.4326	46.3351	41.309	43.9058	53.72	83.6495	93.546	99.4897	83.7632	81.2445	
274	1	1	1	1	1	60.4293	46.332	41.3062	43.9045	53.7193	83.6448	93.5422	99.4786	83.7599	81.2425	
275	1	1	1	1	1	60.426	46.3289	41.3033	43.9033	53.7187	83.6401	93.5384	99.4674	83.7565	81.2404	
276	1	1	1	1	1	60.4226	46.3257	41.3004	43.902	53.718	83.6353	93.5346	99.456	83.7531	81.2382	
277	1	1	1	1	1	60.4191	46.3225	41.2974	43.9007	53.7174	83.6305	93.5307	99.4446	83.7497	81.2361	
278	1	1	1	1	1	60.4157	46.3193	41.2944	43.8994	53.7167	83.6256	93.5267	99.433	83.7462	81.2339	
279	1	1	1	1	1	60.4122	46.3161	41.2914	43.8981	53.716	83.6207	93.5228	99.4213	83.7427	81.2318	
280	1	1	1	1	1	60.4086	46.3128	41.2884	43.8968	53.7153	83.6157	93.5187	99.4095	83.7392	81.2296	
281	1	1	1	1	1	60.4051	46.3095	41.2853	43.8954	53.7146	83.6106	93.5147	99.3975	83.7356	81.2273	
282	1	1	1	1	1	60.4015	46.3061	41.2822	43.8941	53.7139	83.6055	93.5105	99.3854	83.732	81.2251	
283	1	1	1	1	1	60.3978	46.3027	41.279	43.8927	53.7132	83.6004	93.5064	99.3732	83.7284	81.2228	
284	1	1	1	1	1	60.3941	46.2992	41.2758	43.8913	53.7125	83.5951	93.5022	99.3609	83.7247	81.2205	
285	1	1	1	1	1	60.3904	46.2958	41.2726	43.8899	53.7118	83.5899	93.4979	99.3484	83.7209	81.2182	
286	1	1	1	1	1	60.3866	46.2923	41.2694	43.8885	53.711	83.5846	93.4937	99.3358	83.7172	81.2158	
287	1	1	1	1	1	60.3828	46.2887	41.2661	43.8871	53.7103	83.5792	93.4893	99.323	83.7134	81.2134	
288	1	1	1	1	1	60.3789	46.2851	41.2628	43.8857	53.7095	83.5737	93.4849	99.3101	83.7095	81.211	
289	1	1	1	1	1	60.375	46.2815	41.2594	43.8842	53.7088	83.5682	93.4805	99.2971	83.7056	81.2086	
290	1	1	1	1	1	60.3711	46.2778	41.2561	43.8827	53.708	83.5627	93.476	99.2839	83.7017	81.2061	
291	1	1	1	1	1	60.3671	46.2741	41.2526	43.8813	53.7072	83.5571	93.4715	99.2706	83.6977	81.2037	
292	1	1	1	1	1	60.3631	46.2703	41.2492	43.8798	53.7064	83.5514	93.4669	99.2571	83.6937	81.2011	
293	1	1	1	1	1	60.359	46.2665	41.2457	43.8782	53.7056	83.5456	93.4623	99.2435	83.6896	81.1986	
294	1	1	1	1	1	60.3549	46.2627	41.2421	43.8767	53.7048	83.5398	93.4576	99.2297	83.6855	81.196	
295	1	1	1	1	1	60.3507	46.2588	41.2386	43.8752	53.704	83.534	93.4529	99.2158	83.6813	81.1934	
296	1	1	1	1	1	60.3465	46.2549	41.235	43.8736	53.7031	83.528	93.4481	99.2017	83.6771	81.1908	
297	1	1	1	1	1	60.3423	46.2509	41.2313	43.872	53.7023	83.522	93.4433	99.1875	83.6729	81.1882	
298	1	1	1	1	1	60.338	46.2469	41.2276	43.8704	53.7014	83.516	93.4384	99.1731	83.6686	81.1855	
299	1	1	1	1	1	60.3336	46.2428	41.2239	43.8688	53.7006	83.5099	93.4334	99.1586	83.6642	81.1828	
300	1	1	1	1	1	60.3293	46.2387	41.2201	43.8672	53.6997	83.5037	93.4285	99.1439	83.6598	81.1801	
301	1	1	1	1	1	60.3248	46.2346	41.2163	43.8655	53.6988	83.4974	93.4234	99.129	83.6554	81.1773	
302	1	1	1	1	1	60.3203	46.2304	41.2125	43.8639	53.6979	83.4911	93.4183	99.114	83.6509	81.1745	
303	1	1	1	1	1	60.3158	46.2261	41.2086	43.8622	53.697	83.4847	93.4131	99.0988	83.6464	81.1717	
304	1	1	1	1	1	60.3112	46.2218	41.2047	43.8605	53.6961	83.4782	93.4079	99.0834	83.6418	81.1688	
305	1	1	1	1	1	60.3066	46.2175	41.2007	43.8588	53.6952	83.4717	93.4027	99.0679	83.6371	81.1659	
306	1	1	1	1	1	60.3019	46.2131	41.1967	43.857	53.6942	83.4651	93.3973	99.0522	83.6325	81.163	
307	1	1	1	1	1	60.2971	46.2087	41.1926	43.8553	53.6933	83.4584	93.392	99.0363	83.6277	81.1601	
308	1	1	1	1	1	60.2923	46.2042	41.1885	43.8535	53.6923	83.4516	93.3865	99.0203	83.6229	81.1571	
309	1	1	1	1	1	60.2875	46.1996	41.1844	43.8517	53.6914	83.4448	93.381	99.0041	83.6181	81.154	
310	1	1	1	1	1	60.2826	46.195	41.1802	43.8499	53.6904	83.4379	93.3754	98.9876	83.6132	81.151	
311	1	1	1	1	1	60.2776	46.1904	41.176	43.8481	53.6894	83.4309	93.3698	98.9711	83.6082	81.1479	
312	1	1	1	1	1	60.2726	46.1857	41.1717	43.8462	53.6884	83.4238	93.3641	98.9543	83.6032	81.1448	
313	1	1	1	1	1	60.2676	46.1809	41.1674	43.8444	53.6873	83.4167	93.3584	98.9373	83.5982	81.1416	
314	1	1	1	1	1	60.2624	46.1761	41.163	43.8425	53.6863	83.4095	93.3526	98.9202	83.593	81.1385	
315	1	1	1	1	1	60.2573	46.1713	41.1586	43.8406	53.6852	83.4022	93.3467	98.9028	83.5879	81.1352	
316	1	1	1	1	1	60.252	46.1663	41.1541	43.8387	53.6842	83.3948	93.3407	98.8853	83.5826	81.132	
317	1	1	1	1	1	60.2467	46.1614	41.1496	43.8367	53.6831	83.3873	93.3347	98.8675	83.5773	81.1287	
318	1	1	1	1	1	60.2414	46.1563	41.145	43.8347	53.682	83.3798	93.3287	98.8496	83.572	81.1254	
319	1	1	1	1	1	60.2359	46.1513	41.1404	43.8328	53.6809	83.3722	93.3225	98.8315	83.5666	81.122	
320	1	1	1	1	1	60.2305	46.1461	41.1357	43.8307	53.6798	83.3645	93.3163	98.8131	83.5611	81.1186	
321	1	1	1	1	1	60.2249	46.1409	41.131	43.8287	53.6787	83.3567	93.31	98.7946	83.5556	81.1151	
322	1	1	1	1	1	60.2193	46.1356	41.1263	43.8267	53.6775	83.3488	93.3037	98.7759	83.55	81.1117	
323	1	1	1	1	1	60.2137	46.1303	41.1214	43.8246	53.6763	83.3408	93.2973	98.7569	83.5443	81.1082	
324	1	1	1	1	1	60.208	46.1249	41.1166	43.8225	53.6752	83.3328	93.2908	98.7377	83.5386	81.1046	
325	1	1	1	1	1	60.2022	46.1195	41.1116	43.8204	53.674	83.3246	93.2842	98.7183	83.5328	81.101	
326	1	1	1	1	1	60.1963	46.114	41.1067	43.8182	53.6728	83.3164	93.2776	98.6987	83.5269	81.0974	
327	1	1	1	1	1	60.1904	46.1084	41.1016	43.8161	53.6716	83.3081	93.2709	98.6789	83.521	81.0937	
328	1	1	1	1	1	60.1844	46.1027	41.0966	43.8139	53.6703	83.2996	93.2641	98.6588	83.515	81.09	
329	1	1	1	1	1	60.1783	46.097	41.0914	43.8117	53.6691	83.2911	93.2572	98.6385	83.509	81.0862	
330	1	1	1	1	1	60.1722	46.0913	41.0862	43.8095	53.6678	83.2825	93.2503	98.618	83.5029	81.0824	
331	1	1	1	1	1	60.166	46.0854	41.081	43.8072	53.6665	83.2738	93.2433	98.5973	83.4967	81.0786	
332	1	1	1	1	1	60.1598	46.0795	41.0757	43.8049	53.6652	83.265	93.2362	98.5763	83.4904	81.0747	
333	1	1	1	1	1	60.1534	46.0735	41.0703	43.8026	53.6639	83.2561	93.229	98.5551	83.4841	81.0708	
334	1	1	1	1	1	60.147	46.0675	41.0649	43.8003	53.6625	83.2471	93.2218	98.5336	83.4777	81.0668	
335	1	1	1	1	1	60.1406	46.0614	41.0594	43.798	53.6612	83.238	93.2144	98.5119	83.4712	81.0628	
336	1	1	1	1	1	60.134	46.0552	41.0538	43.7956	53.6598	83.2288	93.207	98.4899	83.4647	81.0587	
337	1	1	1	1	1	60.1274	46.0489	41.0482	43.7932	53.6584	83.2195	93.1995	98.4677	83.458	81.0546	
338	1	1	1	1	1	60.1207	46.0426	41.0425	43.7908	53.657	83.21	93.1919	98.4452	83.4513	81.0504	
339	1	1	1	1	1	60.1139	46.0362	41.0368	43.7883	53.6556	83.2005	93.1842	98.4225	83.4446	81.0462	
340	1	1	1	1	1	60.107	46.0297	41.031	43.7858	53.6541	83.1909	93.1765	98.3995	83.4377	81.042	
341	1	1	1	1	1	60.1001	46.0231	41.0252	43.7833	53.6527	83.1811	93.1686	98.3763	83.4308	81.0377	
342	1	1	1	1	1	60.0931	46.0165	41.0192	43.7808	53.6512	83.1713	93.1607	98.3528	83.4238	81.0333	
343	1	1	1	1	1	60.086	46.0098	41.0132	43.7782	53.6497	83.1613	93.1527	98.329	83.4167	81.0289	
344	1	1	1	1	1	60.0788	46.003	41.0072	43.7756	53.6482	83.1512	93.1446	98.3049	83.4095	81.0245	
345	1	1	1	1	1	60.0716	45.9961	41.0011	43.773	53.6466	83.1411	93.1364	98.2806	83.4022	81.02	
346	1	1	1	1	1	60.0642	45.9891	40.9949	43.7704	53.645	83.1307	93.1281	98.256	83.3949	81.0155	
347	1	1	1	1	1	60.0568	45.9821	40.9886	43.7677	53.6435	83.1203	93.1197	98.2311	83.3875	81.0109	
348	1	1	1	1	1	60.0493	45.975	40.9823	43.765	53.6418	83.1098	93.1112	98.2059	83.38	81.0062	
349	1	1	1	1	1	60.0417	45.9678	40.9759	43.7623	53.6402	83.0991	93.1026	98.1804	83.3724	81.0015	
350	1	1	1	1	1	60.034	45.9605	40.9694	43.7595	53.6386	83.0883	93.0939	98.1546	83.3647	80.9967	
351	1	1	1	1	1	60.0262	45.9531	40.9629	43.7568	53.6369	83.0774	93.0851	98.1285	83.3569	80.9919	
352	1	1	1	1	1	60.0183	45.9456	40.9563	43.7539	53.6352	83.0664	93.0762	98.1021	83.349	80.9871	
353	1	1	1	1	1	60.0104	45.938	40.9496	43.7511	53.6335	83.0552	93.0672	98.0754	83.3411	80.9821	
354	1	1	1	1	1	60.0023	45.9304	40.9428	43.7482	53.6317	83.0439	93.0581	98.0484	83.333	80.9772	
355	1	1	1	1	1	59.9942	45.9226	40.936	43.7453	53.63	83.0325	93.0489	98.021	83.3249	80.9721	
356	1	1	1	1	1	59.9859	45.9148	40.9291	43.7424	53.6282	83.021	93.0396	97.9934	83.3167	80.967	
357	1	1	1	1	1	59.9776	45.9068	40.9221	43.7394	53.6263	83.0093	93.0302	97.9654	83.3083	80.9619	
358	1	1	1	1	1	59.9692	45.8988	40.915	43.7364	53.6245	82.9974	93.0207	97.9371	83.2999	80.9567	
359	1	1	1	1	1	59.9606	45.8907	40.9079	43.7334	53.6226	82.9855	93.0111	97.9085	83.2914	80.9514	
360	1	1	1	1	1	59.952	45.8824	40.9006	43.7303	53.6207	82.9734	93.0013	97.8795	83.2827	80.9461	
361	1	1	1	1	1	59.9432	45.8741	40.8933	43.7272	53.6188	82.9612	92.9915	97.8501	83.274	80.9407	
362	1	1	1	1	1	59.9344	45.8657	40.8859	43.7241	53.6169	82.9488	92.9815	97.8205	83.2652	80.9352	
363	1	1	1	1	1	59.9255	45.8571	40.8785	43.7209	53.6149	82.9363	92.9714	97.7904	83.2562	80.9297	
364	1	1	1	1	1	59.9164	45.8485	40.8709	43.7177	53.6129	82.9236	92.9612	97.7601	83.2472	80.9241	
365	1	1	1	1	1	59.9072	45.8397	40.8633	43.7145	53.6109	82.9108	92.9509	97.7293	83.238	80.9185	
366	1	1	1	1	1	59.898	45.8309	40.8555	43.7112	53.6088	82.8978	92.9405	97.6982	83.2288	80.9128	
367	1	1	1	1	1	59.8886	45.8219	40.8477	43.7079	53.6067	82.8847	92.9299	97.6667	83.2194	80.907	
368	1	1	1	1	1	59.8791	45.8128	40.8398	43.7046	53.6046	82.8714	92.9192	97.6348	83.2099	80.9011	
369	1	1	1	1	1	59.8695	45.8037	40.8318	43.7012	53.6024	82.858	92.9084	97.6026	83.2003	80.8952	
370	1	1	1	1	1	59.8598	45.7944	40.8237	43.6978	53.6003	82.8444	92.8975	97.57	83.1906	80.8892	
371	1	1	1	1	1	59.8499	45.7849	40.8156	43.6944	53.598	82.8307	92.8864	97.5369	83.1808	80.8832	
372	1	1	1	1	1	59.84	45.7754	40.8073	43.6909	53.5958	82.8168	92.8752	97.5035	83.1709	80.877	
373	1	1	1	1	1	59.8299	45.7657	40.7989	43.6873	53.5935	82.8027	92.8639	97.4697	83.1608	80.8708	
374	1	1	1	1	1	59.8197	45.756	40.7905	43.6838	53.5912	82.7885	92.8524	97.4354	83.1506	80.8646	
375	1	1	1	1	1	59.8094	45.7461	40.7819	43.6802	53.5889	82.7741	92.8408	97.4008	83.1403	80.8582	
376	1	1	1	1	1	59.799	45.736	40.7733	43.6766	53.5865	82.7595	92.8291	97.3657	83.1299	80.8518	
377	1	1	1	1	1	59.7884	45.7259	40.7645	43.6729	53.5841	82.7447	92.8172	97.3302	83.1193	80.8453	
378	1	1	1	1	1	59.7777	45.7156	40.7557	43.6692	53.5816	82.7298	92.8052	97.2942	83.1086	80.8387	
379	1	1	1	1	1	59.7669	45.7052	40.7467	43.6654	53.5792	82.7147	92.793	97.2579	83.0978	80.8321	
380	1	1	1	1	1	59.7559	45.6947	40.7376	43.6616	53.5766	82.6994	92.7807	97.221	83.0869	80.8254	
381	1	1	1	1	1	59.7448	45.684	40.7285	43.6578	53.5741	82.684	92.7683	97.1838	83.0758	80.8185	
382	1	1	1	1	1	59.7336	45.6732	40.7192	43.6539	53.5715	82.6683	92.7557	97.146	83.0646	80.8116	
383	1	1	1	1	1	59.7222	45.6622	40.7099	43.6499	53.5689	82.6525	92.7429	97.1078	83.0532	80.8047	
384	1	1	1	1	1	59.7107	45.6511	40.7004	43.646	53.5662	82.6365	92.73	97.0691	83.0417	80.7976	
385	1	1	1	1	1	59.6991	45.6399	40.6908	43.642	53.5635	82.6202	92.7169	97.03	83.0301	80.7905	
386	1	1	1	1	1	59.6873	45.6285	40.6811	43.6379	53.5607	82.6038	92.7037	96.9903	83.0183	80.7832	
387	1	1	1	1	1	59.6753	45.617	40.6713	43.6338	53.5579	82.5872	92.6903	96.9502	83.0064	80.7759	
388	1	1	1	1	1	59.6632	45.6053	40.6613	43.6297	53.5551	82.5704	92.6768	96.9096	82.9944	80.7685	
389	1	1	1	1	1	59.651	45.5935	40.6513	43.6255	53.5522	82.5534	92.6631	96.8684	82.9821	80.761	
390	1	1	1	1	1	59.6386	45.5815	40.6412	43.6212	53.5493	82.5362	92.6492	96.8268	82.9698	80.7534	
391	1	1	1	1	1	59.6261	45.5694	40.6309	43.617	53.5463	82.5188	92.6352	96.7846	82.9573	80.7458	
392	1	1	1	1	1	59.6134	45.5571	40.6205	43.6126	53.5433	82.5011	92.621	96.7419	82.9446	80.738	
393	1	1	1	1	1	59.6005	45.5447	40.61	43.6083	53.5402	82.4833	92.6066	96.6986	82.9317	80.7301	
394	1	1	1	1	1	59.5875	45.532	40.5993	43.6038	53.5371	82.4652	92.592	96.6548	82.9188	80.7222	
395	1	1	1	1	1	59.5743	45.5193	40.5886	43.5994	53.534	82.4469	92.5773	96.6105	82.9056	80.7141	
396	1	1	1	1	1	59.561	45.5063	40.5777	43.5948	53.5308	82.4284	92.5623	96.5656	82.8923	80.706	
397	1	1	1	1	1	59.5474	45.4932	40.5667	43.5903	53.5275	82.4096	92.5472	96.5201	82.8788	80.6977	
398	1	1	1	1	1	59.5337	45.4799	40.5555	43.5856	53.5242	82.3907	92.532	96.474	82.8651	80.6894	
399	1	1	1	1	1	59.5199	45.4664	40.5442	43.581	53.5209	82.3715	92.5165	96.4274	82.8513	80.6809	
400	1	1	1	1	1	59.5058	45.4528	40.5328	43.5763	53.5174	82.352	92.5008	96.3801	82.8373	80.6723	
401	1	1	1	1	1	59.4916	45.4389	40.5213	43.5715	53.514	82.3323	92.4849	96.3323	82.8231	80.6637	
402	1	1	1	1	1	59.4772	45.4249	40.5096	43.5666	53.5105	82.3124	92.4689	96.2838	82.8087	80.6549	
403	1	1	1	1	1	59.4626	45.4107	40.4978	43.5618	53.5069	82.2922	92.4526	96.2347	82.7942	80.646	
404	1	1	1	1	1	59.4478	45.3963	40.4858	43.5568	53.5032	82.2718	92.4361	96.185	82.7794	80.637	
405	1	1	1	1	1	59.4329	45.3817	40.4737	43.5518	53.4996	82.2511	92.4194	96.1346	82.7645	80.6279	
406	1	1	1	1	1	59.4177	45.367	40.4615	43.5468	53.4958	82.2302	92.4026	96.0836	82.7494	80.6187	
407	1	1	1	1	1	59.4024	45.352	40.4491	43.5417	53.492	82.209	92.3855	96.0319	82.7341	80.6093	
408	1	1	1	1	1	59.3868	45.3368	40.4366	43.5365	53.4881	82.1875	92.3682	95.9795	82.7186	80.5999	
409	1	1	1	1	1	59.371	45.3214	40.4239	43.5313	53.4842	82.1658	92.3506	95.9265	82.7029	80.5903	
410	1	1	1	1	1	59.3551	45.3058	40.411	43.526	53.4802	82.1438	92.3329	95.8727	82.687	80.5806	
411	1	1	1	1	1	59.3389	45.29	40.398	43.5207	53.4761	82.1215	92.3149	95.8182	82.6708	80.5708	
412	1	1	1	1	1	59.3225	45.2739	40.3849	43.5153	53.472	82.099	92.2967	95.763	82.6545	80.5609	
413	1	1	1	1	1	59.3059	45.2577	40.3716	43.5098	53.4678	82.0761	92.2782	95.7071	82.638	80.5508	
414	1	1	1	1	1	59.2891	45.2412	40.3581	43.5043	53.4635	82.053	92.2596	95.6505	82.6212	80.5406	
415	1	1	1	1	1	59.272	45.2245	40.3445	43.4987	53.4592	82.0296	92.2407	95.5931	82.6042	80.5303	
416	1	1	1	1	1	59.2548	45.2075	40.3307	43.4931	53.4548	82.0059	92.2215	95.5349	82.587	80.5198	
417	1	1	1	1	1	59.2373	45.1903	40.3167	43.4874	53.4503	81.9818	92.2021	95.4759	82.5696	80.5093	
418	1	1	1	1	1	59.2195	45.1729	40.3026	43.4816	53.4457	81.9575	92.1824	95.4162	82.5519	80.4985	
419	1	1	1	1	1	59.2016	45.1553	40.2883	43.4758	53.4411	81.9329	92.1625	95.3556	82.534	80.4877	
420	1	1	1	1	1	59.1833	45.1373	40.2738	43.4699	53.4363	81.9079	92.1424	95.2942	82.5159	80.4767	
421	1	1	1	1	1	59.1649	45.1192	40.2592	43.4639	53.4315	81.8826	92.1219	95.232	82.4975	80.4655	
422	1	1	1	1	1	59.1462	45.1007	40.2443	43.4579	53.4267	81.857	92.1013	95.169	82.4789	80.4543	
423	1	1	1	1	1	59.1272	45.0821	40.2293	43.4518	53.4217	81.8311	92.0803	95.1051	82.46	80.4428	
424	1	1	1	1	1	59.108	45.0631	40.2141	43.4456	53.4166	81.8048	92.059	95.0403	82.4409	80.4312	
425	1	1	1	1	1	59.0885	45.0439	40.1987	43.4394	53.4115	81.7782	92.0375	94.9746	82.4215	80.4195	
426	1	1	1	1	1	59.0687	45.0244	40.1832	43.4331	53.4063	81.7513	92.0157	94.908	82.4018	80.4076	
427	1	1	1	1	1	59.0487	45.0046	40.1674	43.4267	53.401	81.724	91.9936	94.8405	82.3819	80.3956	
428	1	1	1	1	1	59.0284	44.9845	40.1514	43.4203	53.3955	81.6963	91.9713	94.7721	82.3617	80.3834	
429	1	1	1	1	1	59.0078	44.9642	40.1353	43.4137	53.39	81.6683	91.9486	94.7027	82.3412	80.371	
430	1	1	1	1	1	58.987	44.9435	40.1189	43.4071	53.3844	81.6399	91.9256	94.6324	82.3205	80.3585	
431	1	1	1	1	1	58.9658	44.9226	40.1024	43.4005	53.3787	81.6112	91.9023	94.561	82.2995	80.3458	
432	1	1	1	1	1	58.9443	44.9013	40.0856	43.3937	53.3729	81.5821	91.8787	94.4887	82.2781	80.333	
433	1	1	1	1	1	58.9226	44.8797	40.0686	43.3869	53.367	81.5526	91.8548	94.4154	82.2565	80.32	
434	1	1	1	1	1	58.9005	44.8579	40.0514	43.38	53.361	81.5227	91.8306	94.341	82.2346	80.3068	
435	1	1	1	1	1	58.8782	44.8356	40.034	43.373	53.3549	81.4924	91.806	94.2655	82.2124	80.2934	
436	1	1	1	1	1	58.8555	44.8131	40.0164	43.3659	53.3486	81.4617	91.7811	94.189	82.1898	80.2798	
437	1	1	1	1	1	58.8324	44.7902	39.9986	43.3588	53.3423	81.4306	91.7559	94.1114	82.167	80.2661	
438	1	1	1	1	1	58.8091	44.767	39.9805	43.3515	53.3358	81.3991	91.7303	94.0327	82.1438	80.2522	
439	1	1	1	1	1	58.7854	44.7434	39.9622	43.3442	53.3292	81.3671	91.7044	93.9528	82.1203	80.2381	
440	1	1	1	1	1	58.7614	44.7195	39.9437	43.3368	53.3225	81.3348	91.6781	93.8718	82.0965	80.2238	
441	1	1	1	1	1	58.737	44.6952	39.9249	43.3293	53.3157	81.302	91.6514	93.7896	82.0723	80.2093	
442	1	1	1	1	1	58.7123	44.6706	39.9059	43.3218	53.3087	81.2687	91.6244	93.7063	82.0478	80.1946	
443	1	1	1	1	1	58.6872	44.6456	39.8867	43.3141	53.3016	81.2351	91.597	93.6217	82.0229	80.1797	
444	1	1	1	1	1	58.6618	44.6202	39.8672	43.3064	53.2944	81.2009	91.5693	93.5358	81.9976	80.1646	
445	1	1	1	1	1	58.6359	44.5944	39.8474	43.2985	53.287	81.1663	91.5411	93.4487	81.972	80.1493	
446	1	1	1	1	1	58.6097	44.5682	39.8275	43.2906	53.2795	81.1313	91.5126	93.3604	81.9461	80.1338	
447	1	1	1	1	1	58.5831	44.5416	39.8072	43.2826	53.2719	81.0957	91.4836	93.2707	81.9197	80.118	
448	1	1	1	1	1	58.5561	44.5146	39.7867	43.2745	53.2641	81.0597	91.4543	93.1797	81.893	80.1021	
449	1	1	1	1	1	58.5287	44.4871	39.7659	43.2663	53.2561	81.0232	91.4245	93.0873	81.8659	80.0859	
450	1	1	1	1	1	58.5009	44.4593	39.7449	43.258	53.248	80.9862	91.3943	92.9935	81.8383	80.0695	
451	1	1	1	1	1	58.4727	44.431	39.7236	43.2496	53.2398	80.9487	91.3637	92.8984	81.8104	80.0529	
452	1	1	1	1	1	58.4441	44.4022	39.702	43.2411	53.2314	80.9107	91.3326	92.8018	81.7821	80.036	
453	1	1	1	1	1	58.415	44.373	39.6801	43.2325	53.2228	80.8721	91.3011	92.7037	81.7533	80.0189	
454	1	1	1	1	1	58.3854	44.3434	39.6579	43.2238	53.214	80.833	91.2692	92.6041	81.7241	80.0016	
455	1	1	1	1	1	58.3555	44.3133	39.6355	43.215	53.2051	80.7934	91.2367	92.503	81.6945	79.984	
456	1	1	1	1	1	58.325	44.2827	39.6127	43.2061	53.196	80.7532	91.2039	92.4004	81.6644	79.9662	
457	1	1	1	1	1	58.2941	44.2516	39.5897	43.197	53.1867	80.7125	91.1705	92.2962	81.6338	79.9481	
458	1	1	1	1	1	58.2627	44.22	39.5664	43.1879	53.1773	80.6712	91.1366	92.1904	81.6028	79.9297	
459	1	1	1	1	1	58.2308	44.1879	39.5427	43.1787	53.1676	80.6294	91.1023	92.0829	81.5713	79.9111	
460	1	1	1	1	1	58.1984	44.1552	39.5187	43.1694	53.1578	80.5869	91.0674	91.9737	81.5394	79.8922	
461	1	1	1	1	1	58.1655	44.1221	39.4944	43.1599	53.1477	80.5439	91.0321	91.8628	81.5069	79.8731	
462	1	1	1	1	1	58.132	44.0884	39.4698	43.1503	53.1374	80.5003	90.9962	91.7502	81.474	79.8536	
463	1	1	1	1	1	58.0981	44.0541	39.4449	43.1407	53.127	80.456	90.9598	91.6358	81.4405	79.8339	
464	1	1	1	1	1	58.0636	44.0193	39.4196	43.1309	53.1163	80.4111	90.9228	91.5196	81.4065	79.8139	
465	1	1	1	1	1	58.0285	43.9839	39.394	43.121	53.1054	80.3656	90.8853	91.4015	81.372	79.7936	
466	1	1	1	1	1	57.9929	43.9479	39.368	43.1109	53.0942	80.3195	90.8472	91.2816	81.3369	79.773	
467	1	1	1	1	1	57.9566	43.9113	39.3417	43.1008	53.0828	80.2727	90.8085	91.1597	81.3013	79.752	
468	1	1	1	1	1	57.9198	43.8741	39.3151	43.0905	53.0712	80.2252	90.7693	91.0358	81.2651	79.7308	
469	1	1	1	1	1	57.8824	43.8362	39.288	43.0801	53.0593	80.1771	90.7294	90.9099	81.2283	79.7093	
470	1	1	1	1	1	57.8444	43.7978	39.2606	43.0696	53.0472	80.1282	90.6889	90.782	81.1909	79.6874	
471	1	1	1	1	1	57.8057	43.7586	39.2329	43.0589	53.0349	80.0787	90.6479	90.6519	81.153	79.6652	
472	1	1	1	1	1	57.7664	43.7188	39.2047	43.0481	53.0222	80.0285	90.6061	90.5197	81.1144	79.6427	
473	1	1	1	1	1	57.6449	44.0565	38.9872	42.7705	53.21	80.1269	89.06	95.1049	81.7287	79.0841	
474	1	1	1	1	1	57.6222	43.8897	38.9941	42.8125	53.1708	79.9478	90.2133	91.4467	81.1756	79.4635	
475	1	1	1	1	1	57.6189	43.6907	39.0582	42.9285	53.0528	79.8749	90.4111	90.4345	81.0247	79.5384	
476	1	1	1	1	1	57.5934	43.5841	39.0681	42.9731	52.9926	79.8193	90.4178	90.0603	80.96	79.5396	
477	1	1	1	1	1	57.468	43.9302	38.8483	42.6908	53.1768	79.9175	88.8349	94.7726	81.5912	78.9642	
478	1	1	1	1	1	57.4454	43.7439	38.8596	42.7422	53.1322	79.7327	90.0133	90.991	81.0204	79.3545	
479	1	1	1	1	1	57.4424	43.5287	38.9289	42.8693	53.0051	79.6565	90.2223	89.9013	80.8594	79.4354	
480	1	1	1	1	1	57.3247	43.845	38.7314	42.6146	53.1556	79.753	88.6451	94.5563	81.4869	78.8641	
481	1	1	1	1	1	57.3034	43.6337	38.7505	42.6813	53.1036	79.5627	89.852	90.6456	80.8981	79.2663	
482	1	1	1	1	1	57.3012	43.4019	38.8259	42.8202	52.9676	79.4839	90.0719	89.4838	80.7282	79.3531	
483	1	1	1	1	1	57.1765	43.7376	38.6183	42.5499	53.1247	79.5796	88.4629	94.268	81.3705	78.7655	
484	1	1	1	1	1	57.1547	43.5115	38.6398	42.6228	53.0696	79.3849	89.6863	90.2664	80.7683	79.1753	
485	1	1	1	1	1	57.1525	43.2665	38.7192	42.7705	52.9264	79.3036	89.9147	89.0409	80.59	79.267	
486	1	1	1	1	1	57.0198	43.6246	38.5002	42.482	53.0914	79.398	88.2735	93.9611	81.2473	78.6624	
487	1	1	1	1	1	56.9975	43.3828	38.5242	42.561	53.0331	79.1988	89.5128	89.8683	80.6314	79.0797	
488	1	1	1	1	1	56.9953	43.1241	38.6076	42.7179	52.8825	79.115	89.7495	88.5761	80.4444	79.1765	
489	1	1	1	1	1	56.8541	43.506	38.3766	42.4099	53.0556	79.2077	88.0762	93.6352	81.1169	78.5543	
490	1	1	1	1	1	56.8312	43.2474	38.4033	42.4956	52.9939	79.004	89.3307	89.4503	80.4872	78.9791	
491	1	1	1	1	1	56.8288	42.9741	38.4908	42.6622	52.8355	78.9177	89.5758	88.0881	80.291	79.0811	
492	1	1	1	1	1	56.6785	43.3815	38.2471	42.3334	53.0171	79.0081	87.8705	93.2889	80.9786	78.4409	
493	1	1	1	1	1	56.655	43.1048	38.2767	42.4263	52.9517	78.7999	89.1395	89.0109	80.3349	78.873	
494	1	1	1	1	1	56.5483	43.3787	38.1236	42.214	53.0063	78.8772	87.638	93.4077	80.9251	78.3244	
495	1	1	1	1	1	56.5255	43.0432	38.1708	42.3452	52.9365	78.6571	88.9845	88.8276	80.2396	78.7865	
496	1	1	1	1	1	56.4186	43.3043	38.0249	42.1437	52.9811	78.7338	87.4798	93.2104	80.8298	78.2373	
497	1	1	1	1	1	56.3959	42.9476	38.077	42.2875	52.9075	78.5101	88.844	88.534	80.1309	78.7076	
498	1	1	1	1	1	56.2844	43.2183	37.9268	42.0787	52.9524	78.5858	87.3239	92.9757	80.7278	78.1502	
499	1	1	1	1	1	56.2613	42.8448	37.982	42.2308	52.8757	78.3588	88.7003	88.2202	80.0173	78.6268	
500	1	1	1	1	1	56.1445	43.1283	37.826	42.0119	52.9218	78.4331	87.164	92.7283	80.6213	78.0602	
501	1	1	1	1	1	56.1211	42.738	37.8841	42.1721	52.8421	78.2026	88.5519	87.8946	79.8993	78.5429	
502	1	1	1	1	1	55.9987	43.0352	37.722	41.9421	52.8895	78.2752	86.9994	92.4703	80.5103	77.9671	
503	1	1	1	1	1	55.9748	42.6272	37.7831	42.1106	52.8066	78.0413	88.3984	87.5577	79.7765	78.4558	
504	1	1	1	1	1	55.8464	42.9388	37.6146	41.8691	52.8553	78.112	86.8296	92.2014	80.3944	77.8706	
505	1	1	1	1	1	55.8221	42.5124	37.6788	42.0462	52.7691	77.8747	88.2394	87.209	79.6488	78.3653	
506	1	1	1	1	1	55.6874	42.839	37.5037	41.7925	52.819	77.9432	86.6546	91.921	80.2736	77.7704	
507	1	1	1	1	1	55.6624	42.3934	37.5711	41.9788	52.7294	77.7025	88.0747	86.8479	79.5159	78.2712	
508	1	1	1	1	1	55.521	42.7357	37.3891	41.7122	52.7806	77.7687	86.4739	91.6285	80.1473	77.6666	
509	1	1	1	1	1	55.4955	42.2699	37.4599	41.908	52.6873	77.5245	87.9041	86.4738	79.3774	78.1733	
510	1	1	1	1	1	55.3469	42.6287	37.2708	41.628	52.7398	77.5881	86.2875	91.3232	80.0153	77.5587	
511	1	1	1	1	1	55.3207	42.1417	37.3449	41.8337	52.6427	77.3405	87.7272	86.086	79.233	78.0713	
512	1	1	1	1	1	55.1646	42.5178	37.1485	41.5395	52.6963	77.4013	86.0948	91.0044	79.8773	77.4467	
513	1	1	1	1	1	55.1376	42.0087	37.2262	41.7556	52.5953	77.1502	87.5437	85.6838	79.0823	77.9651	
514	1	1	1	1	1	54.9734	42.4028	37.0221	41.4464	52.6501	77.208	85.8958	90.6712	79.7328	77.3302	
515	1	1	1	1	1	54.9455	41.8705	37.1035	41.6735	52.5449	76.9535	87.3534	85.2663	78.925	77.8544	
516	1	1	1	1	1	54.7728	42.2834	36.8915	41.3486	52.6006	77.0078	85.6899	90.3229	79.5814	77.209	
517	1	1	1	1	1	54.7439	41.7269	36.9767	41.587	52.4912	76.75	87.1557	84.8328	78.7606	77.7388	
518	1	1	1	1	1	56.7446	43.676	39.092	40.0132	52.2523	77.8616	86.0094	90.5457	80.1859	77.8256	
519	1	1	1	1	1	55.4695	42.1671	37.7018	41.1275	52.3627	76.9972	87.1835	84.5252	78.8725	77.9254	
520	1	1	1	1	1	54.7816	42.3058	36.9279	41.0188	52.4821	76.7782	85.3313	89.6277	79.3683	77.1	
521	1	1	1	1	1	54.5151	41.5283	36.8465	41.3741	52.3799	76.3983	86.7816	83.9287	78.4593	77.5614	
522	1	1	1	1	1	56.4726	43.5023	38.939	39.7433	52.1285	77.501	85.5787	89.771	79.8816	77.6067	
523	1	1	1	1	1	55.1414	41.9099	37.5114	40.9066	52.2387	76.6025	86.7756	83.5745	78.5346	77.7048	
524	1	1	1	1	1	54.389	42.0764	36.6787	40.7714	52.361	76.3524	84.8831	88.8151	79.0281	76.8464	
525	1	1	1	1	1	54.0857	41.2201	36.5873	41.1635	52.2501	75.9532	86.3416	82.9366	78.0849	77.3083	
526	1	1	1	1	1	56.0948	43.2718	38.7251	39.4499	51.9869	77.0777	85.1035	88.9072	79.5254	77.3372	
527	1	1	1	1	1	54.7442	41.6147	37.2858	40.6598	52.0957	76.1674	86.3267	82.5397	78.154	77.4496	
528	1	1	1	1	1	53.9392	41.8214	36.4043	40.4947	52.2203	75.8917	84.3983	87.918	78.6476	76.5643	
529	1	1	1	1	1	56.0139	42.4085	38.9338	39.5801	51.7689	76.632	86.42	82.4015	78.4938	77.7714	
530	1	1	1	1	1	54.4187	42.185	36.9065	40.0055	52.0463	76.0125	84.2248	87.5671	78.6432	76.6529	
531	1	1	1	1	1	53.7055	40.9142	36.4252	40.7007	52.0082	75.3949	85.6719	81.3144	77.5352	76.9986	
532	1	1	1	1	1	55.6051	42.9799	38.48	38.9218	51.724	76.4634	84.3287	87.4473	78.9426	76.9459	
533	1	1	1	1	1	54.1481	41.1635	36.9697	40.229	51.8448	75.4902	85.5938	80.8095	77.5223	77.0501	
534	1	1	1	1	1	53.2212	41.4269	35.9839	40.0116	51.9677	75.1514	83.6069	86.3922	78.0041	76.1097	
535	1	1	1	1	1	55.3641	41.9015	38.6163	39.0991	51.4853	75.9161	85.6178	80.5692	77.8173	77.3163	
536	1	1	1	1	1	53.6962	41.7966	36.4962	39.4638	51.762	75.2622	83.3969	85.9583	77.9653	76.1765	
537	1	1	1	1	1	52.9096	40.3671	35.9916	40.2452	51.7215	74.612	84.8538	79.4262	76.8045	76.5231	
538	1	1	1	1	1	54.8554	42.5495	38.0881	38.3229	51.4061	75.6871	83.4362	85.7122	78.21	76.4242	
539	1	1	1	1	1	53.3606	40.6088	36.5648	39.7162	51.5303	74.7022	84.7431	78.8187	76.7595	76.5516	
540	1	1	1	1	1	52.3327	40.9613	35.4978	39.4333	51.6439	74.3134	82.7048	84.5988	77.231	75.5694	
541	1	1	1	1	1	54.5573	41.3052	38.2373	38.5219	51.1297	75.0982	84.688	78.451	77.0057	76.7669	
542	1	1	1	1	1	52.8195	41.3489	36.0288	38.8106	51.3967	74.4153	82.45	84.0581	77.1483	75.6135	
543	1	1	1	1	1	51.9579	39.7439	35.5076	39.6887	51.3569	73.7403	83.9135	77.2466	75.9366	75.9639	
544	1	1	1	1	1	53.9374	42.0471	37.6323	37.6023	50.9968	74.8004	82.4056	83.6484	77.3181	75.8022	
545	1	1	1	1	1	52.4053	39.9689	36.104	39.09	51.1291	73.8178	83.7563	76.506	75.8437	75.9577	
546	1	1	1	1	1	54.0261	42.105	37.8098	37.2409	50.8004	74.7225	82.1011	82.9125	77.083	75.7193	
547	1	1	1	1	1	52.3162	39.8624	36.1211	38.8212	50.9733	73.6168	83.4566	75.6572	75.5685	75.8216	
548	1	1	1	1	1	51.0465	40.3317	34.8525	38.447	51.0607	73.093	81.327	81.6825	75.9841	74.7568	
549	1	1	1	1	1	53.2848	40.3875	37.6833	37.5613	50.5086	73.8778	83.2183	75.055	75.6749	75.8919	
550	1	1	1	1	1	51.4116	40.6748	35.3341	37.712	50.7304	73.1296	80.9607	80.9385	75.784	74.7135	
551	1	1	1	1	1	53.107	42.344	37.3255	35.9822	50.0488	73.8746	80.3847	84.3092	76.5299	74.8012	
552	1	1	1	1	1	51.2629	39.7534	35.5369	37.6894	50.5035	72.6521	82.2438	75.318	74.7605	75.0258	
553	1	1	1	1	1	52.8185	41.7167	37.2632	35.8758	50.0385	73.5384	80.5076	80.8685	75.8346	74.7818	
554	1	1	1	1	1	50.9853	39.1933	35.5146	37.6392	50.2724	72.3794	82.0117	72.9291	74.2483	74.9097	
555	1	1	1	1	1	52.4599	41.3688	37.1289	35.6408	49.8169	73.2291	80.1286	79.1106	75.3133	74.5531	
556	1	1	1	1	1	50.4307	41.094	34.8081	36.0351	49.7307	72.1661	78.9731	81.9628	74.9619	73.6711	
557	1	1	1	1	1	52.1112	40.1927	37.2823	35.6415	49.5189	72.626	81.1931	73.1855	74.2296	74.7599	
558	1	1	1	1	1	49.954	40.3506	34.6979	35.8681	49.6242	71.6773	78.9929	78.2593	74.1653	73.5827	
559	1	1	1	1	1	51.4595	41.8262	36.6443	34.0859	48.7829	72.3465	78.2244	81.1743	74.6905	73.5543	
560	1	1	1	1	1	49.4349	38.8893	34.7527	35.9917	49.3591	71.0298	80.2632	71.6055	72.8788	73.7689	
561	1	1	1	1	1	50.882	40.902	36.4375	33.9756	48.7159	71.8639	78.2604	76.8181	73.7537	73.3965	
562	1	1	1	1	1	48.7534	40.6307	34.0888	34.3435	48.5258	70.7713	77.1499	79.4232	73.3458	72.5271	
563	1	1	1	1	1	50.3932	39.393	36.5651	34.0393	48.3406	71.1969	79.2806	69.9818	72.4903	73.5293	
564	1	1	1	1	1	48.1328	39.7396	33.9158	34.1471	48.3238	70.2186	77.0828	74.9598	72.3568	72.3596	
565	1	1	1	1	1	49.5361	41.1494	35.8432	32.2145	47.2849	70.7952	76.0789	77.6176	72.6751	72.2021	
566	1	1	1	1	1	47.4421	38.003	33.9182	34.2538	47.9561	69.5008	78.2632	67.8216	70.8914	72.4333	
567	1	1	1	1	1	48.7888	40.083	35.5456	32.0084	47.073	70.2324	75.9575	72.7145	71.5307	71.9134	
568	1	1	1	1	1	46.5559	39.9693	33.1675	32.236	46.687	69.0987	74.8297	75.3918	71.08	71.0388	
569	1	1	1	1	1	48.1219	38.3224	35.5997	31.9757	46.5211	69.4704	76.7553	65.4738	70.0988	71.8907	
570	1	1	1	1	1	45.7665	38.9928	32.8855	31.8675	46.2497	68.4389	74.537	70.484	69.8665	70.7063	
571	1	1	1	1	1	46.9975	40.2858	34.7364	29.7186	44.85	68.8308	73.1615	72.7264	69.8491	70.3519	
572	1	1	1	1	1	44.7149	39.8485	32.3937	29.9988	44.2488	67.6129	72.327	74.1284	69.2347	69.5604	
573	1	1	1	1	1	46.1257	37.8683	34.607	29.7591	44.2941	67.8274	74.2547	63.1695	68.0179	70.3125	
574	1	1	1	1	1	43.769	38.5823	31.9041	29.5409	43.7494	66.7908	72.0239	67.704	67.7002	69.1243	
575	1	1	1	1	1	44.859	39.6825	33.6575	27.2904	41.982	67.05	70.2899	69.2875	67.3266	68.6305	
576	1	1	1	1	1	42.5656	39.3171	31.261	27.4162	41.0406	65.7478	69.377	70.4963	66.6592	67.7839	
577	1	1	1	1	1	43.8598	37.1324	33.2338	27.1256	41.0526	65.8901	71.0725	59.2087	65.2543	68.3503	
578	1	1	1	1	1	41.5309	38.079	30.4542	26.614	40.0351	64.7266	68.6932	63.6962	64.8141	67.0483	
579	1	1	1	1	1	42.4349	38.9792	31.9868	24.2047	37.6516	64.762	66.4047	64.6914	63.9576	66.3616	
580	1	1	1	1	1	40.1938	38.7336	29.4307	24.0335	36.109	63.2246	65.2212	65.7244	63.2212	65.3671	
581	1	1	1	1	1	41.3326	36.4503	30.9547	23.5782	35.9263	63.2523	66.567	54.4578	61.5479	65.6681	
582	1	1	1	1	1	39.1033	37.6327	27.9451	22.6044	34.004	61.7462	63.7555	58.9662	60.9136	64.0695	
583	1	1	1	1	1	39.687	37.7381	28.5969	20.4474	31.9051	61.1889	64.613	60.2257	59.1702	56.8183	
584	1	1	1	1	1	37.6855	37.6265	25.6913	19.8406	29.6047	59.4455	61.0428	60.3992	58.7085	57.4926	
585	1	1	1	1	1	36.523	37.5014	24.0225	18.6405	26.5976	58.0619	58.3132	60.4428	57.9674	57.5133	
586	1	1	1	1	1	37.6834	35.8894	24.5641	17.3708	24.9761	57.6239	58.5284	49.1769	55.137	57.8246	
587	1	1	1	1	1	35.8581	36.9966	21.4147	15.9015	21.2003	55.7475	54.318	53.249	54.3612	56.3822	
588	1	1	1	1	1	34.8869	36.6808	19.5337	14.5643	18.6305	53.9744	57.4975	55.506	53.1382	47.2731	
589	1	1	1	1	1	35.512	36.9778	19.6696	12.7238	15.0824	53.5078	49.8377	53.4765	51.2316	48.9189	
590	1	1	1	1	1	34.0265	36.4007	17.4183	12.5336	14.4903	46.571	52.7098	52.7635	50.3188	48.4083	
591	1	1	1	1	1	34.9025	35.6065	18.1609	11.9882	13.5029	49.0441	50.259	44.0619	48.8964	50.0012	
592	1	1	1	1	1	33.7239	36.4071	16.6978	11.3931	11.5823	49.0512	45.8422	48.7489	49.8615	50.4565	
593	1	1	1	1	1	34.4021	36.6808	17.0678	11.1592	11.5645	48.6616	50.8081	50.4175	50.1784	40.2848	
594	1	1	1	1	1	33.4215	36.3036	16.289	10.8787	10.4284	48.2759	44.2847	49.9487	50.3172	43.6221	
595	1	1	1	1	1	32.729	35.9825	15.8432	10.7144	10.921	48.1803	47.9301	49.5053	44.4694	44.9279	
596	1	1	1	1	1	32.9985	35.1243	15.8291	10.9371	11.1818	48.2172	47.1736	42.2332	47.1545	45.4411	
597	1	1	1	1	1	32.78	35.8724	15.36	10.4278	10.6639	43.1014	45.0762	45.5209	47.5923	43.6306	
598	1	1	1	1	1	32.7535	36.0537	16.2146	9.70336	9.74086	45.0392	40.4331	45.0239	43.8995	42.8621	
599	1	1	1	1	1	32.7491	35.9435	15.0552	9.91578	10.0022	41.2701	39.3035	44.526	47.0104	40.8652	
600	1	1	1	1	1	32.0242	35.7465	15.3312	9.90127	9.55167	42.8741	37.8739	43.8696	45.0692	39.2062	
601	1	1	1	1	1	31.8643	35.7412	15.3126	9.83898	9.28548	42.6601	36.0534	42.8438	45.137	37.6499	