      1e+20 3.47315e+11 1.47746e+11     9.37716     1.00546     37.3741     29.3716     59.1725 7.52043e+20 4.95946e+21 2.77095e+21
9.75566e+11       1e+20 3.20457e+11     37.2209     46.7608     57.2894     91.5449     43.3002 1.12997e+20  6.2195e+21 3.30994e+21
8.16676e+11 8.41942e+11       1e+20     10.7489     21.6411     20.9172     52.3619     27.1956 7.98616e+21 5.90193e+21  4.8631e+21
5.12151e+10 6.77117e+11 3.27578e+11       1e+10     62.1624      18.661     65.3212     58.2335     3.58651     85.7782     52.5679
6.21179e+11 3.73507e+11 6.21533e+11      2.7492       1e+10     81.2924     36.8625     54.0572     15.7194     96.0342     56.0295
  3.042e+11 6.21569e+11  8.1287e+11     36.9496      99.061       1e+10     54.2411     53.9138     30.5625      11.786     52.1183
6.55283e+11 1.97624e+11  2.5003e+11     45.3176      11.757     45.3705       1e+10     16.3138     22.2091     24.3097     64.2456
2.72007e+11 7.84199e+11 5.10744e+11     2.87918     27.7182     14.3918     15.9116       1e+10     68.4671     77.1721     8.71737
7.52043e+20 4.95946e+21 2.77095e+21 1.68112e+11 5.80803e+11 1.96226e+11 3.85315e+11 1.26777e+11       1e+20 7.24584e+11 8.69966e+11
1.12997e+20  6.2195e+21 3.30994e+21 7.90491e+11 2.55316e+11 5.37477e+11 8.11378e+11 5.26878e+11 5.05807e+11       1e+20 9.58405e+11
7.98616e+21 5.90193e+21  4.8631e+21 8.42904e+11 5.87639e+11 5.06127e+11 6.16724e+11 3.58782e+11 6.00119e+11 2.04723e+11       1e+20
