
1	1	1	1	1	1	1	69.6739	74.8008	69.9529	78.9601	83.1244	48.4091	52.186	115.097	111.759	131.508	110.5	108.388	122.279	
2	1	1	1	1	1	1	69.673	74.801	69.9528	78.9602	83.1248	48.4101	52.1853	115.097	111.759	131.509	110.501	108.387	122.279	
3	1	1	1	1	1	1	69.6729	74.8009	69.9528	78.9602	83.1247	48.41	52.1853	115.096	111.759	131.508	110.501	108.387	122.279	
4	1	1	1	1	1	1	69.6727	74.8008	69.9527	78.9601	83.1247	48.4098	52.1852	115.096	111.759	131.508	110.501	108.387	122.279	
5	1	1	1	1	1	1	69.6726	74.8007	69.9526	78.9601	83.1246	48.4097	52.1851	115.096	111.758	131.508	110.5	108.387	122.279	
6	1	1	1	1	1	1	69.6725	74.8006	69.9526	78.96	83.1246	48.4095	52.1851	115.096	111.758	131.507	110.5	108.387	122.279	
7	1	1	1	1	1	1	69.6724	74.8004	69.9525	78.9599	83.1245	48.4094	52.185	115.096	111.758	131.507	110.5	108.386	122.279	
8	1	1	1	1	1	1	69.6722	74.8003	69.9524	78.9599	83.1245	48.4092	52.185	115.096	111.758	131.506	110.5	108.386	122.279	
9	1	1	1	1	1	1	69.6721	74.8002	69.9523	78.9598	83.1244	48.4091	52.1849	115.096	111.758	131.506	110.5	108.386	122.278	
10	1	1	1	1	1	1	69.672	74.8001	69.9523	78.9597	83.1244	48.4089	52.1848	115.095	111.758	131.506	110.5	108.386	122.278	
11	1	1	1	1	1	1	69.6719	74.8	69.9522	78.9596	83.1243	48.4088	52.1847	115.095	111.758	131.505	110.5	108.386	122.278	
12	1	1	1	1	1	1	69.6717	74.7998	69.9521	78.9596	83.1243	48.4086	52.1847	115.095	111.758	131.505	110.5	108.386	122.278	
13	1	1	1	1	1	1	69.6716	74.7997	69.952	78.9595	83.1242	48.4085	52.1846	115.095	111.758	131.505	110.5	108.386	122.278	
14	1	1	1	1	1	1	69.6714	74.7996	69.952	78.9594	83.1242	48.4083	52.1845	115.095	111.758	131.504	110.5	108.386	122.278	
15	1	1	1	1	1	1	69.6713	74.7994	69.9519	78.9594	83.1241	48.4082	52.1845	115.095	111.757	131.504	110.499	108.385	122.278	
16	1	1	1	1	1	1	69.6712	74.7993	69.9518	78.9593	83.1241	48.408	52.1844	115.094	111.757	131.503	110.499	108.385	122.278	
17	1	1	1	1	1	1	69.671	74.7992	69.9517	78.9592	83.124	48.4078	52.1843	115.094	111.757	131.503	110.499	108.385	122.277	
18	1	1	1	1	1	1	69.6709	74.799	69.9517	78.9591	83.1239	48.4077	52.1842	115.094	111.757	131.503	110.499	108.385	122.277	
19	1	1	1	1	1	1	69.6707	74.7989	69.9516	78.9591	83.1239	48.4075	52.1842	115.094	111.757	131.502	110.499	108.385	122.277	
20	1	1	1	1	1	1	69.6706	74.7988	69.9515	78.959	83.1238	48.4073	52.1841	115.094	111.757	131.502	110.499	108.385	122.277	
21	1	1	1	1	1	1	69.6705	74.7986	69.9514	78.9589	83.1238	48.4072	52.184	115.094	111.757	131.501	110.499	108.385	122.277	
22	1	1	1	1	1	1	69.6703	74.7985	69.9513	78.9588	83.1237	48.407	52.1839	115.093	111.757	131.501	110.499	108.384	122.277	
23	1	1	1	1	1	1	69.6702	74.7983	69.9513	78.9588	83.1237	48.4068	52.1839	115.093	111.756	131.5	110.499	108.384	122.277	
24	1	1	1	1	1	1	69.67	74.7982	69.9512	78.9587	83.1236	48.4067	52.1838	115.093	111.756	131.5	110.498	108.384	122.276	
25	1	1	1	1	1	1	69.6699	74.798	69.9511	78.9586	83.1235	48.4065	52.1837	115.093	111.756	131.5	110.498	108.384	122.276	
26	1	1	1	1	1	1	69.6697	74.7979	69.951	78.9585	83.1235	48.4063	52.1836	115.093	111.756	131.499	110.498	108.384	122.276	
27	1	1	1	1	1	1	69.6695	74.7977	69.9509	78.9584	83.1234	48.4061	52.1835	115.093	111.756	131.499	110.498	108.384	122.276	
28	1	1	1	1	1	1	69.6694	74.7976	69.9508	78.9584	83.1234	48.406	52.1835	115.092	111.756	131.498	110.498	108.384	122.276	
29	1	1	1	1	1	1	69.6692	74.7974	69.9507	78.9583	83.1233	48.4058	52.1834	115.092	111.756	131.498	110.498	108.383	122.276	
30	1	1	1	1	1	1	69.6691	74.7973	69.9507	78.9582	83.1232	48.4056	52.1833	115.092	111.756	131.497	110.498	108.383	122.276	
31	1	1	1	1	1	1	69.6689	74.7971	69.9506	78.9581	83.1232	48.4054	52.1832	115.092	111.755	131.497	110.498	108.383	122.275	
32	1	1	1	1	1	1	69.6687	74.797	69.9505	78.958	83.1231	48.4052	52.1831	115.092	111.755	131.496	110.497	108.383	122.275	
33	1	1	1	1	1	1	69.6686	74.7968	69.9504	78.9579	83.123	48.405	52.183	115.092	111.755	131.496	110.497	108.383	122.275	
34	1	1	1	1	1	1	69.6684	74.7967	69.9503	78.9578	83.123	48.4048	52.183	115.091	111.755	131.495	110.497	108.383	122.275	
35	1	1	1	1	1	1	69.6682	74.7965	69.9502	78.9578	83.1229	48.4046	52.1829	115.091	111.755	131.495	110.497	108.382	122.275	
36	1	1	1	1	1	1	69.6681	74.7963	69.9501	78.9577	83.1228	48.4044	52.1828	115.091	111.755	131.494	110.497	108.382	122.275	
37	1	1	1	1	1	1	69.6679	74.7962	69.95	78.9576	83.1228	48.4042	52.1827	115.091	111.755	131.494	110.497	108.382	122.274	
38	1	1	1	1	1	1	69.6677	74.796	69.9499	78.9575	83.1227	48.404	52.1826	115.091	111.754	131.493	110.497	108.382	122.274	
39	1	1	1	1	1	1	69.6676	74.7958	69.9498	78.9574	83.1226	48.4038	52.1825	115.09	111.754	131.493	110.496	108.382	122.274	
40	1	1	1	1	1	1	69.6674	74.7957	69.9497	78.9573	83.1226	48.4036	52.1824	115.09	111.754	131.492	110.496	108.382	122.274	
41	1	1	1	1	1	1	69.6672	74.7955	69.9496	78.9572	83.1225	48.4034	52.1823	115.09	111.754	131.492	110.496	108.381	122.274	
42	1	1	1	1	1	1	69.667	74.7953	69.9495	78.9571	83.1224	48.4032	52.1822	115.09	111.754	131.491	110.496	108.381	122.274	
43	1	1	1	1	1	1	69.6668	74.7952	69.9494	78.957	83.1223	48.403	52.1821	115.09	111.754	131.491	110.496	108.381	122.273	
44	1	1	1	1	1	1	69.6667	74.795	69.9493	78.9569	83.1223	48.4028	52.182	115.089	111.754	131.49	110.496	108.381	122.273	
45	1	1	1	1	1	1	69.6665	74.7948	69.9492	78.9568	83.1222	48.4026	52.1819	115.089	111.753	131.49	110.496	108.381	122.273	
46	1	1	1	1	1	1	69.6663	74.7946	69.9491	78.9567	83.1221	48.4024	52.1819	115.089	111.753	131.489	110.495	108.38	122.273	
47	1	1	1	1	1	1	69.6661	74.7944	69.949	78.9566	83.122	48.4021	52.1818	115.089	111.753	131.489	110.495	108.38	122.273	
48	1	1	1	1	1	1	69.6659	74.7943	69.9489	78.9565	83.122	48.4019	52.1817	115.089	111.753	131.488	110.495	108.38	122.273	
49	1	1	1	1	1	1	69.6657	74.7941	69.9488	78.9564	83.1219	48.4017	52.1816	115.088	111.753	131.488	110.495	108.38	122.272	
50	1	1	1	1	1	1	69.6655	74.7939	69.9487	78.9563	83.1218	48.4015	52.1814	115.088	111.753	131.487	110.495	108.38	122.272	
51	1	1	1	1	1	1	69.6653	74.7937	69.9486	78.9562	83.1217	48.4013	52.1813	115.088	111.753	131.486	110.495	108.38	122.272	
52	1	1	1	1	1	1	69.6651	74.7935	69.9485	78.9561	83.1216	48.401	52.1812	115.088	111.752	131.486	110.494	108.379	122.272	
53	1	1	1	1	1	1	69.6649	74.7933	69.9484	78.956	83.1216	48.4008	52.1811	115.087	111.752	131.485	110.494	108.379	122.272	
54	1	1	1	1	1	1	69.6647	74.7931	69.9483	78.9559	83.1215	48.4006	52.181	115.087	111.752	131.485	110.494	108.379	122.271	
55	1	1	1	1	1	1	69.6645	74.7929	69.9481	78.9558	83.1214	48.4003	52.1809	115.087	111.752	131.484	110.494	108.379	122.271	
56	1	1	1	1	1	1	69.6643	74.7927	69.948	78.9557	83.1213	48.4001	52.1808	115.087	111.752	131.483	110.494	108.379	122.271	
57	1	1	1	1	1	1	69.6641	74.7925	69.9479	78.9556	83.1212	48.3998	52.1807	115.086	111.752	131.483	110.494	108.378	122.271	
58	1	1	1	1	1	1	69.6639	74.7923	69.9478	78.9555	83.1212	48.3996	52.1806	115.086	111.751	131.482	110.493	108.378	122.271	
59	1	1	1	1	1	1	69.6637	74.7921	69.9477	78.9554	83.1211	48.3993	52.1805	115.086	111.751	131.482	110.493	108.378	122.27	
60	1	1	1	1	1	1	69.6634	74.7919	69.9476	78.9552	83.121	48.3991	52.1804	115.086	111.751	131.481	110.493	108.378	122.27	
61	1	1	1	1	1	1	69.6632	74.7917	69.9474	78.9551	83.1209	48.3988	52.1803	115.085	111.751	131.48	110.493	108.377	122.27	
62	1	1	1	1	1	1	69.663	74.7915	69.9473	78.955	83.1208	48.3986	52.1801	115.085	111.751	131.48	110.493	108.377	122.27	
63	1	1	1	1	1	1	69.6628	74.7913	69.9472	78.9549	83.1207	48.3983	52.18	115.085	111.75	131.479	110.493	108.377	122.27	
64	1	1	1	1	1	1	69.6626	74.791	69.9471	78.9548	83.1206	48.3981	52.1799	115.085	111.75	131.478	110.492	108.377	122.269	
65	1	1	1	1	1	1	69.6623	74.7908	69.9469	78.9547	83.1205	48.3978	52.1798	115.084	111.75	131.478	110.492	108.377	122.269	
66	1	1	1	1	1	1	69.6621	74.7906	69.9468	78.9545	83.1204	48.3975	52.1797	115.084	111.75	131.477	110.492	108.376	122.269	
67	1	1	1	1	1	1	69.6619	74.7904	69.9467	78.9544	83.1204	48.3973	52.1796	115.084	111.75	131.476	110.492	108.376	122.269	
68	1	1	1	1	1	1	69.6616	74.7902	69.9466	78.9543	83.1203	48.397	52.1794	115.084	111.75	131.476	110.492	108.376	122.269	
69	1	1	1	1	1	1	69.6614	74.7899	69.9464	78.9542	83.1202	48.3967	52.1793	115.083	111.749	131.475	110.492	108.376	122.268	
70	1	1	1	1	1	1	69.6612	74.7897	69.9463	78.954	83.1201	48.3964	52.1792	115.083	111.749	131.474	110.491	108.375	122.268	
71	1	1	1	1	1	1	69.6609	74.7895	69.9462	78.9539	83.12	48.3962	52.1791	115.083	111.749	131.474	110.491	108.375	122.268	
72	1	1	1	1	1	1	69.6607	74.7892	69.946	78.9538	83.1199	48.3959	52.1789	115.083	111.749	131.473	110.491	108.375	122.268	
73	1	1	1	1	1	1	69.6604	74.789	69.9459	78.9537	83.1198	48.3956	52.1788	115.082	111.749	131.472	110.491	108.375	122.267	
74	1	1	1	1	1	1	69.6602	74.7888	69.9458	78.9535	83.1197	48.3953	52.1787	115.082	111.748	131.471	110.491	108.374	122.267	
75	1	1	1	1	1	1	69.6599	74.7885	69.9456	78.9534	83.1196	48.395	52.1785	115.082	111.748	131.471	110.49	108.374	122.267	
76	1	1	1	1	1	1	69.6597	74.7883	69.9455	78.9533	83.1195	48.3947	52.1784	115.081	111.748	131.47	110.49	108.374	122.267	
77	1	1	1	1	1	1	69.6594	74.788	69.9453	78.9531	83.1194	48.3944	52.1783	115.081	111.748	131.469	110.49	108.374	122.266	
78	1	1	1	1	1	1	69.6591	74.7878	69.9452	78.953	83.1193	48.3941	52.1781	115.081	111.748	131.469	110.49	108.373	122.266	
79	1	1	1	1	1	1	69.6589	74.7875	69.945	78.9529	83.1192	48.3938	52.178	115.081	111.747	131.468	110.49	108.373	122.266	
80	1	1	1	1	1	1	69.6586	74.7873	69.9449	78.9527	83.1191	48.3935	52.1779	115.08	111.747	131.467	110.489	108.373	122.266	
81	1	1	1	1	1	1	69.6584	74.787	69.9447	78.9526	83.119	48.3932	52.1777	115.08	111.747	131.466	110.489	108.373	122.265	
82	1	1	1	1	1	1	69.6581	74.7868	69.9446	78.9524	83.1188	48.3929	52.1776	115.08	111.747	131.465	110.489	108.372	122.265	
83	1	1	1	1	1	1	69.6578	74.7865	69.9445	78.9523	83.1187	48.3926	52.1774	115.079	111.746	131.465	110.489	108.372	122.265	
84	1	1	1	1	1	1	69.6575	74.7862	69.9443	78.9522	83.1186	48.3923	52.1773	115.079	111.746	131.464	110.488	108.372	122.265	
85	1	1	1	1	1	1	69.6573	74.786	69.9441	78.952	83.1185	48.3919	52.1772	115.079	111.746	131.463	110.488	108.372	122.264	
86	1	1	1	1	1	1	69.657	74.7857	69.944	78.9519	83.1184	48.3916	52.177	115.078	111.746	131.462	110.488	108.371	122.264	
87	1	1	1	1	1	1	69.6567	74.7854	69.9438	78.9517	83.1183	48.3913	52.1769	115.078	111.746	131.461	110.488	108.371	122.264	
88	1	1	1	1	1	1	69.6564	74.7852	69.9437	78.9516	83.1182	48.391	52.1767	115.078	111.745	131.461	110.488	108.371	122.264	
89	1	1	1	1	1	1	69.6561	74.7849	69.9435	78.9514	83.1181	48.3906	52.1766	115.077	111.745	131.46	110.487	108.371	122.263	
90	1	1	1	1	1	1	69.6558	74.7846	69.9434	78.9513	83.1179	48.3903	52.1764	115.077	111.745	131.459	110.487	108.37	122.263	
91	1	1	1	1	1	1	69.6555	74.7843	69.9432	78.9511	83.1178	48.3899	52.1763	115.077	111.745	131.458	110.487	108.37	122.263	
92	1	1	1	1	1	1	69.6552	74.784	69.943	78.9509	83.1177	48.3896	52.1761	115.076	111.744	131.457	110.487	108.37	122.263	
93	1	1	1	1	1	1	69.6549	74.7837	69.9429	78.9508	83.1176	48.3893	52.1759	115.076	111.744	131.456	110.486	108.369	122.262	
94	1	1	1	1	1	1	69.6546	74.7834	69.9427	78.9506	83.1175	48.3889	52.1758	115.076	111.744	131.455	110.486	108.369	122.262	
95	1	1	1	1	1	1	69.6543	74.7831	69.9425	78.9505	83.1173	48.3885	52.1756	115.075	111.744	131.455	110.486	108.369	122.262	
96	1	1	1	1	1	1	69.654	74.7828	69.9424	78.9503	83.1172	48.3882	52.1755	115.075	111.743	131.454	110.486	108.368	122.261	
97	1	1	1	1	1	1	69.6537	74.7825	69.9422	78.9501	83.1171	48.3878	52.1753	115.075	111.743	131.453	110.485	108.368	122.261	
98	1	1	1	1	1	1	69.6534	74.7822	69.942	78.95	83.117	48.3875	52.1751	115.074	111.743	131.452	110.485	108.368	122.261	
99	1	1	1	1	1	1	69.653	74.7819	69.9418	78.9498	83.1168	48.3871	52.175	115.074	111.743	131.451	110.485	108.368	122.26	
100	1	1	1	1	1	1	69.6527	74.7816	69.9416	78.9496	83.1167	48.3867	52.1748	115.074	111.742	131.45	110.485	108.367	122.26	
101	1	1	1	1	1	1	69.6524	74.7813	69.9415	78.9495	83.1166	48.3863	52.1746	115.073	111.742	131.449	110.484	108.367	122.26	
102	1	1	1	1	1	1	69.6521	74.781	69.9413	78.9493	83.1164	48.3859	52.1745	115.073	111.742	131.448	110.484	108.367	122.26	
103	1	1	1	1	1	1	69.6517	74.7807	69.9411	78.9491	83.1163	48.3856	52.1743	115.072	111.742	131.447	110.484	108.366	122.259	
104	1	1	1	1	1	1	69.6514	74.7803	69.9409	78.9489	83.1162	48.3852	52.1741	115.072	111.741	131.446	110.484	108.366	122.259	
105	1	1	1	1	1	1	69.6511	74.78	69.9407	78.9488	83.116	48.3848	52.1739	115.072	111.741	131.445	110.483	108.366	122.259	
106	1	1	1	1	1	1	69.6507	74.7797	69.9405	78.9486	83.1159	48.3844	52.1738	115.071	111.741	131.444	110.483	108.365	122.258	
107	1	1	1	1	1	1	69.6504	74.7794	69.9403	78.9484	83.1158	48.384	52.1736	115.071	111.74	131.443	110.483	108.365	122.258	
108	1	1	1	1	1	1	69.65	74.779	69.9402	78.9482	83.1156	48.3836	52.1734	115.071	111.74	131.442	110.482	108.365	122.258	
109	1	1	1	1	1	1	69.6497	74.7787	69.94	78.948	83.1155	48.3832	52.1732	115.07	111.74	131.441	110.482	108.364	122.257	
110	1	1	1	1	1	1	69.6493	74.7783	69.9398	78.9478	83.1153	48.3827	52.173	115.07	111.74	131.44	110.482	108.364	122.257	
111	1	1	1	1	1	1	69.6489	74.778	69.9396	78.9477	83.1152	48.3823	52.1728	115.069	111.739	131.439	110.482	108.363	122.257	
112	1	1	1	1	1	1	69.6486	74.7776	69.9394	78.9475	83.1151	48.3819	52.1726	115.069	111.739	131.438	110.481	108.363	122.256	
113	1	1	1	1	1	1	69.6482	74.7773	69.9392	78.9473	83.1149	48.3815	52.1724	115.068	111.739	131.437	110.481	108.363	122.256	
114	1	1	1	1	1	1	69.6478	74.7769	69.939	78.9471	83.1148	48.381	52.1723	115.068	111.738	131.436	110.481	108.362	122.256	
115	1	1	1	1	1	1	69.6475	74.7766	69.9387	78.9469	83.1146	48.3806	52.1721	115.068	111.738	131.435	110.48	108.362	122.255	
116	1	1	1	1	1	1	69.6471	74.7762	69.9385	78.9467	83.1145	48.3802	52.1719	115.067	111.738	131.434	110.48	108.362	122.255	
117	1	1	1	1	1	1	69.6467	74.7758	69.9383	78.9465	83.1143	48.3797	52.1717	115.067	111.737	131.432	110.48	108.361	122.254	
118	1	1	1	1	1	1	69.6463	74.7755	69.9381	78.9463	83.1141	48.3793	52.1715	115.066	111.737	131.431	110.479	108.361	122.254	
119	1	1	1	1	1	1	69.6459	74.7751	69.9379	78.9461	83.114	48.3788	52.1713	115.066	111.737	131.43	110.479	108.36	122.254	
120	1	1	1	1	1	1	69.6455	74.7747	69.9377	78.9459	83.1138	48.3783	52.171	115.065	111.737	131.429	110.479	108.36	122.253	
121	1	1	1	1	1	1	69.6451	74.7743	69.9375	78.9456	83.1137	48.3779	52.1708	115.065	111.736	131.428	110.479	108.36	122.253	
122	1	1	1	1	1	1	69.6447	74.7739	69.9372	78.9454	83.1135	48.3774	52.1706	115.065	111.736	131.427	110.478	108.359	122.253	
123	1	1	1	1	1	1	69.6443	74.7735	69.937	78.9452	83.1133	48.3769	52.1704	115.064	111.736	131.425	110.478	108.359	122.252	
124	1	1	1	1	1	1	69.6439	74.7731	69.9368	78.945	83.1132	48.3765	52.1702	115.064	111.735	131.424	110.478	108.359	122.252	
125	1	1	1	1	1	1	69.6435	74.7727	69.9366	78.9448	83.113	48.376	52.17	115.063	111.735	131.423	110.477	108.358	122.251	
126	1	1	1	1	1	1	69.643	74.7723	69.9363	78.9446	83.1128	48.3755	52.1698	115.063	111.735	131.422	110.477	108.358	122.251	
127	1	1	1	1	1	1	69.6426	74.7719	69.9361	78.9443	83.1127	48.375	52.1695	115.062	111.734	131.421	110.477	108.357	122.251	
128	1	1	1	1	1	1	69.6422	74.7715	69.9359	78.9441	83.1125	48.3745	52.1693	115.062	111.734	131.419	110.476	108.357	122.25	
129	1	1	1	1	1	1	69.6418	74.7711	69.9356	78.9439	83.1123	48.374	52.1691	115.061	111.733	131.418	110.476	108.356	122.25	
130	1	1	1	1	1	1	69.6413	74.7707	69.9354	78.9437	83.1122	48.3735	52.1689	115.061	111.733	131.417	110.475	108.356	122.249	
131	1	1	1	1	1	1	69.6409	74.7702	69.9351	78.9434	83.112	48.373	52.1686	115.06	111.733	131.416	110.475	108.356	122.249	
132	1	1	1	1	1	1	69.6404	74.7698	69.9349	78.9432	83.1118	48.3725	52.1684	115.06	111.732	131.414	110.475	108.355	122.249	
133	1	1	1	1	1	1	69.64	74.7694	69.9346	78.943	83.1116	48.3719	52.1682	115.059	111.732	131.413	110.474	108.355	122.248	
134	1	1	1	1	1	1	69.6395	74.7689	69.9344	78.9427	83.1114	48.3714	52.1679	115.059	111.732	131.412	110.474	108.354	122.248	
135	1	1	1	1	1	1	69.6391	74.7685	69.9341	78.9425	83.1113	48.3709	52.1677	115.058	111.731	131.41	110.474	108.354	122.247	
136	1	1	1	1	1	1	69.6386	74.768	69.9339	78.9422	83.1111	48.3703	52.1674	115.058	111.731	131.409	110.473	108.353	122.247	
137	1	1	1	1	1	1	69.6381	74.7676	69.9336	78.942	83.1109	48.3698	52.1672	115.057	111.731	131.408	110.473	108.353	122.246	
138	1	1	1	1	1	1	69.6376	74.7671	69.9334	78.9417	83.1107	48.3692	52.167	115.057	111.73	131.406	110.473	108.352	122.246	
139	1	1	1	1	1	1	69.6372	74.7667	69.9331	78.9415	83.1105	48.3687	52.1667	115.056	111.73	131.405	110.472	108.352	122.245	
140	1	1	1	1	1	1	69.6367	74.7662	69.9328	78.9412	83.1103	48.3681	52.1664	115.055	111.729	131.403	110.472	108.351	122.245	
141	1	1	1	1	1	1	69.6362	74.7657	69.9326	78.941	83.1101	48.3675	52.1662	115.055	111.729	131.402	110.471	108.351	122.245	
142	1	1	1	1	1	1	69.6357	74.7653	69.9323	78.9407	83.1099	48.367	52.1659	115.054	111.729	131.4	110.471	108.35	122.244	
143	1	1	1	1	1	1	69.6352	74.7648	69.932	78.9405	83.1097	48.3664	52.1657	115.054	111.728	131.399	110.471	108.35	122.244	
144	1	1	1	1	1	1	69.6347	74.7643	69.9317	78.9402	83.1095	48.3658	52.1654	115.053	111.728	131.398	110.47	108.349	122.243	
145	1	1	1	1	1	1	69.6342	74.7638	69.9314	78.9399	83.1093	48.3652	52.1651	115.053	111.727	131.396	110.47	108.349	122.243	
146	1	1	1	1	1	1	69.6337	74.7633	69.9312	78.9397	83.1091	48.3646	52.1649	115.052	111.727	131.395	110.469	108.348	122.242	
147	1	1	1	1	1	1	69.6331	74.7628	69.9309	78.9394	83.1089	48.364	52.1646	115.051	111.726	131.393	110.469	108.348	122.242	
148	1	1	1	1	1	1	69.6326	74.7623	69.9306	78.9391	83.1087	48.3634	52.1643	115.051	111.726	131.392	110.469	108.347	122.241	
149	1	1	1	1	1	1	69.6321	74.7618	69.9303	78.9388	83.1085	48.3628	52.1641	115.05	111.726	131.39	110.468	108.347	122.241	
150	1	1	1	1	1	1	69.6315	74.7613	69.93	78.9385	83.1083	48.3621	52.1638	115.05	111.725	131.388	110.468	108.346	122.24	
151	1	1	1	1	1	1	69.631	74.7607	69.9297	78.9383	83.108	48.3615	52.1635	115.049	111.725	131.387	110.467	108.346	122.24	
152	1	1	1	1	1	1	69.6304	74.7602	69.9294	78.938	83.1078	48.3609	52.1632	115.048	111.724	131.385	110.467	108.345	122.239	
153	1	1	1	1	1	1	69.6299	74.7597	69.9291	78.9377	83.1076	48.3602	52.1629	115.048	111.724	131.384	110.466	108.345	122.239	
154	1	1	1	1	1	1	69.6293	74.7591	69.9288	78.9374	83.1074	48.3596	52.1626	115.047	111.723	131.382	110.466	108.344	122.238	
155	1	1	1	1	1	1	69.6288	74.7586	69.9285	78.9371	83.1071	48.3589	52.1623	115.046	111.723	131.38	110.465	108.344	122.238	
156	1	1	1	1	1	1	69.6282	74.7581	69.9282	78.9368	83.1069	48.3582	52.162	115.046	111.722	131.379	110.465	108.343	122.237	
157	1	1	1	1	1	1	69.6276	74.7575	69.9278	78.9365	83.1067	48.3576	52.1617	115.045	111.722	131.377	110.465	108.343	122.236	
158	1	1	1	1	1	1	69.627	74.7569	69.9275	78.9362	83.1065	48.3569	52.1614	115.045	111.722	131.375	110.464	108.342	122.236	
159	1	1	1	1	1	1	69.6264	74.7564	69.9272	78.9359	83.1062	48.3562	52.1611	115.044	111.721	131.374	110.464	108.341	122.235	
160	1	1	1	1	1	1	69.6259	74.7558	69.9269	78.9356	83.106	48.3555	52.1608	115.043	111.721	131.372	110.463	108.341	122.235	
161	1	1	1	1	1	1	69.6253	74.7552	69.9266	78.9353	83.1057	48.3548	52.1605	115.042	111.72	131.37	110.463	108.34	122.234	
162	1	1	1	1	1	1	69.6246	74.7546	69.9262	78.9349	83.1055	48.3541	52.1602	115.042	111.72	131.368	110.462	108.34	122.234	
163	1	1	1	1	1	1	69.624	74.754	69.9259	78.9346	83.1053	48.3534	52.1599	115.041	111.719	131.367	110.462	108.339	122.233	
164	1	1	1	1	1	1	69.6234	74.7534	69.9255	78.9343	83.105	48.3527	52.1595	115.04	111.719	131.365	110.461	108.338	122.232	
165	1	1	1	1	1	1	69.6228	74.7528	69.9252	78.934	83.1048	48.3519	52.1592	115.04	111.718	131.363	110.461	108.338	122.232	
166	1	1	1	1	1	1	69.6222	74.7522	69.9249	78.9336	83.1045	48.3512	52.1589	115.039	111.718	131.361	110.46	108.337	122.231	
167	1	1	1	1	1	1	69.6215	74.7516	69.9245	78.9333	83.1043	48.3505	52.1586	115.038	111.717	131.359	110.46	108.337	122.231	
168	1	1	1	1	1	1	69.6209	74.751	69.9242	78.933	83.104	48.3497	52.1582	115.038	111.717	131.357	110.459	108.336	122.23	
169	1	1	1	1	1	1	69.6202	74.7504	69.9238	78.9326	83.1037	48.349	52.1579	115.037	111.716	131.356	110.459	108.335	122.229	
170	1	1	1	1	1	1	69.6196	74.7497	69.9234	78.9323	83.1035	48.3482	52.1575	115.036	111.715	131.354	110.458	108.335	122.229	
171	1	1	1	1	1	1	69.6189	74.7491	69.9231	78.9319	83.1032	48.3474	52.1572	115.035	111.715	131.352	110.458	108.334	122.228	
172	1	1	1	1	1	1	69.6182	74.7485	69.9227	78.9316	83.1029	48.3466	52.1568	115.035	111.714	131.35	110.457	108.333	122.228	
173	1	1	1	1	1	1	69.6175	74.7478	69.9223	78.9312	83.1027	48.3458	52.1565	115.034	111.714	131.348	110.457	108.333	122.227	
174	1	1	1	1	1	1	69.6169	74.7471	69.922	78.9309	83.1024	48.345	52.1561	115.033	111.713	131.346	110.456	108.332	122.226	
175	1	1	1	1	1	1	69.6162	74.7465	69.9216	78.9305	83.1021	48.3442	52.1558	115.032	111.713	131.344	110.455	108.331	122.226	
176	1	1	1	1	1	1	69.6155	74.7458	69.9212	78.9301	83.1018	48.3434	52.1554	115.031	111.712	131.342	110.455	108.331	122.225	
177	1	1	1	1	1	1	69.6148	74.7451	69.9208	78.9298	83.1015	48.3426	52.155	115.031	111.712	131.34	110.454	108.33	122.224	
178	1	1	1	1	1	1	69.614	74.7444	69.9204	78.9294	83.1013	48.3418	52.1547	115.03	111.711	131.338	110.454	108.329	122.224	
179	1	1	1	1	1	1	69.6133	74.7437	69.92	78.929	83.101	48.3409	52.1543	115.029	111.71	131.336	110.453	108.328	122.223	
180	1	1	1	1	1	1	69.6126	74.743	69.9196	78.9286	83.1007	48.3401	52.1539	115.028	111.71	131.333	110.453	108.328	122.222	
181	1	1	1	1	1	1	69.6119	74.7423	69.9192	78.9283	83.1004	48.3392	52.1535	115.027	111.709	131.331	110.452	108.327	122.222	
182	1	1	1	1	1	1	69.6111	74.7416	69.9188	78.9279	83.1001	48.3383	52.1532	115.026	111.709	131.329	110.451	108.326	122.221	
183	1	1	1	1	1	1	69.6104	74.7409	69.9184	78.9275	83.0998	48.3375	52.1528	115.026	111.708	131.327	110.451	108.326	122.22	
184	1	1	1	1	1	1	69.6096	74.7402	69.918	78.9271	83.0995	48.3366	52.1524	115.025	111.707	131.325	110.45	108.325	122.219	
185	1	1	1	1	1	1	69.6088	74.7394	69.9176	78.9267	83.0992	48.3357	52.152	115.024	111.707	131.322	110.45	108.324	122.219	
186	1	1	1	1	1	1	69.6081	74.7387	69.9171	78.9263	83.0989	48.3348	52.1516	115.023	111.706	131.32	110.449	108.323	122.218	
187	1	1	1	1	1	1	69.6073	74.7379	69.9167	78.9259	83.0986	48.3339	52.1512	115.022	111.706	131.318	110.448	108.323	122.217	
188	1	1	1	1	1	1	69.6065	74.7372	69.9163	78.9255	83.0982	48.3329	52.1507	115.021	111.705	131.316	110.448	108.322	122.216	
189	1	1	1	1	1	1	69.6057	74.7364	69.9158	78.925	83.0979	48.332	52.1503	115.02	111.704	131.313	110.447	108.321	122.216	
190	1	1	1	1	1	1	69.6049	74.7356	69.9154	78.9246	83.0976	48.3311	52.1499	115.019	111.704	131.311	110.446	108.32	122.215	
191	1	1	1	1	1	1	69.6041	74.7348	69.915	78.9242	83.0973	48.3301	52.1495	115.018	111.703	131.309	110.446	108.319	122.214	
192	1	1	1	1	1	1	69.6032	74.734	69.9145	78.9238	83.0969	48.3291	52.1491	115.018	111.702	131.306	110.445	108.319	122.213	
193	1	1	1	1	1	1	69.6024	74.7332	69.9141	78.9233	83.0966	48.3282	52.1486	115.017	111.702	131.304	110.444	108.318	122.213	
194	1	1	1	1	1	1	69.6016	74.7324	69.9136	78.9229	83.0963	48.3272	52.1482	115.016	111.701	131.301	110.444	108.317	122.212	
195	1	1	1	1	1	1	69.6007	74.7316	69.9131	78.9224	83.0959	48.3262	52.1477	115.015	111.7	131.299	110.443	108.316	122.211	
196	1	1	1	1	1	1	69.5999	74.7308	69.9127	78.922	83.0956	48.3252	52.1473	115.014	111.7	131.296	110.442	108.315	122.21	
197	1	1	1	1	1	1	69.599	74.7299	69.9122	78.9215	83.0952	48.3242	52.1468	115.013	111.699	131.294	110.442	108.314	122.209	
198	1	1	1	1	1	1	69.5981	74.7291	69.9117	78.9211	83.0949	48.3232	52.1464	115.012	111.698	131.291	110.441	108.314	122.209	
199	1	1	1	1	1	1	69.5972	74.7282	69.9112	78.9206	83.0945	48.3221	52.1459	115.011	111.697	131.289	110.44	108.313	122.208	
200	1	1	1	1	1	1	69.5964	74.7274	69.9107	78.9202	83.0942	48.3211	52.1455	115.01	111.697	131.286	110.44	108.312	122.207	
201	1	1	1	1	1	1	69.5955	74.7265	69.9102	78.9197	83.0938	48.32	52.145	115.009	111.696	131.283	110.439	108.311	122.206	
202	1	1	1	1	1	1	69.5945	74.7256	69.9097	78.9192	83.0935	48.3189	52.1445	115.008	111.695	131.281	110.438	108.31	122.205	
203	1	1	1	1	1	1	69.5936	74.7247	69.9092	78.9187	83.0931	48.3179	52.144	115.007	111.694	131.278	110.437	108.309	122.204	
204	1	1	1	1	1	1	69.5927	74.7238	69.9087	78.9182	83.0927	48.3168	52.1436	115.006	111.694	131.275	110.437	108.308	122.203	
205	1	1	1	1	1	1	69.5917	74.7229	69.9082	78.9177	83.0923	48.3157	52.1431	115.004	111.693	131.273	110.436	108.307	122.203	
206	1	1	1	1	1	1	69.5908	74.722	69.9077	78.9173	83.092	48.3146	52.1426	115.003	111.692	131.27	110.435	108.306	122.202	
207	1	1	1	1	1	1	69.5898	74.7211	69.9072	78.9168	83.0916	48.3134	52.1421	115.002	111.691	131.267	110.434	108.305	122.201	
208	1	1	1	1	1	1	69.5889	74.7201	69.9067	78.9162	83.0912	48.3123	52.1416	115.001	111.691	131.264	110.434	108.304	122.2	
209	1	1	1	1	1	1	69.5879	74.7192	69.9061	78.9157	83.0908	48.3111	52.1411	115	111.69	131.261	110.433	108.303	122.199	
210	1	1	1	1	1	1	69.5869	74.7182	69.9056	78.9152	83.0904	48.31	52.1405	114.999	111.689	131.259	110.432	108.302	122.198	
211	1	1	1	1	1	1	69.5859	74.7173	69.905	78.9147	83.09	48.3088	52.14	114.998	111.688	131.256	110.431	108.301	122.197	
212	1	1	1	1	1	1	69.5849	74.7163	69.9045	78.9142	83.0896	48.3076	52.1395	114.997	111.687	131.253	110.43	108.301	122.196	
213	1	1	1	1	1	1	69.5839	74.7153	69.9039	78.9136	83.0892	48.3064	52.139	114.996	111.687	131.25	110.43	108.299	122.195	
214	1	1	1	1	1	1	69.5828	74.7143	69.9034	78.9131	83.0888	48.3052	52.1384	114.994	111.686	131.247	110.429	108.298	122.194	
215	1	1	1	1	1	1	69.5818	74.7133	69.9028	78.9126	83.0883	48.304	52.1379	114.993	111.685	131.244	110.428	108.297	122.193	
216	1	1	1	1	1	1	69.5807	74.7123	69.9022	78.912	83.0879	48.3028	52.1373	114.992	111.684	131.241	110.427	108.296	122.192	
217	1	1	1	1	1	1	69.5797	74.7113	69.9016	78.9114	83.0875	48.3015	52.1368	114.991	111.683	131.238	110.426	108.295	122.191	
218	1	1	1	1	1	1	69.5786	74.7102	69.9011	78.9109	83.0871	48.3002	52.1362	114.99	111.682	131.234	110.425	108.294	122.19	
219	1	1	1	1	1	1	69.5775	74.7092	69.9005	78.9103	83.0866	48.299	52.1357	114.988	111.681	131.231	110.425	108.293	122.189	
220	1	1	1	1	1	1	69.5764	74.7081	69.8999	78.9098	83.0862	48.2977	52.1351	114.987	111.68	131.228	110.424	108.292	122.188	
221	1	1	1	1	1	1	69.5753	74.707	69.8993	78.9092	83.0858	48.2964	52.1345	114.986	111.68	131.225	110.423	108.291	122.187	
222	1	1	1	1	1	1	69.5742	74.706	69.8987	78.9086	83.0853	48.2951	52.1339	114.985	111.679	131.222	110.422	108.29	122.186	
223	1	1	1	1	1	1	69.5731	74.7049	69.8981	78.908	83.0849	48.2937	52.1333	114.983	111.678	131.218	110.421	108.289	122.185	
224	1	1	1	1	1	1	69.5719	74.7038	69.8974	78.9074	83.0844	48.2924	52.1328	114.982	111.677	131.215	110.42	108.288	122.184	
225	1	1	1	1	1	1	69.5708	74.7027	69.8968	78.9068	83.0839	48.291	52.1322	114.981	111.676	131.212	110.419	108.287	122.183	
226	1	1	1	1	1	1	69.5696	74.7015	69.8962	78.9062	83.0835	48.2897	52.1315	114.979	111.675	131.208	110.418	108.285	122.182	
227	1	1	1	1	1	1	69.5684	74.7004	69.8955	78.9056	83.083	48.2883	52.1309	114.978	111.674	131.205	110.417	108.284	122.18	
228	1	1	1	1	1	1	69.5673	74.6992	69.8949	78.905	83.0825	48.2869	52.1303	114.977	111.673	131.201	110.416	108.283	122.179	
229	1	1	1	1	1	1	69.5661	74.6981	69.8942	78.9043	83.082	48.2855	52.1297	114.975	111.672	131.198	110.415	108.282	122.178	
230	1	1	1	1	1	1	69.5648	74.6969	69.8936	78.9037	83.0815	48.284	52.1291	114.974	111.671	131.194	110.415	108.281	122.177	
231	1	1	1	1	1	1	69.5636	74.6957	69.8929	78.9031	83.0811	48.2826	52.1284	114.972	111.67	131.191	110.414	108.28	122.176	
232	1	1	1	1	1	1	69.5624	74.6945	69.8922	78.9024	83.0806	48.2811	52.1278	114.971	111.669	131.187	110.413	108.278	122.175	
233	1	1	1	1	1	1	69.5611	74.6933	69.8916	78.9018	83.0801	48.2796	52.1271	114.97	111.668	131.183	110.412	108.277	122.174	
234	1	1	1	1	1	1	69.5599	74.6921	69.8909	78.9011	83.0795	48.2781	52.1265	114.968	111.667	131.18	110.411	108.276	122.172	
235	1	1	1	1	1	1	69.5586	74.6908	69.8902	78.9004	83.079	48.2766	52.1258	114.967	111.666	131.176	110.41	108.275	122.171	
236	1	1	1	1	1	1	69.5573	74.6896	69.8895	78.8998	83.0785	48.2751	52.1251	114.965	111.665	131.172	110.409	108.273	122.17	
237	1	1	1	1	1	1	69.556	74.6883	69.8888	78.8991	83.078	48.2736	52.1244	114.964	111.664	131.168	110.407	108.272	122.169	
238	1	1	1	1	1	1	69.5547	74.687	69.888	78.8984	83.0775	48.272	52.1238	114.962	111.663	131.164	110.406	108.271	122.167	
239	1	1	1	1	1	1	69.5533	74.6858	69.8873	78.8977	83.0769	48.2704	52.1231	114.961	111.662	131.161	110.405	108.269	122.166	
240	1	1	1	1	1	1	69.552	74.6844	69.8866	78.897	83.0764	48.2688	52.1224	114.959	111.661	131.157	110.404	108.268	122.165	
241	1	1	1	1	1	1	69.5506	74.6831	69.8859	78.8963	83.0758	48.2672	52.1217	114.958	111.659	131.153	110.403	108.267	122.164	
242	1	1	1	1	1	1	69.5493	74.6818	69.8851	78.8956	83.0753	48.2656	52.1209	114.956	111.658	131.149	110.402	108.265	122.162	
243	1	1	1	1	1	1	69.5479	74.6805	69.8844	78.8948	83.0747	48.264	52.1202	114.955	111.657	131.145	110.401	108.264	122.161	
244	1	1	1	1	1	1	69.5465	74.6791	69.8836	78.8941	83.0742	48.2623	52.1195	114.953	111.656	131.14	110.4	108.263	122.16	
245	1	1	1	1	1	1	69.5451	74.6777	69.8828	78.8934	83.0736	48.2606	52.1188	114.951	111.655	131.136	110.399	108.261	122.158	
246	1	1	1	1	1	1	69.5436	74.6763	69.8821	78.8926	83.073	48.2589	52.118	114.95	111.654	131.132	110.398	108.26	122.157	
247	1	1	1	1	1	1	69.5422	74.6749	69.8813	78.8919	83.0724	48.2572	52.1173	114.948	111.653	131.128	110.396	108.258	122.156	
248	1	1	1	1	1	1	69.5407	74.6735	69.8805	78.8911	83.0719	48.2555	52.1165	114.946	111.651	131.124	110.395	108.257	122.154	
249	1	1	1	1	1	1	69.5392	74.6721	69.8797	78.8903	83.0713	48.2537	52.1157	114.945	111.65	131.119	110.394	108.255	122.153	
250	1	1	1	1	1	1	69.5378	74.6706	69.8789	78.8896	83.0707	48.252	52.115	114.943	111.649	131.115	110.393	108.254	122.151	
251	1	1	1	1	1	1	69.5363	74.6692	69.8781	78.8888	83.0701	48.2502	52.1142	114.941	111.648	131.111	110.392	108.253	122.15	
252	1	1	1	1	1	1	69.5347	74.6677	69.8772	78.888	83.0694	48.2484	52.1134	114.94	111.647	131.106	110.391	108.251	122.148	
253	1	1	1	1	1	1	69.5332	74.6662	69.8764	78.8872	83.0688	48.2466	52.1126	114.938	111.645	131.102	110.389	108.249	122.147	
254	1	1	1	1	1	1	69.5316	74.6647	69.8756	78.8864	83.0682	48.2447	52.1118	114.936	111.644	131.097	110.388	108.248	122.146	
255	1	1	1	1	1	1	69.5301	74.6632	69.8747	78.8856	83.0676	48.2428	52.1109	114.934	111.643	131.092	110.387	108.246	122.144	
256	1	1	1	1	1	1	69.5285	74.6616	69.8739	78.8847	83.0669	48.241	52.1101	114.932	111.641	131.088	110.386	108.245	122.143	
257	1	1	1	1	1	1	69.5269	74.6601	69.873	78.8839	83.0663	48.2391	52.1093	114.931	111.64	131.083	110.384	108.243	122.141	
258	1	1	1	1	1	1	69.5253	74.6585	69.8721	78.883	83.0656	48.2371	52.1084	114.929	111.639	131.078	110.383	108.242	122.14	
259	1	1	1	1	1	1	69.5236	74.6569	69.8712	78.8822	83.065	48.2352	52.1076	114.927	111.637	131.074	110.382	108.24	122.138	
260	1	1	1	1	1	1	69.522	74.6553	69.8704	78.8813	83.0643	48.2332	52.1067	114.925	111.636	131.069	110.38	108.238	122.136	
261	1	1	1	1	1	1	69.5203	74.6537	69.8695	78.8805	83.0636	48.2312	52.1059	114.923	111.635	131.064	110.379	108.237	122.135	
262	1	1	1	1	1	1	69.5186	74.652	69.8685	78.8796	83.063	48.2292	52.105	114.921	111.633	131.059	110.378	108.235	122.133	
263	1	1	1	1	1	1	69.5169	74.6504	69.8676	78.8787	83.0623	48.2272	52.1041	114.919	111.632	131.054	110.376	108.233	122.132	
264	1	1	1	1	1	1	69.5152	74.6487	69.8667	78.8778	83.0616	48.2251	52.1032	114.917	111.631	131.049	110.375	108.232	122.13	
265	1	1	1	1	1	1	69.5135	74.647	69.8658	78.8769	83.0609	48.2231	52.1023	114.915	111.629	131.044	110.374	108.23	122.128	
266	1	1	1	1	1	1	69.5117	74.6453	69.8648	78.876	83.0602	48.221	52.1014	114.913	111.628	131.039	110.372	108.228	122.127	
267	1	1	1	1	1	1	69.5099	74.6436	69.8639	78.875	83.0594	48.2188	52.1004	114.911	111.626	131.033	110.371	108.226	122.125	
268	1	1	1	1	1	1	69.5081	74.6418	69.8629	78.8741	83.0587	48.2167	52.0995	114.909	111.625	131.028	110.369	108.225	122.123	
269	1	1	1	1	1	1	69.5063	74.64	69.8619	78.8732	83.058	48.2145	52.0986	114.907	111.623	131.023	110.368	108.223	122.122	
270	1	1	1	1	1	1	69.5045	74.6383	69.8609	78.8722	83.0573	48.2124	52.0976	114.905	111.622	131.017	110.366	108.221	122.12	
271	1	1	1	1	1	1	69.5026	74.6365	69.8599	78.8713	83.0565	48.2101	52.0966	114.903	111.62	131.012	110.365	108.219	122.118	
272	1	1	1	1	1	1	69.5008	74.6346	69.8589	78.8703	83.0558	48.2079	52.0957	114.901	111.619	131.006	110.364	108.217	122.116	
273	1	1	1	1	1	1	69.4989	74.6328	69.8579	78.8693	83.055	48.2056	52.0947	114.899	111.617	131.001	110.362	108.216	122.114	
274	1	1	1	1	1	1	69.497	74.6309	69.8569	78.8683	83.0542	48.2034	52.0937	114.896	111.616	130.995	110.361	108.214	122.113	
275	1	1	1	1	1	1	69.495	74.629	69.8558	78.8673	83.0534	48.201	52.0927	114.894	111.614	130.99	110.359	108.212	122.111	
276	1	1	1	1	1	1	69.4931	74.6271	69.8548	78.8663	83.0527	48.1987	52.0917	114.892	111.613	130.984	110.357	108.21	122.109	
277	1	1	1	1	1	1	69.4911	74.6252	69.8537	78.8652	83.0519	48.1964	52.0906	114.89	111.611	130.978	110.356	108.208	122.107	
278	1	1	1	1	1	1	69.4891	74.6233	69.8527	78.8642	83.0511	48.194	52.0896	114.887	111.609	130.972	110.354	108.206	122.105	
279	1	1	1	1	1	1	69.4871	74.6213	69.8516	78.8632	83.0502	48.1916	52.0886	114.885	111.608	130.966	110.353	108.204	122.103	
280	1	1	1	1	1	1	69.4851	74.6193	69.8505	78.8621	83.0494	48.1891	52.0875	114.883	111.606	130.96	110.351	108.202	122.101	
281	1	1	1	1	1	1	69.483	74.6173	69.8494	78.861	83.0486	48.1867	52.0864	114.88	111.604	130.954	110.349	108.2	122.099	
282	1	1	1	1	1	1	69.481	74.6153	69.8483	78.86	83.0478	48.1842	52.0854	114.878	111.603	130.948	110.348	108.198	122.097	
283	1	1	1	1	1	1	69.4789	74.6132	69.8471	78.8589	83.0469	48.1816	52.0843	114.876	111.601	130.942	110.346	108.196	122.095	
284	1	1	1	1	1	1	69.4767	74.6112	69.846	78.8578	83.0461	48.1791	52.0832	114.873	111.599	130.936	110.344	108.194	122.093	
285	1	1	1	1	1	1	69.4746	74.6091	69.8449	78.8566	83.0452	48.1765	52.082	114.871	111.597	130.93	110.343	108.191	122.091	
286	1	1	1	1	1	1	69.4724	74.607	69.8437	78.8555	83.0443	48.1739	52.0809	114.868	111.596	130.923	110.341	108.189	122.089	
287	1	1	1	1	1	1	69.4703	74.6048	69.8425	78.8544	83.0434	48.1713	52.0798	114.866	111.594	130.917	110.339	108.187	122.087	
288	1	1	1	1	1	1	69.468	74.6027	69.8414	78.8532	83.0425	48.1686	52.0786	114.863	111.592	130.91	110.338	108.185	122.085	
289	1	1	1	1	1	1	69.4658	74.6005	69.8402	78.8521	83.0416	48.1659	52.0775	114.861	111.59	130.904	110.336	108.183	122.083	
290	1	1	1	1	1	1	69.4636	74.5983	69.839	78.8509	83.0407	48.1632	52.0763	114.858	111.588	130.897	110.334	108.181	122.081	
291	1	1	1	1	1	1	69.4613	74.5961	69.8377	78.8497	83.0398	48.1605	52.0751	114.855	111.586	130.89	110.332	108.178	122.079	
292	1	1	1	1	1	1	69.459	74.5938	69.8365	78.8485	83.0389	48.1577	52.0739	114.853	111.585	130.884	110.33	108.176	122.076	
293	1	1	1	1	1	1	69.4567	74.5915	69.8353	78.8473	83.0379	48.1549	52.0727	114.85	111.583	130.877	110.328	108.174	122.074	
294	1	1	1	1	1	1	69.4543	74.5892	69.834	78.8461	83.037	48.1521	52.0715	114.847	111.581	130.87	110.327	108.171	122.072	
295	1	1	1	1	1	1	69.4519	74.5869	69.8327	78.8448	83.036	48.1492	52.0702	114.845	111.579	130.863	110.325	108.169	122.07	
296	1	1	1	1	1	1	69.4495	74.5845	69.8314	78.8436	83.035	48.1463	52.069	114.842	111.577	130.856	110.323	108.167	122.067	
297	1	1	1	1	1	1	69.4471	74.5822	69.8302	78.8423	83.0341	48.1433	52.0677	114.839	111.575	130.848	110.321	108.164	122.065	
298	1	1	1	1	1	1	69.4447	74.5798	69.8288	78.8411	83.0331	48.1404	52.0664	114.836	111.573	130.841	110.319	108.162	122.063	
299	1	1	1	1	1	1	69.4422	74.5773	69.8275	78.8398	83.0321	48.1374	52.0651	114.833	111.571	130.834	110.317	108.159	122.06	
300	1	1	1	1	1	1	69.4397	74.5749	69.8262	78.8385	83.0311	48.1343	52.0638	114.831	111.569	130.827	110.315	108.157	122.058	
301	1	1	1	1	1	1	69.4372	74.5724	69.8248	78.8372	83.03	48.1313	52.0625	114.828	111.567	130.819	110.313	108.154	122.056	
302	1	1	1	1	1	1	69.4346	74.5699	69.8235	78.8358	83.029	48.1282	52.0612	114.825	111.565	130.812	110.311	108.152	122.053	
303	1	1	1	1	1	1	69.432	74.5673	69.8221	78.8345	83.0279	48.1251	52.0598	114.822	111.562	130.804	110.309	108.149	122.051	
304	1	1	1	1	1	1	69.4294	74.5648	69.8207	78.8331	83.0269	48.1219	52.0585	114.819	111.56	130.796	110.307	108.147	122.048	
305	1	1	1	1	1	1	69.4268	74.5622	69.8193	78.8318	83.0258	48.1187	52.0571	114.816	111.558	130.788	110.305	108.144	122.046	
306	1	1	1	1	1	1	69.4241	74.5596	69.8179	78.8304	83.0247	48.1154	52.0557	114.813	111.556	130.78	110.303	108.141	122.043	
307	1	1	1	1	1	1	69.4214	74.5569	69.8165	78.829	83.0236	48.1122	52.0543	114.81	111.554	130.773	110.3	108.139	122.041	
308	1	1	1	1	1	1	69.4187	74.5543	69.815	78.8276	83.0225	48.1089	52.0529	114.806	111.552	130.764	110.298	108.136	122.038	
309	1	1	1	1	1	1	69.4159	74.5515	69.8136	78.8261	83.0214	48.1055	52.0514	114.803	111.549	130.756	110.296	108.133	122.035	
310	1	1	1	1	1	1	69.4132	74.5488	69.8121	78.8247	83.0203	48.1021	52.05	114.8	111.547	130.748	110.294	108.13	122.033	
311	1	1	1	1	1	1	69.4104	74.5461	69.8106	78.8232	83.0192	48.0987	52.0485	114.797	111.545	130.74	110.292	108.128	122.03	
312	1	1	1	1	1	1	69.4075	74.5433	69.8091	78.8218	83.018	48.0952	52.0471	114.794	111.542	130.731	110.289	108.125	122.027	
313	1	1	1	1	1	1	69.4047	74.5404	69.8076	78.8203	83.0168	48.0917	52.0456	114.79	111.54	130.723	110.287	108.122	122.025	
314	1	1	1	1	1	1	69.4018	74.5376	69.806	78.8188	83.0157	48.0882	52.044	114.787	111.538	130.714	110.285	108.119	122.022	
315	1	1	1	1	1	1	69.3988	74.5347	69.8045	78.8172	83.0145	48.0846	52.0425	114.784	111.535	130.706	110.283	108.116	122.019	
316	1	1	1	1	1	1	69.3959	74.5318	69.8029	78.8157	83.0133	48.081	52.041	114.78	111.533	130.697	110.28	108.113	122.016	
317	1	1	1	1	1	1	69.3929	74.5288	69.8013	78.8141	83.0121	48.0773	52.0394	114.777	111.53	130.688	110.278	108.11	122.013	
318	1	1	1	1	1	1	69.3899	74.5258	69.7997	78.8126	83.0108	48.0736	52.0378	114.773	111.528	130.679	110.275	108.107	122.011	
319	1	1	1	1	1	1	69.3868	74.5228	69.7981	78.811	83.0096	48.0699	52.0362	114.77	111.525	130.67	110.273	108.104	122.008	
320	1	1	1	1	1	1	69.3837	74.5198	69.7965	78.8094	83.0083	48.0661	52.0346	114.766	111.523	130.661	110.271	108.101	122.005	
321	1	1	1	1	1	1	69.3806	74.5167	69.7948	78.8078	83.0071	48.0623	52.033	114.763	111.52	130.652	110.268	108.098	122.002	
322	1	1	1	1	1	1	69.3774	74.5136	69.7932	78.8061	83.0058	48.0584	52.0314	114.759	111.518	130.642	110.266	108.095	121.999	
323	1	1	1	1	1	1	69.3743	74.5104	69.7915	78.8045	83.0045	48.0545	52.0297	114.755	111.515	130.633	110.263	108.092	121.996	
324	1	1	1	1	1	1	69.371	74.5073	69.7898	78.8028	83.0032	48.0505	52.028	114.751	111.512	130.623	110.261	108.088	121.993	
325	1	1	1	1	1	1	69.3678	74.504	69.7881	78.8011	83.0018	48.0465	52.0263	114.748	111.51	130.613	110.258	108.085	121.989	
326	1	1	1	1	1	1	69.3645	74.5008	69.7863	78.7994	83.0005	48.0425	52.0246	114.744	111.507	130.604	110.255	108.082	121.986	
327	1	1	1	1	1	1	69.3612	74.4975	69.7846	78.7977	82.9991	48.0384	52.0229	114.74	111.504	130.594	110.253	108.079	121.983	
328	1	1	1	1	1	1	69.3578	74.4942	69.7828	78.7959	82.9978	48.0343	52.0211	114.736	111.501	130.584	110.25	108.075	121.98	
329	1	1	1	1	1	1	69.3544	74.4908	69.781	78.7942	82.9964	48.0301	52.0193	114.732	111.499	130.574	110.247	108.072	121.977	
330	1	1	1	1	1	1	69.351	74.4874	69.7792	78.7924	82.995	48.0258	52.0176	114.728	111.496	130.563	110.245	108.068	121.973	
331	1	1	1	1	1	1	69.3475	74.484	69.7774	78.7906	82.9936	48.0215	52.0157	114.724	111.493	130.553	110.242	108.065	121.97	
332	1	1	1	1	1	1	69.344	74.4805	69.7756	78.7888	82.9921	48.0172	52.0139	114.72	111.49	130.543	110.239	108.061	121.967	
333	1	1	1	1	1	1	69.3405	74.477	69.7737	78.7869	82.9907	48.0128	52.0121	114.716	111.487	130.532	110.236	108.058	121.963	
334	1	1	1	1	1	1	69.3369	74.4735	69.7718	78.7851	82.9892	48.0084	52.0102	114.712	111.484	130.522	110.233	108.054	121.96	
335	1	1	1	1	1	1	69.3333	74.4699	69.7699	78.7832	82.9878	48.0039	52.0083	114.708	111.481	130.511	110.231	108.051	121.956	
336	1	1	1	1	1	1	69.3296	74.4662	69.768	78.7813	82.9863	47.9994	52.0064	114.704	111.478	130.5	110.228	108.047	121.953	
337	1	1	1	1	1	1	69.3259	74.4626	69.7661	78.7794	82.9848	47.9948	52.0045	114.699	111.475	130.489	110.225	108.043	121.949	
338	1	1	1	1	1	1	69.3222	74.4589	69.7641	78.7775	82.9832	47.9902	52.0025	114.695	111.472	130.478	110.222	108.04	121.946	
339	1	1	1	1	1	1	69.3184	74.4551	69.7621	78.7755	82.9817	47.9855	52.0006	114.691	111.469	130.466	110.219	108.036	121.942	
340	1	1	1	1	1	1	69.3146	74.4513	69.7601	78.7735	82.9801	47.9807	51.9986	114.686	111.466	130.455	110.216	108.032	121.939	
341	1	1	1	1	1	1	69.3107	74.4475	69.7581	78.7715	82.9786	47.9759	51.9966	114.682	111.463	130.443	110.213	108.028	121.935	
342	1	1	1	1	1	1	69.3068	74.4436	69.7561	78.7695	82.977	47.9711	51.9945	114.677	111.459	130.432	110.21	108.024	121.931	
343	1	1	1	1	1	1	69.3029	74.4397	69.754	78.7675	82.9754	47.9661	51.9925	114.673	111.456	130.42	110.207	108.02	121.927	
344	1	1	1	1	1	1	69.2989	74.4357	69.7519	78.7654	82.9737	47.9612	51.9904	114.668	111.453	130.408	110.203	108.016	121.923	
345	1	1	1	1	1	1	69.2949	74.4317	69.7498	78.7633	82.9721	47.9562	51.9883	114.663	111.45	130.396	110.2	108.012	121.92	
346	1	1	1	1	1	1	69.2908	74.4277	69.7477	78.7612	82.9704	47.9511	51.9862	114.658	111.446	130.384	110.197	108.008	121.916	
347	1	1	1	1	1	1	69.2867	74.4236	69.7456	78.7591	82.9687	47.9459	51.984	114.654	111.443	130.372	110.194	108.004	121.912	
348	1	1	1	1	1	1	69.2826	74.4194	69.7434	78.7569	82.967	47.9407	51.9818	114.649	111.439	130.359	110.191	108	121.908	
349	1	1	1	1	1	1	69.2784	74.4152	69.7412	78.7548	82.9653	47.9355	51.9796	114.644	111.436	130.347	110.187	107.996	121.904	
350	1	1	1	1	1	1	69.2741	74.411	69.739	78.7526	82.9636	47.9301	51.9774	114.639	111.432	130.334	110.184	107.991	121.9	
351	1	1	1	1	1	1	69.2698	74.4067	69.7368	78.7503	82.9618	47.9247	51.9752	114.634	111.429	130.321	110.18	107.987	121.896	
352	1	1	1	1	1	1	69.2655	74.4024	69.7345	78.7481	82.96	47.9193	51.9729	114.629	111.425	130.308	110.177	107.983	121.891	
353	1	1	1	1	1	1	69.2611	74.398	69.7323	78.7458	82.9582	47.9138	51.9706	114.624	111.422	130.295	110.174	107.978	121.887	
354	1	1	1	1	1	1	69.2567	74.3936	69.73	78.7435	82.9564	47.9082	51.9683	114.619	111.418	130.281	110.17	107.974	121.883	
355	1	1	1	1	1	1	69.2522	74.3891	69.7276	78.7412	82.9546	47.9025	51.966	114.613	111.414	130.268	110.167	107.969	121.879	
356	1	1	1	1	1	1	69.2477	74.3845	69.7253	78.7389	82.9527	47.8968	51.9636	114.608	111.41	130.254	110.163	107.965	121.874	
357	1	1	1	1	1	1	69.2431	74.38	69.7229	78.7365	82.9508	47.8911	51.9612	114.603	111.407	130.241	110.159	107.96	121.87	
358	1	1	1	1	1	1	69.2385	74.3753	69.7205	78.7341	82.9489	47.8852	51.9588	114.597	111.403	130.227	110.156	107.955	121.865	
359	1	1	1	1	1	1	69.2338	74.3706	69.7181	78.7317	82.947	47.8793	51.9564	114.592	111.399	130.213	110.152	107.951	121.861	
360	1	1	1	1	1	1	69.2291	74.3659	69.7157	78.7292	82.9451	47.8733	51.9539	114.586	111.395	130.198	110.148	107.946	121.856	
361	1	1	1	1	1	1	69.2243	74.3611	69.7132	78.7268	82.9431	47.8672	51.9514	114.581	111.391	130.184	110.145	107.941	121.852	
362	1	1	1	1	1	1	69.2195	74.3563	69.7107	78.7243	82.9411	47.8611	51.9489	114.575	111.387	130.169	110.141	107.936	121.847	
363	1	1	1	1	1	1	69.2146	74.3514	69.7082	78.7218	82.9391	47.8549	51.9463	114.57	111.383	130.155	110.137	107.931	121.842	
364	1	1	1	1	1	1	69.2096	74.3464	69.7057	78.7192	82.9371	47.8486	51.9438	114.564	111.379	130.14	110.133	107.926	121.838	
365	1	1	1	1	1	1	69.2046	74.3414	69.7031	78.7166	82.935	47.8423	51.9411	114.558	111.375	130.125	110.129	107.921	121.833	
366	1	1	1	1	1	1	69.1996	74.3363	69.7005	78.714	82.9329	47.8359	51.9385	114.552	111.37	130.11	110.125	107.916	121.828	
367	1	1	1	1	1	1	69.1945	74.3312	69.6979	78.7114	82.9308	47.8294	51.9358	114.546	111.366	130.094	110.121	107.911	121.823	
368	1	1	1	1	1	1	69.1893	74.326	69.6953	78.7087	82.9287	47.8228	51.9332	114.54	111.362	130.079	110.117	107.906	121.818	
369	1	1	1	1	1	1	69.1841	74.3207	69.6926	78.706	82.9266	47.8161	51.9304	114.534	111.358	130.063	110.113	107.901	121.813	
370	1	1	1	1	1	1	69.1789	74.3154	69.6899	78.7033	82.9244	47.8094	51.9277	114.528	111.353	130.047	110.109	107.895	121.808	
371	1	1	1	1	1	1	69.1735	74.3101	69.6872	78.7006	82.9222	47.8025	51.9249	114.521	111.349	130.031	110.105	107.89	121.803	
372	1	1	1	1	1	1	69.1682	74.3046	69.6844	78.6978	82.92	47.7956	51.9221	114.515	111.344	130.014	110.1	107.884	121.798	
373	1	1	1	1	1	1	69.1627	74.2991	69.6816	78.695	82.9177	47.7887	51.9192	114.509	111.34	129.998	110.096	107.879	121.792	
374	1	1	1	1	1	1	69.1572	74.2936	69.6788	78.6921	82.9154	47.7816	51.9164	114.502	111.335	129.981	110.092	107.873	121.787	
375	1	1	1	1	1	1	69.1516	74.2879	69.676	78.6893	82.9131	47.7744	51.9135	114.496	111.33	129.964	110.087	107.868	121.782	
376	1	1	1	1	1	1	69.146	74.2823	69.6731	78.6864	82.9108	47.7672	51.9105	114.489	111.326	129.947	110.083	107.862	121.776	
377	1	1	1	1	1	1	69.1403	74.2765	69.6702	78.6834	82.9085	47.7598	51.9075	114.482	111.321	129.93	110.078	107.856	121.771	
378	1	1	1	1	1	1	69.1346	74.2707	69.6673	78.6805	82.9061	47.7524	51.9045	114.476	111.316	129.913	110.074	107.85	121.765	
379	1	1	1	1	1	1	69.1288	74.2648	69.6643	78.6775	82.9037	47.7449	51.9015	114.469	111.311	129.895	110.069	107.845	121.76	
380	1	1	1	1	1	1	69.1229	74.2588	69.6614	78.6744	82.9013	47.7373	51.8984	114.462	111.306	129.877	110.065	107.839	121.754	
381	1	1	1	1	1	1	69.1169	74.2528	69.6583	78.6714	82.8988	47.7296	51.8953	114.455	111.301	129.859	110.06	107.833	121.748	
382	1	1	1	1	1	1	69.1109	74.2467	69.6553	78.6683	82.8963	47.7218	51.8922	114.448	111.296	129.841	110.055	107.826	121.742	
383	1	1	1	1	1	1	69.1049	74.2405	69.6522	78.6651	82.8938	47.7139	51.889	114.441	111.291	129.822	110.051	107.82	121.737	
384	1	1	1	1	1	1	69.0987	74.2343	69.6491	78.662	82.8912	47.7059	51.8858	114.433	111.286	129.804	110.046	107.814	121.731	
385	1	1	1	1	1	1	69.0925	74.228	69.646	78.6588	82.8887	47.6978	51.8826	114.426	111.281	129.785	110.041	107.808	121.725	
386	1	1	1	1	1	1	69.0862	74.2216	69.6428	78.6556	82.8861	47.6897	51.8793	114.419	111.276	129.766	110.036	107.801	121.718	
387	1	1	1	1	1	1	69.0799	74.2151	69.6396	78.6523	82.8834	47.6814	51.876	114.411	111.27	129.746	110.031	107.795	121.712	
388	1	1	1	1	1	1	69.0735	74.2086	69.6364	78.649	82.8808	47.673	51.8726	114.404	111.265	129.727	110.026	107.788	121.706	
389	1	1	1	1	1	1	69.067	74.202	69.6331	78.6456	82.8781	47.6645	51.8692	114.396	111.26	129.707	110.021	107.782	121.7	
390	1	1	1	1	1	1	69.0604	74.1953	69.6298	78.6423	82.8754	47.6559	51.8658	114.388	111.254	129.687	110.016	107.775	121.693	
391	1	1	1	1	1	1	69.0538	74.1885	69.6265	78.6389	82.8726	47.6472	51.8623	114.38	111.249	129.666	110.01	107.768	121.687	
392	1	1	1	1	1	1	69.0471	74.1817	69.6231	78.6354	82.8698	47.6384	51.8588	114.372	111.243	129.646	110.005	107.762	121.681	
393	1	1	1	1	1	1	69.0403	74.1747	69.6197	78.6319	82.867	47.6294	51.8553	114.364	111.237	129.625	110	107.755	121.674	
394	1	1	1	1	1	1	69.0334	74.1677	69.6163	78.6284	82.8641	47.6204	51.8517	114.356	111.231	129.604	109.995	107.748	121.667	
395	1	1	1	1	1	1	69.0265	74.1606	69.6128	78.6248	82.8612	47.6113	51.8481	114.348	111.226	129.583	109.989	107.741	121.661	
396	1	1	1	1	1	1	69.0195	74.1535	69.6093	78.6212	82.8583	47.602	51.8444	114.34	111.22	129.561	109.984	107.733	121.654	
397	1	1	1	1	1	1	69.0124	74.1462	69.6058	78.6176	82.8554	47.5926	51.8407	114.331	111.214	129.539	109.978	107.726	121.647	
398	1	1	1	1	1	1	69.0052	74.1388	69.6022	78.6139	82.8524	47.5831	51.837	114.323	111.208	129.517	109.972	107.719	121.64	
399	1	1	1	1	1	1	68.998	74.1314	69.5986	78.6102	82.8494	47.5735	51.8332	114.314	111.202	129.495	109.967	107.711	121.633	
400	1	1	1	1	1	1	68.9906	74.1239	69.595	78.6064	82.8463	47.5637	51.8293	114.305	111.195	129.472	109.961	107.704	121.626	
401	1	1	1	1	1	1	68.9832	74.1162	69.5913	78.6026	82.8432	47.5539	51.8255	114.296	111.189	129.45	109.955	107.696	121.618	
402	1	1	1	1	1	1	68.9757	74.1085	69.5876	78.5987	82.8401	47.5439	51.8215	114.288	111.183	129.427	109.949	107.689	121.611	
403	1	1	1	1	1	1	68.9681	74.1007	69.5838	78.5948	82.8369	47.5337	51.8176	114.279	111.176	129.403	109.943	107.681	121.604	
404	1	1	1	1	1	1	68.9605	74.0928	69.58	78.5909	82.8337	47.5235	51.8136	114.269	111.17	129.379	109.937	107.673	121.596	
405	1	1	1	1	1	1	68.9527	74.0848	69.5762	78.5869	82.8305	47.5131	51.8095	114.26	111.163	129.355	109.931	107.665	121.589	
406	1	1	1	1	1	1	68.9449	74.0767	69.5723	78.5829	82.8272	47.5026	51.8054	114.251	111.157	129.331	109.925	107.657	121.581	
407	1	1	1	1	1	1	68.9369	74.0685	69.5684	78.5788	82.8239	47.4919	51.8013	114.241	111.15	129.307	109.919	107.649	121.573	
408	1	1	1	1	1	1	68.9289	74.0602	69.5645	78.5747	82.8205	47.4811	51.7971	114.232	111.143	129.282	109.913	107.641	121.566	
409	1	1	1	1	1	1	68.9208	74.0518	69.5605	78.5706	82.8171	47.4702	51.7929	114.222	111.136	129.257	109.907	107.632	121.558	
410	1	1	1	1	1	1	68.9126	74.0434	69.5565	78.5664	82.8137	47.4591	51.7886	114.212	111.129	129.231	109.9	107.624	121.55	
411	1	1	1	1	1	1	68.9043	74.0348	69.5524	78.5621	82.8102	47.4479	51.7842	114.202	111.122	129.206	109.894	107.615	121.542	
412	1	1	1	1	1	1	68.8959	74.0261	69.5483	78.5578	82.8067	47.4365	51.7798	114.192	111.115	129.179	109.887	107.607	121.533	
413	1	1	1	1	1	1	68.8874	74.0172	69.5441	78.5535	82.8031	47.425	51.7754	114.182	111.108	129.153	109.881	107.598	121.525	
414	1	1	1	1	1	1	68.8788	74.0083	69.5399	78.5491	82.7995	47.4133	51.7709	114.172	111.101	129.126	109.874	107.589	121.517	
415	1	1	1	1	1	1	68.8701	73.9993	69.5357	78.5446	82.7959	47.4015	51.7664	114.161	111.093	129.099	109.867	107.58	121.508	
416	1	1	1	1	1	1	68.8613	73.9902	69.5314	78.5401	82.7922	47.3895	51.7618	114.151	111.086	129.072	109.86	107.571	121.5	
417	1	1	1	1	1	1	68.8524	73.9809	69.5271	78.5356	82.7884	47.3774	51.7572	114.14	111.078	129.044	109.853	107.562	121.491	
418	1	1	1	1	1	1	68.8434	73.9715	69.5228	78.531	82.7846	47.3651	51.7525	114.129	111.071	129.016	109.846	107.553	121.482	
419	1	1	1	1	1	1	68.8343	73.9621	69.5184	78.5263	82.7808	47.3526	51.7477	114.118	111.063	128.988	109.839	107.543	121.473	
420	1	1	1	1	1	1	68.8251	73.9525	69.5139	78.5216	82.777	47.34	51.7429	114.107	111.055	128.959	109.832	107.534	121.464	
421	1	1	1	1	1	1	68.8158	73.9427	69.5094	78.5169	82.773	47.3272	51.7381	114.096	111.047	128.93	109.825	107.524	121.455	
422	1	1	1	1	1	1	68.8064	73.9329	69.5049	78.5121	82.7691	47.3142	51.7331	114.085	111.039	128.9	109.818	107.515	121.446	
423	1	1	1	1	1	1	68.7969	73.9229	69.5003	78.5072	82.7651	47.3011	51.7282	114.073	111.031	128.871	109.81	107.505	121.437	
424	1	1	1	1	1	1	68.7873	73.9129	69.4957	78.5023	82.761	47.2878	51.7232	114.061	111.023	128.84	109.803	107.495	121.427	
425	1	1	1	1	1	1	68.7775	73.9026	69.491	78.4973	82.7569	47.2743	51.7181	114.05	111.015	128.81	109.795	107.485	121.418	
426	1	1	1	1	1	1	68.7677	73.8923	69.4863	78.4923	82.7527	47.2606	51.7129	114.038	111.006	128.779	109.788	107.474	121.408	
427	1	1	1	1	1	1	68.7577	73.8818	69.4816	78.4872	82.7485	47.2467	51.7077	114.026	110.998	128.747	109.78	107.464	121.398	
428	1	1	1	1	1	1	68.7476	73.8712	69.4767	78.4821	82.7443	47.2327	51.7025	114.013	110.989	128.716	109.772	107.454	121.388	
429	1	1	1	1	1	1	68.7374	73.8605	69.4719	78.4769	82.74	47.2184	51.6971	114.001	110.98	128.683	109.764	107.443	121.378	
430	1	1	1	1	1	1	68.7271	73.8496	69.467	78.4716	82.7356	47.204	51.6918	113.988	110.972	128.651	109.756	107.432	121.368	
431	1	1	1	1	1	1	68.7166	73.8386	69.462	78.4663	82.7312	47.1893	51.6863	113.976	110.963	128.618	109.748	107.422	121.358	
432	1	1	1	1	1	1	68.7061	73.8274	69.457	78.4609	82.7267	47.1745	51.6808	113.963	110.954	128.584	109.74	107.411	121.347	
433	1	1	1	1	1	1	68.6954	73.8162	69.452	78.4555	82.7222	47.1594	51.6752	113.95	110.944	128.55	109.732	107.399	121.337	
434	1	1	1	1	1	1	68.6846	73.8047	69.4469	78.45	82.7176	47.1442	51.6696	113.937	110.935	128.516	109.724	107.388	121.326	
435	1	1	1	1	1	1	68.6736	73.7931	69.4417	78.4444	82.713	47.1287	51.6639	113.923	110.926	128.481	109.715	107.377	121.316	
436	1	1	1	1	1	1	68.6625	73.7814	69.4365	78.4388	82.7083	47.113	51.6581	113.91	110.916	128.446	109.707	107.365	121.305	
437	1	1	1	1	1	1	68.6513	73.7695	69.4313	78.4331	82.7035	47.0971	51.6523	113.896	110.907	128.411	109.698	107.354	121.294	
438	1	1	1	1	1	1	68.64	73.7575	69.426	78.4273	82.6987	47.081	51.6464	113.882	110.897	128.375	109.689	107.342	121.282	
439	1	1	1	1	1	1	68.6285	73.7453	69.4206	78.4215	82.6938	47.0646	51.6404	113.868	110.887	128.338	109.681	107.33	121.271	
440	1	1	1	1	1	1	68.6169	73.7329	69.4152	78.4156	82.6889	47.048	51.6343	113.854	110.877	128.301	109.672	107.318	121.26	
441	1	1	1	1	1	1	68.6052	73.7204	69.4097	78.4097	82.6839	47.0312	51.6282	113.84	110.867	128.263	109.663	107.305	121.248	
442	1	1	1	1	1	1	68.5933	73.7077	69.4042	78.4036	82.6789	47.0142	51.622	113.825	110.856	128.225	109.654	107.293	121.236	
443	1	1	1	1	1	1	68.5813	73.6949	69.3986	78.3975	82.6738	46.9969	51.6158	113.81	110.846	128.187	109.644	107.28	121.224	
444	1	1	1	1	1	1	68.5691	73.6819	69.393	78.3914	82.6686	46.9793	51.6094	113.795	110.836	128.148	109.635	107.268	121.212	
445	1	1	1	1	1	1	68.5568	73.6687	69.3873	78.3851	82.6633	46.9615	51.603	113.78	110.825	128.108	109.626	107.255	121.2	
446	1	1	1	1	1	1	68.5443	73.6553	69.3816	78.3788	82.658	46.9435	51.5965	113.765	110.814	128.068	109.616	107.242	121.188	
447	1	1	1	1	1	1	68.5317	73.6418	69.3758	78.3724	82.6526	46.9252	51.59	113.749	110.803	128.028	109.607	107.228	121.175	
448	1	1	1	1	1	1	68.5189	73.6281	69.37	78.366	82.6472	46.9066	51.5833	113.734	110.792	127.987	109.597	107.215	121.163	
449	1	1	1	1	1	1	68.506	73.6142	69.3641	78.3594	82.6417	46.8877	51.5766	113.718	110.781	127.945	109.587	107.201	121.15	
450	1	1	1	1	1	1	68.4929	73.6001	69.3581	78.3528	82.6361	46.8686	51.5698	113.701	110.77	127.903	109.577	107.188	121.137	
451	1	1	1	1	1	1	68.4797	73.5859	69.3521	78.3461	82.6305	46.8492	51.5629	113.685	110.758	127.86	109.567	107.174	121.124	
452	1	1	1	1	1	1	68.4663	73.5714	69.346	78.3394	82.6247	46.8295	51.556	113.669	110.746	127.817	109.557	107.16	121.111	
453	1	1	1	1	1	1	68.4527	73.5568	69.3399	78.3325	82.619	46.8096	51.5489	113.652	110.735	127.773	109.547	107.145	121.097	
454	1	1	1	1	1	1	68.439	73.5419	69.3337	78.3256	82.6131	46.7893	51.5418	113.635	110.723	127.728	109.536	107.131	121.084	
455	1	1	1	1	1	1	68.4251	73.5269	69.3274	78.3186	82.6071	46.7687	51.5346	113.617	110.711	127.683	109.526	107.116	121.07	
456	1	1	1	1	1	1	68.411	73.5116	69.3211	78.3115	82.6011	46.7479	51.5273	113.6	110.698	127.637	109.515	107.101	121.056	
457	1	1	1	1	1	1	68.3968	73.4962	69.3148	78.3043	82.595	46.7267	51.5199	113.582	110.686	127.591	109.504	107.086	121.042	
458	1	1	1	1	1	1	68.3824	73.4805	69.3083	78.297	82.5889	46.7052	51.5124	113.564	110.673	127.544	109.493	107.071	121.027	
459	1	1	1	1	1	1	68.3678	73.4646	69.3018	78.2897	82.5826	46.6834	51.5048	113.546	110.66	127.496	109.482	107.056	121.013	
460	1	1	1	1	1	1	68.353	73.4485	69.2953	78.2823	82.5763	46.6612	51.4972	113.528	110.648	127.447	109.471	107.04	120.998	
461	1	1	1	1	1	1	68.3381	73.4322	69.2887	78.2748	82.5699	46.6387	51.4894	113.509	110.634	127.398	109.46	107.024	120.983	
462	1	1	1	1	1	1	68.3229	73.4157	69.282	78.2671	82.5634	46.6159	51.4816	113.49	110.621	127.349	109.449	107.008	120.968	
463	1	1	1	1	1	1	68.3076	73.3989	69.2752	78.2594	82.5568	46.5927	51.4737	113.471	110.608	127.298	109.437	106.992	120.953	
464	1	1	1	1	1	1	68.2921	73.3819	69.2684	78.2517	82.5502	46.5692	51.4656	113.451	110.594	127.247	109.426	106.975	120.938	
465	1	1	1	1	1	1	68.2764	73.3647	69.2616	78.2438	82.5434	46.5453	51.4575	113.431	110.58	127.195	109.414	106.959	120.922	
466	1	1	1	1	1	1	68.2605	73.3473	69.2546	78.2358	82.5366	46.5211	51.4493	113.411	110.566	127.143	109.402	106.942	120.906	
467	1	1	1	1	1	1	68.2444	73.3295	69.2476	78.2277	82.5297	46.4965	51.441	113.391	110.552	127.089	109.39	106.924	120.89	
468	1	1	1	1	1	1	68.2281	73.3116	69.2406	78.2196	82.5227	46.4714	51.4325	113.371	110.538	127.035	109.378	106.907	120.874	
469	1	1	1	1	1	1	68.2115	73.2934	69.2335	78.2113	82.5156	46.446	51.424	113.35	110.523	126.98	109.366	106.889	120.857	
470	1	1	1	1	1	1	68.1948	73.2749	69.2263	78.2029	82.5084	46.4203	51.4154	113.329	110.508	126.925	109.353	106.872	120.841	
471	1	1	1	1	1	1	68.1779	73.2562	69.219	78.1945	82.5011	46.3941	51.4067	113.307	110.493	126.868	109.341	106.853	120.824	
472	1	1	1	1	1	1	68.1607	73.2372	69.2117	78.1859	82.4937	46.3674	51.3978	113.285	110.478	126.811	109.328	106.835	120.806	
473	1	1	1	1	1	1	68.1434	73.218	69.2043	78.1772	82.4862	46.3404	51.3889	113.263	110.463	126.753	109.315	106.817	120.789	
474	1	1	1	1	1	1	68.1258	73.1984	69.1968	78.1685	82.4787	46.313	51.3798	113.241	110.447	126.694	109.302	106.798	120.772	
475	1	1	1	1	1	1	68.108	73.1786	69.1893	78.1596	82.471	46.2851	51.3706	113.218	110.431	126.634	109.289	106.779	120.754	
476	1	1	1	1	1	1	68.0899	73.1585	69.1817	78.1506	82.4632	46.2567	51.3614	113.195	110.415	126.574	109.276	106.759	120.736	
477	1	1	1	1	1	1	68.0716	73.1381	69.174	78.1415	82.4553	46.2279	51.352	113.172	110.399	126.512	109.262	106.74	120.717	
478	1	1	1	1	1	1	68.0531	73.1175	69.1663	78.1323	82.4474	46.1987	51.3425	113.148	110.383	126.449	109.249	106.72	120.699	
479	1	1	1	1	1	1	68.0344	73.0965	69.1585	78.123	82.4393	46.1689	51.3329	113.124	110.366	126.386	109.235	106.7	120.68	
480	1	1	1	1	1	1	68.0154	73.0752	69.1506	78.1135	82.4311	46.1387	51.3231	113.1	110.349	126.322	109.221	106.679	120.661	
481	1	1	1	1	1	1	67.9962	73.0537	69.1427	78.104	82.4228	46.108	51.3133	113.075	110.332	126.256	109.207	106.658	120.642	
482	1	1	1	1	1	1	67.9767	73.0318	69.1346	78.0943	82.4144	46.0768	51.3033	113.05	110.314	126.19	109.193	106.637	120.622	
483	1	1	1	1	1	1	67.9569	73.0096	69.1266	78.0845	82.4059	46.0451	51.2932	113.025	110.297	126.123	109.179	106.616	120.602	
484	1	1	1	1	1	1	67.9369	72.987	69.1184	78.0746	82.3973	46.0128	51.283	112.999	110.279	126.054	109.164	106.594	120.582	
485	1	1	1	1	1	1	67.9167	72.9642	69.1102	78.0646	82.3885	45.98	51.2726	112.973	110.261	125.985	109.149	106.572	120.562	
486	1	1	1	1	1	1	67.8961	72.941	69.1019	78.0545	82.3797	45.9467	51.2621	112.946	110.242	125.915	109.135	106.55	120.541	
487	1	1	1	1	1	1	67.8753	72.9174	69.0935	78.0442	82.3707	45.9128	51.2515	112.919	110.223	125.843	109.12	106.528	120.52	
488	1	1	1	1	1	1	67.8543	72.8935	69.0851	78.0338	82.3616	45.8783	51.2408	112.892	110.204	125.77	109.105	106.505	120.499	
489	1	1	1	1	1	1	67.8329	72.8693	69.0766	78.0233	82.3524	45.8433	51.2299	112.864	110.185	125.697	109.089	106.482	120.478	
490	1	1	1	1	1	1	67.8112	72.8446	69.068	78.0126	82.343	45.8076	51.2189	112.836	110.166	125.622	109.074	106.458	120.456	
491	1	1	1	1	1	1	67.7893	72.8197	69.0593	78.0018	82.3336	45.7714	51.2078	112.807	110.146	125.545	109.058	106.434	120.434	
492	1	1	1	1	1	1	67.7671	72.7943	69.0506	77.9909	82.324	45.7345	51.1965	112.778	110.126	125.468	109.042	106.41	120.411	
493	1	1	1	1	1	1	68.0748	73.1289	69.3723	78.3051	82.6753	46.0337	51.5528	112.779	110.142	125.385	109.066	106.432	120.398	
494	1	1	1	1	1	1	68.0507	73.1021	69.3626	78.2927	82.6645	45.9961	51.5393	112.746	110.119	125.308	109.047	106.405	120.373	
495	1	1	1	1	1	1	68.0269	73.0753	69.3532	78.2808	82.654	45.957	51.5271	112.715	110.098	125.227	109.03	106.38	120.35	
496	1	1	1	1	1	1	68.003	73.0479	69.3437	78.2689	82.6434	45.9172	51.5147	112.684	110.076	125.145	109.014	106.354	120.326	
497	1	1	1	1	1	1	67.9788	73.0201	69.3342	78.2568	82.6327	45.8765	51.5022	112.652	110.055	125.062	108.997	106.328	120.302	
498	1	1	1	1	1	1	67.9542	72.9919	69.3246	78.2446	82.6218	45.8352	51.4895	112.62	110.032	124.977	108.98	106.301	120.278	
499	1	1	1	1	1	1	67.9293	72.9632	69.315	78.2322	82.6108	45.7931	51.4766	112.588	110.01	124.891	108.963	106.274	120.253	
500	1	1	1	1	1	1	67.904	72.9341	69.3052	78.2197	82.5997	45.7502	51.4635	112.555	109.987	124.803	108.945	106.247	120.228	
501	1	1	1	1	1	1	67.8784	72.9045	69.2954	78.207	82.5884	45.7066	51.4503	112.522	109.964	124.714	108.928	106.219	120.202	
502	1	1	1	1	1	1	67.8525	72.8745	69.2855	78.1941	82.5769	45.6622	51.437	112.488	109.941	124.623	108.91	106.191	120.177	
503	1	1	1	1	1	1	67.8262	72.844	69.2756	78.1811	82.5653	45.617	51.4235	112.453	109.917	124.531	108.892	106.163	120.151	
504	1	1	1	1	1	1	67.7995	72.8131	69.2655	78.168	82.5535	45.5709	51.4098	112.418	109.893	124.437	108.874	106.134	120.124	
505	1	1	1	1	1	1	67.7724	72.7816	69.2554	78.1546	82.5416	45.5241	51.3959	112.382	109.868	124.342	108.856	106.104	120.097	
506	1	1	1	1	1	1	67.745	72.7497	69.2452	78.1411	82.5295	45.4763	51.3819	112.346	109.843	124.245	108.838	106.075	120.07	
507	1	1	1	1	1	1	67.7171	72.7173	69.235	78.1274	82.5173	45.4277	51.3677	112.309	109.818	124.146	108.819	106.044	120.042	
508	1	1	1	1	1	1	67.6889	72.6843	69.2246	78.1136	82.5049	45.3782	51.3534	112.272	109.792	124.046	108.8	106.014	120.014	
509	1	1	1	1	1	1	67.6603	72.6509	69.2142	78.0995	82.4923	45.3277	51.3388	112.234	109.766	123.944	108.781	105.983	119.986	
510	1	1	1	1	1	1	67.6312	72.6169	69.2037	78.0853	82.4795	45.2764	51.3241	112.195	109.74	123.84	108.762	105.951	119.957	
511	1	1	1	1	1	1	67.6017	72.5823	69.1932	78.0709	82.4666	45.224	51.3092	112.156	109.713	123.734	108.743	105.919	119.928	
512	1	1	1	1	1	1	67.5718	72.5473	69.1826	78.0563	82.4536	45.1706	51.2942	112.116	109.685	123.627	108.723	105.886	119.898	
513	1	1	1	1	1	1	67.5415	72.5116	69.1719	78.0416	82.4403	45.1162	51.2789	112.075	109.657	123.517	108.704	105.853	119.868	
514	1	1	1	1	1	1	67.5107	72.4754	69.1611	78.0266	82.4269	45.0608	51.2635	112.033	109.629	123.406	108.684	105.82	119.837	
515	1	1	1	1	1	1	67.4795	72.4386	69.1503	78.0115	82.4133	45.0043	51.2479	111.991	109.6	123.292	108.664	105.785	119.807	
516	1	1	1	1	1	1	67.4478	72.4012	69.1394	77.9961	82.3995	44.9467	51.2321	111.949	109.571	123.176	108.644	105.751	119.775	
517	1	1	1	1	1	1	67.4156	72.3632	69.1285	77.9806	82.3856	44.888	51.2162	111.905	109.541	123.059	108.623	105.716	119.743	
518	1	1	1	1	1	1	67.3829	72.3246	69.1175	77.9648	82.3715	44.8281	51.2	111.861	109.511	122.939	108.603	105.68	119.711	
519	1	1	1	1	1	1	67.3498	72.2854	69.1064	77.9489	82.3571	44.767	51.1837	111.816	109.481	122.816	108.582	105.644	119.678	
520	1	1	1	1	1	1	67.3161	72.2455	69.0953	77.9327	82.3427	44.7047	51.1672	111.77	109.449	122.692	108.561	105.607	119.645	
521	1	1	1	1	1	1	67.2819	72.2049	69.0841	77.9164	82.328	44.6412	51.1505	111.723	109.418	122.565	108.54	105.569	119.611	
522	1	1	1	1	1	1	67.2472	72.1637	69.0728	77.8998	82.3131	44.5763	51.1336	111.675	109.385	122.435	108.519	105.531	119.577	
523	1	1	1	1	1	1	67.212	72.1219	69.0615	77.8831	82.2981	44.5102	51.1165	111.627	109.353	122.303	108.497	105.493	119.542	
524	1	1	1	1	1	1	67.1762	72.0793	69.0502	77.8661	82.2828	44.4427	51.0993	111.578	109.319	122.169	108.476	105.454	119.507	
525	1	1	1	1	1	1	67.1398	72.0361	69.0388	77.8488	82.2674	44.3738	51.0818	111.527	109.285	122.032	108.454	105.414	119.471	
526	1	1	1	1	1	1	67.1029	71.9921	69.0274	77.8314	82.2518	44.3034	51.0642	111.476	109.251	121.892	108.432	105.373	119.435	
527	1	1	1	1	1	1	67.0654	71.9474	69.0159	77.8137	82.236	44.2316	51.0464	111.424	109.216	121.749	108.41	105.332	119.398	
528	1	1	1	1	1	1	67.0272	71.902	69.0044	77.7959	82.22	44.1583	51.0284	111.371	109.18	121.604	108.388	105.29	119.361	
529	1	1	1	1	1	1	66.9885	71.8558	68.9929	77.7777	82.2038	44.0834	51.0102	111.317	109.144	121.455	108.366	105.248	119.323	
530	1	1	1	1	1	1	66.9491	71.8088	68.9814	77.7594	82.1874	44.0069	50.9918	111.262	109.107	121.303	108.344	105.205	119.284	
531	1	1	1	1	1	1	66.9091	71.7611	68.9698	77.7408	82.1709	43.9288	50.9732	111.206	109.069	121.148	108.321	105.161	119.245	
532	1	1	1	1	1	1	66.8684	71.7126	68.9582	77.722	82.1541	43.8489	50.9545	111.148	109.031	120.99	108.299	105.117	119.206	
533	1	1	1	1	1	1	66.827	71.6633	68.9466	77.7029	82.1372	43.7673	50.9356	111.09	108.992	120.828	108.276	105.071	119.165	
534	1	1	1	1	1	1	66.785	71.6131	68.935	77.6836	82.1201	43.6839	50.9165	111.03	108.952	120.663	108.253	105.026	119.125	
535	1	1	1	1	1	1	66.7422	71.5621	68.9234	77.6641	82.1027	43.5987	50.8973	110.97	108.912	120.494	108.231	104.979	119.083	
536	1	1	1	1	1	1	66.6987	71.5103	68.9118	77.6443	82.0853	43.5115	50.8779	110.908	108.871	120.322	108.208	104.932	119.041	
537	1	1	1	1	1	1	66.6544	71.4577	68.9002	77.6242	82.0676	43.4224	50.8583	110.844	108.829	120.145	108.185	104.883	118.999	
538	1	1	1	1	1	1	66.6093	71.4041	68.8886	77.6039	82.0497	43.3312	50.8386	110.78	108.786	119.965	108.162	104.834	118.955	
539	1	1	1	1	1	1	66.5634	71.3497	68.877	77.5833	82.0317	43.2379	50.8188	110.714	108.743	119.78	108.139	104.785	118.912	
540	1	1	1	1	1	1	66.5167	71.2943	68.8655	77.5625	82.0135	43.1424	50.7988	110.647	108.698	119.591	108.116	104.734	118.867	
541	1	1	1	1	1	1	66.4692	71.2381	68.8541	77.5414	81.9952	43.0447	50.7786	110.578	108.653	119.398	108.093	104.683	118.822	
542	1	1	1	1	1	1	66.4207	71.181	68.8427	77.5201	81.9767	42.9446	50.7584	110.508	108.607	119.199	108.07	104.631	118.776	
543	1	1	1	1	1	1	66.3714	71.1229	68.8313	77.4985	81.958	42.8422	50.738	110.436	108.56	118.996	108.048	104.578	118.73	
544	1	1	1	1	1	1	66.3211	71.0638	68.82	77.4766	81.9392	42.7373	50.7176	110.363	108.512	118.788	108.025	104.524	118.683	
545	1	1	1	1	1	1	66.2699	71.0039	68.8089	77.4544	81.9203	42.6297	50.6971	110.288	108.464	118.575	108.002	104.469	118.635	
546	1	1	1	1	1	1	65.5738	70.6008	68.2637	77.129	82.0174	43.965	50.9136	110.24	107.606	124.829	106.656	103.663	114.574	
547	1	1	1	1	1	1	65.8532	71.0682	68.5062	77.1965	81.9007	43.3365	50.8292	110.282	108.136	120.698	107.362	104.026	117.202	
548	1	1	1	1	1	1	65.9816	70.9031	68.6684	77.2857	81.861	42.8181	50.6975	110.156	108.261	119.023	107.663	104.158	118.014	
549	1	1	1	1	1	1	66.0042	70.7797	68.7259	77.3175	81.8327	42.4572	50.6258	110.031	108.253	118.191	107.781	104.178	118.264	
550	1	1	1	1	1	1	65.2858	70.2857	68.1725	76.9982	81.9512	43.722	50.8734	109.956	107.37	124.428	106.438	103.365	114.09	
551	1	1	1	1	1	1	65.5924	70.8103	68.4337	77.0764	81.8177	43.0122	50.7523	109.984	107.907	120.103	107.178	103.739	116.835	
552	1	1	1	1	1	1	65.7334	70.6407	68.611	77.1747	81.7761	42.4355	50.6116	109.842	108.039	118.268	107.515	103.887	117.723	
553	1	1	1	1	1	1	65.7607	70.5101	68.6773	77.2123	81.7478	42.0257	50.536	109.7	108.031	117.322	107.658	103.916	118.013	
554	1	1	1	1	1	1	64.9742	69.9539	68.078	76.8633	81.8773	43.4345	50.8097	109.622	107.116	123.827	106.262	103.063	113.629	
555	1	1	1	1	1	1	65.3105	70.5344	68.3638	76.9542	81.7341	42.6168	50.67	109.648	107.658	119.376	107.006	103.434	116.456	
556	1	1	1	1	1	1	65.4621	70.3603	68.5561	77.0595	81.6902	41.9945	50.5223	109.492	107.797	117.406	107.371	103.595	117.413	
557	1	1	1	1	1	1	64.7051	69.6392	68.0079	76.7507	81.8398	43.2293	50.8087	109.383	106.892	123.624	106.027	102.771	113.077	
558	1	1	1	1	1	1	65.069	70.3057	68.3042	76.8466	81.6687	42.3629	50.6164	109.393	107.45	118.931	106.826	103.167	116.077	
559	1	1	1	1	1	1	65.2361	70.1329	68.5129	76.9627	81.6216	41.6795	50.4561	109.217	107.6	116.783	107.236	103.349	117.131	
560	1	1	1	1	1	1	64.4302	69.3393	67.9368	76.6377	81.7842	42.9955	50.7665	109.1	106.673	123.146	105.865	102.503	112.645	
561	1	1	1	1	1	1	65.2717	70.6098	67.1808	76.6127	80.9418	40.8971	46.469	108.45	106.4	117.278	105.546	102.359	114.876	
562	1	1	1	1	1	1	64.9021	70.3399	67.787	76.7029	81.0973	41.1455	48.8131	108.742	107.157	115.492	106.729	103.03	116.404	
563	1	1	1	1	1	1	64.1257	69.1962	67.5462	76.4101	81.4962	42.7442	49.9929	108.746	106.356	122.342	105.54	102.212	112.091	
564	1	1	1	1	1	1	64.5553	69.9351	68.0503	76.5845	81.4291	41.6754	50.1253	108.8	106.985	117.542	106.455	102.624	115.286	
565	1	1	1	1	1	1	64.7491	69.72	68.3657	76.7388	81.4355	40.9103	50.1213	108.606	107.166	115.198	106.968	102.833	116.506	
566	1	1	1	1	1	1	63.8263	68.7074	67.7599	76.3782	81.6459	42.489	50.5754	108.47	106.194	121.97	105.534	101.921	111.702	
567	1	1	1	1	1	1	64.7916	70.175	66.9791	76.3571	80.7351	40.097	46.049	107.806	105.869	115.791	105.14	101.773	114.047	
568	1	1	1	1	1	1	64.3807	69.9104	67.605	76.4528	80.878	40.2717	48.4477	108.055	106.657	113.742	106.425	102.474	115.703	
569	1	1	1	1	1	1	63.476	68.5262	67.3271	76.1158	81.3203	42.1883	49.7384	108.044	105.816	121.014	105.179	101.587	111.055	
570	1	1	1	1	1	1	63.9577	69.4187	67.9078	76.3301	81.2587	40.8561	49.8862	108.097	106.46	115.977	106.118	101.99	114.423	
571	1	1	1	1	1	1	64.1642	69.2044	68.276	76.5087	81.2788	39.9955	49.9042	107.866	106.66	113.349	106.707	102.23	115.804	
572	1	1	1	1	1	1	63.8083	68.8872	66.4844	75.9072	80.6919	40.3591	46.0594	107.095	104.706	119.436	103.83	100.665	109.836	
573	1	1	1	1	1	1	63.6032	69.6523	67.1928	76.0325	80.7022	40.1027	48.3286	107.537	105.904	114.513	105.529	101.585	113.474	
574	1	1	1	1	1	1	63.8499	69.2736	67.8638	76.2804	80.9386	39.3386	49.0446	107.415	106.284	111.963	106.411	101.932	115.112	
575	1	1	1	1	1	1	62.7353	67.6381	67.3473	75.8689	81.3097	41.5826	49.9771	107.28	105.283	119.547	104.95	100.904	109.887	
576	1	1	1	1	1	1	63.2436	68.7729	67.9046	76.0957	81.1774	39.8952	49.8907	107.269	105.877	114.146	105.827	101.263	113.44	
577	1	1	1	1	1	1	64.2548	69.5334	67.0377	76.0782	80.3086	37.3707	45.2475	106.428	105.163	109.736	105.137	101.074	114.063	
578	1	1	1	1	1	1	62.3246	67.5873	66.5614	75.4754	80.68	41.0124	48.2051	106.544	104.583	118.213	104.281	100.401	109.033	
579	1	1	1	1	1	1	62.8277	68.6895	67.4277	75.7982	80.7803	39.2028	49.0027	106.7	105.391	112.754	105.424	100.856	112.666	
580	1	1	1	1	1	1	63.058	68.4513	68.0117	76.052	80.9261	38.2084	49.2915	106.444	105.678	109.645	106.246	101.167	114.364	
581	1	1	1	1	1	1	61.7201	66.6061	67.3221	75.5727	81.2568	40.9239	49.9732	106.221	104.573	117.584	104.631	100.038	108.501	
582	1	1	1	1	1	1	63.1258	68.8383	66.4886	75.5528	80.1717	37.3657	44.9436	105.64	104.088	110.387	104.035	99.9071	111.198	
583	1	1	1	1	1	1	61.3379	66.2709	66.3457	75.1128	80.5795	40.4821	48.0036	105.735	103.709	117.725	103.372	99.3291	106.385	
584	1	1	1	1	1	1	61.8949	67.9955	67.2412	75.4276	80.5993	38.4824	48.6885	105.848	104.609	111.478	104.722	99.855	110.745	
585	1	1	1	1	1	1	62.1512	67.8767	67.9266	75.737	80.7642	37.299	48.9818	105.504	104.967	107.726	105.76	100.271	112.899	
586	1	1	1	1	1	1	63.3045	65.9277	67.8027	76.0346	81.7843	41.8541	47.2436	106.301	104.34	116.328	104.484	100.165	107.04	
587	1	1	1	1	1	1	62.5434	67.5167	67.8587	75.9056	81.1086	38.7352	48.3463	105.855	104.775	109.716	105.23	100.264	110.622	
588	1	1	1	1	1	1	61.8179	65.4858	65.9	75.0384	80.2684	38.905	44.6881	104.768	102.452	115.073	102.054	98.3307	103.63	
589	1	1	1	1	1	1	61.4365	67.8348	66.5796	75.0511	80.0641	37.2902	47.0163	105.014	103.669	108.51	103.996	99.1349	108.372	
590	1	1	1	1	1	1	61.6113	67.7798	67.4701	75.3541	80.3646	35.9268	47.8887	104.608	104.135	104.416	105.375	99.5975	110.867	
591	1	1	1	1	1	1	59.8828	64.3604	66.9232	74.8161	80.8402	39.7309	49.0751	104.117	102.904	112.957	103.744	98.2478	104.113	
592	1	1	1	1	1	1	63.0901	67.2326	68.1991	75.9796	81.4734	37.9463	46.3146	105.177	103.923	106.611	105.109	99.7266	108.834	
593	1	1	1	1	1	1	60.3377	62.9715	67.2773	75.1198	81.3189	40.7657	48.2937	104.292	102.691	113.627	103.346	98.2188	101.506	
594	1	1	1	1	1	1	61.4528	66.9266	66.1393	74.826	79.8226	35.0251	43.6103	103.486	101.916	104.236	102.725	97.8109	105.314	
595	1	1	1	1	1	1	59.1589	62.4257	65.9811	74.2209	80.1694	39.2102	46.9426	103.168	101.36	111.989	102.016	96.8871	98.6245	
596	1	1	1	1	1	1	59.5014	66.2098	67.0008	74.5137	80.2028	35.3594	47.7239	102.984	102.16	104.043	103.434	97.2026	104.156	
597	1	1	1	1	1	1	60.8914	61.2773	67.5102	75.1431	81.5433	40.558	46.2524	103.844	101.592	111.84	102.526	97.2853	96.7167	
598	1	1	1	1	1	1	59.9765	65.5287	67.7057	74.9457	80.8306	35.9102	47.3402	103.07	102.085	103.033	103.569	97.2944	102.197	
599	1	1	1	1	1	1	58.8436	66.9211	65.5471	73.9783	79.395	37.1026	42.4819	103.388	101.424	111.034	81.8161	96.6606	103.345	
600	1	1	1	1	1	1	58.4319	66.9707	66.2299	73.8269	79.5586	34.9719	46.2288	102.77	102.12	102.749	92.9126	96.6586	105.348	
601	1	1	1	1	1	1	59.8927	61.3847	66.8258	74.4136	80.8771	40.209	45.0097	103.202	100.991	110.18	96.3537	96.141	96.5335	
602	1	1	1	1	1	1	59.1071	65.5147	67.6566	74.639	80.7341	35.1763	46.8429	102.13	101.328	100.569	99.7652	95.9216	101.035	
603	1	1	1	1	1	1	55.31	65.0229	67.1606	74.5451	80.9293	39.1766	46.7203	80.6781	101.4	107.277	102.158	94.3358	103.247	
604	1	1	1	1	1	1	57.8652	66.7491	66.072	73.5089	79.2166	31.1942	43.0391	87.8761	99.9344	94.8658	102.457	93.9824	103.815	
605	1	1	1	1	1	1	55.0182	60.1889	66.2251	73.0823	79.7262	37.4872	45.953	89.9328	98.5212	102.519	101.675	92.4287	93.2241	
606	1	1	1	1	1	1	57.6123	64.8733	67.6936	73.9368	80.5894	32.2185	44.0435	93.2993	98.884	92.2526	103.533	93.6458	97.6951	
607	1	1	1	1	1	1	53.8891	64.9278	67.3549	73.2591	80.2226	38.0454	44.2499	93.8448	99.2468	102.11	82.6253	92.4547	97.7911	
608	1	1	1	1	1	1	53.1851	64.8384	67.5148	74.623	81.5218	29.2238	46.699	94.7513	99.3388	89.2882	91.9864	92.4397	97.895	
609	1	1	1	1	1	1	52.6666	64.0873	66.9182	72.7501	80.2145	36.5384	45.7344	92.1913	89.7592	96.9277	96.1479	89.6833	96.3005	
610	1	1	1	1	1	1	54.4494	66.3619	66.8641	72.8638	79.385	26.5418	42.6951	92.0088	91.3295	81.77	97.7179	88.6826	96.0362	
611	1	1	1	1	1	1	53.4689	66.3391	67.0169	72.4261	79.728	36.587	38.6083	93.3339	93.6027	94.698	76.8544	87.5258	94.2151	
612	1	1	1	1	1	1	51.8616	66.6604	68.3701	72.4588	80.1492	27.96	44.76	89.1823	95.3237	80.7565	87.2023	86.1944	93.2259	
613	1	1	1	1	1	1	49.8035	65.54	68.8055	71.2995	80.0877	34.1765	43.9672	85.9823	87.673	87.5798	89.1798	84.0846	89.2568	
614	1	1	1	1	1	1	51.8718	51.2713	69.275	72.7794	80.9764	38.4712	42.681	85.3739	91.1631	91.2404	87.3245	82.9033	70.0194	
615	1	1	1	1	1	1	51.9701	61.141	69.2098	71.4763	78.4879	24.1337	40.143	82.0298	91.2429	72.3034	83.4331	81.4537	78.5111	
616	1	1	1	1	1	1	51.4293	59.5624	66.0477	69.0926	75.2025	34.1619	39.7024	78.1266	85.8796	83.1699	80.568	78.0475	76.385	
617	1	1	1	1	1	1	48.61	62.9059	67.981	68.9365	75.8167	34.5613	39.9301	73.3829	85.975	82.794	78.1179	78.6099	78.1731	
618	1	1	1	1	1	1	50.8117	58.148	68.8546	68.8298	75.6689	37.5227	37.3865	72.7493	86.247	84.4118	73.5869	78.8936	73.2424	
619	1	1	1	1	1	1	52.1929	61.7597	68.8557	67.5585	76.0233	39.1778	37.8215	72.3464	85.9887	85.0019	70.5416	78.4454	75.77	
620	1	1	1	1	1	1	51.3232	63.7862	68.2637	65.1163	72.2922	36.676	35.5663	70.1074	83.811	81.6976	65.1447	77.3878	76.6478	
621	1	1	1	1	1	1	47.0856	64.6961	69.3314	64.8439	73.9439	35.4079	38.9502	65.7872	84.3308	80.2098	65.9309	78.3951	77.1234	
622	1	1	1	1	1	1	49.537	66.0725	69.7221	64.034	74.6957	37.3628	38.146	67.3811	83.7688	81.4148	63.0498	78.4569	77.8391	
623	1	1	1	1	1	1	45.7832	65.5669	71.921	63.434	76.0337	34.7867	40.1973	63.5418	83.2341	78.8112	63.5848	80.434	77.1049	
624	1	1	1	1	1	1	47.8045	63.2308	71.0736	63.2164	74.653	35.289	40.4086	64.8027	82.5786	78.7632	62.7039	79.4319	74.6034	
625	1	1	1	1	1	1	45.7465	64.9181	71.757	61.1592	70.3077	32.0559	35.1929	62.0173	80.3955	75.06	56.5363	79.5642	75.3296	
626	1	1	1	1	1	1	41.5974	64.4012	75.1948	60.4052	72.1322	28.5536	36.1364	57.5733	79.7936	71.4753	56.7749	82.5241	74.3484	
627	1	1	1	1	1	1	43.615	63.7522	69.7304	65.0479	70.8604	27.796	36.0472	58.6234	85.7816	70.4422	55.9199	74.7082	73.4176	
628	1	1	1	1	1	1	42.1152	62.8806	76.4857	59.5026	72.88	26.2403	32.3509	57.1054	78.7237	68.7967	51.9987	83.4703	72.296	
629	1	1	1	1	1	1	41.7376	62.3523	74.1043	62.9014	72.3033	23.9461	31.708	55.9411	83.7635	66.2143	50.9377	78.5254	71.4366	
630	1	1	1	1	1	1	39.5371	48.7603	83.161	58.513	74.588	19.9962	28.1643	53.2487	77.7376	61.9449	47.0178	89.2835	57.5342	
631	1	1	1	1	1	1	39.7741	46.5012	82.8745	60.5212	74.8953	17.1785	27.6033	52.6456	81.2052	58.8331	45.8724	86.5609	55.3221	
632	1	1	1	1	1	1	39.3988	46.0153	85.2796	60.5255	76.3996	15.0472	26.6733	51.8424	81.2038	56.4869	44.5602	88.7819	54.5328	
633	1	1	1	1	1	1	38.0934	49.6644	85.0151	58.9085	73.4527	12.9729	24.8216	50.0534	79.1592	54.0053	42.0481	88.4416	57.048	
634	1	1	1	1	1	1	37.0539	50.9126	86.9033	58.1489	73.807	12.1841	25.2814	48.4692	78.2984	52.665	42.0113	90.4515	57.76	